2,8,10,19,21,31|3,6,16,17,25,33|7,12,14,15,27,32
2,8,10,19,22,39|3,6,16,17,25,33|7,12,13,28,31,32
2,10,14,21,33,40|3,6,8,16,17,27|7,12,13,22,25,32
3,8,15,25,27,29|6,7,12,13,14,26|10,11,18,21,30,31
3,8,16,27,28,29|6,7,12,13,14,26|10,11,18,21,30,31
3,8,20,21,27,29|6,7,12,13,14,26|10,11,18,22,30,39
3,11,17,22,33,39|6,7,12,13,14,26|10,15,16,18,20,30
3,16,25,28,29,33|6,7,12,13,14,26|10,11,18,21,30,31
3,20,21,25,29,33|6,7,12,13,14,26|10,11,18,22,30,39
3,20,28,29,33,39|6,7,12,13,14,26|10,11,18,21,30,31
1,2,6,13,31,33|3,8,11,21,27,29|7,12,28,32,39,40|10,14,15,19,25,30
1,2,8,18,21,31|3,6,11,17,33,39|7,12,13,14,28,32|10,15,16,19,20,30
1,2,8,18,22,39|3,6,16,17,31,33|7,12,13,14,28,32
1,2,8,19,21,25|3,6,11,17,33,39|7,12,13,14,28,32
1,2,8,19,28,39|3,6,16,17,31,33|7,12,13,15,20,32|10,11,14,18,21,30
1,2,11,13,15,33|3,8,16,22,27,29|6,10,19,20,30,39|7,12,21,25,32,40
1,2,13,14,22,33|3,8,11,21,27,29|6,10,16,18,30,31|7,12,28,32,39,40
1,2,21,31,33,40|3,6,8,13,17,25|10,11,15,16,18,30
1,2,22,33,39,40|3,6,8,13,17,25|10,11,14,18,21,30
1,3,6,13,14,38|2,8,10,15,16,19|7,12,21,25,32,40
1,3,6,38,39,40|2,8,10,14,19,21|7,12,13,15,20,32
1,3,14,21,38,40|2,6,8,10,19,39|7,12,13,15,20,32
1,3,15,16,38,40|2,6,8,10,19,39|7,12,13,14,28,32
1,6,11,13,27,30|2,8,10,14,19,21|3,15,25,29,31,33|7,12,28,32,39,40
1,7,12,21,29,31|2,6,8,10,19,39|3,11,15,16,17,33
1,7,12,22,29,39|2,8,10,13,15,40|3,6,16,17,31,33
1,11,18,21,25,30|2,6,8,10,19,39|3,14,15,17,31,33
1,11,18,28,30,39|2,8,10,13,15,40|3,6,16,17,31,33
1,11,21,27,30,40|2,6,8,10,19,39|3,14,15,17,31,33
1,13,25,28,30,40|2,6,8,10,19,39|3,11,14,17,21,33
1,15,18,25,30,31|2,6,8,10,19,39|3,11,14,17,21,33
1,15,27,30,31,40|2,6,8,10,19,39|3,11,14,17,21,33
1,16,18,22,25,30|2,6,8,10,19,39|3,11,14,17,21,33|7,12,13,15,20,32
1,16,18,28,30,31|2,6,8,10,19,39|3,11,14,17,21,33|7,12,13,15,20,32
1,16,19,25,28,30|2,8,10,13,15,40|3,6,11,17,33,39
1,16,22,27,30,40|2,6,8,10,19,39|3,11,14,17,21,33|7,12,13,15,20,32
1,18,20,21,30,31|2,6,8,10,19,39|3,11,15,16,17,33|7,12,13,14,28,32
1,18,20,22,30,39|2,8,10,13,15,40|3,6,16,17,31,33
1,18,21,22,28,30|2,6,8,10,19,39|3,11,15,16,17,33
1,19,20,21,25,30|2,8,10,13,15,40|3,6,11,17,33,39
1,19,20,28,30,39|2,8,10,13,15,40|3,6,16,17,31,33
2,6,8,10,19,39|3,11,14,17,21,33|7,12,13,15,20,32
2,8,10,14,19,21|3,6,11,17,33,39|7,12,13,15,20,32
2,8,10,15,16,19|3,6,11,17,33,39|7,12,13,14,28,32
3,6,8,13,17,25|7,12,28,32,39,40|10,11,14,18,21,30
3,6,11,17,33,39|7,12,13,14,28,32|10,15,16,19,20,30
3,6,16,17,31,33|7,12,13,14,28,32|10,11,19,22,30,39
3,6,17,21,22,33|7,12,13,14,28,32|10,11,15,16,18,30
3,8,11,21,27,29|6,7,12,13,25,32|10,14,15,18,30,31
3,8,13,14,17,28|6,10,11,18,30,39|7,12,21,25,32,40
3,8,13,15,17,20|6,10,11,18,30,39|7,12,21,25,32,40
3,8,13,17,22,31|6,10,11,18,30,39|7,12,21,25,32,40
3,8,15,27,29,31|6,7,12,13,25,32|10,11,14,18,21,30
3,8,16,22,27,29|6,7,12,13,25,32|10,11,14,18,21,30
3,8,17,21,25,40|6,10,11,18,30,39|7,12,13,14,28,32
3,8,17,28,39,40|6,7,12,13,25,32|10,11,14,18,21,30
3,11,14,17,21,33|6,7,12,13,25,32|10,15,16,19,20,30
3,11,15,16,17,33|6,7,12,13,25,32|10,14,19,20,21,30
3,11,21,25,29,33|6,10,16,18,30,31|7,12,13,14,28,32
3,11,28,29,33,39|6,7,12,13,25,32|10,14,15,18,30,31
3,14,15,17,31,33|6,7,12,13,25,32|10,11,19,22,30,39
3,14,16,17,22,33|6,7,12,13,25,32|10,11,19,21,30,31
3,15,25,29,31,33|6,10,11,18,30,39|7,12,13,14,28,32
3,16,22,25,29,33|6,10,11,18,30,39|7,12,13,14,28,32
3,16,28,29,31,33|6,7,12,13,25,32|10,11,14,18,21,30
3,20,21,29,31,33|6,7,12,13,25,32|10,11,15,16,18,30
3,20,22,29,33,39|6,7,12,13,25,32|10,11,14,18,21,30
3,21,22,28,29,33|6,7,12,13,25,32|10,11,15,16,18,30
1,2,6,8,18,39|3,11,21,29,31,33|7,12,13,14,22,32
1,2,6,13,14,33|3,8,17,21,31,40|10,11,15,16,19,30
1,2,6,33,39,40|3,8,11,13,15,17|10,14,16,19,22,30
1,2,8,14,18,21|3,6,16,25,29,33|7,11,12,13,15,32
1,2,8,15,16,18|3,6,20,29,33,39|7,12,13,14,22,32
1,2,8,19,21,31|3,6,14,16,17,33|7,11,12,13,15,32
1,2,8,19,22,39|3,6,14,16,17,33|7,11,12,13,15,32
1,2,14,21,33,40|3,6,8,13,17,31|10,11,15,16,19,30
1,2,15,16,33,40|3,6,8,13,17,31|10,11,14,19,21,30
1,6,7,12,29,39|3,8,11,13,15,17|10,14,16,19,22,30
1,6,16,18,25,30|3,8,11,13,15,17|7,12,21,31,32,40
1,6,18,20,30,39|3,8,11,13,15,17|7,12,21,31,32,40
1,6,18,21,28,30|3,8,11,13,15,17|7,12,22,32,39,40
1,7,12,14,21,29|3,6,8,13,17,31|10,11,15,16,19,30
1,7,12,15,16,29|3,6,8,13,17,31|10,11,14,19,21,30
1,11,18,21,30,31|3,6,8,16,27,29|7,12,13,14,22,32
1,11,19,21,25,30|3,6,8,13,17,31|7,12,22,32,39,40
1,14,15,18,25,30|3,6,8,13,17,31|7,12,22,32,39,40
1,14,16,18,28,30|3,6,8,13,17,31|7,12,22,32,39,40
1,14,18,20,21,30|3,6,8,13,17,31|7,12,22,32,39,40
1,15,16,18,20,30|3,6,8,13,17,31|7,12,22,32,39,40
1,15,19,25,30,31|3,6,8,16,27,29|7,12,13,14,22,32
1,16,18,22,30,31|3,6,20,29,33,39|7,11,12,13,15,32
1,16,19,28,30,31|3,6,20,29,33,39|7,11,12,13,15,32
1,19,20,21,30,31|3,6,8,16,27,29|7,11,12,13,15,32
3,6,8,13,17,31|7,12,22,32,39,40|10,11,14,19,21,30
3,6,20,29,33,39|7,11,12,13,15,32|10,14,16,19,22,30
3,6,21,28,29,33|7,11,12,13,15,32|10,14,16,19,22,30
3,8,11,13,15,17|6,10,14,16,18,30|7,12,21,31,32,40
3,8,13,14,17,22|6,10,11,19,30,39|7,12,21,31,32,40
3,8,13,22,25,29|6,10,11,19,30,39|7,12,21,31,32,40
3,8,17,21,31,40|6,10,11,19,30,39|7,12,13,14,22,32
3,8,17,22,39,40|6,7,12,13,31,32|10,11,14,19,21,30
3,11,21,29,31,33|6,10,14,16,18,30|7,12,22,32,39,40
3,14,20,21,29,33|6,7,12,13,31,32|10,11,15,16,19,30
3,15,16,20,29,33|6,7,12,13,31,32|10,11,14,19,21,30
1,2,6,8,19,39|3,11,14,21,29,33|7,12,15,16,32,40
1,2,8,14,19,21|3,6,11,29,33,39|7,12,15,16,32,40
1,2,8,15,16,19|3,6,11,29,33,39|7,12,14,21,32,40
1,6,11,18,30,39|3,8,13,14,28,29|7,12,15,16,32,40
1,6,18,21,22,30|3,8,13,14,28,29|7,12,15,16,32,40
1,6,19,20,30,39|3,8,13,14,28,29|7,12,15,16,32,40
1,11,14,18,21,30|3,6,8,13,25,29|7,12,15,16,32,40
1,11,19,21,30,31|3,6,8,13,14,17|7,12,15,16,32,40
1,11,19,22,30,39|3,6,8,13,14,17|7,12,15,16,32,40
1,14,19,20,21,30|3,6,8,13,25,29|7,12,15,16,32,40
1,2,3,6,13,31|8,10,18,22,32,39|11,14,15,17,27,33
1,2,3,11,13,15|6,10,14,16,18,38|8,17,20,21,27,40
1,2,3,13,14,22|6,10,11,19,38,39|8,15,17,25,27,40
1,2,3,21,31,40|6,8,13,17,20,27|10,11,15,16,19,38
1,2,3,22,39,40|6,8,13,17,20,27|10,11,14,19,21,38
1,6,16,18,25,38|8,10,19,28,32,39|11,14,15,17,27,33
1,6,16,27,32,33|8,17,18,20,21,25|10,11,13,15,38,40
1,6,16,27,38,40|8,10,18,21,31,32|11,13,17,22,25,33
1,6,18,20,38,39|8,10,19,21,25,32|11,13,17,28,31,33
1,8,13,22,27,32|6,10,11,19,38,39|16,17,25,28,33,40
1,8,14,18,21,26|6,10,11,19,38,39|13,17,20,22,31,33
1,8,15,16,18,26|6,10,11,19,38,39|13,14,17,20,28,33
1,8,19,21,26,31|6,10,14,16,18,38|11,13,17,22,25,33
1,11,18,21,31,38|6,8,13,17,20,27|10,22,32,33,39,40
1,11,18,22,38,39|6,8,13,17,20,27|10,21,31,32,33,40
1,11,19,21,25,38|6,8,13,17,20,27|10,22,32,33,39,40
1,11,19,28,38,39|6,8,13,17,20,27|10,21,31,32,33,40
1,13,22,25,32,33|6,10,11,19,38,39|8,16,17,27,28,40
1,13,22,25,38,40|6,11,16,17,27,33|8,10,18,21,31,32
1,13,28,31,32,33|6,10,11,19,38,39|8,15,17,25,27,40
1,13,28,31,38,40|6,11,16,17,27,33|8,10,18,22,32,39
1,14,15,18,25,38|6,8,13,17,20,27|10,21,31,32,33,40
1,14,15,27,32,33|6,10,11,19,38,39|8,16,17,18,25,28
1,14,15,27,38,40|6,10,13,31,32,33|8,16,17,18,25,28
1,14,16,18,28,38|6,8,13,17,20,27|10,21,31,32,33,40
1,14,18,20,21,38|6,10,13,31,32,33|8,15,17,25,27,40
1,14,21,26,33,40|6,8,13,17,20,27|10,11,15,16,19,38
1,15,16,26,33,40|6,8,13,17,20,27|10,11,14,19,21,38
1,15,19,25,31,38|6,8,13,17,20,27|10,22,32,33,39,40
1,16,19,22,25,38|6,8,13,17,20,27|10,21,31,32,33,40
1,16,19,28,31,38|6,8,13,17,20,27|10,22,32,33,39,40
1,19,20,21,31,38|6,11,16,17,27,33|8,10,18,22,32,39
1,19,20,22,38,39|6,10,13,31,32,33|8,15,17,25,27,40
6,10,13,31,38,40|8,16,17,18,25,28|11,20,21,27,29,33
1,2,3,6,13,14|8,10,15,16,18,32|11,17,21,25,33,40
1,2,3,6,39,40|8,10,14,18,21,32|11,13,15,17,20,33
1,2,3,14,21,40|6,8,10,18,32,39|11,13,15,17,20,33
1,2,3,15,16,40|6,8,10,18,32,39|11,13,14,17,28,33
1,6,11,18,38,39|8,10,19,21,31,32|13,14,17,20,22,33
1,6,13,25,38,40|8,10,14,18,21,32|11,15,27,29,31,33
1,6,16,18,31,38|8,10,19,22,32,39|11,13,14,17,28,33
1,6,16,19,25,38|8,10,14,18,21,32|11,13,15,17,20,33
1,6,18,21,22,38|8,11,13,27,28,29|10,15,16,32,33,40
1,6,19,20,38,39|8,10,14,18,21,32|11,13,17,22,31,33
1,6,19,21,28,38|8,10,15,16,18,32|11,13,17,22,31,33
1,8,18,21,25,32|6,10,13,14,38,40|11,15,27,29,31,33
1,8,18,28,32,39|6,10,13,14,38,40|11,15,27,29,31,33
1,8,21,27,32,40|6,10,14,16,19,38|11,13,15,17,20,33
1,11,14,18,21,38|6,10,32,33,39,40|8,13,20,22,27,29
1,11,15,16,18,38|6,10,13,14,32,33|8,17,19,20,21,25
1,11,19,21,31,38|6,8,10,18,32,39|13,14,17,20,22,33
1,11,19,22,38,39|6,10,13,14,32,33|8,15,17,18,25,31
1,13,14,28,38,40|6,8,10,18,32,39|11,15,27,29,31,33
1,13,15,20,32,33|6,10,14,16,19,38|8,11,17,18,21,25
1,13,15,20,38,40|6,8,10,18,32,39|11,16,22,27,29,33
1,13,22,31,32,33|6,10,14,16,19,38|8,11,17,18,21,25
1,13,22,31,38,40|6,8,10,18,32,39|14,15,20,27,29,33
1,14,15,19,25,38|6,8,10,18,32,39|11,13,17,22,31,33
1,14,16,19,28,38|6,8,10,18,32,39|11,13,15,17,20,33
1,14,19,20,21,38|6,8,10,18,32,39|11,13,17,22,31,33
1,15,16,19,20,38|6,8,10,18,32,39|11,13,14,17,28,33
1,16,19,22,31,38|6,8,10,18,32,39|11,13,14,17,28,33
6,10,14,16,19,38|8,11,13,27,28,29|15,17,25,31,33,40
1,11,14,19,21,38|6,8,13,20,27,29|16,17,22,31,33,40
1,14,15,19,31,38|6,8,13,20,27,29|11,17,22,33,39,40
1,14,16,19,22,38|6,8,13,20,27,29|11,17,21,31,33,40
1,2,3,6,13,25|8,10,14,19,21,26|11,15,17,27,31,33
1,2,3,13,14,28|6,8,10,19,26,39|11,15,17,27,31,33
1,2,3,13,15,20|6,8,10,19,26,39|11,16,17,22,27,33
1,2,3,13,22,31|6,8,10,19,26,39|14,15,17,20,27,33
1,8,18,21,26,31|2,3,6,10,13,14|11,16,17,22,27,33
1,8,18,22,26,39|2,3,6,10,13,14|11,15,17,27,31,33
1,8,19,21,25,26|2,3,6,10,13,14|11,15,17,27,31,33
1,8,19,26,28,39|2,3,6,10,13,14|11,15,17,27,31,33
1,11,18,21,25,38|2,3,6,10,13,14|16,20,27,28,29,33
1,11,18,28,38,39|2,3,6,10,13,14|15,20,25,27,29,33
1,13,25,28,38,40|6,8,10,19,26,39|11,15,17,27,31,33
1,15,18,25,31,38|2,3,6,10,13,14|11,16,17,22,27,33
1,16,18,22,25,38|2,3,6,10,13,14|11,15,17,27,31,33
1,16,18,28,31,38|2,3,6,10,13,14|15,20,25,27,29,33
1,16,19,25,28,38|2,3,6,10,13,14|11,15,17,27,31,33
1,18,20,21,31,38|2,3,6,10,13,14|11,16,17,22,27,33
1,18,20,22,38,39|2,3,6,10,13,14|11,15,17,27,31,33
1,18,21,22,28,38|2,3,6,10,13,14|11,15,17,27,31,33
1,19,20,21,25,38|2,3,6,10,13,14|11,15,17,27,31,33
1,19,20,28,38,39|2,3,6,10,13,14|11,15,17,27,31,33
1,2,3,6,16,27|8,10,14,18,21,26|13,17,20,25,28,33
1,2,3,13,22,25|6,8,10,18,26,39|11,16,17,27,28,33
1,2,3,13,28,31|6,8,10,18,26,39|11,15,17,25,27,33
1,2,3,14,15,27|6,8,10,18,26,39|13,17,20,25,28,33
1,8,18,21,25,26|2,3,6,10,13,31|11,16,17,27,28,33
1,8,18,26,28,39|2,3,6,10,13,31|11,15,17,25,27,33
1,16,18,25,28,38|2,3,6,10,13,31|11,17,20,21,27,33
1,18,20,21,25,38|2,3,6,10,13,31|11,16,17,27,28,33
1,18,20,28,38,39|2,3,6,10,13,31|11,15,17,25,27,33
1,2,6,18,23,39|3,8,14,17,21,33|7,12,15,16,38,40
1,2,8,13,15,33|3,6,16,23,27,29|7,12,14,21,38,40
1,2,14,18,21,23|3,6,8,17,33,39|7,12,15,16,38,40
1,2,15,16,18,23|3,6,8,17,33,39|7,12,14,21,38,40
1,2,19,21,23,31|3,6,8,17,33,39|7,12,15,16,38,40
1,2,19,22,23,39|3,8,14,17,21,33|7,12,15,16,38,40
1,3,13,15,23,32|6,7,12,38,39,40|8,10,14,18,21,30
1,6,8,13,27,30|3,17,21,23,31,40|7,12,15,16,32,33
1,8,18,21,25,30|3,6,13,17,23,31|7,12,15,16,32,33
1,8,18,28,30,39|3,6,13,17,23,31|7,12,14,21,32,33
1,8,21,27,30,40|3,6,13,17,23,31|7,12,15,16,32,33
1,13,15,20,30,33|3,6,16,23,27,29|7,12,14,21,38,40
1,13,22,30,31,33|3,6,16,23,27,29|7,12,14,21,38,40
3,6,13,17,23,31|7,12,14,21,32,33|8,10,15,16,18,30
3,6,16,23,27,29|7,12,14,21,32,33|8,10,19,22,30,39
3,11,13,15,17,23|6,7,12,32,33,39|8,10,14,18,21,30
3,13,14,17,22,23|6,7,12,32,33,39|8,10,15,16,18,30
3,13,22,23,25,29|6,7,12,32,33,39|8,10,14,18,21,30
3,13,23,28,29,31|6,7,12,32,33,39|8,10,14,18,21,30
3,14,15,23,27,29|6,7,12,32,33,39|8,10,19,21,30,31
3,17,21,23,31,40|6,7,12,13,14,38|8,10,15,16,18,30
3,17,22,23,39,40|6,7,12,13,14,38|8,10,15,16,18,30
1,2,6,13,23,27|3,8,17,21,25,33|7,12,28,38,39,40
1,2,18,21,23,25|3,8,17,28,33,39|7,12,13,15,20,38
1,2,18,23,28,39|3,8,17,21,25,33|7,12,13,15,20,38
1,2,21,23,27,40|3,8,17,28,33,39|6,7,12,13,25,38
1,3,6,33,38,39|2,10,14,18,21,23|7,8,12,13,15,26
1,3,14,21,33,38|2,6,10,18,23,39|7,8,12,13,15,26
1,3,15,16,33,38|2,6,10,18,23,39|7,8,12,21,27,32
2,6,10,18,23,39|3,8,17,21,25,33|7,12,13,14,28,38
2,8,10,13,15,33|3,6,16,17,23,27|7,12,21,25,38,40
2,10,14,18,21,23|3,8,17,28,33,39|6,7,12,13,25,38
2,10,15,16,18,23|3,8,17,21,25,33|7,12,13,14,28,38
2,10,19,21,23,31|3,8,17,28,33,39|6,7,12,13,25,38
2,10,19,22,23,39|3,8,17,21,25,33|7,12,13,14,28,38
3,6,16,17,23,27|7,8,12,13,15,26|10,21,25,30,33,40
3,13,17,22,23,25|7,8,12,21,27,32|10,28,30,33,39,40
3,14,15,17,23,27|6,7,12,13,25,38|8,10,18,28,30,39
3,20,21,23,27,29|6,7,12,13,25,38|8,10,18,28,30,39
1,2,18,21,23,31|3,8,17,22,33,39|7,11,12,13,15,38
1,2,18,22,23,39|3,8,17,21,31,33|7,11,12,13,15,38
1,2,19,21,23,25|3,8,17,22,33,39|6,7,12,13,31,38
1,2,19,23,28,39|3,8,17,21,31,33|7,11,12,13,15,38
1,3,8,13,15,38|2,6,10,19,23,39|7,12,21,31,32,33
1,8,13,22,27,30|2,6,10,19,23,39|7,12,21,31,32,33
1,13,22,25,30,33|2,6,10,19,23,39|7,12,21,31,38,40
1,14,15,27,30,33|2,6,10,19,23,39|7,12,21,31,38,40
2,6,10,19,23,39|3,8,17,21,31,33|7,11,12,13,15,38
2,10,14,19,21,23|3,8,17,22,33,39|6,7,12,13,31,38
2,10,15,16,19,23|3,8,17,21,31,33|7,12,13,14,22,38
3,6,13,17,23,25|7,12,21,31,32,33|8,10,18,22,30,39
3,11,21,23,27,29|6,7,12,13,31,38|8,10,18,22,30,39
3,13,14,17,23,28|7,12,21,31,32,33|8,10,18,22,30,39
3,13,15,17,20,23|7,12,21,31,32,33|8,10,18,22,30,39
3,13,23,25,28,29|7,12,21,31,32,33|8,10,18,22,30,39
3,15,23,27,29,31|7,12,13,14,22,38|8,10,19,21,25,30
3,16,22,23,27,29|6,7,12,13,31,38|8,10,19,21,25,30
3,17,21,23,25,40|6,7,12,13,31,38|8,10,18,22,30,39
3,17,23,28,39,40|6,7,12,13,31,38|8,10,19,21,25,30
1,3,6,13,14,30|8,17,21,31,33,40|11,18,23,28,29,39
1,3,6,30,39,40|8,11,13,15,17,33|16,18,22,23,25,29
1,3,14,21,30,40|6,8,13,17,31,33|11,18,23,28,29,39
1,3,15,16,30,40|6,8,13,17,31,33|11,18,21,23,25,29
1,3,6,13,30,31|2,7,12,14,21,40|8,16,22,27,29,33|11,17,19,23,28,39
1,3,11,13,15,30|2,6,7,12,39,40|8,16,22,27,29,33|10,14,19,21,23,32
1,3,13,14,22,30|2,6,7,12,39,40|8,11,21,27,29,33|10,15,16,19,23,32
1,3,21,30,31,40|2,6,7,12,13,14|8,16,22,27,29,33|11,17,19,23,28,39
1,3,22,30,39,40|2,6,7,12,13,14|8,11,21,27,29,33|10,15,16,19,23,32
1,6,8,18,38,39|2,7,12,14,21,40|10,15,16,19,23,32
1,6,13,14,33,38|2,7,12,15,16,40|11,17,18,21,23,31
1,8,14,18,21,38|2,6,7,12,39,40|10,15,16,19,23,32
1,8,15,16,18,38|2,6,7,12,13,14|11,17,19,21,23,25
1,8,19,21,31,38|2,6,7,12,13,14|11,17,18,22,23,39
1,8,19,22,38,39|2,6,7,12,13,14|11,17,18,21,23,31
1,15,16,33,38,40|2,6,7,12,13,14|11,17,18,21,23,31
1,18,21,23,31,32|2,6,7,12,13,14|8,16,22,27,29,33
1,18,22,23,32,39|2,6,7,12,13,14|8,11,21,27,29,33
1,19,21,23,25,32|2,6,7,12,13,14|8,15,27,29,31,33
1,19,23,28,32,39|2,6,7,12,13,14|8,11,21,27,29,33
2,6,7,12,13,14|8,11,21,27,29,33|10,15,16,19,23,32
2,6,7,12,39,40|8,11,21,27,29,33|10,15,16,19,23,32
2,7,12,14,21,40|6,8,13,17,25,33|10,15,16,19,23,32
2,7,12,15,16,40|6,8,13,17,25,33|10,14,19,21,23,32
1,3,6,13,25,30|2,7,12,21,31,40|8,10,15,16,19,38|11,17,18,23,28,39
1,3,13,14,28,30|2,7,12,21,31,40|6,8,10,19,38,39|16,17,18,22,23,25
1,3,13,15,20,30|2,7,12,21,31,40|6,8,10,19,38,39|16,17,18,22,23,25
1,3,13,22,30,31|6,8,10,19,38,39|11,17,18,21,23,25
1,3,21,25,30,40|2,6,7,12,13,31|8,10,15,16,19,38|11,17,18,23,28,39
1,3,28,30,39,40|2,6,7,12,13,31|8,10,14,19,21,38|16,17,18,22,23,25
1,6,13,23,27,32|2,7,12,21,31,40|8,10,15,16,19,38
1,6,13,31,33,38|2,7,12,22,39,40|10,14,18,21,23,32
1,6,19,23,26,39|2,7,11,12,13,15|3,10,14,21,30,40|8,16,27,28,29,33
1,8,18,21,31,38|2,7,11,12,13,15|3,6,10,30,39,40|16,17,19,23,25,28
1,8,18,22,38,39|2,6,7,12,13,31|3,10,14,21,30,40|16,17,19,23,25,28
1,8,19,21,25,38|2,6,7,12,13,31|3,10,15,16,30,40|11,17,18,23,28,39
1,8,19,28,38,39|2,6,7,12,13,31|3,10,14,21,30,40|16,17,18,22,23,25
1,10,13,15,23,29|2,7,12,21,31,40|6,8,16,17,27,33
1,11,13,15,33,38|2,7,12,21,31,40|6,10,18,23,32,39
1,13,14,22,33,38|2,7,12,21,31,40|6,10,18,23,32,39
1,13,15,23,26,40|3,6,7,12,32,39|8,10,14,19,21,38
1,14,19,21,23,26|2,6,7,12,13,31|3,10,15,16,30,40
1,15,16,19,23,26|2,6,7,12,13,31|3,10,14,21,30,40
1,18,21,23,25,32|2,6,7,12,13,31|3,10,15,16,30,40
1,18,23,28,32,39|2,6,7,12,13,31|3,10,14,21,30,40|8,15,25,27,29,33
1,21,23,27,32,40|2,6,7,12,13,31|8,10,15,16,19,38
1,21,31,33,38,40|2,7,11,12,13,15|6,10,18,23,32,39
1,22,33,38,39,40|2,6,7,12,13,31|10,14,18,21,23,32
2,6,7,12,13,31|3,10,14,21,30,40|8,15,25,27,29,33|11,17,18,23,28,39
2,7,11,12,13,15|3,6,10,30,39,40|8,16,27,28,29,33|17,18,20,21,23,31
2,7,12,13,14,22|3,6,10,30,39,40|8,15,25,27,29,33|16,17,18,23,28,31
2,7,12,21,31,40|3,6,10,13,14,30|8,15,25,27,29,33|11,17,18,23,28,39
2,7,12,22,39,40|3,6,10,13,14,30|8,15,25,27,29,33|16,17,18,23,28,31
3,6,7,12,32,39|8,10,13,15,38,40|11,17,18,21,23,25
3,6,10,13,14,30|8,15,25,27,29,33|11,17,18,23,28,39
3,7,12,14,21,32|6,8,10,19,38,39|11,13,23,27,28,29
3,7,12,15,16,32|6,8,10,19,38,39|11,13,23,27,28,29
1,2,3,6,33,39|8,10,14,18,21,38|11,13,17,22,23,27
1,2,3,14,21,33|6,8,10,18,38,39|11,13,17,22,23,27
1,2,3,15,16,33|6,8,10,18,38,39|11,13,17,22,23,27
1,3,6,16,27,30|2,7,12,13,14,28|8,10,19,21,31,38
1,3,13,22,25,30|2,7,12,28,39,40|8,10,14,18,21,38
1,3,13,28,30,31|2,7,12,21,25,40|6,8,10,18,38,39
1,3,14,15,27,30|2,6,7,12,13,25|8,10,19,21,31,38|17,18,20,23,28,39
1,6,8,13,27,38|2,7,12,21,25,40|10,18,22,23,32,39
1,6,13,25,33,38|2,7,12,28,39,40|10,18,21,23,31,32
1,6,18,23,26,39|2,7,12,13,14,28|3,10,21,30,31,40|8,16,17,22,27,33
1,8,13,15,26,33|2,7,12,21,25,40|10,18,22,23,32,39
1,8,18,21,25,38|2,7,12,13,14,28|3,10,22,30,39,40
1,8,18,28,38,39|2,6,7,12,13,25|3,10,21,30,31,40
1,8,21,27,32,33|2,6,7,12,13,25|3,10,22,30,39,40
1,8,21,27,38,40|2,6,7,12,13,25|10,18,22,23,32,39
1,13,14,28,33,38|2,7,12,21,25,40|10,18,22,23,32,39
1,13,15,20,33,38|2,7,12,21,25,40|10,18,22,23,32,39
1,13,22,23,27,32|2,7,12,21,25,40|6,8,10,18,38,39
1,13,22,31,33,38|2,7,12,21,25,40|10,19,23,28,32,39
1,14,18,21,23,26|2,6,7,12,13,25|3,10,22,30,39,40|8,15,17,27,31,33
1,15,16,18,23,26|2,6,7,12,13,25|3,10,21,30,31,40
1,19,21,23,26,31|2,6,7,12,13,25|3,10,22,30,39,40
1,19,22,23,26,39|2,6,7,12,13,25|3,10,21,30,31,40
1,21,25,33,38,40|2,7,12,13,14,28|10,18,22,23,32,39
1,28,33,38,39,40|2,6,7,12,13,25|10,18,21,23,31,32
2,6,7,12,13,25|3,10,21,30,31,40|8,16,17,22,27,33
2,7,12,13,14,28|3,10,21,30,31,40|8,16,17,22,27,33
2,7,12,13,15,20|3,10,21,30,31,40|8,16,17,22,27,33
2,7,12,13,22,31|6,8,10,18,38,39|15,17,23,25,27,40
2,7,12,21,25,40|3,6,10,13,30,31|8,16,17,22,27,33
2,7,12,28,39,40|3,6,10,13,30,31|8,11,17,21,27,33
3,7,12,21,31,32|6,8,10,18,38,39|11,13,17,22,23,27
3,7,12,22,32,39|6,10,13,14,33,38|15,17,23,25,27,40
1,3,11,21,27,30|2,7,12,13,22,25|6,10,19,23,26,39
1,3,13,25,28,30|2,6,7,12,16,27|8,10,18,21,31,38
1,3,15,27,30,31|2,7,12,13,22,25|6,10,19,23,26,39
1,3,16,22,27,30|2,7,12,13,28,31|6,10,19,23,26,39
1,8,13,22,27,38|3,7,12,21,25,32|6,10,19,23,26,39
1,13,22,25,33,38|2,6,7,12,16,27|3,10,28,30,39,40
1,13,28,31,33,38|2,6,7,12,16,27|3,10,21,25,30,40
1,14,15,27,33,38|2,7,12,13,22,25|3,10,28,30,39,40
2,7,12,13,22,25|3,10,28,30,39,40|8,17,20,21,27,33
1,3,20,21,27,30|2,7,12,13,25,28|6,10,18,23,26,39
1,11,21,27,33,38|2,7,12,13,25,28|6,10,18,23,26,39
1,13,25,28,33,38|2,7,11,12,21,27|6,10,18,23,26,39
1,15,27,31,33,38|2,7,12,13,25,28|6,10,18,23,26,39
1,16,22,27,33,38|2,7,12,13,25,28|6,10,18,23,26,39
3,6,7,12,26,39|8,10,18,21,25,38|13,17,20,23,27,28
1,18,21,23,31,38|2,6,7,12,33,39|3,8,10,13,15,30
1,18,22,23,38,39|2,7,12,14,21,33|3,8,10,13,15,30
1,19,21,23,25,38|2,6,7,12,33,39|3,8,10,13,15,30
1,19,23,28,38,39|2,7,12,14,21,33|3,8,10,13,15,30
1,3,8,21,27,30|2,7,12,22,33,39|10,15,16,18,23,38
13,14,16,19,26,38|15,17,21,27,29,33|18,25,31,34,39,40
13,14,18,25,31,34|15,17,21,27,29,33|16,19,26,38,39,40
1,3,6,15,30,31|8,11,17,21,22,33|10,14,16,23,32,40
1,3,6,16,22,30|8,14,15,17,28,33|11,13,20,23,25,29
1,3,11,14,16,30|6,8,15,17,25,33|13,20,22,23,28,29
1,3,14,15,22,30|6,8,16,17,28,33|11,13,20,23,25,29
1,8,11,32,33,39|2,6,7,12,14,15|13,20,22,23,28,29
1,8,11,38,39,40|2,6,7,12,14,15|13,20,22,23,28,29
1,8,16,31,32,33|2,6,7,12,14,15|11,13,20,23,25,29
1,8,16,31,38,40|2,6,7,12,14,15|11,13,20,23,25,29
1,8,21,22,32,33|2,6,7,12,14,15|11,13,20,23,25,29
1,8,21,22,38,40|2,6,7,12,14,15|11,13,20,23,25,29
1,11,13,23,31,32|2,6,7,12,14,15|8,16,20,25,29,33
1,16,23,25,32,40|2,6,7,12,14,15|8,11,17,21,22,33
1,20,23,32,39,40|2,6,7,12,14,15|8,11,16,17,31,33
1,21,23,28,32,40|2,6,7,12,14,15|8,11,16,17,31,33
2,6,7,12,14,15|8,11,16,17,31,33|13,20,22,23,28,29
1,3,6,15,25,30|2,7,11,12,14,16|8,17,20,21,22,33
1,3,6,16,28,30|2,7,12,14,15,22|8,11,17,20,33,39
1,3,6,20,21,30|2,7,11,12,14,16|8,15,17,22,25,33
1,3,11,16,30,31|2,7,12,14,15,22|6,8,10,21,32,33
1,3,11,21,22,30|2,6,7,12,15,31|8,10,14,16,32,33
1,3,14,15,28,30|2,6,7,11,12,21|8,16,17,20,31,33
1,3,14,16,20,30|2,6,7,11,12,21|8,15,17,22,25,33
1,3,15,22,30,31|2,6,7,11,12,21|8,10,14,16,32,33
1,6,8,13,28,38|2,7,11,12,14,16|10,21,22,23,32,40
1,6,10,21,23,29|2,7,11,12,14,16|8,15,17,22,25,33
1,6,11,21,33,38|2,7,12,14,15,22|10,16,23,31,32,40
1,6,15,23,27,32|2,7,11,12,14,16|8,17,20,21,22,33
1,6,15,31,33,38|2,7,11,12,14,16|10,21,22,23,32,40
1,6,21,23,26,40|2,7,11,12,14,16|8,15,17,22,25,33
1,8,11,13,31,38|2,6,7,12,16,22|15,17,23,25,28,40
1,8,13,14,20,38|2,6,7,11,12,21|10,16,23,31,32,40
1,8,16,25,32,33|2,6,7,11,12,21|14,20,23,27,29,31
1,8,16,25,38,40|2,6,7,11,12,21|14,20,23,27,29,31
1,8,20,32,33,39|2,6,7,11,12,21|14,22,23,27,28,29
1,8,20,38,39,40|2,6,7,11,12,21|14,22,23,27,28,29
1,8,21,28,32,33|2,6,7,12,15,31|11,14,23,25,27,29
1,8,21,28,38,40|2,6,7,12,15,31|10,11,13,14,23,32
1,10,14,16,23,29|2,6,7,11,12,21|8,15,17,22,25,33
1,11,13,23,25,32|2,6,7,12,15,31|8,10,14,16,38,40
1,11,14,16,33,38|2,6,7,12,15,31|10,21,22,23,32,40
1,13,20,23,31,32|2,6,7,11,12,21|8,10,14,16,38,40
1,13,22,23,28,32|2,6,7,11,12,21|8,10,14,16,38,40
1,14,15,22,33,38|2,6,7,11,12,21|10,16,23,31,32,40
1,14,16,23,26,40|2,6,7,11,12,21|8,15,17,22,25,33
2,6,7,11,12,21|8,10,14,16,32,33|15,17,23,25,28,40
2,6,7,12,15,31|8,10,14,16,32,33|11,13,17,22,23,28
2,7,11,12,14,16|6,8,10,21,32,33|15,17,23,25,28,40
2,7,12,14,15,22|6,8,10,21,32,33|11,13,17,20,23,31
1,3,11,16,25,30|2,6,7,12,20,21|22,23,27,28,29,31
1,3,11,20,30,39|2,6,7,12,15,25|8,10,16,31,32,33
1,3,11,21,28,30|2,6,7,12,15,25|8,10,16,31,32,33
1,3,14,25,30,31|2,6,7,12,16,28|8,10,11,32,33,39
1,3,15,22,25,30|2,6,7,12,16,28|8,10,11,13,14,38
1,3,15,28,30,31|2,6,7,12,20,21|8,10,11,13,14,38
1,3,16,20,30,31|2,6,7,12,15,25|8,10,11,13,14,38
1,3,16,22,28,30|2,6,7,12,15,25|8,10,11,13,14,38
1,3,20,21,22,30|2,6,7,12,15,25|8,10,11,13,14,38
1,6,8,15,27,38|2,7,11,12,16,31|10,13,14,20,23,32
1,6,8,21,26,33|2,7,11,12,16,31|3,10,14,15,22,30
1,6,13,22,23,26|2,7,11,12,16,31|8,15,17,25,28,33
1,6,15,25,33,38|2,7,11,12,16,31|10,13,14,20,23,32
1,6,16,28,33,38|2,7,11,12,21,22|10,13,14,20,23,32
1,6,20,21,33,38|2,7,11,12,16,31|3,10,14,15,22,30
1,8,11,13,25,38|2,6,7,12,16,28|3,10,14,15,22,30
1,8,13,20,31,38|2,6,7,12,15,25|3,10,11,14,16,30
1,8,13,22,28,38|2,6,7,12,15,25|3,10,11,14,16,30
1,8,14,16,26,33|2,6,7,12,15,25|10,11,13,23,31,32
1,10,11,23,29,39|2,6,7,12,15,25|8,17,20,21,28,33
1,10,16,23,29,31|2,6,7,12,15,25|8,17,20,21,28,33
1,11,13,14,23,26|2,6,7,12,15,25|8,10,16,31,32,33
1,11,16,23,27,32|2,6,7,12,15,25|8,10,21,22,38,40
1,11,16,31,33,38|2,6,7,12,15,25|10,13,14,20,23,32
1,11,21,22,33,38|2,6,7,12,15,25|10,13,14,20,23,32
1,11,23,26,39,40|2,6,7,12,15,25|8,10,16,31,32,33
1,13,20,23,25,32|2,6,7,12,16,28|3,10,14,15,22,30
1,14,15,28,33,38|2,6,7,12,20,21|10,11,13,23,31,32
1,14,16,20,33,38|2,6,7,12,15,25|10,11,13,23,31,32
1,14,23,27,31,32|2,6,7,12,15,25|8,10,11,38,39,40
1,15,22,23,27,32|2,6,7,12,16,28|8,10,11,13,14,38
1,15,22,31,33,38|2,6,7,12,16,28|10,13,14,20,23,32
1,16,23,26,31,40|2,6,7,12,15,25|8,10,11,13,14,38
1,21,22,23,26,40|2,6,7,12,15,25|3,10,11,14,16,30
2,6,7,12,15,25|3,10,11,14,16,30|8,17,20,21,28,33
2,6,7,12,16,28|3,10,14,15,22,30|11,13,17,20,23,25
2,6,7,12,20,21|3,10,11,14,16,30|8,15,17,25,28,33
2,7,11,12,16,31|3,10,14,15,22,30|6,23,25,27,28,29
2,7,11,12,21,22|3,6,10,15,30,31|8,16,17,20,25,33
2,7,12,14,15,28|3,6,10,11,21,30|8,16,17,20,25,33
2,7,12,14,16,20|3,6,10,11,21,30|8,15,17,25,28,33
2,7,12,15,22,31|3,6,10,11,21,30|8,16,17,20,25,33
1,2,3,8,16,25|6,10,11,21,33,38|14,17,20,23,27,31
1,2,3,8,20,39|6,10,11,21,33,38|14,17,22,23,27,28
1,3,15,25,28,30|2,7,11,12,20,39|6,10,16,22,33,38
1,3,16,20,25,30|2,7,11,12,21,28|6,10,15,23,27,32
1,3,20,21,28,30|2,7,11,12,16,25|6,10,15,23,27,32
1,8,11,16,27,38|2,7,12,14,25,31|3,6,10,20,21,30
1,8,11,26,33,39|2,7,12,14,25,31|3,6,10,16,28,30|15,17,20,22,23,27
1,8,13,20,25,38|2,7,11,12,21,28|3,10,15,22,30,31
1,8,14,27,31,38|2,7,11,12,16,25|3,6,10,20,21,30
1,8,15,22,27,38|2,7,11,12,16,25|3,6,10,20,21,30
1,8,16,26,31,33|2,7,11,12,20,39|3,6,10,15,25,30|14,17,22,23,27,28
1,8,21,22,26,33|2,7,11,12,16,25|3,10,14,15,28,30
1,11,16,25,33,38|2,3,6,8,10,21|14,17,20,23,27,31
1,11,20,33,38,39|2,3,6,8,10,21|14,17,22,23,27,28
1,11,21,28,33,38|2,3,8,10,14,16|6,17,22,23,25,27
1,14,25,31,33,38|2,3,6,8,10,21|11,15,17,23,27,28
1,15,22,25,33,38|2,3,6,8,10,21|11,16,17,20,23,27
1,15,28,31,33,38|2,3,6,8,10,21|11,14,17,23,25,27
1,16,20,31,33,38|2,3,6,8,10,21|11,14,17,23,25,27
1,16,22,28,33,38|2,3,6,8,10,21|11,14,17,23,25,27
1,20,21,22,33,38|2,3,8,10,14,16|6,17,23,27,28,31
2,7,11,12,16,25|3,6,10,20,21,30|14,17,22,23,27,28
2,7,11,12,20,39|3,6,10,15,25,30|14,17,22,23,27,28
2,7,11,12,21,28|3,6,10,15,25,30|14,17,20,23,27,31
2,7,12,14,25,31|3,6,10,16,28,30|15,17,20,22,23,27
2,7,12,15,22,25|3,6,10,16,28,30|14,17,20,23,27,31
2,7,12,15,28,31|3,6,10,20,21,30|11,14,17,23,25,27
2,7,12,16,20,31|3,6,10,15,25,30|14,17,22,23,27,28
2,7,12,16,22,28|3,6,10,15,25,30|14,17,20,23,27,31
1,8,14,25,27,38|2,7,12,20,21,28|6,10,13,22,23,26
1,8,15,27,28,38|2,7,12,16,20,25|6,10,13,22,23,26
1,8,16,20,27,38|2,7,12,15,25,28|6,10,13,22,23,26
1,8,16,25,26,33|2,7,12,20,21,28|10,14,23,27,31,32
1,8,20,26,33,39|2,7,12,15,25,28|10,11,16,23,27,32
1,8,21,26,28,33|2,7,12,16,20,25|10,14,23,27,31,32
1,16,20,25,33,38|2,3,8,10,11,39|17,22,23,27,28,31
1,3,11,23,26,39|2,8,10,16,25,33|7,12,20,21,28,38
1,3,16,23,26,31|2,8,10,20,33,39|7,12,15,25,28,38
1,3,6,21,23,26|2,8,10,11,33,39|7,12,14,25,31,38
1,3,14,16,23,26|2,8,10,11,33,39|7,12,15,22,25,38
1,8,25,27,30,31|2,6,10,13,23,28|7,11,12,20,38,39
2,8,10,11,33,39|3,15,17,23,25,28|7,12,16,20,31,38
2,8,10,16,31,33|3,15,17,23,25,28|7,11,12,20,38,39
2,8,10,21,22,33|3,15,17,23,25,28|7,11,12,20,38,39
3,15,17,23,25,28|7,8,11,12,26,39|10,16,20,30,31,33
3,16,17,20,23,25|7,8,11,12,26,39|10,15,28,30,31,33
3,17,20,21,23,28|7,8,11,12,26,39|10,14,25,30,31,33
1,6,15,25,30,33|3,11,14,16,17,23|7,8,12,21,22,32
1,6,16,28,30,33|3,11,20,23,29,39|7,8,12,21,22,32
1,14,15,28,30,33|3,6,11,17,21,23|7,8,12,16,31,32
3,11,16,23,25,29|6,7,12,14,15,38|8,10,21,22,30,40
3,11,20,23,29,39|6,7,12,14,15,38|8,10,16,30,31,40
3,11,21,23,28,29|6,7,12,14,15,38|8,10,16,30,31,40
3,16,20,23,29,31|6,7,12,14,15,38|8,10,11,30,39,40
3,16,22,23,28,29|6,7,12,14,15,38|8,10,11,30,39,40
3,20,21,22,23,29|6,7,12,14,15,38|8,10,11,30,39,40
1,6,15,30,31,33|3,11,21,22,23,29|7,8,12,14,16,32
1,2,6,15,23,27|7,8,12,14,16,26|10,11,21,22,30,33
1,2,8,16,25,33|3,6,10,21,23,32|7,12,14,15,28,38
1,2,8,20,33,39|3,6,10,21,23,32|7,11,12,16,31,38
1,2,8,21,28,33|3,10,14,16,23,32|6,7,12,15,25,38
1,2,11,13,23,25|6,7,8,12,21,26|10,14,15,28,30,33
1,2,13,20,23,31|6,7,8,12,21,26|10,14,15,28,30,33
1,2,13,22,23,28|6,7,8,12,21,26|10,11,16,30,31,33
1,3,16,23,25,32|2,6,8,10,21,33|7,12,14,15,28,38
1,3,20,23,32,39|2,6,8,10,21,33|7,11,12,16,31,38
1,3,21,23,28,32|2,8,10,14,16,33|6,7,12,15,25,38
1,8,14,25,27,30|2,6,10,13,22,23|7,11,12,16,31,38
1,8,15,27,28,30|2,6,10,13,22,23|7,11,12,16,31,38
1,8,16,20,27,30|2,6,10,13,22,23|7,12,14,15,28,38
1,15,25,28,30,33|2,6,10,13,22,23|7,8,12,14,16,26
1,16,20,25,30,33|2,6,10,13,22,23|7,12,14,15,28,38
1,20,21,28,30,33|2,6,10,13,22,23|7,8,12,14,16,26
2,6,8,10,21,33|3,11,16,17,23,25|7,12,14,15,28,38
2,8,10,14,16,33|3,11,17,20,23,39|6,7,12,15,25,38
3,11,16,17,23,25|6,7,8,12,21,26|10,14,15,28,30,33
3,11,17,20,23,39|6,7,8,12,21,26|10,14,15,28,30,33
3,11,17,21,23,28|6,7,12,15,25,38|8,10,13,20,30,31
3,15,17,22,23,25|6,7,8,12,21,26|10,11,16,30,31,33
3,15,17,23,28,31|6,7,8,12,21,26|10,14,16,20,30,33
3,16,17,20,23,31|6,7,8,12,21,26|10,14,15,28,30,33
3,17,20,21,22,23|6,7,12,15,25,38|10,11,16,30,31,33
1,2,6,13,23,28|7,8,12,16,25,32|10,14,15,22,30,33
1,2,8,21,22,33|3,6,15,17,23,25|7,11,12,14,16,38
1,2,11,13,23,31|6,7,12,16,22,38|8,10,20,30,39,40
1,2,13,14,20,23|6,7,11,12,21,38|8,10,16,25,30,40
1,2,16,23,25,40|6,7,11,12,21,38|8,10,13,14,20,30
1,2,20,23,39,40|6,7,11,12,21,38|10,14,15,22,30,33
1,2,21,23,28,40|6,7,12,15,31,38|8,10,13,14,20,30
1,3,11,23,32,39|6,7,12,15,31,38|8,10,13,14,20,30
1,3,16,23,31,32|6,7,11,12,21,38|8,10,13,14,20,30
1,3,21,22,23,32|6,7,12,15,31,38|8,10,13,14,20,30
1,8,11,16,27,30|2,6,10,21,23,40|7,12,14,15,22,38
1,8,13,20,25,30|2,6,10,21,23,40|7,11,12,14,16,38
1,8,15,22,27,30|2,6,10,21,23,40|7,11,12,14,16,38
1,11,16,25,30,33|2,6,10,21,23,40|7,8,12,20,32,39
1,11,20,30,33,39|2,6,10,21,23,40|7,8,12,16,25,32
1,11,21,28,30,33|2,10,14,16,23,40|6,7,12,15,31,38
1,14,25,30,31,33|2,6,10,21,23,40|7,8,12,20,32,39
1,15,22,25,30,33|2,6,10,21,23,40|7,8,12,20,32,39
1,15,28,30,31,33|2,6,10,21,23,40|7,8,12,16,25,32
1,16,20,30,31,33|2,6,10,21,23,40|7,12,14,15,22,38
1,16,22,28,30,33|2,6,10,21,23,40|7,8,12,20,32,39
1,20,21,22,30,33|2,10,14,16,23,40|6,7,12,15,31,38
3,6,15,17,23,25|7,8,12,20,32,39|10,11,14,16,30,33
3,6,16,17,23,28|7,8,12,20,32,39|10,14,15,22,30,33
3,6,17,20,21,23|7,8,12,16,25,32|10,14,15,22,30,33
3,11,16,17,23,31|6,8,10,13,28,30|7,12,14,15,22,38
3,11,17,21,22,23|6,7,12,15,31,38|8,10,13,14,20,30
3,14,15,17,23,28|6,7,11,12,21,38|8,10,16,25,30,40
3,15,17,22,23,31|6,7,11,12,21,38|8,10,13,14,20,30
3,15,23,25,28,29|6,7,11,12,21,38|8,10,13,14,20,30
3,16,20,23,25,29|6,7,11,12,21,38|10,14,15,22,30,33
3,20,21,23,28,29|6,7,12,15,31,38|8,10,16,25,30,40
1,6,13,17,32,34|2,3,9,11,21,29|12,15,18,31,35,38
1,17,21,32,34,40|2,3,6,12,13,35|9,14,15,26,29,33
2,3,9,11,21,29|6,13,26,32,34,40|12,15,18,31,35,38
2,3,9,15,29,31|6,13,26,32,34,40|11,12,18,21,35,38
2,3,9,16,22,29|6,13,26,32,34,40|11,12,18,21,35,38
2,3,12,21,35,40|6,9,11,13,17,38|14,15,19,26,32,34
6,10,13,29,32,34|8,12,19,21,26,35|9,15,17,31,38,40
1,9,10,21,29,38|2,3,12,15,27,35|16,18,26,28,32,34
1,9,21,26,38,40|2,3,12,15,27,35|10,13,17,22,32,34
1,17,21,26,34,40|2,3,12,15,27,35|9,10,13,22,32,38
9,22,25,27,29,38|10,12,17,21,33,35|16,18,26,28,32,34
9,27,28,29,31,38|10,12,17,21,33,35|15,18,25,26,32,34
1,2,3,9,21,32|6,17,25,27,29,34|12,13,22,26,33,35
2,3,12,13,28,35|6,9,14,17,27,38|11,18,21,26,32,34
6,9,25,27,29,38|10,17,21,32,34,40|12,13,22,26,33,35
6,17,25,27,29,34|9,10,21,32,38,40|12,13,22,26,33,35
9,10,21,32,38,40|12,13,22,26,33,35|14,17,27,28,29,34
9,14,27,28,29,38|10,17,21,32,34,40|12,13,22,26,33,35
9,15,20,27,29,38|10,17,21,32,34,40|12,13,22,26,33,35
1,6,9,13,20,34|8,12,18,21,26,35|15,17,27,29,32,38
1,6,13,26,29,34|2,3,9,14,15,17|12,16,18,28,35,38
1,9,11,13,22,34|8,12,18,21,26,35|15,17,27,29,32,38
1,9,13,22,32,38|6,17,27,29,31,34|8,12,18,21,26,35
1,9,15,25,34,40|2,3,12,13,22,35|17,21,26,29,32,33
1,9,16,28,34,40|2,3,12,13,22,35|15,17,27,29,32,38
1,9,20,21,34,40|2,3,12,13,22,35|15,17,27,29,32,38
1,12,17,21,33,35|2,3,9,15,25,29|6,16,18,26,32,34
1,13,17,22,32,34|2,3,9,15,25,29|8,12,18,21,26,35
1,15,27,29,32,34|2,3,6,9,16,17|8,12,18,21,26,35
1,21,26,29,34,40|2,3,6,9,16,17|12,15,18,25,35,38
2,3,6,9,16,17|8,12,18,21,26,35|10,13,22,29,32,34
2,3,12,13,22,35|6,9,10,16,34,40|15,17,27,29,32,38
6,9,10,16,34,40|8,12,18,21,26,35|15,17,27,29,32,38
6,16,18,26,32,34|8,9,10,17,21,29|12,15,27,35,38,40
8,9,10,17,21,29|12,15,18,25,35,38|13,22,26,32,34,40
8,9,17,21,26,40|10,13,22,29,32,34|12,15,18,25,35,38
9,10,14,15,34,40|12,16,18,28,35,38|17,21,26,29,32,33
9,11,13,17,22,38|10,12,21,29,33,35|14,15,18,26,32,34
9,15,17,25,38,40|10,12,21,29,33,35|16,19,22,26,32,34
9,16,17,28,38,40|10,12,21,29,33,35|14,15,18,26,32,34
1,2,3,6,11,21|8,10,13,14,20,32|22,25,28,29,31,33
1,2,3,6,15,31|8,10,13,14,20,32|11,16,17,22,28,33
1,2,3,6,16,22|8,10,11,13,31,32|14,15,17,20,28,33
1,2,3,11,14,16|6,8,10,13,28,32|15,17,20,22,31,33
1,2,3,14,15,22|6,8,10,13,28,32|11,16,17,20,31,33
1,6,11,13,28,38|8,10,16,25,32,40|15,17,20,22,31,33
1,6,13,20,22,38|8,10,16,25,32,40|11,15,17,28,31,33
1,8,13,20,25,32|6,10,11,21,38,40|14,17,22,28,31,33
1,8,14,27,31,32|6,10,11,21,38,40|15,20,25,28,29,33
1,11,16,25,38,40|6,8,10,13,28,32|15,17,20,22,31,33
1,14,25,31,38,40|6,8,10,13,28,32|11,17,20,21,22,33
1,15,22,25,38,40|6,8,10,13,28,32|11,16,17,20,31,33
