1,8,15,17,20,38|3,6,11,26,30,31|10,22,23,25,29,32
1,8,25,28,29,38|2,6,11,20,27,30|10,14,17,22,23,32
2,6,11,20,27,30|8,10,14,28,29,38|22,23,25,26,32,40
1,2,6,10,30,31|8,11,20,22,27,34|23,25,26,28,32,40
1,8,10,11,15,34|2,3,6,20,31,38|23,25,26,28,32,40
1,8,17,22,25,38|3,6,20,26,30,31|9,10,11,14,23,28
2,3,6,8,26,31|9,10,11,14,23,28|20,22,25,32,33,38
2,3,6,11,25,38|8,26,28,31,32,33|9,10,14,20,22,23
2,3,6,20,31,38|8,22,25,26,32,33|9,10,11,14,23,28
2,3,8,14,22,26|6,9,10,11,23,25|20,28,31,32,33,38
2,3,8,25,28,32|6,9,10,20,23,31|11,14,22,26,33,38
2,3,11,14,28,38|6,9,10,20,23,31|8,22,25,26,32,33
2,3,14,20,22,38|6,9,10,11,23,25|8,26,28,31,32,33
2,11,20,22,27,30|6,8,10,17,31,38|23,25,26,28,32,40
1,8,10,14,28,34|2,3,6,20,25,38|11,22,23,26,27,32
1,6,8,17,31,38|2,11,25,28,30,40|10,15,20,23,29,32
1,6,17,23,25,32|2,20,28,30,31,40|8,10,11,15,29,38
1,8,11,15,17,38|2,20,22,25,30,40|10,14,23,28,29,32
1,8,14,17,22,38|2,11,25,28,30,40|10,15,20,23,29,32
1,8,22,25,29,38|2,20,28,30,31,40|6,9,10,11,14,23
1,8,28,29,31,38|2,20,22,25,30,40|6,9,10,11,14,23
1,14,17,23,28,32|2,20,22,25,30,40|6,8,10,29,31,38
1,3,8,9,22,30|2,6,7,12,29,38|11,18,23,28,32,34
1,3,22,29,30,38|2,6,7,8,9,12|11,18,23,28,32,34
1,9,22,23,32,33|2,6,7,12,29,38|3,11,28,30,34,40
2,3,17,22,23,29|6,7,9,12,20,30|8,11,19,28,34,38
2,6,7,11,29,38|3,12,22,30,34,40|8,18,20,23,28,35
6,7,11,26,29,30|8,12,19,22,34,38|20,23,28,33,35,40
6,8,12,18,34,38|7,11,17,22,30,32|20,23,28,33,35,40
6,12,33,34,38,40|7,11,17,22,30,32|8,18,20,23,28,35
6,8,12,19,34,38|7,11,28,29,30,32|20,22,23,33,35,40
1,2,3,6,9,23|7,12,17,28,30,32|8,10,22,29,33,34
1,3,6,17,30,38|2,7,8,9,12,22|10,23,28,29,34,40
1,3,8,9,28,30|2,7,12,22,29,38|6,10,17,23,34,40
1,3,28,29,30,38|2,7,8,9,12,22|6,10,17,23,34,40
1,9,23,28,38,40|2,3,6,11,33,34|7,12,22,26,29,30
1,17,23,28,34,40|2,3,6,32,33,38|7,9,12,20,22,30
2,3,8,28,34,40|6,9,10,23,32,33|7,12,22,26,29,30
2,7,8,9,12,22|3,6,10,29,30,38|18,20,23,28,32,34
2,7,12,22,29,38|3,6,8,9,10,30|18,20,23,28,32,34
6,9,10,23,32,33|7,12,22,26,29,30|8,11,18,28,34,38
6,18,23,26,32,38|7,9,11,12,28,30|8,10,22,29,33,34
1,2,3,9,22,23|6,7,12,17,26,30|8,10,28,29,33,34
1,2,6,7,12,34|3,8,9,10,22,30|17,23,26,28,29,33
1,3,17,22,30,38|2,7,8,9,12,28|6,18,20,23,26,34
2,3,6,20,33,34|7,12,26,28,29,30|9,10,22,23,38,40
2,6,7,12,17,38|3,8,9,10,22,30|11,19,23,26,28,34
2,7,8,9,12,28|3,10,22,29,30,38|6,18,20,23,26,34
2,7,12,28,29,38|3,8,9,10,22,30|6,18,20,23,26,34
6,8,10,17,33,34|7,9,12,20,28,30|18,22,23,26,32,38
8,9,27,29,31,39|12,13,16,25,33,35|14,15,19,21,26,34
8,12,13,16,27,35|9,14,17,31,33,39|15,18,21,25,32,34
8,9,14,27,29,39|12,13,16,31,33,35|15,19,21,25,32,34
9,10,13,14,16,38|12,27,31,33,35,39|15,19,21,25,26,34
2,7,9,15,21,31|12,16,18,34,38,39|13,14,23,25,27,35
1,2,3,23,32,39|6,7,12,21,26,30|8,10,14,16,33,34
1,6,15,23,27,34|2,7,12,14,16,38|3,8,10,30,32,39
1,8,16,25,33,34|2,3,11,17,23,39|6,7,12,21,26,30
1,8,20,33,34,39|2,3,16,17,23,31|6,7,12,21,26,30
1,8,21,28,33,34|2,3,11,17,23,39|7,12,14,16,26,30
1,11,13,23,25,34|2,6,7,12,21,38|3,8,10,30,32,39
1,13,20,23,31,34|2,6,7,12,21,38|3,8,10,30,32,39
1,13,22,23,28,34|2,6,7,12,21,38|3,8,10,30,32,39
2,3,11,17,23,39|6,7,12,21,26,30|8,10,14,16,33,34
2,6,7,12,21,38|3,8,10,30,32,39|9,15,23,25,28,33
2,7,12,14,16,38|3,8,10,30,32,39|6,17,21,23,26,33
6,8,10,21,33,34|7,12,14,16,26,30|11,13,17,23,25,38
6,10,13,22,23,34|7,12,14,16,26,30|8,17,20,33,38,39
1,3,6,21,30,38|2,7,8,12,32,39|9,11,16,23,25,33
1,3,14,16,30,38|2,7,8,12,32,39|6,10,21,23,34,40
1,8,11,33,34,39|2,3,6,17,21,23|7,12,16,25,30,32
1,8,16,31,33,34|2,3,6,17,21,23|7,12,20,30,32,39
1,8,21,22,33,34|2,3,14,16,17,23|7,12,20,30,32,39
2,3,16,23,25,29|7,12,20,30,32,39|8,17,21,22,33,38
2,3,20,23,29,39|7,12,16,25,30,32|8,17,21,22,33,38
2,3,21,23,28,29|7,12,16,25,30,32|8,11,17,33,38,39
6,10,21,23,34,40|7,12,16,25,30,32|8,11,17,33,38,39
1,6,8,21,33,34|2,3,11,23,29,39|7,12,16,30,31,32
1,8,14,16,33,34|2,3,11,23,29,39|7,12,21,22,30,32
2,3,11,23,29,39|6,8,17,21,33,38|7,12,16,30,31,32
2,3,16,23,29,31|6,8,17,21,33,38|7,11,12,30,32,39
2,3,21,22,23,29|7,11,12,30,32,39|8,14,16,17,33,38
1,14,23,25,27,34|2,7,8,12,26,39|3,10,16,30,31,38
1,15,23,27,28,34|2,7,8,12,26,39|3,10,16,30,31,38
1,16,20,23,27,34|2,7,8,12,26,39|3,10,21,22,30,38
7,12,16,25,26,30|8,10,20,33,34,39|15,17,23,27,28,38
7,12,20,26,30,39|8,10,16,25,33,34|15,17,23,27,28,38
1,2,3,8,38,39|6,10,13,23,28,34|7,12,16,26,30,31
1,3,8,26,30,39|2,7,12,16,31,38|6,10,13,23,28,34
2,3,16,17,23,25|7,11,12,26,30,39|8,10,21,22,33,34
2,3,17,20,23,39|7,12,16,26,30,31|8,10,21,22,33,34
2,3,17,21,23,28|7,11,12,26,30,39|8,10,16,31,33,34
7,12,16,26,30,31|8,10,11,33,34,39|13,17,20,23,25,38
1,7,15,21,25,35|2,14,27,34,39,40|9,10,13,16,30,31
1,3,9,25,30,38|2,7,8,10,31,35|23,26,27,32,34,40
1,9,23,27,32,38|2,7,8,10,31,35|3,25,26,30,34,40
2,3,9,17,23,25|7,10,20,30,31,35|11,27,32,33,34,38
2,6,7,9,28,38|3,12,27,30,32,34|10,17,23,31,33,35
2,7,8,9,14,26|3,12,27,30,32,34|10,17,23,31,33,35
2,7,9,14,20,38|3,12,27,30,32,34|10,17,23,31,33,35
2,7,14,26,29,38|3,12,27,30,32,34|10,17,23,31,33,35
1,2,7,8,25,35|3,10,29,30,31,34|9,14,17,23,26,33
1,3,9,30,31,38|2,7,8,10,14,35|17,20,23,27,29,34
1,3,17,30,31,34|2,7,8,10,14,35|9,20,23,27,29,38
1,7,20,25,30,35|2,3,9,17,23,31|8,14,18,26,34,38
1,8,27,29,34,38|2,3,9,17,23,31|6,7,10,28,30,35
1,14,17,33,34,38|6,7,10,28,30,35|8,9,23,26,27,29
1,25,29,33,34,38|2,3,9,17,23,31|6,7,10,28,30,35
2,3,9,17,23,31|6,7,10,28,30,35|8,14,18,26,34,38
2,3,31,32,33,34|6,7,10,28,30,35|8,9,23,26,27,29
2,3,31,34,38,40|6,7,10,28,30,35|8,9,23,26,27,29
2,7,8,10,14,35|3,11,27,30,32,34|9,23,25,26,29,33
6,7,10,28,30,35|8,9,17,25,33,38|18,23,26,31,32,34
7,10,14,20,30,35|8,9,17,25,33,38|18,23,26,31,32,34
2,3,8,25,33,35|6,7,9,22,26,30|12,17,23,27,29,34
1,2,7,8,31,35|3,10,14,29,30,34|9,17,23,25,32,33
1,7,11,25,30,35|2,3,9,14,17,23|8,27,32,34,38,40
1,7,20,30,31,35|2,3,9,14,17,23|8,18,25,32,34,38
1,7,22,28,30,35|2,3,9,14,17,23|8,18,25,32,34,38
1,29,31,33,34,38|2,3,9,14,17,23|6,7,10,22,30,35
2,3,9,14,17,23|6,7,10,22,30,35|8,18,25,32,34,38
2,3,9,23,25,29|6,7,10,22,30,35|8,14,19,26,34,38
2,3,14,32,33,34|6,7,10,22,30,35|9,11,23,27,29,38
2,3,14,34,38,40|6,7,10,22,30,35|8,9,17,23,27,32
1,2,6,17,38,40|3,8,9,20,28,29|11,18,22,26,30,32
1,2,8,9,28,40|3,6,12,20,33,35|11,18,22,26,30,32
1,2,28,29,38,40|3,6,8,9,17,20|11,18,22,26,30,32
1,6,17,26,30,40|2,11,18,22,32,38|3,8,9,20,28,29
1,9,20,28,30,40|2,6,8,18,26,32|3,11,12,22,33,35
1,3,6,11,17,34|2,8,9,10,22,40|19,20,26,28,30,32
1,3,20,22,29,34|2,6,11,19,26,38|10,17,28,30,32,40
1,10,17,22,29,30|2,6,11,19,26,38|3,20,28,32,34,40
1,3,6,8,10,35|2,11,12,18,28,34|7,20,22,26,29,32
2,6,17,20,29,33|3,8,12,28,35,40|11,19,22,26,30,32
1,7,8,31,32,35|2,6,19,22,34,38|9,14,17,20,30,33
1,9,30,31,32,33|2,6,19,22,34,38|7,8,14,17,20,35
2,6,19,22,34,38|3,9,14,17,23,32|7,8,20,25,29,35
2,9,17,23,31,40|6,19,22,26,30,34|7,8,20,25,29,35
2,11,14,19,34,38|3,9,23,25,29,32|6,7,8,17,28,35
2,12,18,23,31,35|3,14,32,34,38,40|6,9,17,28,30,33
2,12,19,23,25,35|3,8,9,29,31,38|11,27,30,32,34,40
3,9,14,17,23,32|6,19,22,26,30,34|7,8,20,25,29,35
3,9,23,25,29,32|6,7,8,17,28,35|11,14,19,26,30,34
3,14,32,34,38,40|6,7,8,17,28,35|9,20,25,29,30,33
2,11,18,23,25,35|6,7,9,22,32,38|12,14,19,26,30,34
2,11,23,27,35,40|6,7,9,22,32,38|12,14,19,26,30,34
2,9,14,17,23,40|6,18,28,30,32,34|7,8,11,25,29,35
2,9,23,25,29,40|6,7,8,17,22,35|11,18,30,31,32,34
2,12,19,23,31,35|3,8,9,14,29,38|6,18,28,30,32,34
2,6,18,23,28,35|7,11,29,31,32,34|9,12,14,17,30,33
2,11,18,23,31,35|6,7,28,29,32,34|9,12,14,17,30,33
2,11,19,23,25,35|6,7,28,29,32,34|9,12,14,17,30,33
2,19,20,23,31,35|6,7,28,29,32,34|9,12,14,17,30,33
2,19,22,23,28,35|7,11,29,31,32,34|9,12,14,17,30,33
3,8,31,35,38,40|6,7,28,29,32,34|9,12,14,17,30,33
2,20,27,32,33,34|3,9,17,23,26,31|6,7,10,28,35,38
1,2,9,31,33,38|7,8,10,25,32,35|11,26,27,30,34,40
1,11,17,27,30,34|3,9,23,25,26,29|6,7,10,22,35,38
2,11,27,34,38,40|3,9,14,17,23,26|7,8,10,25,32,35
2,18,20,31,34,38|3,9,14,17,23,26|7,8,10,25,32,35
2,18,22,28,34,38|3,9,14,17,23,26|7,8,10,25,32,35
1,7,14,26,32,34|2,9,12,17,23,27|3,20,25,33,35,38
1,10,25,30,33,35|2,9,12,17,23,27|7,20,26,29,31,34
2,12,27,32,33,34|3,10,17,23,31,35|6,7,9,22,26,38
1,2,9,14,33,38|3,12,23,27,32,35|6,18,26,28,30,34
1,6,7,28,35,38|2,8,9,17,25,33|11,18,26,30,31,34
1,7,8,14,26,35|2,6,18,28,34,38|3,9,17,23,25,32
1,7,11,31,35,38|2,8,9,17,25,33|6,18,26,28,30,34
1,7,14,20,35,38|2,8,9,17,25,33|6,18,26,28,30,34
1,9,14,26,30,33|2,6,18,28,34,38|3,12,23,27,32,35
2,6,18,28,34,38|3,9,17,23,25,32|12,20,27,30,33,35
2,8,9,17,25,33|3,12,23,27,32,35|6,18,26,28,30,34
2,8,12,27,33,35|3,9,17,23,25,32|6,18,26,28,30,34
2,8,14,18,26,34|3,9,17,23,25,32|12,20,27,30,33,35
2,8,19,26,31,34|3,9,17,23,25,32|12,20,27,30,33,35
2,9,20,23,27,29|3,12,31,33,35,38|6,18,26,28,30,34
2,11,18,31,34,38|3,9,17,23,25,32|12,20,27,30,33,35
2,11,19,25,34,38|3,9,23,26,29,31|12,20,27,30,33,35
2,17,25,29,33,38|3,12,23,27,32,35|6,18,26,28,30,34
2,19,22,28,34,38|3,9,17,23,25,32|12,20,27,30,33,35
1,3,8,9,14,34|2,12,18,23,25,35|11,17,27,29,30,38
1,7,8,25,32,35|2,6,18,22,34,38|3,9,14,23,26,29
1,9,25,30,32,33|2,6,18,22,34,38|7,8,17,20,31,35
1,17,25,30,34,40|2,9,11,23,27,29|3,12,14,33,35,38
2,6,18,22,34,38|3,9,14,23,26,29|7,8,11,17,25,35
2,6,19,28,34,38|3,9,14,23,26,29|7,8,11,17,25,35
2,8,14,19,26,34|3,9,17,23,31,32|11,12,27,30,33,35
2,8,18,25,32,34|3,9,14,23,26,29|11,12,27,30,33,35
2,9,11,23,27,29|3,12,14,33,35,38|6,18,22,26,30,34
2,9,17,23,25,40|3,12,14,33,35,38|6,18,22,26,30,34
2,11,19,31,34,38|3,9,14,23,26,29|7,8,17,22,28,35
2,12,18,23,25,35|3,8,9,14,17,38|6,19,26,28,30,34
2,12,23,27,35,40|3,8,9,14,17,38|6,18,22,26,30,34
2,14,19,20,34,38|3,9,17,23,31,32|11,12,27,30,33,35
2,17,23,27,29,32|3,12,14,33,35,38|6,18,22,26,30,34
3,9,14,23,26,29|7,8,11,17,25,35|20,27,30,32,34,40
1,10,14,30,33,35|2,9,12,23,27,29|6,7,17,28,32,34
1,12,27,29,30,34|2,18,20,23,25,35|6,7,9,28,32,38
2,9,12,23,27,29|3,6,28,33,35,38|7,11,17,31,32,34
2,18,20,23,25,35|6,7,9,11,28,34|12,17,27,29,30,38
3,8,14,26,33,35|6,7,9,11,28,34|12,17,27,29,30,38
3,23,26,31,35,40|6,7,9,11,28,34|12,17,27,29,30,38
1,6,7,28,30,35|2,3,9,23,29,31|8,19,25,32,34,38
1,7,14,20,30,35|2,3,9,23,29,31|8,19,25,32,34,38
1,6,7,22,30,35|2,3,9,14,23,29|8,19,31,32,34,38
1,6,10,12,33,35|2,3,17,20,28,29|11,18,22,26,32,38
1,2,6,8,9,33|3,12,23,28,35,40|11,18,20,22,30,34
1,3,6,9,23,32|2,8,11,18,22,34|17,20,28,29,30,33
1,6,9,20,30,33|2,8,11,18,22,34|3,12,23,28,35,40
1,6,26,29,30,33|2,8,11,18,22,34|3,12,23,28,35,40
1,9,11,22,30,33|2,6,8,18,20,34|3,12,23,28,35,40
1,17,22,30,32,33|2,6,8,18,20,34|3,9,11,23,28,29
1,17,22,30,38,40|2,6,8,18,20,34|3,9,11,23,28,29
2,6,8,18,20,34|3,9,11,23,28,29|22,26,30,32,33,40
3,6,11,34,38,40|7,8,9,12,22,32|17,20,28,29,30,33
1,9,12,22,30,33|3,20,23,28,35,40|6,7,11,17,32,38
2,8,12,18,22,34|3,20,23,28,35,40|6,7,11,17,32,38
1,28,29,30,32,33|2,6,8,11,18,34|3,12,22,23,35,40
2,17,23,28,29,40|3,6,8,12,33,35|11,18,22,30,32,38
2,8,12,19,22,34|3,11,23,28,35,40|6,7,20,29,32,38
3,20,22,23,35,40|6,7,8,26,29,32|11,12,19,28,30,34
1,2,28,29,33,38|3,6,9,10,23,32|7,11,12,17,22,34
1,3,8,9,22,38|2,19,23,26,28,32|6,7,12,17,20,34
1,3,9,23,28,32|2,6,8,18,26,38|7,11,12,17,22,34
1,6,17,26,30,33|2,8,18,20,28,34|7,9,11,12,22,38
1,7,12,22,32,34|2,6,8,9,10,33|11,19,26,28,30,38
1,9,20,28,30,33|2,6,8,18,26,38|7,11,12,17,22,34
1,10,22,30,34,40|2,6,8,18,26,38|3,9,11,17,23,28
1,26,28,29,30,33|2,9,10,22,23,40|6,7,12,17,20,34
2,8,19,22,26,38|3,6,9,10,23,32|7,12,20,28,29,34
2,9,10,22,23,40|3,11,28,32,33,34|6,7,12,26,29,38
2,18,22,23,26,32|3,11,28,34,38,40|6,7,8,10,20,35
2,19,23,26,28,32|3,8,10,22,29,34|6,7,9,12,20,38
2,20,28,33,34,40|3,6,9,10,23,32|11,18,22,26,30,38
3,11,28,32,33,34|6,7,8,9,12,26|10,17,22,30,38,40
3,11,28,34,38,40|6,7,8,9,12,26|10,17,22,30,32,33
1,2,8,9,22,33|3,6,17,23,26,29|11,18,20,28,30,34
1,2,9,23,28,40|3,6,8,10,29,34|11,19,22,26,30,38
1,3,6,8,17,34|2,19,22,23,26,32|10,28,29,30,38,40
1,3,8,28,29,34|2,6,9,10,23,40|11,19,22,26,30,38
1,3,9,22,23,32|2,6,8,19,26,38|7,11,12,28,29,34
1,6,10,30,34,40|2,8,18,28,32,38|3,9,11,17,22,23
1,9,11,28,30,33|2,6,8,19,26,38|7,12,20,22,29,34
1,9,20,22,30,33|2,6,8,19,26,38|7,11,12,28,29,34
1,17,28,30,32,33|2,6,8,19,26,38|7,12,20,22,29,34
1,17,28,30,38,40|2,6,18,23,26,32|7,12,20,22,29,34
2,6,8,19,26,38|3,9,11,17,22,23|10,28,29,30,32,33
2,6,9,10,23,40|3,8,12,28,33,35|11,19,22,26,30,38
2,20,22,33,34,40|3,6,17,23,26,29|7,8,9,12,28,32
1,7,11,22,32,34|3,8,20,28,33,35|6,12,18,26,30,38
1,3,6,9,23,26|2,10,22,29,33,38|7,11,12,17,28,34
2,8,18,22,26,38|3,9,17,20,23,28|6,7,10,12,32,34
2,18,23,26,28,32|3,6,8,9,10,38|7,12,17,20,22,34
1,2,6,17,30,40|8,9,11,28,29,33|12,19,20,22,23,35
1,2,28,29,30,40|6,8,9,11,17,33|12,19,20,22,23,35
1,6,10,23,35,40|2,7,11,28,29,32|8,9,12,17,22,33
1,8,9,22,32,33|2,3,6,11,34,40|12,19,20,23,28,35
1,9,23,28,32,40|2,3,8,17,22,29|6,11,19,20,34,38
1,11,22,29,33,34|2,3,6,32,38,40|12,19,20,23,28,35
1,22,29,32,33,38|2,3,6,11,34,40|12,19,20,23,28,35
2,3,6,32,38,40|8,9,11,17,22,33|12,19,20,23,28,35
2,10,22,29,30,40|6,8,9,17,20,33|11,12,18,23,28,35
3,6,10,29,30,32|8,9,11,17,22,33|12,19,20,23,28,35
3,6,26,30,32,40|8,9,11,17,22,33|12,19,20,23,28,35
3,11,17,28,29,30|6,8,19,26,32,38|12,18,20,22,23,35
1,2,17,28,30,40|6,8,9,10,32,33|11,19,20,22,34,38
1,3,6,9,20,30|2,7,12,28,29,32|8,11,19,22,26,34
1,3,9,11,22,30|2,6,7,12,17,32|8,10,28,29,34,40
1,3,17,22,30,32|2,6,7,9,11,12|8,10,28,29,34,40
1,6,9,23,26,40|2,3,8,17,28,29|11,19,20,22,34,38
1,6,11,17,33,34|2,3,22,32,38,40|12,18,20,23,28,35
1,6,17,32,33,38|2,3,11,22,34,40|12,18,20,23,28,35
1,8,17,28,34,40|2,6,7,9,11,12|3,10,22,29,30,32
2,3,8,17,28,29|6,11,18,20,34,38|9,10,22,23,32,40
2,3,11,22,34,40|6,8,9,10,32,33|12,18,20,23,28,35
2,6,10,17,30,40|8,11,19,22,26,34|12,18,20,23,28,35
2,11,19,22,26,30|6,8,9,10,32,33|12,18,20,23,28,35
3,10,22,29,30,32|6,8,11,18,26,34|9,17,20,23,28,40
3,22,26,30,32,40|6,10,11,29,33,34|12,18,20,23,28,35
6,8,9,10,32,33|11,19,20,22,34,38|17,23,26,28,29,40
6,8,19,20,26,34|9,10,22,23,32,40|11,17,28,29,33,38
6,10,11,29,33,34|8,19,22,26,32,38|9,17,20,23,28,40
6,10,29,32,33,38|8,11,19,22,26,34|9,17,20,23,28,40
1,10,22,23,35,40|2,6,7,9,11,20|12,17,28,29,33,38
1,2,3,22,29,38|6,8,18,20,26,34|9,10,23,28,32,40
1,3,9,11,28,30|2,6,7,12,26,29|8,10,17,22,34,40
1,3,17,28,30,32|2,6,7,9,12,20|8,11,18,22,26,34
1,9,22,23,26,40|3,6,10,17,30,32|11,19,20,28,34,38
1,20,28,29,33,34|2,7,9,11,12,22|3,6,10,17,30,32
2,6,7,9,12,20|3,10,28,29,30,32|8,11,18,22,26,34
2,6,7,12,26,29|8,9,10,22,32,33|11,19,20,28,34,38
1,3,6,17,26,30|2,7,9,11,12,28|10,20,22,29,33,34
1,3,9,20,28,30|2,7,12,22,26,29|6,10,11,17,33,34
1,3,26,28,29,30|2,7,9,12,20,22|6,10,11,17,33,34
1,9,20,22,33,38|2,7,12,17,28,32|3,6,10,26,29,30
2,11,23,28,39,40|3,6,8,16,31,38|14,15,20,25,30,33
2,15,23,25,31,40|3,6,8,11,38,39|14,16,20,28,30,33
2,16,23,28,31,40|3,6,8,11,38,39|14,15,20,25,30,33
2,21,22,23,28,40|3,6,8,11,38,39|14,15,20,25,30,33
2,6,11,16,23,27|3,8,14,15,25,38|20,21,22,28,30,33
2,11,14,15,23,27|3,6,8,16,25,38|20,21,22,28,30,33
1,2,7,8,28,35|3,10,22,29,30,34|6,9,17,23,26,33
1,3,9,22,30,38|2,6,7,8,10,35|19,23,26,28,32,34
1,3,17,22,30,34|2,6,7,8,10,35|9,23,26,28,29,33
1,7,20,28,30,35|2,3,9,17,22,23|6,8,18,26,34,38
1,28,29,33,34,38|2,3,9,17,22,23|6,7,10,20,30,35
6,7,10,20,30,35|8,9,17,28,33,38|18,22,23,26,32,34
1,2,7,8,22,35|3,6,10,29,30,34|9,17,23,28,32,33
1,7,20,22,30,35|2,3,6,9,17,23|8,18,28,32,34,38
1,6,7,20,30,35|2,3,9,22,23,29|8,19,28,32,34,38
1,2,6,13,17,30|8,10,21,29,34,40|12,15,18,23,25,35
1,2,13,28,29,30|6,8,16,19,26,34|9,15,17,23,25,40
1,2,17,21,30,40|6,8,10,13,29,34|12,15,18,23,25,35
1,3,6,9,16,30|2,7,12,21,29,32|8,14,15,19,26,34
1,3,9,14,15,30|2,7,12,21,29,32|6,8,13,26,34,40
1,6,8,9,13,38|2,3,14,15,34,40|12,16,18,23,28,35
1,8,9,21,32,33|2,3,6,16,34,40|12,15,18,23,25,35
1,8,9,21,38,40|2,6,10,13,29,30|12,15,18,23,25,35
1,8,13,28,29,34|2,6,16,19,26,30|9,15,17,23,25,40
1,8,17,21,34,40|2,6,10,13,29,30|12,15,18,23,25,35
1,9,13,22,23,32|2,3,6,16,34,40|11,17,21,29,33,38
1,11,21,29,33,34|2,6,13,26,30,40|12,15,18,23,25,35
1,15,29,31,33,34|2,6,13,26,30,40|12,16,18,23,28,35
1,16,22,29,33,34|2,6,13,26,30,40|12,15,18,23,25,35
1,21,29,32,33,38|2,3,6,16,34,40|9,11,13,17,22,23
2,3,6,16,34,40|8,9,11,17,21,33|12,15,18,23,25,35
2,3,8,17,21,29|6,11,16,18,34,38|12,15,23,27,35,40
2,6,10,13,29,30|8,9,11,17,21,33|12,15,18,23,25,35|14,19,22,31,34,38
2,6,13,26,30,40|8,9,11,17,21,33|12,15,18,23,25,35|14,19,22,31,34,38
2,6,16,19,26,30|8,9,11,17,21,33|12,15,18,23,25,35
2,10,21,29,30,40|6,8,16,19,26,34|9,11,13,17,22,23
2,14,15,19,26,30|6,8,10,13,29,34|9,16,17,23,28,40
2,15,18,25,30,32|6,8,10,13,29,34|9,16,17,23,28,40
2,15,27,30,32,40|6,8,10,13,29,34|12,16,18,23,28,35
2,16,18,28,30,32|6,8,10,13,29,34|9,15,17,23,25,40
2,18,20,21,30,32|6,8,10,13,29,34|9,15,17,23,25,40
3,15,17,25,29,30|6,8,13,26,34,40|12,16,18,23,28,35
3,16,17,28,29,30|6,8,13,26,34,40|12,15,18,23,25,35
3,17,20,21,29,30|6,8,13,26,34,40|12,15,18,23,25,35
6,9,23,27,29,31|8,12,13,28,33,35|11,14,15,18,34,38
6,13,20,34,38,40|8,9,11,17,21,33|12,15,18,23,25,35
6,14,18,31,34,38|8,9,11,17,21,33|12,15,23,27,35,40
6,14,19,25,34,38|8,9,11,17,21,33|12,15,23,27,35,40
6,16,19,20,34,38|8,9,11,17,21,33|12,15,18,23,25,35
8,9,11,17,21,33|12,15,18,23,25,35|14,19,22,31,34,38
8,9,15,17,31,33|11,13,22,34,38,40|12,16,18,23,28,35
8,12,13,28,33,35|9,11,15,23,27,29|14,19,22,31,34,38
8,13,17,28,29,38|12,15,18,23,25,35|20,21,32,33,34,40
1,12,21,29,33,34|2,6,7,9,11,16|14,18,23,25,28,35
2,6,7,9,11,16|8,13,20,28,33,35|12,14,15,18,34,38
2,6,7,9,14,31|8,11,15,27,33,35|12,13,22,34,38,40
2,6,7,9,15,22|8,13,20,28,33,35|11,12,19,21,34,38
2,6,7,16,17,32|8,11,15,27,33,35|12,13,22,34,38,40
2,7,9,11,14,15|6,8,27,31,33,35|12,13,22,34,38,40
2,7,14,15,17,32|6,8,27,31,33,35|11,12,19,21,34,38
2,7,15,25,29,32|6,8,27,31,33,35|9,12,13,17,22,23
2,7,16,28,29,32|6,8,27,31,33,35|9,12,13,17,22,23
2,7,20,21,29,32|6,8,27,31,33,35|9,12,13,17,22,23
1,2,13,17,22,30|6,8,16,18,26,34|9,10,21,23,32,40
1,2,15,27,29,30|6,8,16,18,26,34|9,10,21,23,32,40
1,3,9,11,21,30|6,8,16,18,26,34|15,17,25,29,33,38
1,3,9,15,30,31|6,8,16,18,26,34|17,20,21,29,33,38
1,3,9,16,22,30|6,14,18,25,34,38|8,12,15,27,33,35
1,3,17,21,30,32|2,6,7,9,12,16|8,10,13,22,29,34
1,6,9,16,33,38|2,3,11,21,34,40|13,17,22,23,26,29
1,6,16,17,33,34|2,3,21,32,38,40|9,14,23,27,28,29
1,8,13,17,22,34|2,3,21,32,38,40|6,9,23,25,27,29
1,9,13,23,28,32|2,3,11,21,34,40|8,12,15,27,33,35
1,14,15,17,33,34|2,3,6,13,32,38|9,22,23,27,29,31
2,3,11,21,34,40|6,9,10,13,23,32|8,12,15,27,33,35
2,3,15,31,34,40|6,9,10,13,23,32|8,17,21,26,29,33
2,3,16,22,34,40|6,9,10,13,23,32|8,12,15,27,33,35
2,3,21,32,38,40|6,8,16,18,26,34|9,11,13,17,23,28
2,6,7,9,12,16|3,10,21,29,30,32|8,13,22,26,34,40
2,6,16,18,26,30|8,9,15,17,25,33|11,13,28,34,38,40
2,7,9,12,14,15|3,6,13,26,30,32|11,16,18,22,34,38
2,11,19,21,26,30|6,9,10,13,23,32|8,12,15,27,33,35|14,18,22,31,34,38
2,13,22,26,30,40|6,9,14,17,23,27|11,15,18,31,34,38
2,14,15,18,26,30|6,9,10,13,23,32|11,16,19,28,34,38
2,15,19,26,30,31|6,9,10,13,23,32|11,16,18,22,34,38
2,16,19,22,26,30|6,9,10,13,23,32|8,12,15,27,33,35
3,6,13,26,30,32|8,9,15,17,25,33|11,16,18,22,34,38
3,10,21,29,30,32|6,8,16,18,26,34|9,11,13,17,23,28
3,21,26,30,32,40|6,9,14,17,23,27|8,10,13,22,29,34
6,8,16,18,26,34|9,10,21,23,32,40|15,17,25,29,33,38
6,9,10,13,23,32|8,11,19,21,26,34|15,17,25,29,33,38
6,10,16,29,33,34|8,19,21,26,32,38|9,11,13,17,23,28
8,12,15,27,33,35|9,10,21,23,32,40|11,16,18,22,34,38
8,14,15,18,26,34|9,10,21,23,32,40|16,17,28,29,33,38
8,15,19,26,31,34|9,10,21,23,32,40|16,17,28,29,33,38
8,16,19,22,26,34|9,10,21,23,32,40|15,17,25,29,33,38
8,19,21,26,32,38|9,11,13,17,23,28|10,14,15,29,33,34
1,3,9,12,21,30|2,6,7,16,26,29|8,14,27,28,33,35
2,6,7,9,14,25|8,12,19,21,26,34|23,27,28,31,35,40
2,6,7,9,15,28|8,12,19,21,26,34|22,23,25,27,35,40
2,6,7,9,16,20|8,12,19,21,26,34|18,23,25,28,31,35
2,6,7,16,26,29|8,14,27,28,33,35|11,12,18,21,34,38
2,7,9,11,15,31|6,8,25,27,33,35|12,13,28,34,38,40
2,7,9,11,16,22|6,8,25,27,33,35|12,13,28,34,38,40
2,7,9,14,15,20|6,8,25,27,33,35|11,12,18,21,34,38
2,7,9,14,22,31|6,8,25,27,33,35|11,12,18,21,34,38
2,7,11,17,21,32|6,8,25,27,33,35|12,13,28,34,38,40
2,7,14,15,26,29|6,8,25,27,33,35|9,12,13,17,23,28
2,7,15,17,31,32|6,8,25,27,33,35|11,12,18,21,34,38
2,7,16,17,22,32|6,8,25,27,33,35|11,12,18,21,34,38
1,2,6,13,29,30|8,11,19,21,32,34|9,14,15,17,23,40
1,6,8,13,29,34|2,11,19,21,30,32|9,14,15,17,23,40
1,8,21,29,34,40|2,6,16,18,30,32|12,15,19,23,31,35
2,6,16,18,30,32|8,9,11,21,29,33|12,13,22,23,35,40
2,11,19,21,30,32|6,8,12,13,33,35|9,14,15,17,23,40
2,13,22,30,32,40|6,12,16,18,23,35|8,9,11,21,29,33
2,14,15,18,30,32|6,8,12,13,33,35|9,16,23,28,29,40
2,15,19,30,31,32|6,8,12,13,33,35|9,16,23,28,29,40
2,16,19,22,30,32|6,8,12,13,33,35|9,14,15,17,23,40
3,6,16,17,29,30|8,11,19,21,32,34|12,13,22,23,35,40
6,8,13,17,29,38|11,12,19,21,23,35|14,15,32,33,34,40
1,2,13,22,29,30|6,8,9,16,17,33|11,12,18,21,23,35
1,3,21,29,30,32|6,8,9,16,17,33|11,14,15,19,34,38|12,13,23,28,35,40
1,6,16,29,33,34|2,11,18,21,30,32|9,15,17,23,31,40
1,8,13,22,29,34|2,11,18,21,30,32|9,15,17,23,31,40
1,9,21,23,32,40|3,15,17,29,30,31|6,11,16,19,34,38|8,12,13,22,33,35
1,14,15,29,33,34|2,11,18,21,30,32|9,16,17,22,23,40
2,11,18,21,30,32|6,8,9,16,17,33|12,13,23,28,35,40
2,13,28,30,32,40|6,8,9,16,17,33|11,12,18,21,23,35
2,15,18,30,31,32|6,8,9,16,17,33|12,13,23,28,35,40
2,15,19,25,30,32|6,8,9,16,17,33|11,12,18,21,23,35
2,19,20,21,30,32|6,8,9,16,17,33|12,13,23,28,35,40
3,11,17,21,29,30|6,14,19,31,34,38|8,12,13,22,33,35
3,15,17,29,30,31|6,11,13,32,33,34|12,16,18,22,23,35
3,16,17,22,29,30|6,11,13,32,33,34|12,15,18,23,31,35
6,11,13,34,38,40|8,9,14,15,17,33|12,16,18,22,23,35
6,11,16,19,34,38|8,9,14,15,17,33|12,13,23,28,35,40
6,14,19,31,34,38|8,9,15,25,29,33|11,12,18,21,23,35
6,15,19,22,34,38|8,9,16,28,29,33|11,12,18,21,23,35
6,16,17,29,33,38|8,11,18,21,32,34|12,13,23,28,35,40
8,9,20,21,29,33|11,14,15,19,34,38|12,13,23,28,35,40
8,13,17,22,29,38|11,12,18,21,23,35|15,31,32,33,34,40
8,13,28,32,34,40|11,12,18,21,23,35|14,15,17,29,33,38
2,7,15,29,31,32|6,8,14,27,33,35|9,12,17,21,23,40
2,7,16,22,29,32|6,8,14,27,33,35|9,12,17,21,23,40
1,2,3,17,21,38|6,9,10,13,23,26|22,25,27,32,33,34
1,3,17,21,26,30|8,9,10,13,28,38|22,25,27,32,33,34
1,6,10,13,34,38|2,3,21,26,32,33|9,17,22,23,25,27
1,9,10,17,21,23|2,3,6,13,26,38|22,25,27,32,33,34
1,9,13,23,26,28|2,3,6,27,31,34|10,17,21,32,33,38
1,10,21,32,33,34|2,3,6,13,26,38|9,17,22,23,25,27
1,10,13,22,23,35|2,6,7,9,25,31|8,12,18,21,26,34
2,7,9,11,20,21|6,12,13,26,33,34|23,25,27,28,35,40
2,7,9,15,20,31|6,12,13,26,33,34|23,25,27,28,35,40
2,7,9,16,20,22|6,12,13,26,33,34|23,25,27,28,35,40
2,7,11,21,26,29|8,22,25,27,33,35|12,16,18,28,34,38
2,7,15,26,29,31|8,22,25,27,33,35|12,16,18,28,34,38
2,7,16,22,26,29|8,27,28,31,33,35|12,15,18,25,34,38
2,7,17,20,21,32|6,12,13,26,33,34|23,25,27,28,35,40
1,2,13,17,28,30|6,18,25,31,34,38|8,9,10,21,32,33
1,3,9,15,25,30|2,7,12,17,21,32|6,11,13,26,33,34
1,3,9,16,28,30|2,7,12,17,21,32|6,11,13,26,33,34
1,3,21,26,29,30|2,7,9,12,15,31|6,8,10,13,17,34
1,6,9,13,23,26|2,3,15,25,34,40|10,21,29,32,33,38
1,11,17,21,33,34|2,3,13,22,32,38|9,23,27,28,29,31
1,17,21,32,33,38|2,3,6,13,20,34|9,22,23,25,27,29
2,3,11,13,22,34|6,9,17,23,27,31|8,18,21,26,32,38
2,3,13,22,32,38|6,9,17,23,27,31|8,11,18,21,26,34
2,6,10,13,17,30|8,11,18,21,26,34|9,22,23,25,27,29
2,7,9,11,12,21|3,13,22,26,30,32|6,18,25,31,34,38
2,7,9,12,15,31|3,13,22,26,30,32|8,10,17,21,34,40
2,7,9,12,16,22|6,8,10,13,17,34|21,26,32,33,38,40
2,7,12,17,21,32|3,6,9,10,16,30|8,13,26,28,34,40
2,10,13,28,29,30|6,9,17,23,27,31|8,11,18,21,26,34
2,10,17,21,30,40|6,11,13,26,33,34|9,22,23,25,27,29
2,11,18,21,26,30|6,8,9,10,13,38|14,22,27,32,33,34
2,13,26,28,30,40|6,9,17,23,27,31|10,11,21,29,33,34
2,15,18,26,30,31|6,8,9,10,13,38|14,22,27,32,33,34
2,15,19,25,26,30|6,8,9,10,13,38|14,22,27,32,33,34
2,16,18,22,26,30|6,8,9,10,13,38|11,15,27,32,33,34
2,16,19,26,28,30|6,8,9,10,13,38|11,15,27,32,33,34
2,19,20,21,26,30|6,8,9,10,13,38|11,15,27,32,33,34
3,13,22,26,30,32|6,9,17,23,27,31|10,11,21,29,33,34
6,8,10,13,17,34|9,22,23,25,27,29|21,26,32,33,38,40
6,9,17,23,27,31|8,10,13,28,29,34|21,26,32,33,38,40
6,13,26,32,33,38|8,10,17,21,34,40|9,22,23,25,27,29
6,18,25,31,34,38|8,9,10,21,32,33|13,17,23,26,28,29
6,27,31,32,33,34|8,9,10,21,38,40|13,17,23,26,28,29
6,27,31,34,38,40|8,9,10,21,32,33|13,17,23,26,28,29
8,9,10,21,32,33|11,15,18,25,34,38|13,17,23,26,28,29
8,9,10,21,38,40|11,15,27,32,33,34|13,17,23,26,28,29
8,10,13,28,29,34|9,11,15,17,23,27|21,26,32,33,38,40
8,13,26,28,34,40|9,11,15,17,23,27|10,21,29,32,33,38
8,16,18,22,26,34|9,11,15,17,23,27|10,21,29,32,33,38
8,18,21,26,32,38|9,11,15,17,23,27|10,16,22,29,33,34
2,6,7,16,17,26|3,9,10,12,21,30|8,25,27,28,33,35
2,7,14,15,17,26|3,9,10,12,21,30|8,25,27,28,33,35
1,2,15,17,27,30|6,9,10,16,33,38|8,18,20,21,26,34
1,21,26,29,33,38|2,3,6,14,27,34|9,10,13,23,28,32
2,3,11,13,28,34|6,9,10,16,33,38|15,17,23,26,27,29
2,3,13,20,22,34|6,9,10,16,33,38|15,17,23,26,27,29
2,3,13,28,32,38|6,9,17,23,25,27|8,18,20,21,26,34
2,7,9,12,15,25|3,10,17,21,30,32|6,13,20,26,33,34
2,7,9,12,16,28|3,10,17,21,30,32|6,13,20,26,33,34
2,7,9,12,20,21|3,13,26,28,30,32|6,10,16,17,33,34
2,7,12,21,26,29|3,9,10,15,30,31|6,25,27,32,33,34
2,16,18,26,28,30|6,9,17,23,25,27|10,20,21,29,33,34
3,10,17,21,30,32|6,13,20,26,33,34|9,23,25,27,28,29
1,2,15,17,25,30|6,8,9,10,16,38|12,14,23,27,28,35
1,2,16,17,28,30|6,8,13,20,26,34|9,10,11,21,23,32
1,2,17,20,21,30|6,8,9,10,16,38|11,14,15,26,33,34|12,22,23,27,31,35
1,8,9,15,25,38|2,3,6,16,20,34|12,14,23,27,28,35
1,8,9,16,28,38|2,3,6,14,25,34|12,15,20,23,27,35
1,8,9,20,21,38|2,3,6,14,25,34|12,22,23,27,31,35
1,8,15,17,25,34|2,3,11,21,32,38|12,14,23,27,28,35
1,8,16,17,28,34|2,3,11,21,32,38|6,12,23,25,27,35
1,8,17,20,21,34|2,3,15,31,32,38|6,12,23,25,27,35
1,8,21,26,29,38|2,3,6,14,25,34|9,10,15,23,31,32
2,3,6,14,25,34|8,13,22,26,32,38|9,16,17,20,23,28
2,3,6,16,20,34|8,9,10,14,15,38|12,22,23,27,31,35
2,3,11,15,31,34|6,8,9,10,16,38|12,14,23,27,28,35
2,3,11,16,22,34|6,12,23,25,27,35|8,9,10,14,15,38
2,3,11,21,32,38|6,8,10,16,17,34|12,14,23,27,28,35
2,3,14,15,20,34|6,8,9,10,16,38|12,22,23,27,31,35
2,3,14,22,31,34|6,8,9,10,16,38|12,15,20,23,27,35
2,3,15,31,32,38|6,8,10,16,17,34|12,14,23,27,28,35
2,3,16,22,32,38|6,8,13,20,26,34|9,14,17,23,25,28
2,6,10,16,17,30|8,11,13,22,26,34|12,14,23,27,28,35
2,6,13,20,26,30|8,9,10,14,15,38|12,22,23,27,31,35
2,6,25,27,30,32|8,9,10,14,15,38|16,17,23,26,28,29
2,10,14,15,17,30|6,8,13,20,26,34|12,22,23,27,31,35
2,10,15,25,29,30|6,8,13,20,26,34|12,14,23,27,28,35
2,10,16,28,29,30|6,8,13,20,26,34|9,17,22,23,25,31
2,11,13,22,26,30|6,8,9,10,16,38|12,14,23,27,28,35|15,20,25,32,33,34
2,14,27,28,30,32|6,8,9,10,16,38|15,17,23,25,26,29
2,15,25,26,30,40|6,8,9,10,16,38|12,14,23,27,28,35
2,20,21,26,30,40|6,8,9,10,16,38|12,14,23,27,28,35|22,25,31,32,33,34
2,22,27,30,31,32|6,8,9,10,16,38|11,14,15,26,33,34
3,11,21,26,30,32|6,8,9,10,16,38|12,14,23,27,28,35
3,15,26,30,31,32|6,8,9,10,16,38|12,14,23,27,28,35
3,16,22,26,30,32|6,11,14,27,34,38|9,15,17,20,23,25
6,8,9,10,16,38|11,14,15,26,33,34|12,22,23,27,31,35
6,11,16,26,33,34|8,9,10,14,15,38|12,22,23,27,31,35
6,12,23,25,27,35|8,9,10,14,15,38|16,20,28,32,33,34
6,16,26,32,33,38|8,10,14,15,17,34|12,22,23,27,31,35
8,9,10,14,15,38|12,22,23,27,31,35|16,20,28,32,33,34
1,2,10,21,30,32|6,8,14,26,27,34|9,17,23,25,28,31
1,8,10,21,32,34|2,6,14,26,27,30|9,17,23,25,28,31
1,9,15,23,26,31|2,3,11,16,28,34|8,10,17,21,32,38
1,9,16,22,23,26|2,3,6,25,31,34|8,10,17,21,32,38
1,10,12,21,23,35|2,3,6,25,31,34|8,13,26,28,32,38
1,17,21,23,26,32|2,3,6,25,31,34|8,9,10,16,22,38
2,3,11,15,25,34|8,9,10,16,22,38|12,23,27,28,31,35
2,3,11,16,28,34|8,9,10,15,31,38|12,22,23,25,27,35
2,3,11,20,21,34|8,9,10,15,31,38|12,22,23,25,27,35
2,3,14,22,25,34|8,9,10,11,21,38|12,23,27,28,31,35
2,3,14,28,31,34|8,9,10,11,21,38|12,22,23,25,27,35
2,3,15,20,31,34|8,9,10,11,21,38|12,22,23,25,27,35
2,3,16,20,22,34|8,9,10,11,21,38|12,23,27,28,31,35
2,3,20,21,32,38|6,8,14,26,27,34|9,17,23,25,28,31
2,6,14,26,27,30|8,9,10,11,21,38|25,28,31,32,33,34
2,11,13,26,28,30|6,14,20,27,34,38|9,10,15,23,25,32
2,13,20,22,26,30|6,11,27,31,34,38|9,10,15,23,25,32
2,22,25,27,30,32|6,15,26,28,33,34|8,9,10,11,21,38
2,27,28,30,31,32|6,14,25,26,33,34|8,9,10,11,21,38
6,14,25,26,33,34|8,9,10,11,21,38|12,23,27,28,31,35
6,15,26,28,33,34|8,9,10,11,21,38|12,22,23,25,27,35
6,16,20,26,33,34|8,9,10,11,21,38|12,22,23,25,27,35
8,9,10,11,21,38|12,22,23,25,27,35|14,15,20,26,33,34
8,10,11,17,21,34|12,22,23,25,27,35|15,26,31,32,33,38
8,10,15,17,31,34|11,21,26,32,33,38|12,22,23,25,27,35
8,10,16,17,22,34|11,21,26,32,33,38|12,23,27,28,31,35
8,10,17,21,32,38|11,15,26,31,33,34|12,22,23,25,27,35
1,2,14,15,29,30|6,8,11,13,32,34|12,16,22,23,35,40
1,8,14,15,29,34|2,6,11,13,30,32|12,16,22,23,35,40
2,11,21,30,32,40|6,8,12,16,33,35|9,14,15,20,23,29
1,2,11,21,29,30|6,8,13,20,32,34|12,15,23,25,35,40
1,2,15,29,30,31|6,8,13,20,32,34|12,16,23,28,35,40
1,2,16,22,29,30|6,8,13,20,32,34|9,11,14,15,17,23
1,8,11,21,29,34|2,6,13,20,30,32|12,15,23,25,35,40
1,8,15,29,31,34|2,6,13,20,30,32|12,16,23,28,35,40
1,8,16,22,29,34|2,6,13,20,30,32|9,11,14,15,17,23
2,6,13,20,30,32|8,11,12,21,33,35|9,14,22,23,25,29
2,16,28,30,32,40|6,9,14,17,23,31|8,11,12,21,33,35
2,20,21,30,32,40|6,9,11,16,17,23|8,12,15,31,33,35
6,11,16,32,33,34|8,15,17,29,31,38|12,20,21,23,35,40
6,11,16,34,38,40|8,12,15,31,33,35|9,14,22,23,25,29
6,14,31,32,33,34|8,11,17,21,29,38|12,15,23,25,35,40
6,14,31,34,38,40|8,11,12,21,33,35|9,15,22,23,28,29
6,15,22,32,33,34|8,11,17,21,29,38|12,16,23,28,35,40
6,15,22,34,38,40|8,11,12,21,33,35|9,14,23,28,29,31
8,16,17,22,29,38|11,14,15,32,33,34|12,20,21,23,35,40
1,2,6,16,17,30|8,10,14,15,29,34|11,12,13,23,28,35
1,2,14,15,17,30|6,8,10,16,29,34|11,12,13,23,28,35
1,2,15,25,29,30|6,8,14,27,32,34|9,11,16,17,22,23
1,2,16,28,29,30|6,8,14,27,32,34|9,11,15,17,23,31
1,2,20,21,29,30|6,8,14,27,32,34|9,11,15,17,23,31
1,6,8,9,16,38|2,10,14,15,29,30|11,12,13,23,28,35
1,6,8,16,17,34|2,10,14,15,29,30|11,12,13,23,28,35
1,8,9,14,15,38|2,6,10,16,29,30|11,12,13,23,28,35
1,8,14,15,17,34|2,6,10,16,29,30|11,12,13,23,28,35
1,8,15,25,29,34|2,6,14,27,30,32|9,11,16,17,22,23
1,8,16,28,29,34|2,6,14,27,30,32|9,11,15,17,23,31
1,8,20,21,29,34|2,6,14,27,30,32|9,11,15,17,23,31
1,9,11,21,23,32|2,6,10,16,29,30|8,12,15,25,33,35|14,22,31,34,38,40
1,9,15,23,31,32|2,6,10,16,29,30|8,12,20,21,33,35
1,9,16,22,23,32|2,10,14,15,29,30|8,12,20,21,33,35
2,6,10,16,29,30|8,11,13,28,32,34|9,14,15,17,20,23
2,6,14,27,30,32|8,12,15,25,33,35|9,11,16,17,22,23
2,6,16,26,30,40|8,10,14,15,29,34|11,12,13,23,28,35
2,10,14,15,29,30|6,8,16,26,34,40|11,12,13,23,28,35
2,11,13,28,30,32|6,8,10,16,29,34|9,14,15,17,20,23
2,13,20,22,30,32|6,8,10,16,29,34|9,11,15,17,23,31
2,14,15,26,30,40|6,8,10,16,29,34|11,12,13,23,28,35
6,9,15,17,23,28|8,12,20,21,33,35|11,16,22,34,38,40
6,14,25,32,33,34|8,16,17,28,29,38|12,13,20,22,23,35
6,14,25,34,38,40|8,12,16,28,33,35|9,11,15,17,23,31
6,15,28,34,38,40|8,12,20,21,33,35|9,11,16,17,22,23
6,16,20,32,33,34|8,15,17,25,29,38|11,12,13,23,28,35
6,16,20,34,38,40|8,12,15,25,33,35|9,14,17,22,23,31
8,15,17,25,29,38|11,12,13,23,28,35|14,22,31,32,33,34
8,16,17,28,29,38|11,15,31,32,33,34|12,13,20,22,23,35
8,17,20,21,29,38|11,12,13,23,28,35|14,22,31,32,33,34
1,2,11,17,21,30|6,8,13,26,32,38|9,23,25,28,29,31
1,2,15,17,30,31|6,8,11,13,26,34|12,14,22,23,27,35
1,2,16,17,22,30|6,8,11,13,26,34|9,10,14,15,23,32
1,8,9,11,21,38|2,3,6,14,31,34|12,13,20,23,28,35
1,8,9,15,31,38|2,3,6,11,16,34|12,13,20,23,28,35
1,8,9,16,22,38|2,3,6,14,31,34|11,12,15,23,27,35
1,8,11,17,21,34|2,3,6,16,32,38|9,23,25,28,29,31
1,8,15,17,31,34|2,3,6,16,32,38|12,13,20,23,28,35
1,8,16,17,22,34|2,3,14,15,32,38|6,12,23,27,31,35
1,8,17,21,32,38|2,3,6,11,16,34|9,23,25,28,29,31
2,3,6,11,16,34|8,10,21,29,32,38|9,14,17,22,23,25
2,3,6,14,31,34|8,10,21,29,32,38|9,11,15,17,23,25
2,3,6,15,22,34|8,10,21,29,32,38|9,11,16,17,23,28
2,3,6,16,32,38|8,10,11,21,29,34|9,14,17,22,23,25
2,3,11,14,15,34|6,8,13,26,32,38|9,16,17,20,22,23
2,3,14,15,32,38|6,8,11,13,26,34|9,16,17,20,22,23
2,6,11,13,26,30|8,10,15,29,31,34|9,14,17,22,23,25
2,6,27,30,31,32|8,10,11,21,29,34|9,14,17,22,23,25
2,10,11,21,29,30|6,8,13,26,32,38|9,14,17,22,23,25
2,10,15,29,30,31|6,8,11,13,26,34|9,14,17,22,23,25
2,10,16,22,29,30|6,8,11,13,26,34|9,14,17,23,28,31
2,11,15,27,30,32|6,9,17,23,25,31|8,10,16,22,29,34
2,11,21,26,30,40|6,8,27,31,32,34|9,14,17,22,23,25
2,13,20,28,30,32|6,9,17,23,25,31|8,10,11,21,29,34
2,14,22,27,30,32|6,8,11,13,26,34|9,15,17,20,23,31
2,16,22,26,30,40|6,8,27,31,32,34|9,11,15,17,23,25
3,6,16,26,30,32|8,10,11,21,29,34|9,14,17,22,23,25
3,14,15,26,30,32|6,9,17,23,25,31|8,10,11,21,29,34
