6,13,20,26,38,40|8,10,15,27,29,32|11,14,18,25,28,34
6,16,19,20,26,38|8,9,10,11,13,22|17,25,28,29,31,33
6,18,20,25,31,34|8,9,10,11,13,22|14,27,28,32,38,40
6,18,22,25,28,34|8,9,10,20,21,40|11,15,19,26,31,38
6,20,27,31,34,40|8,9,10,11,13,22|14,18,25,28,32,38
6,25,27,32,38,40|8,9,10,11,13,22|14,18,20,28,31,34
8,9,10,11,13,22|14,15,19,20,26,38|17,25,28,29,31,33
8,9,10,15,25,40|11,13,22,26,32,33|14,18,20,28,31,34
8,10,15,27,29,32|11,13,22,26,38,40|14,18,20,28,31,34
8,15,26,27,32,40|10,11,13,22,29,38|14,18,20,28,31,34
8,16,18,26,28,32|9,10,11,14,15,33|19,20,22,25,31,34
8,17,22,25,27,29|9,10,11,14,15,33|16,18,20,28,32,38
10,11,13,22,29,38|14,18,20,28,31,34|15,25,26,32,33,40
10,15,25,29,32,33|11,13,22,26,38,40|14,18,20,28,31,34
10,15,25,29,38,40|11,13,22,26,32,33|14,18,20,28,31,34
1,2,3,11,17,21|6,8,9,10,14,27|13,20,22,26,32,33
1,2,3,15,17,31|6,8,9,10,14,27|11,13,26,28,32,33
1,2,3,16,17,22|6,8,9,10,14,27|11,13,26,28,32,33
1,6,8,9,25,27|2,3,10,11,21,29|13,20,22,26,32,33
1,6,10,11,13,34|2,3,14,22,27,32|15,19,20,26,31,38
1,6,10,13,32,38|2,3,11,21,26,40|8,17,25,27,28,29
1,6,14,17,27,38|2,3,10,11,21,29|13,20,22,26,32,33
1,6,16,17,26,33|2,3,10,11,21,29|14,18,20,25,28,34
1,6,25,27,29,38|2,3,11,21,26,40|8,9,10,13,20,22
1,8,9,14,27,28|2,3,6,11,13,26|10,15,17,31,32,33
1,8,9,15,20,27|2,3,6,11,13,26|10,16,17,22,32,33
1,8,9,22,27,31|2,3,6,11,13,26|14,18,20,25,28,34
1,8,13,17,22,26|2,3,6,27,31,32|9,10,14,15,20,33
1,8,15,26,27,29|2,3,13,20,28,32|6,9,10,14,25,33
1,9,14,25,28,33|2,3,6,11,13,26|10,15,17,31,38,40
1,9,15,20,25,33|2,3,6,11,13,26|10,16,17,22,38,40
1,9,16,20,28,33|2,3,6,11,13,26|10,15,17,31,38,40
1,9,22,25,31,33|2,3,6,11,13,26|14,20,27,28,34,40
1,10,11,21,34,40|2,3,6,27,31,32|14,15,18,20,26,38
1,10,15,31,34,40|2,3,6,11,13,26|8,17,25,27,28,29
1,10,16,22,34,40|2,3,6,11,13,26|8,17,25,27,28,29
1,10,21,32,38,40|2,3,6,11,13,26|8,17,25,27,28,29
1,11,13,17,28,38|2,3,6,27,31,32|9,10,14,15,20,33
1,13,17,20,22,38|2,3,6,27,31,32|10,14,15,26,29,33
1,14,15,17,26,33|2,3,6,27,31,32|8,9,10,11,13,28
1,14,27,28,29,38|2,3,6,11,13,26|10,15,17,31,32,33
1,15,20,27,29,38|2,3,6,11,13,26|9,10,14,22,31,33
1,15,25,26,29,33|2,3,6,27,31,32|8,9,10,11,13,28
1,16,26,28,29,33|2,3,6,27,31,32|8,9,10,13,20,22
1,20,21,26,29,33|2,3,6,27,31,32|8,9,10,11,13,28
1,22,27,29,31,38|2,3,6,11,13,26|9,10,14,15,20,33
2,3,6,11,13,26|8,17,25,27,28,29|9,10,14,15,20,33
2,3,6,27,31,32|8,9,10,11,13,28|14,15,18,20,26,38
2,3,10,11,21,29|6,14,18,25,26,38|20,22,27,31,34,40
2,3,10,16,22,29|6,14,18,25,26,38|11,27,28,31,34,40
2,3,11,15,27,32|6,9,10,14,25,33|13,20,22,26,38,40
2,3,11,21,26,40|6,8,9,10,14,27|18,20,22,25,31,34
2,3,13,20,28,32|6,8,9,10,14,27|11,15,18,26,31,38
2,3,14,22,27,32|6,9,10,15,28,33|11,19,20,21,26,38
2,3,16,22,26,40|6,8,9,10,14,27|11,18,25,28,31,34
6,8,9,10,14,27|11,13,26,28,32,33|18,20,22,25,31,34
6,9,10,16,20,33|8,17,25,27,28,29|11,15,18,26,31,38
6,10,14,27,29,38|11,13,26,28,32,33|18,20,22,25,31,34
6,14,18,25,26,38|8,9,10,11,13,28|20,22,27,31,34,40
6,14,26,27,32,33|8,9,10,11,13,28|18,20,22,25,31,34
6,14,26,27,38,40|8,9,10,11,13,28|18,20,22,25,31,34
6,20,25,27,34,40|8,9,10,11,13,28|14,18,22,26,31,38
8,17,25,27,28,29|9,10,11,15,31,33|13,20,22,26,38,40
1,2,3,15,17,25|6,8,9,10,27,31|11,16,18,26,28,38
1,2,3,16,17,28|6,8,9,10,27,31|11,15,18,25,26,38
1,2,3,17,20,21|6,8,9,10,27,31|11,15,18,25,26,38
1,6,10,13,20,34|2,3,14,27,28,32|11,15,18,25,26,38
1,6,17,27,31,38|2,3,10,15,25,29|13,20,26,28,32,33
1,8,9,22,25,27|2,3,6,10,16,17|11,18,20,21,26,38
1,8,9,27,28,31|2,3,6,10,16,17|11,15,18,25,26,38
1,8,13,17,26,28|2,3,6,25,27,32|9,10,11,20,21,33
1,9,25,28,31,33|2,3,6,10,16,17|11,15,26,27,38,40
1,10,11,13,22,34|2,3,6,25,27,32|14,18,26,28,31,38
1,10,20,21,34,40|2,3,6,25,27,32|11,16,18,26,28,38
1,11,15,17,27,38|2,3,6,13,20,26|9,10,14,22,25,33
1,11,17,21,26,33|2,3,6,25,27,32|8,9,10,13,20,28
1,13,17,20,28,38|2,3,6,25,27,32|10,11,21,26,29,33
1,14,17,22,27,38|2,3,6,13,20,26|9,10,11,15,25,33
1,15,17,26,31,33|2,3,6,25,27,32|8,9,10,13,20,28
1,16,17,22,26,33|2,3,6,25,27,32|8,9,10,13,20,28
1,22,25,27,29,38|2,3,6,10,16,17|13,20,26,28,32,33
2,3,6,10,16,17|11,15,18,25,26,38|20,27,28,31,34,40
1,15,17,20,27,38|2,3,11,13,26,28|9,10,22,25,31,33
1,17,22,27,31,38|2,3,11,13,26,28|9,10,15,20,25,33
2,3,15,21,22,28|8,10,11,16,17,39|13,14,20,25,31,38
6,13,25,28,31,38|8,10,11,16,17,39|14,15,20,21,26,33
6,14,21,25,26,33|8,10,11,16,17,39|13,15,20,28,31,38
6,14,26,28,33,39|8,10,15,17,21,31|11,13,16,20,25,38
6,15,16,25,26,33|8,10,14,17,31,39|11,13,20,21,28,38
6,15,21,26,28,33|8,10,11,16,17,39|13,14,20,25,31,38
6,16,20,21,26,33|8,10,14,17,31,39|11,13,15,25,28,38
1,8,14,17,25,39|2,3,6,15,21,28|11,13,16,20,31,38
1,8,15,17,21,25|2,3,6,14,28,39|11,13,16,20,31,38
1,8,15,17,28,39|2,3,6,14,21,25|11,13,16,20,31,38
1,8,16,17,20,39|2,3,6,14,21,25|11,13,15,28,31,38
1,8,16,17,21,28|2,3,6,15,20,39|11,13,14,25,31,38
2,3,6,14,21,25|8,10,15,28,29,39|11,13,16,20,31,38
2,3,6,14,28,39|8,10,15,21,25,29|11,13,16,20,31,38
2,3,6,15,20,39|8,10,16,21,28,29|11,13,14,25,31,38
2,3,6,15,21,28|8,10,14,25,29,39|11,13,16,20,31,38
2,3,6,16,20,21|8,10,14,25,29,39|11,13,15,28,31,38
2,3,11,15,21,31|6,8,13,16,26,28|14,20,25,32,33,39
2,3,14,15,16,28|6,8,13,20,21,26|11,25,31,32,33,39
2,3,14,15,20,21|6,8,13,16,26,28|11,25,31,32,33,39
6,8,10,15,17,39|11,13,14,25,31,38|16,20,21,28,32,33
6,8,10,16,17,21|11,13,14,25,31,38|15,20,28,32,33,39
6,11,16,21,26,33|8,10,14,25,29,39|13,15,20,22,31,38
6,13,16,20,28,38|8,10,14,15,17,21|11,25,31,32,33,39
6,14,22,26,33,39|8,10,15,21,25,29|11,13,16,20,31,38
6,15,16,26,31,33|8,10,14,25,29,39|11,13,20,21,22,38
6,15,21,22,26,33|8,10,14,25,29,39|11,13,16,20,31,38
6,25,28,32,33,39|8,10,14,15,17,21|11,13,16,20,31,38
1,8,25,29,31,39|2,3,6,11,16,21|13,14,15,20,22,38
6,8,11,13,21,26|14,16,25,31,32,33|15,20,22,38,39,40
6,8,13,15,26,31|11,14,25,32,33,39|16,20,21,22,38,40
6,8,13,16,22,26|11,14,25,32,33,39|15,20,21,31,38,40
6,11,13,15,25,38|8,10,14,29,31,39|16,20,21,22,32,33
6,11,13,20,21,38|8,10,14,29,31,39|15,16,22,25,32,33
6,13,14,22,25,38|8,10,11,16,29,39|15,20,21,31,32,33
6,13,15,20,31,38|8,10,11,16,29,39|14,21,22,25,32,33
6,13,16,20,22,38|8,10,14,29,31,39|11,15,21,25,32,33
6,21,25,31,32,33|8,10,11,16,29,39|13,14,15,20,22,38
6,22,25,32,33,39|8,10,15,21,29,31|11,13,14,16,20,38
1,6,10,15,30,39|2,8,13,16,20,25|3,14,21,22,31,38
2,8,13,16,20,25|3,6,14,28,38,39|11,21,22,27,30,31
2,11,16,21,22,33|3,8,14,25,32,39|13,15,20,28,30,31
2,15,16,22,31,33|3,8,14,25,32,39|11,13,20,21,28,30
1,15,21,23,25,29|3,6,14,28,30,39|8,11,13,16,31,38
3,6,16,20,21,30|8,13,14,15,28,38|23,25,31,32,39,40
3,14,15,16,28,30|6,8,13,20,21,38|23,25,31,32,39,40
3,14,15,20,21,30|6,8,13,16,28,38|23,25,31,32,39,40
3,6,21,25,30,31|8,11,13,20,38,39|15,16,22,23,27,32
3,6,22,25,30,39|8,11,13,21,28,38|14,16,23,27,31,32
3,6,28,30,31,39|8,11,13,16,25,38|14,21,22,23,27,32
3,11,14,25,30,39|6,8,15,16,27,38|13,20,21,23,28,32
3,11,15,28,30,39|6,8,14,21,27,38|13,16,20,23,25,32
3,11,16,20,30,39|6,8,14,21,27,38|13,15,23,25,28,32
3,14,16,25,30,31|6,8,15,26,33,39|13,20,21,23,28,32
3,15,21,22,28,30|8,11,13,16,25,38|10,14,23,29,31,39
2,3,8,15,21,25|6,13,16,23,26,28|14,20,31,33,38,39
2,3,8,16,20,39|6,13,15,23,25,26|14,21,28,31,33,38
3,6,25,28,30,39|8,11,15,21,27,38|13,14,16,20,23,26
3,14,21,25,28,30|6,8,22,27,38,39|11,13,16,23,26,31
3,15,20,21,25,30|6,8,22,27,38,39|11,13,16,23,26,31
2,13,16,20,23,31|3,8,15,22,38,39|14,21,25,28,30,33
2,13,16,22,23,28|3,8,14,31,38,39|15,20,21,25,30,33
2,11,13,16,23,31|3,6,8,15,38,39|14,21,22,25,30,33
2,11,13,21,22,23|3,6,8,15,38,39|14,16,25,30,31,33
2,13,15,22,23,31|3,6,8,16,21,38|11,14,25,30,33,39
1,2,3,6,29,31|8,9,10,11,15,40|14,18,20,22,32,38
1,2,3,11,15,29|6,8,9,10,31,40|14,18,20,22,32,38
1,2,3,14,22,29|6,8,9,10,31,40|11,15,18,20,32,38
1,8,9,22,25,40|6,10,29,31,32,33|11,14,19,20,28,34
1,22,25,29,32,33|6,8,9,10,31,40|11,14,19,20,28,34
1,22,25,29,38,40|6,8,18,26,31,32|11,14,19,20,28,34
1,28,29,31,38,40|6,8,19,25,26,32|11,14,18,20,22,34
1,2,3,17,22,25|6,8,9,10,20,27|11,18,26,28,31,38
1,2,3,17,28,31|6,8,9,10,20,27|11,18,22,25,26,38
1,8,9,20,27,28|2,3,6,10,17,31|11,18,22,25,26,38
1,9,20,25,28,33|2,3,6,10,17,31|11,22,26,27,38,40
1,2,3,6,17,25|8,10,27,28,29,32|11,15,18,20,26,38
1,2,3,14,17,28|6,8,9,10,11,27|19,20,22,26,31,38
1,2,3,15,17,20|6,8,9,10,11,27|25,26,28,32,33,40
1,2,3,17,22,31|6,8,9,10,11,27|14,19,20,26,28,38
1,2,3,25,28,29|6,8,9,10,11,27|14,18,20,22,26,38
1,6,10,25,34,40|2,3,11,22,27,32|14,19,20,26,28,38
1,8,9,11,27,28|2,3,6,10,14,17|19,20,22,26,31,38
1,8,9,20,22,27|2,3,6,10,14,17|11,19,26,28,31,38
1,8,17,27,28,32|2,3,6,10,25,29|11,15,18,20,26,38
1,8,22,26,27,29|2,3,6,10,14,17|11,18,20,25,28,34
1,9,11,25,28,33|2,3,6,10,14,17|19,20,22,26,31,38
1,9,20,22,25,33|2,3,6,10,14,17|8,26,27,28,32,40
1,9,20,28,31,33|2,3,6,10,14,17|11,19,22,25,26,38
1,10,14,28,34,40|2,3,6,20,27,32|11,18,22,26,31,38
1,10,22,31,34,40|2,3,6,20,27,32|11,14,18,26,28,38
1,11,15,17,26,33|2,3,6,10,25,29|20,27,28,32,38,40
1,14,17,22,26,33|2,3,6,10,25,29|11,20,27,28,34,40
1,17,25,28,32,33|2,3,10,15,20,29|6,11,26,27,38,40
1,17,25,28,38,40|2,3,6,20,27,32|9,10,11,22,31,33
1,20,22,27,29,38|2,3,6,10,14,17|8,18,25,26,28,32
1,22,25,26,29,33|2,3,6,10,14,17|11,20,27,28,34,40
2,3,6,20,27,32|8,9,10,25,28,40|11,18,22,26,31,38
2,3,22,26,31,40|6,8,9,10,11,27|18,20,25,28,32,38
1,2,3,6,17,31|8,9,10,22,25,40|11,14,19,26,28,38
1,2,3,11,15,17|6,9,10,14,20,33|8,18,22,25,26,32
1,2,3,14,17,22|6,9,10,11,31,33|8,19,25,26,28,32
1,2,3,28,29,31|6,9,10,14,20,33|8,18,22,25,26,32
1,6,8,9,20,27|2,3,10,11,15,29|22,25,26,32,33,40
1,6,8,26,27,29|2,3,25,28,32,40|9,10,11,14,22,33
1,6,9,20,25,33|2,3,10,11,15,29|8,18,26,28,31,32
1,6,10,31,34,40|8,17,20,27,28,29|11,14,18,22,26,38
1,6,14,17,26,33|2,3,10,11,15,29|18,20,22,25,32,38
1,6,20,27,29,38|2,3,11,15,26,40|10,14,17,22,32,33
1,8,9,11,22,27|2,3,6,10,29,31|19,20,25,28,32,38
1,8,17,22,27,32|2,3,6,10,29,31|11,14,19,26,28,38
1,9,14,20,28,33|2,3,6,10,29,31|8,18,22,25,26,32
1,10,14,22,34,40|2,3,6,11,27,32|17,20,25,28,29,33
1,14,26,28,29,33|2,3,6,11,27,32|8,9,10,22,25,40
1,15,20,26,29,33|2,3,6,11,27,32|8,9,10,22,25,40
1,17,22,25,32,33|2,3,6,10,29,31|11,14,19,26,28,38
1,17,28,31,32,33|2,3,10,11,15,29|6,14,18,20,26,38
2,3,6,26,31,40|8,10,22,27,29,32|11,19,20,25,28,34
2,3,14,22,26,40|6,9,10,11,31,33|8,17,20,27,28,29
2,3,25,28,32,40|6,9,10,11,31,33|14,19,20,22,26,38
1,2,3,6,14,17|8,9,10,15,20,40|11,18,22,25,32,38
1,2,3,6,25,29|8,9,10,14,28,40|11,18,20,22,31,34
1,2,3,14,28,29|6,8,9,10,25,40|11,18,20,22,31,34
1,2,3,15,20,29|6,8,9,10,25,40|11,14,19,22,26,38
1,2,3,22,29,31|6,8,9,10,25,40|11,14,18,20,28,34
1,6,8,9,11,27|2,3,22,25,32,40|17,20,28,29,31,33
1,6,8,17,27,32|10,14,28,29,38,40|11,18,20,22,31,34
1,6,9,11,25,33|2,3,28,31,32,40|8,17,20,22,27,29
1,6,9,20,31,33|2,3,22,25,32,40|8,11,17,27,28,29
1,6,10,14,34,40|8,11,17,27,28,29|18,20,22,31,32,38
1,6,17,25,32,33|8,9,10,14,28,40|11,18,20,22,31,34
1,6,26,29,31,33|2,3,22,25,32,40|11,14,18,20,28,34
1,8,9,25,28,40|2,3,6,10,14,29|11,18,20,22,31,34
1,8,10,15,17,29|2,3,6,14,26,40|11,18,20,22,31,34
1,8,15,17,26,40|2,3,6,10,14,29|11,18,20,22,31,34
1,8,27,28,29,32|2,3,6,14,26,40|11,18,20,22,31,34
1,9,11,15,20,33|2,3,6,10,14,29|8,18,22,26,31,32
1,9,11,22,31,33|2,3,6,10,14,29|8,15,18,20,26,32
1,14,17,28,32,33|6,8,9,10,25,40|11,18,20,22,31,34
1,14,17,28,38,40|6,8,10,27,29,32|11,18,20,22,31,34
1,14,22,26,29,33|2,3,28,31,32,40|6,11,18,20,25,34
1,15,17,20,38,40|2,3,6,10,14,29|8,18,22,26,31,32
1,17,22,31,38,40|2,3,6,10,14,29|8,15,18,20,26,32
1,25,28,29,32,33|2,3,6,14,26,40|11,18,20,22,31,34
1,25,28,29,38,40|6,9,10,11,14,33|8,15,18,20,26,32
2,3,6,14,26,40|8,11,17,27,28,29|18,20,22,31,32,38
2,3,28,31,32,40|6,9,10,11,14,33|8,17,20,22,27,29
6,11,19,26,31,38|8,9,10,14,28,40|17,20,22,25,29,33
6,14,19,20,26,38|8,9,10,22,31,40|11,17,25,28,29,33
1,6,8,9,14,33|2,11,15,19,20,30|17,22,23,25,29,40
1,6,9,23,31,40|2,11,14,18,22,30|8,15,17,20,29,33
1,9,11,15,23,40|2,6,7,12,14,29|8,19,22,31,32,38
1,9,14,22,23,40|2,6,11,18,30,31|8,15,17,20,29,33
1,15,17,23,32,40|2,6,7,12,14,29|8,11,19,22,31,34
2,6,7,12,14,29|3,15,20,30,32,40|8,11,19,22,31,34
2,6,14,18,20,30|8,11,19,22,31,34|10,15,23,29,32,40
2,6,19,20,30,31|8,11,14,18,22,34|10,15,23,29,32,40
2,11,19,22,30,31|6,8,14,18,20,34|10,15,23,29,32,40
2,14,19,20,22,30|6,8,11,18,31,34|10,15,23,29,32,40
1,3,6,17,30,31|2,7,12,14,28,29|8,11,15,19,26,38
1,3,11,15,17,30|2,6,7,12,25,29|8,14,18,20,28,34|19,22,23,26,31,32
1,3,14,17,22,30|2,6,7,12,25,29|8,11,15,19,26,38
1,3,22,25,29,30|2,6,7,12,14,17|8,11,15,19,26,38
1,3,28,29,30,31|2,6,7,12,14,17|8,11,15,19,26,38
1,6,8,9,25,33|2,3,11,15,38,40|14,18,22,23,26,32
1,6,8,27,29,38|2,3,11,15,32,33|9,10,14,22,23,40
1,6,14,17,33,38|2,7,12,15,20,29|3,25,28,30,32,40
1,6,25,29,33,38|2,11,18,28,30,31|9,10,14,22,23,40
1,8,9,14,28,33|2,3,6,31,38,40|11,15,18,23,26,32
1,8,9,15,20,33|2,3,6,31,38,40|11,17,22,23,27,29
1,8,9,22,31,33|2,3,11,15,38,40|6,17,20,23,27,29
1,9,22,23,25,40|2,3,6,31,32,33|8,11,15,19,26,38
1,9,23,28,31,40|2,3,11,15,32,33|6,8,14,18,26,38
1,14,28,29,33,38|2,6,18,20,25,30|8,11,22,27,34,40
1,15,20,29,33,38|2,6,7,12,14,17|3,25,28,30,32,40
1,22,23,27,29,32|2,3,6,31,38,40|8,11,19,25,28,34
1,22,29,31,33,38|2,6,7,12,14,17|3,11,15,26,30,40
2,3,6,31,32,33|8,11,15,19,26,38|9,10,14,22,23,40
2,3,6,31,38,40|8,11,18,22,25,34|14,19,23,26,28,32
2,3,11,15,38,40|6,8,9,10,14,33|19,22,23,26,31,32
2,3,14,22,32,33|6,8,18,20,25,34|9,10,11,15,23,40
2,6,7,12,14,17|3,10,11,15,29,30|8,18,20,22,31,34
2,6,7,12,25,29|3,11,15,26,30,40|8,14,18,20,28,34
2,6,18,20,25,30|8,11,15,19,26,38|9,10,14,22,23,40
2,7,12,14,28,29|3,6,11,27,30,32|8,18,20,22,31,34
2,7,12,15,20,29|3,6,11,27,30,32|8,14,19,22,26,38
2,7,12,22,29,31|3,6,11,27,30,32|8,14,18,20,28,34
2,11,18,22,25,30|6,8,9,10,14,33|15,19,20,23,26,32
2,11,18,28,30,31|6,8,9,10,14,33|15,19,20,23,26,32
2,11,22,27,30,40|6,8,9,10,14,33|15,19,20,23,26,32
2,14,18,20,28,30|6,8,19,26,31,38|9,10,11,15,23,40
2,19,20,22,25,30|6,8,9,10,14,33|11,15,18,23,26,32
2,19,20,28,30,31|6,8,9,10,14,33|11,15,18,23,26,32
3,6,10,29,30,31|8,11,15,19,26,38|14,20,28,33,34,40
3,10,11,15,29,30|6,8,14,18,26,38|20,22,31,33,34,40
3,10,14,22,29,30|6,8,18,20,25,34|28,31,32,33,38,40
3,25,28,30,32,40|6,8,9,10,14,33|11,17,22,23,27,29
6,10,14,29,33,38|8,11,18,22,25,34|15,19,20,23,26,32
1,3,6,14,17,30|2,7,11,12,15,29|8,18,22,31,32,38
1,3,6,25,29,30|8,11,14,18,28,34|15,20,32,33,38,40
1,3,14,28,29,30|6,8,11,18,25,34|15,20,32,33,38,40
1,3,15,20,29,30|6,8,11,18,25,34|14,19,22,23,26,32
1,3,22,29,30,31|6,8,11,18,25,34|14,28,32,33,38,40
1,6,8,9,31,33|2,7,11,12,15,29|3,22,25,30,32,40
1,6,9,23,25,40|2,7,11,12,15,29|8,14,18,20,22,34
1,6,23,27,29,32|2,11,14,18,28,30|8,19,20,22,31,34
1,8,9,14,22,33|2,6,7,12,29,31|11,15,19,23,26,32
1,9,14,23,28,40|2,6,7,12,29,31|8,11,15,18,20,34
1,9,15,20,23,40|2,3,6,14,32,33|8,11,18,22,31,34
1,9,22,23,31,40|2,3,6,14,32,33|8,11,15,18,20,34
1,11,15,29,33,38|2,6,18,20,30,31|14,19,22,23,26,32
1,15,23,26,29,40|2,3,6,14,32,33|8,11,18,22,31,34
2,6,7,12,29,31|3,22,25,30,32,40|8,11,14,18,28,34
2,7,11,12,15,29|3,6,14,26,30,40|8,18,22,31,32,38
2,7,12,14,22,29|3,28,30,31,32,40|6,8,11,18,25,34
2,11,14,18,28,30|6,8,19,20,25,34|22,31,32,33,38,40
2,11,15,18,20,30|6,8,14,19,26,38|17,23,25,28,29,40
2,11,18,22,30,31|6,8,14,19,26,38|17,23,25,28,29,40
2,11,19,22,25,30|6,8,18,20,31,34|14,28,32,33,38,40
2,11,19,28,30,31|6,8,18,25,32,38|14,20,22,33,34,40
2,14,19,20,28,30|6,8,11,18,25,34|22,31,32,33,38,40
2,19,20,22,30,31|6,8,11,18,25,34|14,28,32,33,38,40
3,6,10,14,29,30|8,11,15,18,20,34|22,31,32,33,38,40
1,3,10,15,30,32|2,6,7,12,17,25|8,14,18,26,28,38
1,3,17,22,25,30|6,8,10,27,29,38|18,23,26,28,31,32
1,3,17,28,30,31|6,8,9,10,25,33|22,23,26,27,32,40
1,6,8,17,27,38|2,3,22,25,32,33|9,10,23,28,31,40
1,6,9,20,23,27|2,3,22,25,32,33|8,14,18,26,28,38
1,6,17,25,33,38|2,3,8,22,27,32|9,10,23,28,31,40
1,8,9,25,28,33|2,7,12,15,17,20|10,22,23,27,29,32
1,8,27,28,29,38|2,3,6,14,26,33|9,10,22,23,25,40
1,9,11,22,23,27|2,3,6,14,26,33|8,18,20,25,28,34
1,15,17,20,33,38|2,3,8,22,27,32|9,10,23,28,31,40
1,17,22,23,27,32|2,3,6,14,26,33|8,18,20,25,28,34
2,3,6,14,26,33|8,18,20,25,28,34|10,22,23,27,29,32
2,6,7,12,17,25|3,10,28,29,30,31|8,15,18,20,26,38
2,7,12,14,17,28|3,10,22,25,29,30|6,8,26,27,32,33
2,7,12,15,17,20|3,10,22,25,29,30|6,8,26,27,32,33
2,7,12,17,22,31|3,11,27,28,30,32|6,8,9,10,25,33
2,7,12,25,28,29|3,6,10,17,30,31|8,15,18,20,26,38
6,10,14,17,33,38|8,18,20,25,28,34|22,23,26,27,32,40
6,11,20,27,33,34|8,14,18,26,28,38|9,10,22,23,25,40
1,2,7,12,15,32|3,6,10,14,17,30|8,11,18,25,28,34
1,2,10,15,30,40|6,8,18,26,31,38|11,17,23,27,28,29
1,3,6,17,25,30|2,7,12,28,29,31|8,9,10,11,15,33
1,3,14,17,28,30|2,7,12,22,25,29|6,8,9,10,31,33|15,18,20,23,26,32
1,3,15,17,20,30|2,7,12,22,25,29|6,8,9,10,31,33|14,18,23,26,28,32
1,3,17,22,30,31|6,8,19,25,26,38|9,10,14,23,28,40
1,3,25,28,29,30|2,6,7,12,17,31|8,9,10,11,15,33
1,6,9,11,23,27|2,3,8,10,15,29|14,22,26,33,38,40
1,6,17,23,27,32|2,3,8,10,15,29|11,25,28,33,34,40
1,6,17,31,33,38|2,3,8,10,15,29|14,18,23,26,28,32
1,8,9,22,25,33|2,3,14,28,38,40|6,10,23,27,29,32
1,8,9,28,31,33|2,3,6,25,38,40|15,18,20,23,26,32
1,8,10,15,34,40|2,3,6,25,32,33|11,17,23,27,28,29
1,8,22,27,29,38|2,3,6,25,32,33|9,10,14,23,28,40
1,9,23,25,28,40|2,3,6,8,27,32|10,11,15,29,33,38
1,10,15,17,23,29|2,3,6,8,27,32|11,25,28,33,34,40
1,11,15,17,33,38|2,3,6,8,27,32|9,10,14,23,28,40
1,14,17,22,33,38|2,3,6,8,27,32|9,10,15,20,23,40
1,15,17,23,26,40|2,3,6,8,27,32|10,14,22,29,33,38
1,22,25,29,33,38|2,3,6,8,27,32|9,10,14,23,28,40
1,23,27,28,29,32|2,3,6,25,38,40|8,9,10,11,15,33
1,28,29,31,33,38|2,3,6,8,27,32|9,10,15,20,23,40
2,3,6,25,38,40|8,9,10,11,15,33|14,18,23,26,28,32
2,3,14,28,32,33|6,8,18,26,31,38|9,10,15,20,23,40
2,3,14,28,38,40|6,8,9,10,31,33|15,18,20,23,26,32
2,3,15,20,32,33|6,8,18,26,31,38|9,10,14,23,28,40
2,3,15,20,38,40|6,8,9,10,31,33|11,17,23,27,28,29
2,3,22,31,32,33|6,8,19,25,26,38|9,10,14,23,28,40
2,3,22,31,38,40|6,10,23,27,29,32|8,11,18,25,28,34
2,6,7,12,17,31|3,10,14,28,29,30|8,11,15,18,26,38|20,22,25,33,34,40
2,7,11,12,15,17|3,6,10,25,29,30|8,14,18,22,26,38|20,28,31,33,34,40
2,7,12,14,17,22|3,6,10,25,29,30|8,11,15,18,26,38|20,28,31,33,34,40
2,7,12,22,25,29|3,6,10,14,17,30|8,11,15,18,26,38|20,28,31,33,34,40
2,7,12,28,29,31|3,6,10,14,17,30|8,11,15,18,26,38|20,22,25,33,34,40
2,11,18,25,28,30|6,8,9,10,31,33|17,20,22,23,27,29
2,11,27,28,30,40|6,8,9,10,31,33|15,18,20,23,26,32
2,18,20,22,25,30|6,8,9,10,31,33|11,17,23,27,28,29
2,20,22,27,30,40|6,8,9,10,31,33|14,18,23,26,28,32
3,6,10,14,17,30|8,11,15,18,26,38|20,22,25,33,34,40
3,6,10,25,29,30|8,11,15,18,26,38|20,28,31,33,34,40
3,6,25,26,30,40|8,9,10,11,15,33|17,20,22,23,27,29
3,10,14,28,29,30|6,8,18,26,31,38|20,22,25,33,34,40
3,10,15,20,29,30|6,8,18,26,31,38|11,25,28,33,34,40
3,14,26,28,30,40|6,8,9,10,31,33|17,20,22,23,27,29
3,15,20,26,30,40|6,8,9,10,31,33|11,17,23,27,28,29
3,22,26,30,31,40|6,10,23,27,29,32|8,11,18,25,28,34
6,10,23,27,29,32|8,11,15,18,26,38|20,22,25,33,34,40
6,11,27,32,33,38|8,18,20,22,25,34|9,10,14,23,28,40
6,26,31,33,38,40|8,11,18,25,28,34|17,20,22,23,27,29
8,11,27,28,34,40|10,14,22,29,33,38|15,18,20,23,26,32
8,18,20,28,31,34|10,11,15,29,33,38|19,22,23,25,26,32
8,20,22,27,34,40|10,11,15,29,33,38|14,18,23,26,28,32
1,2,7,12,15,26|3,10,17,22,25,30|11,20,27,28,33,34
1,3,17,25,28,30|2,7,10,12,15,32|8,22,26,27,38,40
1,8,17,22,27,38|2,3,6,26,31,33|9,10,23,25,28,40
1,10,14,22,33,34|2,3,6,11,27,38|18,23,25,26,28,32
1,10,15,32,33,38|2,7,12,17,22,25|3,6,11,26,27,30
1,17,28,31,33,38|2,7,10,12,15,32|3,6,11,26,27,30
2,3,8,10,15,17|11,20,22,27,33,34|18,23,25,26,28,32
2,7,12,17,22,25|3,6,11,26,27,30|8,9,10,28,31,33
2,7,12,17,28,31|3,6,11,26,27,30|8,9,10,22,25,33
3,6,10,17,25,30|8,18,26,28,31,38|11,20,22,27,33,34
1,2,8,15,17,40|6,7,9,11,12,14|18,20,22,30,31,32
1,15,17,20,30,40|2,6,8,14,19,26|7,12,22,29,31,32
1,17,22,30,31,40|2,6,8,14,19,26|7,12,15,20,29,32
2,8,10,15,29,40|6,7,9,11,12,14|18,20,22,30,31,32
2,15,20,32,33,40|3,6,8,17,25,29|11,14,19,22,26,30
1,2,6,8,27,29|3,11,14,28,34,40|18,20,22,25,30,32
1,2,6,14,17,33|3,8,10,15,29,32|11,19,22,26,30,31
1,2,6,25,29,33|3,8,15,26,32,40|7,9,11,12,14,22
1,2,15,20,29,33|3,6,11,25,34,40|7,12,14,17,22,32
1,3,6,8,9,31|2,11,14,18,22,38|19,20,25,28,30,32
1,3,6,29,31,38|2,8,11,15,19,26|7,12,14,17,22,32
1,3,8,9,11,15|2,6,10,14,29,33|18,20,22,25,30,32
1,3,8,9,14,22|2,6,11,18,31,38|19,20,25,28,30,32
1,3,8,15,17,32|2,6,10,14,29,33|11,19,22,26,30,31
1,3,11,15,29,38|2,6,8,14,18,26|19,20,25,28,30,32
1,3,14,22,29,38|2,6,8,19,26,31|7,11,12,15,17,32
1,6,20,27,29,30|2,8,11,15,19,26|3,14,28,32,38,40
1,11,22,27,29,30|2,6,8,14,18,26|3,15,20,32,38,40
1,17,22,25,30,40|2,6,8,14,18,26|7,12,28,29,31,32
1,17,28,30,31,40|2,6,8,14,18,26|7,12,22,25,29,32
2,6,8,14,18,26|3,11,15,20,34,40|7,12,22,25,29,32
2,6,8,19,26,31|3,11,14,28,34,40|7,12,22,25,29,32
2,6,11,18,31,38|3,8,10,15,29,32|14,19,20,22,26,30
2,6,14,18,20,38|3,8,10,15,29,32|11,19,22,26,30,31
2,6,19,20,31,38|3,8,10,15,29,32|7,9,11,12,14,22
2,8,11,15,19,26|3,6,20,31,34,40|7,12,14,17,22,32
2,8,14,19,22,26|3,6,11,25,34,40|7,12,28,29,31,32
2,8,18,22,25,32|3,6,20,31,34,40|11,14,19,26,28,30
2,8,18,28,31,32|3,6,11,25,34,40|14,19,20,22,26,30
2,8,19,25,28,32|3,6,20,31,34,40|7,9,11,12,14,22
2,11,14,19,28,38|3,6,20,31,34,40|7,12,22,25,29,32
2,11,19,22,31,38|3,8,10,15,29,32|6,7,9,12,14,20
2,14,19,20,22,38|3,6,11,25,34,40|7,12,28,29,31,32
2,22,25,32,33,40|3,8,17,28,29,31|6,7,9,12,14,20
2,28,31,32,33,40|3,8,17,22,25,29|6,7,9,12,14,20
3,8,10,15,29,32|6,7,9,11,12,31|14,19,20,22,26,30
1,2,8,17,22,27|3,6,10,25,29,38|7,9,12,20,28,31
1,2,10,15,32,33|3,6,11,20,27,34|7,12,14,17,22,26
1,2,10,15,38,40|3,6,8,26,27,32|7,9,11,12,25,28
1,2,17,22,25,33|3,6,8,26,27,32|7,9,12,20,28,31
1,2,17,28,31,33|3,6,8,9,10,25|20,22,26,27,30,40
1,3,6,10,14,34|2,8,18,22,25,26|7,9,12,20,28,31
1,3,6,17,25,38|2,8,10,22,27,29|7,9,12,20,28,31
1,3,8,9,25,28|2,6,10,17,31,33|20,22,26,27,30,40
1,3,8,15,17,26|2,10,22,25,29,33|7,9,12,20,28,31
1,3,15,17,20,38|2,8,10,22,27,29|7,9,11,12,25,28
1,3,25,28,29,38|2,6,10,17,31,33|20,22,26,27,30,40
1,6,10,27,30,32|2,8,18,22,25,26|7,9,12,20,28,31
1,7,12,15,26,32|2,6,10,17,31,33|3,20,25,28,34,40
1,11,17,27,28,30|2,8,18,22,25,26|3,10,15,20,29,38
1,17,20,22,27,30|2,8,18,26,28,31|3,6,10,25,29,38
2,6,10,17,31,33|3,11,22,27,32,38|19,20,25,26,28,30
2,8,10,22,27,29|3,6,25,26,32,33|7,9,12,20,28,31
2,8,18,22,25,26|3,6,10,14,17,38|7,9,12,20,28,31
2,8,18,26,28,31|3,6,10,14,17,38|7,9,12,20,22,25
2,8,22,26,27,40|3,6,10,14,17,38|7,9,11,12,25,28
2,10,11,15,17,33|3,6,8,26,27,32|7,9,12,20,22,25
2,10,14,17,22,33|3,6,8,26,27,32|7,9,11,12,25,28
2,10,22,25,29,33|3,6,8,26,27,32|7,9,12,20,28,31
2,10,28,29,31,33|3,6,8,26,27,32|7,9,12,20,22,25
2,11,27,28,32,33|3,6,8,9,10,25|7,12,14,17,22,26
2,11,27,28,38,40|3,6,8,9,10,25|7,12,14,17,22,26
2,18,20,28,31,38|3,6,8,9,10,25|7,11,12,15,17,26
2,20,22,27,32,33|3,6,8,9,10,25|7,11,12,15,17,26
2,20,22,27,38,40|3,6,8,9,10,25|7,11,12,15,17,26
2,22,25,26,33,40|3,6,10,14,17,38|7,9,12,20,28,31
3,6,10,14,17,38|7,9,11,12,25,28|20,22,26,27,30,40
3,14,26,28,32,33|6,10,11,17,27,30|7,9,12,20,22,25
3,14,26,28,38,40|6,10,11,17,27,30|7,9,12,20,22,25
1,3,10,14,22,34|2,6,11,26,27,33|7,9,12,20,25,28
1,3,10,15,32,38|2,6,11,26,27,33|7,9,12,20,25,28
1,2,6,17,31,33|3,11,22,25,34,40|14,19,20,26,28,30
1,2,8,22,27,29|3,6,14,26,32,33|7,9,11,12,15,20
1,2,11,15,17,33|3,6,8,9,10,14|7,12,25,28,29,32|19,20,22,26,30,31
1,2,14,17,22,33|3,6,20,25,34,40|7,11,12,15,26,29
1,2,22,25,29,33|3,6,8,9,10,14|7,12,15,17,20,32|11,19,26,28,30,31
1,2,28,29,31,33|3,6,8,9,10,14|7,12,15,17,20,32|11,19,22,25,26,30
1,3,6,8,9,25|2,10,11,15,29,33|7,12,14,17,28,32|19,20,22,26,30,31
1,3,6,14,17,38|2,8,11,15,18,26|7,12,25,28,29,32
1,3,6,25,29,38|2,8,10,15,17,40|7,9,11,12,14,28|19,20,22,26,30,31
1,3,8,9,14,28|2,6,10,29,31,33|7,12,15,17,20,32|11,19,22,25,26,30
1,3,8,9,15,20|2,6,10,29,31,33|7,12,14,17,28,32|11,19,22,25,26,30
1,3,8,9,22,31|2,6,11,18,25,38|7,12,14,17,28,32
1,3,8,15,26,29|2,6,11,18,25,38|7,9,12,14,20,22
1,3,14,28,29,38|2,6,8,18,26,31|7,9,11,12,15,20
1,3,15,20,29,38|2,6,8,18,26,31|7,9,11,12,14,28
1,3,22,29,31,38|2,6,8,19,25,26|7,9,11,12,14,28|10,15,17,20,30,40
1,6,11,17,27,30|2,8,14,18,22,26|3,28,31,32,38,40
1,11,27,28,29,30|2,6,8,18,26,31|3,22,25,32,38,40
1,17,25,28,30,40|2,6,8,18,26,31|7,9,11,12,15,20
1,20,22,27,29,30|2,6,8,18,26,31|7,9,11,12,14,28
2,6,8,18,26,31|3,11,22,25,34,40|7,12,14,17,28,32
2,6,8,19,25,26|3,11,28,31,34,40|7,9,12,14,20,22
2,6,10,29,31,33|3,11,22,25,34,40|7,12,14,17,28,32
2,6,11,18,25,38|3,14,20,28,34,40|7,12,17,22,31,32
2,6,11,27,32,33|3,8,17,25,28,29|7,9,12,14,20,22
2,6,11,27,38,40|3,8,17,25,28,29|7,9,12,14,20,22
2,6,19,20,25,38|3,11,28,31,34,40|7,12,14,22,26,29
2,6,26,31,33,40|3,8,17,25,28,29|7,9,11,12,15,20
2,8,10,15,17,40|3,6,14,26,32,33|7,9,11,12,22,31
2,8,11,15,18,26|3,6,10,14,29,38|7,12,17,22,31,32
2,8,14,19,26,28|3,6,20,25,34,40|7,9,11,12,22,31
2,8,15,19,20,26|3,6,10,14,29,38|7,9,11,12,22,31
2,8,18,25,28,32|3,6,10,14,29,38|7,9,11,12,15,20
2,8,19,22,26,31|3,6,10,14,29,38|7,9,11,12,15,20
2,8,27,28,32,40|3,6,10,14,29,38|7,9,11,12,15,20
2,10,11,15,29,33|3,6,14,26,38,40|7,12,17,22,31,32
2,10,14,22,29,33|3,6,20,25,34,40|11,19,26,28,30,31
2,11,14,18,28,38|3,6,20,25,34,40|7,12,17,22,31,32
2,11,15,18,20,38|3,6,8,9,10,14|7,12,17,22,31,32
2,11,15,26,33,40|3,6,8,9,10,14|7,12,17,22,31,32
2,11,18,22,31,38|3,6,8,9,10,14|7,12,15,17,20,32
2,11,19,22,25,38|3,6,8,9,10,14|7,12,15,17,20,32
2,11,19,28,31,38|3,6,8,9,10,14|7,12,15,17,20,32
2,14,18,20,22,38|3,8,17,25,28,29|6,11,26,27,30,40
2,14,19,20,28,38|3,11,22,25,34,40|6,7,12,26,29,31
2,14,22,26,33,40|3,8,17,25,28,29|6,7,9,12,20,31
2,19,20,22,31,38|3,6,8,9,10,14|7,11,12,15,26,29
2,25,28,32,33,40|3,6,8,9,10,14|7,11,12,15,26,29
3,6,8,9,10,14|7,11,12,15,26,29|18,20,25,28,30,32
3,6,14,26,32,33|7,9,11,12,15,20|10,17,22,30,31,40
3,11,28,31,34,40|6,7,12,17,25,32|14,18,20,22,26,30
3,22,25,32,38,40|6,7,9,12,20,31|11,14,18,26,28,30
3,28,31,32,38,40|6,7,9,11,12,25|14,18,20,22,26,30
1,2,6,8,17,27|3,10,11,15,29,38|7,9,12,14,20,28
1,2,6,17,25,33|3,8,9,10,11,15|7,12,14,26,28,29
1,2,8,27,28,29|3,6,26,31,32,33|7,9,11,12,22,25
1,2,14,17,28,33|3,6,8,9,10,31|7,12,15,20,26,29
1,2,15,17,20,33|3,6,8,9,10,31|7,12,14,26,28,29
1,2,17,22,31,33|3,6,11,27,32,38|7,9,12,14,20,28
1,2,25,28,29,33|3,6,8,9,10,31|11,22,26,27,30,40
1,3,6,17,31,38|2,8,14,18,26,28|7,9,11,12,22,25
1,3,8,9,22,25|2,6,10,14,17,33|7,12,15,20,26,29
1,3,8,9,28,31|2,6,10,14,17,33|7,12,15,20,26,29
1,3,11,15,17,38|2,6,8,10,27,29|7,9,12,14,20,28
1,3,14,17,22,38|2,6,8,10,27,29|7,9,11,12,28,31
1,3,22,25,29,38|2,6,8,26,27,40|7,9,11,12,28,31
1,6,17,20,27,30|2,8,14,18,26,28|3,10,11,15,29,38
1,11,17,22,27,30|2,6,8,18,25,26|3,20,28,31,34,40
2,6,8,10,27,29|3,11,15,26,32,33|7,9,12,14,20,28
2,6,8,18,25,26|3,10,11,15,29,38|7,9,12,14,20,28
2,6,8,26,27,40|3,10,11,15,29,38|7,9,12,14,20,28
2,6,10,14,17,33|3,11,15,26,38,40|7,9,12,20,22,31
2,6,10,25,29,33|3,11,15,26,38,40|7,9,12,14,20,28
2,6,18,20,25,38|3,8,9,10,11,15|7,12,14,26,28,29
2,6,20,27,32,33|3,8,9,10,11,15|7,12,14,26,28,29
2,6,20,27,38,40|3,8,9,10,11,15|7,12,14,26,28,29
2,6,25,26,33,40|3,8,9,10,11,15|7,12,17,28,31,32
2,8,14,18,26,28|3,6,10,29,31,38|7,9,11,12,22,25
2,8,15,18,20,26|3,6,10,29,31,38|7,9,11,12,22,25
2,8,18,22,26,31|3,6,11,27,32,38|7,9,12,14,20,28
2,8,19,22,25,26|3,6,10,29,31,38|7,9,12,14,20,28
2,8,19,26,28,31|3,6,11,27,32,38|10,17,22,25,30,40
2,10,14,28,29,33|3,6,11,27,32,38|7,9,12,20,22,31
2,10,22,29,31,33|3,6,11,27,32,38|7,9,12,14,20,28
2,11,18,22,25,38|3,6,8,9,10,31|7,12,14,26,28,29
2,11,18,28,31,38|3,8,9,10,14,22|6,7,12,25,26,29
2,11,19,25,28,38|3,6,8,9,10,31|7,12,15,20,26,29
2,11,22,27,32,33|3,6,8,9,10,31|7,12,14,26,28,29
2,11,22,27,38,40|3,6,8,9,10,31|7,12,14,26,28,29
2,14,18,20,28,38|3,6,8,9,10,31|7,12,17,22,25,32
2,14,26,28,33,40|3,6,8,9,10,31|7,12,17,22,25,32
2,15,20,26,33,40|3,6,8,9,10,31|7,12,17,22,25,32
2,18,20,22,31,38|3,8,9,10,11,15|6,7,12,14,17,26
2,19,20,22,25,38|3,6,8,9,10,31|7,12,14,26,28,29
2,19,20,28,31,38|3,8,9,10,11,15|6,7,12,14,17,26
2,22,26,31,33,40|3,6,11,27,32,38|7,9,12,14,20,28
3,6,10,29,31,38|7,9,11,12,22,25|14,18,20,26,28,30
3,6,11,27,32,38|7,9,12,14,20,28|10,17,22,25,30,40
3,8,10,15,17,32|6,7,9,12,20,25|11,18,26,28,30,31
3,10,14,22,29,38|6,7,9,12,20,25|11,18,26,28,30,31
3,11,15,26,32,33|6,7,9,12,20,25|10,17,28,30,31,40
3,14,22,26,32,33|6,7,9,12,20,25|10,17,28,30,31,40
3,20,28,31,34,40|6,7,12,14,17,26|10,11,22,27,29,30
3,25,28,32,38,40|6,7,12,14,17,26|10,11,22,27,29,30
1,2,3,17,21,25|6,11,13,26,27,38|9,10,16,28,31,33
1,2,3,17,28,39|6,11,13,26,27,38|9,10,15,25,31,33
1,6,10,13,25,34|2,3,16,27,28,32|18,20,21,26,31,38
1,10,13,14,28,34|2,3,15,25,27,32|18,20,21,26,31,38
1,10,13,15,20,34|2,3,16,27,28,32|11,18,21,25,26,38
1,10,13,22,31,34|2,3,15,25,27,32|11,18,26,28,38,39
1,11,17,21,27,38|2,3,6,13,25,26|9,10,16,28,31,33
1,13,17,25,28,38|2,3,20,21,27,32|10,22,26,29,33,39
1,15,17,27,31,38|2,3,6,13,25,26|9,10,11,28,33,39
1,16,17,22,27,38|2,3,6,13,25,26|9,10,11,28,33,39
1,17,22,26,33,39|2,3,10,21,25,29|11,13,20,27,28,34
2,3,15,25,27,32|9,10,11,28,33,39|18,20,21,26,31,38
1,2,3,17,21,31|6,8,9,10,16,27|11,18,22,26,38,39
1,2,3,17,22,39|6,8,9,10,16,27|11,18,21,26,31,38
1,6,10,13,31,34|2,3,11,21,27,32|14,15,18,25,26,38
1,6,16,17,27,38|2,3,10,21,29,31|13,22,25,26,32,33
1,6,17,26,33,39|2,3,10,21,29,31|11,13,20,22,27,34
1,8,9,15,25,27|2,3,6,13,26,31|10,17,22,32,33,39
1,8,9,16,27,28|2,3,6,13,26,31|10,17,22,32,33,39
1,8,9,20,21,27|2,3,6,13,26,31|10,17,22,32,33,39
1,8,21,26,27,29|2,3,13,25,28,32|6,9,10,20,33,39
1,9,16,25,28,33|2,3,6,13,26,31|10,14,15,27,29,38
1,9,20,21,25,33|2,3,6,13,26,31|10,14,15,27,29,38
1,9,20,28,33,39|2,3,6,13,26,31|10,14,15,27,29,38
1,10,11,13,15,34|2,3,16,22,27,32|6,18,20,26,38,39
1,10,13,14,22,34|2,3,11,21,27,32|6,16,18,25,26,38
1,10,13,15,32,38|2,3,21,26,31,40|16,18,20,25,28,34
1,13,17,22,25,38|2,3,10,21,29,31|6,16,26,27,32,33
1,13,17,28,31,38|2,3,10,22,29,39|6,16,26,27,32,33
1,14,15,17,27,38|2,3,6,13,26,31|9,10,11,22,33,39|16,18,20,25,28,34
1,14,17,21,26,33|2,3,10,22,29,39|11,13,27,28,32,38
1,15,16,17,26,33|2,3,10,21,29,31|11,13,20,22,27,34
1,15,25,27,29,38|2,3,6,13,26,31|9,10,11,22,33,39
1,16,27,28,29,38|2,3,6,13,26,31|9,10,11,22,33,39
1,20,21,27,29,38|2,3,6,13,26,31|9,10,11,22,33,39
1,21,25,26,29,33|2,3,15,27,31,32|10,13,14,17,22,38
1,26,28,29,33,39|2,3,11,21,27,32|6,10,13,17,31,38
2,3,6,13,26,31|8,9,10,14,15,27|16,18,20,25,28,34
2,3,10,21,29,31|6,16,18,25,26,38|11,13,20,22,27,34
2,3,11,21,27,32|6,9,10,16,25,33|13,26,28,31,38,40
2,3,13,25,28,32|6,8,9,10,16,27|11,18,21,26,31,38
2,3,15,27,31,32|6,9,10,16,25,33|11,18,22,26,38,39
2,3,16,22,27,32|6,9,10,20,33,39|11,18,21,26,31,38
6,10,13,17,31,38|14,15,26,27,32,33|16,18,20,25,28,34
8,9,10,13,22,25|11,18,21,26,31,38|16,20,27,28,34,40
8,9,10,13,28,31|11,18,22,26,38,39|15,20,25,27,34,40
8,13,22,26,27,32|9,10,11,21,31,33|16,18,20,25,28,34
9,10,14,15,25,33|11,13,20,22,27,34|16,19,26,28,31,38
9,10,14,16,28,33|11,13,20,22,27,34|15,19,25,26,31,38
10,17,21,31,32,33|11,13,20,22,27,34|14,15,18,25,26,38
10,17,22,32,33,39|11,18,21,26,31,38|14,25,27,28,34,40
1,2,3,6,17,39|8,9,10,13,14,28|11,15,16,18,26,38
1,2,3,14,17,21|6,8,9,10,13,25|11,15,16,18,26,38
1,2,3,15,16,17|6,8,9,10,13,25|11,14,18,21,26,38
1,2,3,21,25,29|6,8,13,26,27,32|9,10,11,15,16,33
1,2,3,28,29,39|6,8,9,10,13,25|11,14,18,21,26,38|15,20,27,31,34,40
1,6,10,13,14,34|2,3,15,16,26,40|18,20,21,25,32,38
1,6,10,34,39,40|2,3,13,22,25,32|11,14,18,21,26,38
1,6,13,17,25,38|2,3,10,14,21,29|8,18,26,28,32,39|15,20,27,31,34,40
1,8,9,11,21,27|2,3,6,10,29,39|13,14,26,28,32,33|15,18,20,25,31,34
1,8,9,13,25,28|2,3,6,10,29,39|11,14,18,21,26,38|15,20,27,31,34,40
1,8,9,15,27,31|2,3,6,10,29,39|11,14,18,21,26,38|13,20,25,28,34,40
1,8,9,16,22,27|2,3,6,10,29,39|11,14,18,21,26,38|13,20,25,28,34,40
1,8,13,15,17,26|2,3,6,10,29,39|11,16,18,25,28,34|20,21,27,32,38,40
1,8,17,21,27,32|2,3,6,10,29,39|11,15,16,18,26,38|13,20,25,28,34,40
1,9,11,21,25,33|2,3,6,10,29,39|13,14,26,28,38,40
1,9,11,28,33,39|2,3,6,13,14,26|8,10,21,27,29,32|15,18,20,25,31,34
1,9,15,25,31,33|2,3,6,10,29,39|8,21,26,27,32,40
1,9,16,22,25,33|2,3,6,10,29,39|8,21,26,27,32,40
1,9,16,28,31,33|2,3,6,10,29,39|8,18,21,25,26,32
1,9,20,21,31,33|2,3,6,10,29,39|11,13,22,27,32,38
1,9,20,22,33,39|2,3,6,13,14,26|8,10,21,27,29,32|11,16,18,25,28,34
1,9,21,22,28,33|2,3,6,10,29,39|11,15,16,18,26,38
1,10,14,21,34,40|2,3,6,16,27,32|11,19,22,26,38,39
1,10,15,16,34,40|2,3,6,13,14,26|18,20,21,25,32,38
1,11,21,27,29,38|2,3,6,13,14,26|8,9,10,28,39,40|15,18,20,25,31,34
1,13,14,17,28,38|2,3,6,10,29,39|8,18,21,25,26,32|15,20,27,31,34,40
1,13,15,17,20,38|2,3,6,10,29,39|8,18,21,25,26,32|11,16,27,28,34,40
