1,8,9,10,15,18|2,3,6,17,27,40|19,25,26,28,29,33
1,9,10,15,33,40|2,3,6,17,18,25|8,19,26,27,28,29
1,10,15,18,29,38|2,3,6,17,27,40|9,19,20,25,28,33
1,10,15,19,29,38|2,3,6,17,18,31|9,11,22,27,33,40
1,2,8,17,21,27|3,6,13,26,31,38|7,9,12,16,25,28
1,2,17,21,25,33|3,6,13,26,31,38|7,9,12,20,28,39
1,2,17,28,33,39|3,6,13,26,31,38|7,9,12,20,21,25
1,3,17,21,31,38|2,6,8,13,26,27|7,9,12,16,25,28
1,3,17,22,38,39|2,6,8,13,26,27|7,9,12,16,25,28
1,15,17,25,27,30|2,8,18,26,28,39|3,10,21,29,31,38
1,16,17,27,28,30|2,6,13,25,26,33|3,8,9,10,21,31
1,17,20,21,27,30|2,6,13,25,26,33|3,8,9,10,22,39
2,6,8,13,26,27|3,10,21,29,31,38|7,9,12,16,25,28
2,6,10,17,33,39|3,11,13,15,26,38|7,9,12,16,25,28
2,6,13,20,27,38|3,8,9,10,21,31|7,12,15,16,17,26
2,8,10,21,27,29|3,6,13,26,31,38|7,9,12,16,25,28
2,8,21,26,27,40|3,10,22,29,38,39|7,9,12,16,25,28
2,10,14,17,21,33|3,6,13,26,31,38|7,9,12,16,25,28
2,10,15,16,17,33|3,6,13,26,31,38|7,9,12,20,21,25
2,10,21,25,29,33|3,6,13,26,31,38|7,9,12,20,28,39
2,10,28,29,33,39|3,6,13,26,31,38|7,9,12,20,21,25
2,11,13,22,27,38|3,8,9,10,21,31|6,7,12,17,26,39
2,13,22,26,31,33|3,6,14,25,27,34|7,9,12,20,28,39
2,15,25,27,32,33|3,6,13,26,31,38|7,9,12,20,28,39
2,15,25,27,38,40|3,8,9,10,21,31|6,7,12,17,26,39
2,16,18,25,28,38|3,8,9,10,21,31|6,7,12,17,26,39
2,16,27,28,32,33|3,6,13,26,31,38|7,9,12,20,21,25
2,16,27,28,38,40|3,8,9,10,21,31|6,7,12,17,26,39
2,18,20,28,38,39|3,6,14,25,27,34|7,12,15,16,17,26
2,20,21,27,32,33|3,6,13,26,31,38|7,9,12,16,25,28
2,20,21,27,38,40|3,8,9,10,22,39|7,12,15,16,17,26
3,6,13,26,31,38|7,9,12,16,25,28|10,14,15,17,27,30
3,10,22,29,38,39|6,13,20,26,27,30|7,9,12,16,25,28
3,11,13,15,26,38|6,10,16,17,27,30|7,9,12,20,21,25
3,11,13,25,28,34|6,7,12,17,26,39|10,20,21,27,29,30
3,13,14,22,26,38|6,10,16,17,27,30|7,9,12,20,21,25
3,13,20,22,25,34|6,7,12,17,26,39|10,16,27,28,29,30
3,13,20,28,31,34|6,7,12,17,26,39|10,15,25,27,29,30
3,13,25,28,32,38|6,7,12,17,26,39|10,20,21,27,29,30
3,21,26,31,32,33|6,10,16,17,27,30|7,9,12,20,28,39
3,21,26,31,38,40|6,10,16,17,27,30|7,9,12,20,28,39
3,22,26,32,33,39|6,10,16,17,27,30|7,9,12,20,21,25
3,22,26,38,39,40|6,10,16,17,27,30|7,9,12,20,21,25
1,2,17,21,31,33|3,6,8,9,10,39|13,20,27,28,30,32
1,2,17,22,33,39|3,6,11,16,27,34|7,9,12,15,25,31
1,3,6,17,38,39|2,8,13,27,28,32|7,9,11,12,21,25
1,3,8,9,21,25|2,6,11,13,27,38|7,12,17,28,32,39
1,3,8,9,28,39|2,6,11,13,27,38|7,12,17,21,25,32
1,3,14,17,21,38|2,6,13,26,31,33|7,9,11,12,28,39|10,16,22,27,29,30
1,3,15,16,17,38|2,6,13,26,31,33|7,9,11,12,21,25
1,3,21,25,29,38|2,6,13,26,31,33|7,9,11,12,28,39
1,3,28,29,38,39|2,6,13,26,31,33|7,9,11,12,21,25
1,11,17,21,27,30|2,6,13,26,31,33|3,8,9,10,15,16
1,13,17,25,28,30|2,8,18,21,26,31|3,6,10,29,38,39
1,15,17,27,30,31|2,8,18,22,26,39|3,6,13,20,25,34
1,16,17,22,27,30|2,6,13,26,31,33|3,8,9,10,14,21
2,6,11,13,27,38|3,8,9,10,14,21|7,12,17,28,32,39|15,18,25,26,30,31
2,6,13,26,31,33|3,8,9,10,14,21|7,12,17,28,32,39
2,8,10,13,15,17|3,6,11,16,27,34|7,9,12,20,21,31
2,8,13,27,28,32|3,6,10,29,38,39|7,9,11,12,21,25
2,8,18,21,26,31|3,6,10,29,38,39|7,9,12,16,22,25|13,20,27,28,30,32
2,8,18,22,26,39|3,6,11,16,27,34|7,9,12,15,25,31|10,13,14,17,28,30
2,8,19,21,25,26|3,6,10,29,38,39|7,9,12,16,28,31
2,8,19,26,28,39|3,6,11,16,27,34|7,9,12,15,25,31
2,10,21,29,31,33|3,6,11,16,27,34|7,9,12,20,22,39|13,25,26,28,30,40
2,10,22,29,33,39|3,6,11,16,27,34|7,9,12,15,25,31
2,11,13,15,26,33|3,6,8,9,10,39|7,12,17,21,25,32
2,11,18,21,25,38|3,6,8,9,10,39|13,20,27,28,30,32
2,11,18,28,38,39|3,6,13,20,25,34|7,12,21,26,29,31
2,11,21,27,32,33|3,6,8,9,10,39|13,25,26,28,30,40
2,11,21,27,38,40|3,6,8,9,10,39|15,18,25,26,30,31
2,13,14,22,26,33|3,6,8,9,10,39|7,12,17,21,25,32
2,13,25,28,32,33|3,6,8,9,10,39|7,12,21,26,29,31
2,13,25,28,38,40|3,6,8,9,10,39|7,12,21,26,29,31
2,15,18,25,31,38|3,6,8,9,10,39|11,21,26,27,30,40
2,15,27,31,32,33|3,6,8,9,10,39|11,18,21,25,26,30
2,15,27,31,38,40|3,6,8,9,10,39|7,12,17,21,25,32
2,16,18,22,25,38|3,6,8,9,10,39|7,12,21,26,29,31|13,20,27,28,30,32
2,16,18,28,31,38|3,6,8,9,10,39|7,12,17,21,25,32
2,16,19,25,28,38|3,6,8,9,10,39|7,12,21,26,29,31
2,16,22,27,32,33|3,6,8,9,10,39|7,12,21,26,29,31
2,16,22,27,38,40|3,6,8,9,10,39|7,12,17,21,25,32
2,18,20,21,31,38|3,6,8,9,10,39|13,25,26,28,30,40
2,18,20,22,38,39|3,6,11,16,27,34|7,9,12,15,25,31|10,13,14,17,28,30
2,18,21,22,28,38|3,6,8,9,10,39|15,26,27,30,31,40
2,19,20,21,25,38|3,6,8,9,10,39|15,26,27,30,31,40
2,19,20,28,38,39|3,6,11,16,27,34|7,9,12,15,25,31
2,21,26,31,33,40|3,6,8,9,10,39|13,20,27,28,30,32
2,22,26,33,39,40|3,6,11,16,27,34|7,9,12,15,25,31|10,13,14,17,28,30
3,6,8,9,10,39|7,12,17,21,25,32|15,26,27,30,31,40
3,6,10,29,38,39|7,9,11,12,21,25|13,20,27,28,30,32
3,6,11,16,27,34|7,9,12,15,25,31|10,13,14,17,28,30
3,6,13,14,26,38|7,9,11,12,21,25|10,15,27,29,30,31
3,6,13,20,25,34|7,9,11,12,28,39|10,15,27,29,30,31
3,6,14,27,31,34|7,9,11,12,21,25|10,13,15,17,20,30
3,6,15,22,27,34|7,9,11,12,21,25|10,13,14,17,28,30
3,6,16,27,32,38|7,9,11,12,21,25|10,13,14,17,28,30
3,6,26,32,33,39|7,9,11,12,21,25|10,13,14,17,28,30
3,6,26,38,39,40|7,9,11,12,21,25|10,13,14,17,28,30
3,8,9,10,14,21|6,11,13,26,27,30|7,12,17,28,32,39
3,8,9,10,15,16|6,11,13,26,27,30|7,12,17,21,25,32
3,10,14,21,29,38|6,11,13,26,27,30|7,9,12,15,25,31
3,10,15,16,29,38|6,11,13,26,27,30|7,9,12,20,21,31
3,11,14,15,27,34|6,10,13,17,25,30|7,9,12,16,28,31
3,13,14,20,28,34|7,9,11,12,21,25|10,15,27,29,30,31
3,13,20,22,31,34|7,9,11,12,21,25|10,17,28,30,39,40
3,13,22,25,32,38|7,9,11,12,28,39|10,15,27,29,30,31
3,13,28,31,32,38|7,9,11,12,21,25|10,16,22,27,29,30
3,14,15,27,32,38|6,10,13,17,25,30|7,9,11,12,28,39
3,14,21,26,32,33|6,10,13,17,25,30|7,9,11,12,28,39
3,14,21,26,38,40|6,10,13,17,25,30|7,9,11,12,28,39
3,15,16,26,32,33|6,10,13,17,25,30|7,9,11,12,28,39
3,15,16,26,38,40|6,10,13,17,25,30|7,9,11,12,28,39
3,16,25,28,34,40|6,11,13,26,27,30|7,9,12,20,21,31
3,20,21,25,34,40|6,11,13,26,27,30|7,9,12,16,28,31
3,20,28,34,39,40|6,10,13,17,25,30|7,12,21,26,29,31
1,2,10,13,15,38|3,6,25,27,31,34|7,12,17,22,26,39
2,11,13,27,28,38|3,8,9,10,21,25|7,12,17,22,26,39
1,2,6,29,33,39|3,11,14,21,34,40|15,18,25,30,31,32
1,2,14,21,29,33|3,6,11,34,39,40|15,18,25,30,31,32
1,2,15,16,29,33|3,6,11,13,14,34|18,20,21,30,31,32
1,6,13,17,30,31|2,8,18,22,32,39|3,11,14,21,34,40
1,11,13,15,17,30|2,6,14,16,18,38|7,12,21,29,31,32
1,13,14,17,22,30|2,6,11,19,38,39|7,12,21,29,31,32
1,13,22,25,29,30|2,6,11,19,38,39|3,14,15,31,34,40
1,13,28,29,30,31|2,6,11,19,38,39|3,14,16,22,34,40
2,6,11,19,38,39|3,8,17,21,29,31|13,14,22,26,30,40
2,6,13,31,32,33|3,8,17,22,29,39|11,14,19,21,26,30
2,6,13,31,38,40|3,8,17,22,29,39|11,14,19,21,26,30
2,6,14,16,18,38|3,8,17,21,29,31|11,13,15,26,30,40
2,6,16,19,31,38|3,8,17,22,29,39|11,13,15,26,30,40
2,8,18,21,31,32|3,6,11,13,14,34|10,22,29,30,39,40
2,8,18,22,32,39|3,6,11,13,14,34|10,21,29,30,31,40
2,8,19,21,25,32|3,6,11,13,14,34|10,22,29,30,39,40
2,8,19,28,32,39|3,6,11,13,14,34|10,21,29,30,31,40
2,11,13,15,38,40|3,8,17,21,29,31|6,7,9,12,14,16|18,20,22,30,32,39
2,11,14,19,21,38|3,6,16,31,34,40|7,12,22,29,32,39
2,13,14,22,38,40|3,8,17,21,29,31|6,11,19,26,30,39
2,14,15,19,31,38|3,6,11,34,39,40|16,18,22,25,30,32
2,14,16,19,22,38|3,6,11,34,39,40|7,12,21,29,31,32
3,6,11,34,39,40|7,12,21,29,31,32|14,16,19,22,26,30
3,6,16,31,34,40|7,12,22,29,32,39|11,14,19,21,26,30
3,8,17,21,29,31|6,7,9,12,14,16|11,13,15,26,30,40
3,8,17,22,29,39|6,7,9,12,14,16|11,13,15,26,30,40
1,2,8,13,15,29|3,6,14,16,34,40|11,18,21,30,31,32
2,6,13,14,38,40|3,8,15,16,17,29|11,18,21,30,31,32
1,2,6,17,33,39|3,8,13,15,26,32|7,9,11,12,21,31
1,2,8,21,27,29|3,6,11,13,25,34|7,9,12,14,16,28|10,17,22,30,39,40
1,2,14,17,21,33|3,6,11,13,25,34|7,9,12,15,16,20
1,2,15,16,17,33|3,6,11,13,25,34|7,9,12,14,20,21
1,2,21,25,29,33|3,6,13,20,31,34|7,9,11,12,22,39|14,15,26,27,30,40
1,2,28,29,33,39|3,6,11,13,25,34|7,9,12,14,20,21|16,18,22,26,30,31
1,3,8,9,21,31|2,6,10,29,33,39|11,13,27,28,30,32
1,3,8,9,22,39|2,6,13,14,26,33|7,12,17,21,31,32
1,3,21,29,31,38|2,6,8,18,26,39|7,9,12,14,15,25|11,13,27,28,30,32
1,3,22,29,38,39|2,6,13,14,26,33|7,9,11,12,21,31
1,6,16,17,27,30|2,8,14,18,21,26|3,11,13,15,20,34
1,10,13,15,30,32|2,6,8,18,26,39|3,11,21,25,34,40|7,9,12,14,16,28
1,13,17,22,25,30|2,6,8,18,26,39|3,16,28,31,34,40|7,9,12,14,20,21
1,13,17,28,30,31|2,6,8,18,26,39|3,11,21,25,34,40|7,9,12,15,16,20
1,14,15,17,27,30|2,6,8,18,26,39|3,11,13,22,31,34
1,15,25,27,29,30|2,6,8,18,26,39|3,11,13,14,28,34|7,9,12,16,22,31
1,16,27,28,29,30|2,6,8,18,26,39|3,11,13,15,20,34|7,12,17,21,31,32
1,20,21,27,29,30|2,6,8,18,26,39|3,11,13,14,28,34|7,9,12,16,22,31
2,6,8,18,26,39|3,11,13,14,28,34|7,9,12,15,16,20|10,17,21,30,31,40
2,6,10,29,33,39|3,8,13,15,26,32|7,9,11,12,21,31
2,6,13,14,26,33|3,11,21,25,34,40|7,9,12,15,16,20
2,6,16,18,25,38|3,8,13,15,26,32|7,9,11,12,21,31|10,17,22,30,39,40
2,6,16,27,32,33|3,11,13,14,28,34|10,17,21,30,31,40
2,6,16,27,38,40|3,8,13,15,26,32|7,9,11,12,21,31
2,6,18,20,38,39|3,8,13,15,26,32|7,9,11,12,21,31
2,6,18,21,28,38|3,8,13,15,26,32|7,9,11,12,22,39
2,6,26,33,39,40|3,11,13,14,28,34|7,9,12,15,16,20
2,8,13,22,27,32|3,11,21,25,34,40|6,7,9,12,20,39|14,16,18,26,28,30
2,8,14,18,21,26|3,6,11,13,25,34|7,9,12,15,16,20|10,17,22,30,39,40
2,8,15,16,18,26|3,6,11,13,25,34|7,9,12,14,20,21|10,17,22,30,39,40
2,8,19,21,26,31|3,6,11,13,25,34|7,9,12,14,16,28|10,17,22,30,39,40
2,8,19,22,26,39|3,6,11,13,25,34|7,9,12,14,16,28|10,17,21,30,31,40
2,10,14,21,29,33|3,6,11,13,25,34|7,9,12,15,16,20
2,10,15,16,29,33|3,6,11,13,25,34|7,9,12,14,20,21
2,11,18,21,31,38|3,6,13,22,28,34|7,9,12,14,15,25
2,11,18,22,38,39|3,6,13,20,31,34|7,9,12,14,15,25
2,11,19,21,25,38|3,6,13,20,31,34|7,9,12,14,16,28|10,17,22,30,39,40
2,11,19,28,38,39|3,6,13,20,31,34|7,9,12,14,15,25
2,13,22,25,32,33|3,11,28,34,39,40|6,10,16,27,29,30|7,9,12,14,20,21
2,13,22,25,38,40|6,7,9,12,20,39|10,14,15,27,29,30
2,13,28,31,32,33|3,11,21,25,34,40|6,7,9,12,20,39|10,14,15,27,29,30
2,13,28,31,38,40|6,7,9,12,16,25|10,14,15,27,29,30
2,14,15,18,25,38|3,6,13,20,31,34|7,9,11,12,22,39
2,14,15,27,32,33|3,6,11,13,25,34|7,9,12,16,22,31
2,14,15,27,38,40|3,6,11,13,25,34|7,9,12,16,22,31
2,14,16,18,28,38|3,6,11,13,25,34|7,12,17,21,31,32|19,20,22,26,30,39
2,14,18,20,21,38|3,6,11,13,25,34|7,9,12,16,22,31
2,14,21,26,33,40|3,6,11,13,25,34|7,9,12,15,16,20
2,15,16,18,20,38|3,6,11,13,25,34|7,12,14,21,26,29|10,17,22,30,39,40
2,15,16,26,33,40|3,6,11,13,25,34|7,9,12,14,20,21
2,15,19,25,31,38|3,6,13,22,28,34|7,9,12,14,20,21
2,16,18,22,31,38|3,6,11,13,25,34|7,9,12,14,20,21
2,16,19,22,25,38|3,6,13,20,31,34|7,12,14,21,26,29
2,16,19,28,31,38|3,6,11,13,25,34|7,9,12,14,20,21|10,17,22,30,39,40
2,19,20,21,31,38|3,6,11,13,25,34|7,9,12,14,16,28|10,17,22,30,39,40
2,19,20,22,38,39|3,6,11,13,25,34|7,9,12,14,16,28|10,17,21,30,31,40
2,19,21,22,28,38|3,6,11,13,25,34|7,9,12,15,16,20
3,6,11,13,25,34|7,9,12,14,16,28|10,17,21,30,31,40
3,6,13,20,31,34|7,9,11,12,22,39|10,14,15,27,29,30
3,6,13,22,28,34|7,9,11,12,21,31|10,14,15,27,29,30
3,6,13,25,32,38|7,9,11,12,21,31|10,14,15,27,29,30
3,8,13,15,26,32|6,7,9,12,16,25|10,17,21,30,31,40
3,11,13,14,28,34|6,7,9,12,16,25|10,17,21,30,31,40
3,11,13,15,20,34|6,7,9,12,16,25|10,17,21,30,31,40
3,11,13,22,31,34|6,7,9,12,16,25|10,14,15,27,29,30
3,11,21,25,34,40|6,7,9,12,20,39|10,13,14,17,22,30
3,11,28,34,39,40|6,7,9,12,16,25|10,13,14,17,22,30
3,13,14,20,22,34|6,7,9,12,16,25|10,17,21,30,31,40
3,13,14,28,32,38|6,7,9,12,16,25|10,17,21,30,31,40
3,13,15,20,32,38|6,7,9,12,16,25|10,17,21,30,31,40
3,13,22,31,32,38|6,7,9,12,16,25|10,14,15,27,29,30
3,15,25,31,34,40|6,7,9,12,20,39|10,13,14,17,22,30
3,16,22,25,34,40|6,7,9,12,20,39|10,11,13,15,17,30
3,16,28,31,34,40|6,7,9,12,20,39|10,11,13,15,17,30
3,20,21,31,34,40|6,7,9,12,16,25|10,11,13,15,17,30
3,20,22,34,39,40|6,7,9,12,16,25|10,11,13,15,17,30
3,21,22,28,34,40|6,7,9,12,16,25|10,11,13,15,17,30
3,21,25,32,38,40|6,7,9,12,20,39|10,11,13,15,17,30
3,28,32,38,39,40|6,7,9,12,16,25|10,11,13,15,17,30
1,2,8,13,15,17|3,6,16,25,34,40|7,9,11,12,14,21|18,20,28,30,32,39
1,2,21,29,31,33|3,6,13,14,20,34|7,9,11,12,15,16
1,2,22,29,33,39|3,6,11,13,31,34|7,12,14,17,21,32|15,16,19,20,26,30
1,3,6,8,9,39|2,11,14,18,21,38|7,12,15,16,17,32|10,13,22,29,30,31
1,3,6,29,38,39|2,8,13,15,26,40|7,9,11,12,14,21|16,18,25,28,30,32
1,3,8,9,14,21|2,6,11,18,38,39|7,12,15,16,17,32|10,13,22,29,30,31
1,3,8,9,15,16|2,6,11,18,38,39|7,12,14,17,21,32|10,13,22,29,30,31
1,3,14,21,29,38|2,6,8,13,27,32|7,9,11,12,15,16
1,3,15,16,29,38|2,6,8,13,27,32|7,9,11,12,14,21
1,6,13,17,25,30|2,8,14,19,21,26|3,11,22,34,39,40
1,11,21,27,29,30|2,6,8,19,26,39|3,13,14,22,32,38
1,13,14,17,28,30|2,6,8,19,26,39|3,11,21,31,34,40
1,13,15,17,20,30|2,6,8,19,26,39|3,11,21,31,34,40|7,9,12,14,16,22
1,13,17,22,30,31|2,6,8,19,26,39|3,14,15,25,34,40
1,13,25,28,29,30|2,6,8,19,26,39|3,11,21,31,34,40|7,9,12,14,16,22
1,15,27,29,30,31|2,6,8,19,26,39|3,11,13,14,22,34
1,16,22,27,29,30|2,6,8,19,26,39|3,11,13,15,32,38
1,17,21,25,30,40|2,6,8,13,27,32|7,9,11,12,15,16
1,17,28,30,39,40|2,6,8,13,27,32|7,9,11,12,14,21
2,6,8,13,27,32|3,11,21,31,34,40|7,9,12,14,16,22
2,6,8,19,26,39|3,11,13,14,22,34|7,12,15,16,17,32|10,21,25,29,30,40
2,6,11,18,38,39|3,8,17,21,25,29|7,9,12,14,15,31|16,27,28,30,32,40
2,6,13,25,32,33|3,8,17,28,29,39|7,9,11,12,14,21|15,16,19,20,26,30
2,6,13,25,38,40|3,8,17,28,29,39|7,9,11,12,14,21|15,16,19,20,26,30
2,6,16,18,31,38|3,8,17,21,25,29|11,13,22,27,30,32
2,6,16,19,25,38|3,8,17,28,29,39|7,9,11,12,14,21|13,15,20,26,30,40
2,6,18,21,22,38|3,8,17,28,29,39|7,9,11,12,15,16
2,6,19,20,38,39|3,8,17,21,25,29|7,9,11,12,15,16|13,14,26,28,30,40
2,6,19,21,28,38|3,11,13,14,22,34|7,12,15,16,17,32
2,8,10,13,15,29|3,6,16,25,34,40|7,9,11,12,14,21|18,20,28,30,32,39
2,8,13,15,26,40|6,7,9,11,12,39|16,18,25,28,30,32
2,8,14,19,21,26|3,6,11,13,31,34|7,12,15,16,17,32|10,28,29,30,39,40
2,8,15,16,19,26|3,6,11,13,31,34|7,12,14,17,21,32|10,28,29,30,39,40
2,8,18,21,25,32|3,6,11,13,31,34|7,9,12,14,16,22|10,28,29,30,39,40
2,8,18,28,32,39|3,6,11,13,31,34|7,9,12,14,16,22|10,21,25,29,30,40
2,8,21,27,32,40|3,6,11,13,31,34|7,9,12,14,16,22
2,11,14,18,21,38|3,6,16,25,34,40|7,12,28,29,32,39
2,11,15,16,18,38|3,6,13,14,20,34|7,12,21,25,29,32
2,11,19,21,31,38|3,6,13,14,20,34|7,12,15,16,17,32|10,28,29,30,39,40
2,11,19,22,38,39|3,6,13,14,20,34|7,12,15,16,17,32|10,21,25,29,30,40
2,13,14,28,32,33|3,6,16,25,34,40|11,19,21,26,30,31
2,13,14,28,38,40|3,8,17,21,25,29|6,7,9,11,12,39|15,16,19,20,26,30
2,13,15,20,32,33|3,6,16,25,34,40|7,9,11,12,14,21
2,13,15,20,38,40|3,8,17,21,25,29|6,7,9,11,12,39|14,16,18,22,26,30
2,13,22,31,32,33|3,6,16,25,34,40|7,9,11,12,14,21
2,13,22,31,38,40|3,8,17,21,25,29|6,7,9,11,12,39|14,16,19,26,28,30
2,14,15,18,31,38|3,6,16,25,34,40|7,12,28,29,32,39
2,14,15,19,25,38|3,6,11,13,31,34|7,12,28,29,32,39
2,14,16,18,22,38|3,6,11,13,31,34|7,12,21,25,29,32
2,14,16,19,28,38|3,6,11,13,31,34|7,12,21,25,29,32
2,14,19,20,21,38|3,6,11,13,31,34|7,12,15,16,17,32|10,28,29,30,39,40
2,15,16,19,20,38|3,6,11,13,31,34|7,12,14,17,21,32|10,28,29,30,39,40
2,16,19,22,31,38|3,6,13,14,20,34|7,12,21,25,29,32
2,21,25,32,33,40|3,6,11,13,31,34|7,9,12,14,16,22
2,28,32,33,39,40|3,6,11,13,31,34|7,9,12,14,16,22
3,6,11,13,31,34|7,9,12,14,16,22|10,21,25,29,30,40
3,6,13,14,20,34|7,9,11,12,15,16|10,21,25,29,30,40
3,6,13,31,32,38|7,9,11,12,14,21|10,15,16,17,30,40
3,6,16,25,34,40|7,9,11,12,14,21|10,13,15,20,29,30
3,6,20,34,39,40|7,9,11,12,14,21|10,13,22,29,30,31
3,6,21,28,34,40|7,9,11,12,15,16|10,13,22,29,30,31
3,8,17,21,25,29|6,7,9,11,12,39|13,14,26,28,30,40
3,8,17,28,29,39|6,7,9,12,16,31|11,13,22,27,30,32
3,11,13,14,22,34|6,7,9,12,16,31|10,21,25,29,30,40
3,11,13,15,32,38|6,7,9,12,16,31|10,14,17,21,30,40
3,11,21,31,34,40|6,7,12,17,32,39|10,13,14,28,29,30
3,11,22,34,39,40|6,7,9,12,16,31|10,13,14,28,29,30
3,13,14,22,32,38|6,7,9,11,12,39|10,15,16,17,30,40
3,14,15,25,34,40|6,7,9,11,12,39|10,13,22,29,30,31
3,14,16,28,34,40|6,7,9,11,12,39|10,13,15,20,29,30
3,14,20,21,34,40|6,7,9,11,12,39|10,13,22,29,30,31
3,15,16,20,34,40|6,7,9,11,12,39|10,13,14,28,29,30
3,16,22,31,34,40|6,7,9,11,12,39|10,13,14,28,29,30
3,21,31,32,38,40|6,7,9,11,12,39|10,13,14,28,29,30
3,22,32,38,39,40|6,7,9,12,16,31|10,13,14,28,29,30
1,2,10,13,15,30|6,14,25,27,33,34|8,18,21,26,31,38
1,3,17,21,25,30|6,13,23,26,27,32|8,9,10,22,33,39
1,3,17,28,30,39|6,9,10,13,23,25|8,18,21,26,31,38|11,16,22,27,33,34
1,9,13,23,25,28|2,3,8,21,27,32|10,22,29,33,38,39
1,13,15,17,23,26|2,3,8,21,27,32|10,22,29,33,38,39
1,17,21,23,27,32|2,3,6,13,25,38|8,9,10,22,33,39
1,17,21,31,33,38|2,3,8,13,15,26|9,10,23,28,39,40
1,17,22,33,38,39|2,3,8,13,15,26|9,10,21,23,25,40
2,3,6,13,25,38|8,9,10,21,31,33|18,23,26,28,32,39
2,3,8,13,15,26|6,14,25,27,33,34|9,10,23,28,39,40
2,3,8,21,27,32|6,9,10,13,23,25|22,26,33,38,39,40
2,3,13,14,28,38|6,16,20,27,33,34|9,10,21,23,25,40
2,3,13,15,20,38|6,14,25,27,33,34|9,10,23,28,39,40
2,3,13,22,31,38|6,14,25,27,33,34|9,10,23,28,39,40
2,3,21,25,38,40|6,13,23,26,27,32|8,9,10,22,33,39
2,3,28,32,33,39|6,9,10,13,23,25|8,18,21,26,31,38
2,3,28,38,39,40|6,9,10,13,23,25|11,15,27,31,33,34
2,7,12,17,21,31|3,6,13,25,26,30|8,9,10,22,33,39
2,7,12,17,22,39|3,6,13,25,26,30|8,9,10,21,31,33
2,13,20,22,27,30|8,9,10,21,31,33|18,23,26,28,32,39
3,6,10,17,30,39|8,11,13,27,28,34|18,21,23,25,26,32
3,13,14,26,28,30|6,16,20,27,33,34|9,10,21,23,25,40
3,13,15,20,26,30|6,14,25,27,33,34|9,10,23,28,39,40
3,13,22,26,30,31|6,14,25,27,33,34|9,10,23,28,39,40
3,15,25,27,30,32|6,13,26,31,33,38|9,10,23,28,39,40
3,16,27,28,30,32|6,9,10,13,23,25|8,18,21,26,31,38
3,20,21,27,30,32|6,9,10,13,23,25|8,18,22,26,38,39
3,21,25,26,30,40|6,15,27,28,33,34|9,10,13,22,23,31
3,26,28,30,39,40|6,9,10,13,23,25|11,15,27,31,33,34
6,9,10,13,23,25|8,18,21,26,31,38|11,16,22,27,33,34
6,14,25,27,33,34|8,10,13,15,17,38|18,23,26,28,32,39
6,16,20,27,33,34|8,10,13,15,17,38|18,21,23,25,26,32
8,10,13,15,17,38|11,16,22,27,33,34|18,21,23,25,26,32
8,18,21,26,31,38|9,10,13,14,23,28|11,16,22,27,33,34
8,18,22,26,38,39|9,10,13,14,23,28|11,15,27,31,33,34
8,19,21,25,26,38|9,10,13,14,23,28|11,15,27,31,33,34
8,19,26,28,38,39|9,10,13,15,20,23|11,16,22,27,33,34
1,8,17,21,27,38|2,3,6,26,33,39|9,10,13,22,23,25
1,17,28,33,38,39|3,6,16,26,27,30|9,10,13,22,23,25
1,21,23,26,27,29|2,3,13,22,25,38|8,9,10,28,33,39
2,7,12,17,21,25|3,6,16,26,27,30|8,9,10,28,33,39
2,7,12,17,28,39|3,6,16,26,27,30|8,9,10,21,25,33
8,18,21,25,26,38|9,10,13,23,28,31|16,20,22,27,33,34
8,18,26,28,38,39|9,10,13,22,23,25|11,20,21,27,33,34
1,3,6,17,30,39|2,7,12,21,29,31|8,13,15,26,32,33
1,3,14,17,21,30|2,7,12,22,29,39|6,8,11,13,27,34|9,10,15,16,23,40
1,3,15,16,17,30|2,7,12,21,29,31|6,8,11,13,27,34|19,22,23,26,32,39
1,3,21,25,29,30|6,8,11,13,27,34|9,10,15,16,23,40
1,3,28,29,30,39|6,8,11,13,27,34|9,10,14,21,23,40
1,6,9,13,23,25|2,3,14,21,32,33|8,11,18,28,34,39
1,8,9,21,31,33|2,3,6,13,14,38|15,16,18,23,26,32
1,8,9,22,33,39|2,3,6,13,14,38|11,17,21,23,27,29
1,8,13,15,17,38|2,3,6,32,33,39|9,10,14,21,23,40
1,9,13,14,23,28|2,3,6,32,33,39|8,11,18,21,25,34
1,9,13,15,20,23|2,3,6,32,33,39|8,11,18,21,25,34
1,9,13,22,23,31|2,3,6,32,33,39|8,11,18,21,25,34
1,9,21,23,25,40|2,3,6,13,14,38|8,11,18,28,34,39
1,9,23,28,39,40|2,3,6,13,14,38|8,11,18,21,25,34
1,13,15,23,26,29|2,3,6,32,33,39|8,11,18,21,25,34
1,21,23,27,29,32|2,3,6,13,14,38|8,11,18,28,34,39
1,21,29,31,33,38|2,6,11,13,27,30|8,16,18,22,25,34
1,22,29,33,38,39|2,6,11,13,27,30|8,15,18,25,31,34|9,10,14,21,23,40
2,3,6,13,14,38|8,11,18,21,25,34|9,10,15,16,23,40
2,3,6,38,39,40|8,11,18,21,25,34|15,17,23,27,29,31
2,3,14,21,32,33|6,8,11,13,27,34|9,10,15,16,23,40
2,3,14,21,38,40|6,8,11,13,27,34|15,16,18,23,26,32
2,3,15,16,32,33|6,8,11,13,27,34|9,10,14,21,23,40
2,3,15,16,38,40|6,8,11,13,27,34|14,18,21,23,26,32
2,6,11,13,27,30|8,14,19,21,26,38|9,10,15,16,23,40
2,7,12,21,29,31|3,6,13,14,26,30|8,11,18,28,34,39|9,10,15,16,23,40
2,7,12,22,29,39|3,6,13,14,26,30|8,11,18,21,25,34|9,10,15,16,23,40
2,11,18,21,25,30|6,8,13,27,32,38|9,10,15,16,23,40
2,11,18,28,30,39|6,8,13,27,32,38|9,10,14,21,23,40
2,11,21,27,30,40|6,8,19,26,38,39|13,14,20,22,33,34
2,13,25,28,30,40|6,8,19,26,38,39|11,17,21,23,27,29
2,15,18,25,30,31|6,8,11,13,27,34|9,10,14,21,23,40
2,15,27,30,31,40|6,8,19,26,38,39|11,13,14,28,33,34
2,16,18,22,25,30|6,8,11,13,27,34|9,10,14,21,23,40
2,16,18,28,30,31|6,8,11,13,27,34|9,10,14,21,23,40
2,16,19,25,28,30|6,8,11,13,27,34|9,10,14,21,23,40
2,16,22,27,30,40|6,8,19,26,38,39|11,13,14,28,33,34
2,18,20,21,30,31|6,8,11,13,27,34|9,10,15,16,23,40
2,18,20,22,30,39|6,8,11,13,27,34|9,10,14,21,23,40
2,18,21,22,28,30|6,8,11,13,27,34|9,10,15,16,23,40
2,19,20,21,25,30|6,8,11,13,27,34|9,10,15,16,23,40
2,19,20,28,30,39|6,8,11,13,27,34|9,10,14,21,23,40
3,6,10,29,30,39|8,11,18,21,25,34|13,14,28,32,33,38
3,6,13,14,26,30|8,11,18,21,25,34|9,10,15,16,23,40
3,6,16,27,30,32|8,10,13,15,29,38|11,21,25,33,34,40
3,10,14,21,29,30|6,8,11,13,27,34|15,16,18,23,26,32
3,10,15,16,29,30|6,8,11,13,27,34|14,18,21,23,26,32
3,13,22,25,30,32|6,8,19,26,38,39|9,10,14,21,23,40
3,13,28,30,31,32|6,8,19,26,38,39|9,10,14,21,23,40
3,14,15,27,30,32|6,8,19,26,38,39|11,13,22,31,33,34
6,8,19,26,38,39|9,10,14,21,23,40|11,13,15,20,33,34
6,9,10,13,14,23|8,11,18,21,25,34|28,32,33,38,39,40
6,9,10,23,39,40|8,11,18,21,25,34|13,14,28,32,33,38
6,11,13,25,33,34|8,14,19,21,26,38|9,10,15,16,23,40
6,13,20,31,33,34|8,14,19,21,26,38|9,10,15,16,23,40
6,13,22,28,33,34|8,14,19,21,26,38|9,10,15,16,23,40
6,13,25,32,33,38|8,11,18,28,34,39|9,10,14,21,23,40
6,18,23,26,32,39|8,10,13,15,29,38|11,21,25,33,34,40
8,10,13,15,29,38|11,21,25,33,34,40|19,22,23,26,32,39
8,11,18,21,25,34|9,10,15,16,23,40|13,14,28,32,33,38
8,11,18,28,34,39|9,10,14,21,23,40|13,15,20,32,33,38
8,14,19,21,26,38|9,10,15,16,23,40|11,13,22,31,33,34
8,15,16,19,26,38|9,10,14,21,23,40|11,13,22,31,33,34
8,16,18,22,25,34|9,10,14,21,23,40|13,15,20,32,33,38
8,16,18,28,31,34|9,10,14,21,23,40|13,15,20,32,33,38
8,16,19,25,28,34|9,10,14,21,23,40|13,15,20,32,33,38
8,18,20,21,31,34|9,10,15,16,23,40|13,14,28,32,33,38
8,18,21,25,32,38|9,10,15,16,23,40|11,13,14,28,33,34
8,18,28,32,38,39|9,10,14,21,23,40|11,13,15,20,33,34
8,19,20,21,25,34|9,10,15,16,23,40|13,14,28,32,33,38
8,19,20,28,34,39|9,10,14,21,23,40|13,22,31,32,33,38
1,3,17,21,30,31|2,7,12,28,29,39|6,8,13,20,27,34|15,16,26,33,38,40
1,3,17,22,30,39|2,7,12,21,25,29|6,8,13,20,27,34|15,16,26,33,38,40
1,6,9,16,23,27|2,3,11,13,15,38|8,18,20,21,25,34
1,6,17,33,38,39|2,7,12,21,25,29|3,11,13,15,26,30|8,16,27,28,34,40
1,8,9,21,25,33|2,3,6,13,31,38|16,17,23,27,28,29
1,8,9,28,33,39|2,3,6,13,31,38|15,17,23,25,27,29
1,8,21,27,29,38|2,3,22,32,33,39|6,9,10,13,23,31
1,9,13,22,23,25|2,3,21,31,32,33|6,8,18,26,38,39
1,9,13,23,28,31|2,3,22,32,33,39|8,14,18,21,26,38
1,9,14,15,23,27|2,3,6,13,31,38|8,16,18,25,28,34
1,14,17,21,33,38|2,6,13,20,27,30|8,16,18,25,28,34|9,10,22,23,39,40
1,15,16,17,33,38|2,6,13,20,27,30|9,10,21,23,31,40
1,21,25,29,33,38|2,6,7,12,17,39|3,11,13,15,26,30|8,16,27,28,34,40
1,28,29,33,38,39|2,6,13,20,27,30|9,10,21,23,31,40
2,3,6,13,31,38|8,9,10,14,21,33|15,17,23,25,27,29
2,3,11,13,15,38|6,8,9,10,33,39|16,17,23,27,28,29
2,3,13,14,22,38|6,8,9,10,33,39|15,17,23,25,27,29
2,3,21,31,32,33|6,8,13,20,27,34|9,10,22,23,39,40
2,3,21,31,38,40|6,8,9,10,33,39|15,17,23,25,27,29
2,3,22,32,33,39|6,8,13,20,27,34|9,10,21,23,31,40
2,3,22,38,39,40|6,8,13,20,27,34|18,21,23,26,31,32
2,6,7,12,17,39|3,10,21,29,30,31|8,11,13,22,27,34|15,16,26,33,38,40
2,6,13,20,27,30|8,9,10,14,21,33|18,22,23,26,32,39
2,7,12,14,17,21|3,6,13,26,30,31|8,9,10,15,16,33
2,7,12,15,16,17|3,6,13,26,30,31|8,9,10,14,21,33
2,7,12,21,25,29|3,6,13,26,30,31|8,9,10,15,16,33
2,7,12,28,29,39|3,6,13,26,30,31|8,9,10,14,21,33
2,11,13,22,27,30|6,8,9,10,33,39|18,21,23,26,31,32
2,15,25,27,30,40|6,8,9,10,33,39|18,21,23,26,31,32
2,16,18,25,28,30|6,8,9,10,33,39|17,20,21,23,27,29
2,16,27,28,30,40|6,8,9,10,33,39|18,21,23,26,31,32
2,18,20,21,25,30|6,8,9,10,33,39|16,17,23,27,28,29
2,18,20,28,30,39|6,9,10,13,23,31|8,15,25,27,34,40
3,6,13,26,30,31|8,9,10,14,21,33|15,17,23,25,27,29
3,10,21,29,30,31|6,8,13,20,27,34|15,16,26,33,38,40
3,10,22,29,30,39|6,8,13,20,27,34|14,21,26,33,38,40
3,11,13,15,26,30|6,8,9,10,33,39|16,17,23,27,28,29
3,13,14,22,26,30|6,8,9,10,33,39|15,17,23,25,27,29
3,13,25,28,30,32|6,8,9,10,33,39|17,20,21,23,27,29
3,21,26,30,31,40|6,8,9,10,33,39|15,17,23,25,27,29
3,22,26,30,39,40|6,8,13,20,27,34|10,14,21,29,33,38
6,8,18,26,38,39|9,10,11,13,15,23|16,25,28,33,34,40
6,9,10,13,23,31|8,14,18,21,26,38|16,25,28,33,34,40
6,10,29,33,38,39|8,11,13,22,27,34|18,21,23,26,31,32
6,11,16,27,33,34|8,14,18,21,26,38|9,10,22,23,39,40
6,13,20,25,33,34|8,14,18,21,26,38|9,10,22,23,39,40
6,14,27,31,33,34|8,15,16,18,26,38|9,10,22,23,39,40
6,16,27,32,33,38|8,18,20,21,25,34|9,10,11,13,15,23
8,14,18,21,26,38|9,10,11,13,15,23|16,25,28,33,34,40
8,15,16,18,26,38|9,10,13,14,22,23|20,21,25,33,34,40
8,16,18,25,28,34|9,10,11,13,15,23|14,21,26,33,38,40
8,18,20,28,34,39|9,10,11,13,15,23|14,21,26,33,38,40
8,19,21,26,31,38|9,10,11,13,15,23|16,25,28,33,34,40
8,19,22,26,38,39|9,10,11,13,15,23|16,25,28,33,34,40
1,3,6,29,30,39|8,11,14,18,21,34|15,16,32,33,38,40
1,3,14,21,29,30|6,8,11,18,34,39|15,16,32,33,38,40
1,3,15,16,29,30|6,8,11,18,34,39|14,21,32,33,38,40
1,6,9,13,14,23|2,11,15,16,18,30|8,17,21,29,31,33
1,6,9,23,39,40|2,11,14,18,21,30|8,15,16,19,20,34
1,8,13,15,29,38|2,6,11,18,30,39|14,16,22,33,34,40
1,9,14,21,23,40|2,6,11,18,30,39|8,15,16,19,20,34
1,9,15,16,23,40|2,6,11,18,30,39|8,14,19,20,21,34
2,6,16,18,30,31|8,11,19,22,34,39|13,14,17,23,28,29
2,6,16,19,25,30|8,11,14,18,21,34|13,15,17,20,23,29
2,6,19,20,30,39|8,11,14,18,21,34|13,17,22,23,29,31|15,16,32,33,38,40
2,6,19,21,28,30|8,11,15,16,18,34|13,17,22,23,29,31
2,14,15,19,25,30|6,8,11,18,34,39|13,17,22,23,29,31
2,14,16,19,28,30|6,8,11,18,34,39|13,15,17,20,23,29
2,14,19,20,21,30|6,8,11,18,34,39|13,17,22,23,29,31|15,16,32,33,38,40
2,15,16,19,20,30|6,8,11,18,34,39|13,14,17,23,28,29
2,16,19,22,30,31|6,8,11,18,34,39|13,14,17,23,28,29
3,6,13,30,31,32|8,11,14,18,21,34|17,23,28,29,39,40
3,11,13,15,30,32|6,8,16,18,31,34|17,21,23,25,29,40
3,13,14,22,30,32|6,8,11,18,34,39|17,21,23,25,29,40
3,21,30,31,32,40|6,8,11,18,34,39|13,14,17,23,28,29
3,22,30,32,39,40|6,8,16,18,31,34|13,14,17,23,28,29
6,8,11,18,34,39|13,14,17,23,28,29|15,16,32,33,38,40
6,8,18,21,22,34|13,14,17,23,28,29|15,16,32,33,38,40
6,8,18,32,38,39|11,14,21,33,34,40|13,15,17,20,23,29
6,8,19,20,34,39|13,14,17,23,28,29|15,16,32,33,38,40
6,11,13,14,33,34|8,15,16,18,32,38|17,21,23,25,29,40
6,11,33,34,39,40|8,14,18,21,32,38|13,15,17,20,23,29
6,13,14,32,33,38|8,11,15,16,18,34|17,21,23,25,29,40
6,13,17,23,25,29|8,11,14,18,21,34|15,16,32,33,38,40
6,16,31,33,34,40|8,14,18,21,32,38|13,15,17,20,23,29
6,21,22,33,34,40|8,15,16,18,32,38|13,14,17,23,28,29
6,32,33,38,39,40|8,11,14,18,21,34|13,15,17,20,23,29
8,11,19,21,31,34|13,14,17,23,28,29|15,16,32,33,38,40
8,11,19,22,34,39|13,14,17,23,28,29|15,16,32,33,38,40
8,14,18,21,32,38|11,15,16,33,34,40|13,17,22,23,29,31
8,14,19,20,21,34|13,17,22,23,29,31|15,16,32,33,38,40
8,15,16,18,32,38|11,14,21,33,34,40|13,17,22,23,29,31
8,19,21,31,32,38|11,15,16,33,34,40|13,14,17,23,28,29
8,19,22,32,38,39|11,14,21,33,34,40|13,15,17,20,23,29
1,3,21,29,30,31|6,8,16,18,25,34|11,13,15,32,33,38
1,3,22,29,30,39|6,8,16,18,25,34|11,13,15,32,33,38
1,6,8,9,33,39|2,7,12,14,21,29|3,13,15,20,30,32
1,6,9,13,23,31|2,7,12,14,21,29|3,28,30,32,39,40|8,15,16,18,20,34
1,8,9,14,21,33|2,6,7,12,29,39|3,13,15,20,30,32
1,8,9,15,16,33|2,6,7,12,29,39|3,13,14,28,30,32
1,9,11,13,15,23|2,6,7,12,29,39|3,21,25,30,32,40|8,14,16,18,28,34
1,9,13,14,22,23|2,6,7,12,29,39|3,21,25,30,32,40|8,15,16,18,20,34
1,13,15,17,23,32|2,6,7,12,29,39|8,11,18,21,31,34
1,15,16,29,33,38|2,6,18,20,30,39|8,11,19,21,25,34
2,3,8,13,15,32|6,16,17,23,27,29|11,21,31,33,34,40
2,6,7,12,29,39|3,13,14,28,30,32|8,11,18,21,31,34
2,6,16,18,25,30|8,11,19,28,34,39|10,13,15,23,29,32
2,6,16,27,30,40|8,11,18,21,31,34|10,13,15,23,29,32
2,6,18,20,30,39|8,11,19,21,25,34|10,13,15,23,29,32
2,6,18,21,28,30|8,13,22,25,34,40|14,15,17,23,27,29
2,7,12,14,21,29|3,6,13,25,30,32|8,11,18,22,34,39
2,7,12,15,16,29|3,6,13,25,30,32|8,11,18,21,31,34
2,11,18,21,30,31|6,8,16,27,34,40|10,13,15,23,29,32
2,11,18,22,30,39|6,8,16,27,34,40|10,13,15,23,29,32
2,11,19,21,25,30|6,8,16,27,34,40|10,13,15,23,29,32
2,11,19,28,30,39|6,8,16,18,25,34|10,13,15,23,29,32
2,13,22,25,30,40|6,8,18,20,34,39|14,15,17,23,27,29
2,13,28,30,31,40|6,8,16,18,25,34|14,15,17,23,27,29
2,14,15,18,25,30|6,8,16,27,34,40|13,17,23,28,29,31
2,14,15,27,30,40|6,8,16,18,25,34|13,17,23,28,29,31
2,14,16,18,28,30|6,11,13,31,33,34|8,19,21,25,32,38
2,14,18,20,21,30|6,8,16,27,34,40|10,13,15,23,29,32
2,15,16,18,20,30|6,11,13,31,33,34|8,19,21,25,32,38
2,15,19,25,30,31|6,8,16,27,34,40|13,14,22,32,33,38
2,16,18,22,30,31|6,13,14,20,33,34|8,19,21,25,32,38
2,16,19,22,25,30|6,8,18,20,34,39|10,13,15,23,29,32
2,16,19,28,30,31|6,8,18,20,34,39|10,13,15,23,29,32
2,19,20,21,30,31|6,8,16,18,25,34|10,13,15,23,29,32
2,19,20,22,30,39|6,8,16,18,25,34|10,13,15,23,29,32
2,19,21,22,28,30|6,8,16,18,25,34|10,13,15,23,29,32
3,6,13,25,30,32|8,11,18,21,31,34|14,15,17,23,27,29
3,13,22,30,31,32|6,8,16,18,25,34|14,15,17,23,27,29
3,21,25,30,32,40|6,8,18,20,34,39|13,17,23,28,29,31
3,28,30,32,39,40|6,8,16,18,25,34|14,15,17,23,27,29
6,11,13,31,33,34|8,18,22,32,38,39|14,15,17,23,27,29
6,13,31,32,33,38|8,11,18,22,34,39|14,15,17,23,27,29
6,16,17,23,27,29|8,11,18,21,31,34|13,14,22,32,33,38
6,16,25,33,34,40|8,18,21,31,32,38|14,15,17,23,27,29
6,20,33,34,39,40|8,18,21,31,32,38|13,17,22,23,25,29
6,21,28,33,34,40|8,18,22,32,38,39|14,15,17,23,27,29
8,14,15,18,25,34|13,17,23,28,29,31|22,32,33,38,39,40
8,18,22,32,38,39|11,21,31,33,34,40|14,15,17,23,27,29
3,6,13,14,30,32|8,11,15,16,19,34|17,21,23,29,31,40
3,15,16,30,32,40|6,8,11,19,34,39|13,14,17,22,23,29
1,6,15,17,32,34|8,9,11,16,26,29|12,14,25,35,38,40
1,15,28,29,32,34|6,9,14,17,22,38|8,12,16,26,35,40
1,6,9,15,26,38|2,3,12,25,31,35|10,11,16,17,32,34
1,6,15,17,26,34|2,3,12,25,31,35|9,10,11,16,32,38
1,15,26,28,29,34|2,3,12,25,31,35|9,10,11,16,32,38
1,16,20,26,29,34|2,3,12,25,31,35|9,10,15,22,32,38
2,3,12,25,31,35|6,9,10,14,28,34|16,17,20,26,29,38
8,9,15,17,26,28|10,25,29,31,32,34|12,14,20,27,35,38
1,6,9,22,25,34|2,3,12,15,28,35|11,16,17,26,29,38
1,6,9,28,31,34|2,3,12,14,25,35|11,16,17,26,29,38
1,9,11,16,20,34|2,3,12,14,25,35|15,17,22,26,29,38
1,9,14,20,31,34|2,3,12,15,28,35|11,16,17,26,29,38
1,9,15,20,22,34|2,3,12,14,25,35|11,16,17,26,29,38
1,11,16,26,29,34|2,3,12,14,25,35|6,9,10,15,32,38
1,14,26,29,31,34|2,3,12,15,28,35|6,9,17,22,25,38
1,15,22,26,29,34|2,3,12,14,25,35|6,9,17,28,31,38
1,16,26,29,32,38|2,3,12,14,25,35|6,9,10,11,15,34
2,3,12,15,28,35|6,9,10,14,22,34|11,16,17,26,29,38
2,3,12,16,20,35|6,9,10,11,15,34|14,17,26,29,31,38
6,9,10,15,32,38|8,12,13,20,26,35|17,22,25,28,29,34
6,9,17,22,25,38|8,12,13,20,26,35|10,15,28,29,32,34
6,9,17,28,31,38|8,12,13,20,26,35|10,14,25,29,32,34
6,10,15,17,32,34|8,9,25,26,29,31|11,12,14,27,35,38
6,12,22,27,35,38|8,9,11,16,17,26|10,14,25,29,32,34
8,10,12,16,17,35|9,20,25,29,31,38|15,26,28,32,34,40
8,12,13,20,26,35|9,11,14,17,25,38|10,15,28,29,32,34
9,11,16,17,20,38|10,14,25,29,32,34|12,15,22,26,33,35
9,14,17,20,31,38|10,15,28,29,32,34|11,12,16,26,33,35
9,15,17,20,22,38|10,14,25,29,32,34|11,12,16,26,33,35
1,6,9,14,28,34|2,3,11,12,16,35|17,25,29,31,32,38
1,6,9,15,20,34|2,3,11,12,16,35|17,25,29,31,32,38
1,6,15,26,29,34|2,3,11,12,16,35|8,9,17,25,31,32
1,9,11,16,32,38|2,3,12,14,31,35|6,17,25,28,29,34
1,9,14,31,32,38|2,3,11,12,16,35|6,17,25,28,29,34
1,9,15,22,32,38|2,3,11,12,16,35|6,17,25,28,29,34
1,11,16,17,32,34|2,3,12,14,31,35|6,9,25,28,29,38
1,14,17,31,32,34|2,3,11,12,16,35|6,9,25,28,29,38
1,15,17,22,32,34|2,3,11,12,16,35|6,9,25,28,29,38
1,25,29,31,32,34|2,3,11,12,16,35|6,8,9,15,17,26
2,3,11,12,16,35|6,8,9,15,17,26|10,14,29,31,32,34
2,3,12,14,31,35|6,8,9,15,17,26|10,11,16,29,32,34
2,3,12,15,22,35|6,9,14,17,28,38|10,11,16,29,32,34
6,8,9,15,17,26|10,11,16,29,32,34|12,25,31,35,38,40
6,9,14,17,28,38|8,11,12,13,26,35|10,15,22,29,32,34
6,9,15,17,20,38|8,11,12,13,26,35|10,14,29,31,32,34
1,13,16,19,26,38|2,3,17,18,31,39|9,21,27,28,33,40
1,11,13,16,18,34|2,3,14,17,19,39|6,9,21,27,33,40
1,13,14,19,25,34|2,3,18,29,31,39|6,9,21,27,33,40
1,13,15,18,22,34|2,3,14,17,19,39|6,9,21,27,33,40
1,13,15,19,28,34|2,3,18,29,31,39|6,9,21,27,33,40
1,13,16,18,32,38|2,3,14,17,19,39|6,9,21,27,33,40
1,13,16,19,20,34|2,3,18,29,31,39|6,9,21,27,33,40
2,3,13,16,17,40|6,8,9,18,21,27|19,26,29,31,33,39
2,3,15,17,19,21|6,9,18,28,33,39|13,27,29,31,38,40
2,3,18,29,31,39|6,9,21,27,33,40|8,13,16,17,19,26
1,13,14,18,25,34|2,3,17,19,31,39|9,21,22,27,33,40
1,13,14,27,34,40|2,3,15,17,18,21|9,19,20,25,33,39
1,13,15,18,28,34|2,3,17,19,31,39|9,21,22,27,33,40
1,13,16,18,20,34|2,3,17,19,31,39|9,21,22,27,33,40
1,13,19,25,31,34|2,3,14,17,18,39|9,21,22,27,33,40
1,18,25,34,39,40|2,3,13,14,27,29|15,17,19,21,26,33
