1,13,17,22,31,38|2,3,6,10,29,39|8,18,21,25,26,32|11,16,27,28,34,40
1,13,25,28,29,38|2,3,6,16,27,32|9,10,11,14,21,33
1,15,27,29,31,38|2,3,6,13,14,26|8,9,10,21,25,40|11,18,20,28,34,39
1,16,22,27,29,38|2,3,6,13,14,26|8,9,10,21,25,40|11,18,20,28,34,39
1,17,21,25,32,33|2,3,6,10,29,39|11,15,16,18,26,38|14,27,28,31,34,40
1,17,21,25,38,40|2,3,6,10,29,39|13,14,26,28,32,33
1,17,28,32,33,39|2,3,6,13,14,26|8,9,10,21,25,40
1,17,28,38,39,40|2,3,6,13,14,26|8,10,21,27,29,32|15,18,20,25,31,34
1,21,26,29,31,33|2,3,6,16,27,32|8,9,10,13,14,28
1,22,26,29,33,39|2,3,6,16,27,32|8,9,10,13,14,28|11,18,20,21,25,34
2,3,6,10,29,39|8,18,21,25,26,32|11,16,27,28,34,40
2,3,6,13,14,26|8,9,10,21,25,40|11,18,20,28,34,39
2,3,6,16,27,32|8,9,10,13,14,28|11,18,20,21,25,34
2,3,6,26,39,40|8,9,10,13,14,28|11,18,20,21,25,34
2,3,10,14,21,29|6,8,13,26,27,32|11,16,18,25,28,34
2,3,10,15,16,29|6,8,13,26,27,32|11,18,20,21,25,34
2,3,13,22,25,32|6,9,10,11,33,39|14,15,18,26,31,38
2,3,13,28,31,32|6,9,10,11,33,39|14,15,19,25,26,38|16,20,22,27,34,40
2,3,14,15,27,32|6,8,9,10,13,25|11,18,20,28,34,39|16,19,22,26,31,38
2,3,14,21,26,40|6,8,9,10,13,25|11,18,20,28,34,39
2,3,15,16,26,40|6,8,9,10,13,25|11,18,20,28,34,39
6,8,9,10,13,25|11,14,18,21,26,38|15,20,27,31,34,40
6,8,13,26,27,32|9,10,11,14,21,33|15,18,20,25,31,34
6,9,10,11,33,39|8,18,21,25,26,32|14,27,28,31,34,40
6,9,10,16,31,33|8,18,21,25,26,32|15,22,27,28,34,40
6,9,10,21,22,33|8,18,26,28,32,39|11,15,25,27,34,40
6,10,13,14,17,38|8,18,21,25,26,32|11,16,27,28,34,40
6,10,13,25,29,38|8,18,26,28,32,39|11,20,21,27,34,40
6,10,17,32,33,39|11,14,18,21,26,38|13,20,25,28,34,40
6,11,13,20,27,34|8,9,10,21,25,40|14,15,18,26,31,38
6,11,18,26,38,39|8,9,10,13,14,28|15,20,27,31,34,40
6,13,25,26,38,40|8,10,21,27,29,32|11,18,20,28,34,39
6,16,18,26,31,38|8,9,10,13,14,28|11,15,25,27,34,40
6,16,19,25,26,38|8,9,10,13,14,28|11,20,21,27,34,40
6,18,21,22,26,38|8,9,10,13,14,28|11,15,25,27,34,40
6,19,20,26,38,39|8,9,10,13,14,28|11,15,25,27,34,40
6,19,21,26,28,38|8,9,10,13,15,20|14,22,25,27,34,40
6,25,27,31,34,40|8,9,10,13,14,28|11,15,16,18,26,38
8,9,10,13,22,31|11,14,18,21,26,38|16,19,20,25,28,34
8,9,10,21,25,40|11,13,22,27,32,38|16,18,20,28,31,34
8,9,10,28,39,40|11,13,22,27,32,38|15,18,20,25,31,34
8,10,13,15,26,29|11,16,18,25,28,34|20,21,27,32,38,40
8,10,21,27,29,32|11,15,16,18,26,38|13,20,25,28,34,40
8,18,21,25,26,32|9,10,11,15,16,33|14,27,28,31,34,40
8,18,26,28,32,39|9,10,11,14,21,33|15,20,27,31,34,40
8,21,26,27,32,40|9,10,11,15,16,33|14,18,25,28,31,34
9,10,14,15,31,33|11,13,22,27,32,38|16,19,20,25,28,34
9,10,14,16,22,33|11,15,25,27,34,40|18,20,28,32,38,39
10,14,17,21,32,33|11,15,16,18,26,38|13,20,25,28,34,40
10,14,17,21,38,40|11,16,18,25,28,34|13,15,20,26,32,33
10,15,16,17,32,33|11,14,18,21,26,38|13,20,25,28,34,40
10,15,16,17,38,40|11,18,20,21,25,34|13,14,26,28,32,33
10,21,25,29,32,33|11,15,16,18,26,38|14,27,28,31,34,40
10,21,25,29,38,40|11,18,20,28,34,39|13,22,26,31,32,33
10,28,29,32,33,39|11,14,18,21,26,38|15,20,27,31,34,40
10,28,29,38,39,40|11,18,20,21,25,34|13,22,26,31,32,33
1,2,3,6,29,39|8,9,10,14,21,40|11,15,16,18,20,34
1,2,3,14,21,29|6,8,9,10,39,40|11,15,16,18,20,34
1,2,3,15,16,29|6,8,9,10,13,14|11,18,21,31,32,38
1,6,8,9,13,25|2,3,21,31,32,40|11,14,16,18,28,34|17,20,22,29,33,39
1,6,9,11,33,39|2,3,13,14,22,32|8,15,17,27,29,31
1,6,9,16,31,33|2,3,11,13,15,32|10,14,21,29,38,40
1,6,9,21,22,33|2,3,11,13,15,32|14,16,19,20,28,34
1,6,13,14,17,38|2,3,21,31,32,40|11,15,16,18,20,34
1,6,13,25,29,38|2,3,21,31,32,40|11,14,16,18,28,34
1,6,17,32,33,39|8,9,10,14,21,40|11,15,16,18,20,34
1,6,17,38,39,40|2,3,11,13,15,32|14,16,18,20,22,34
1,8,9,13,14,28|2,3,21,31,32,40|6,11,16,18,25,34|17,20,22,29,33,39
1,8,9,13,15,20|2,3,21,31,32,40|6,11,16,18,25,34
1,8,9,13,22,31|6,10,29,32,33,39|11,14,15,18,25,34
1,8,9,21,25,40|2,3,6,13,31,32|11,14,16,18,28,34|17,20,22,29,33,39
1,8,9,28,39,40|2,3,6,13,31,32|11,14,15,18,25,34
1,8,13,15,26,29|2,3,21,31,32,40|6,11,16,18,25,34
1,9,11,14,21,33|2,3,6,13,31,32|8,16,17,22,27,29
1,9,11,15,16,33|2,3,6,13,31,32|10,14,21,29,38,40
1,9,14,15,31,33|2,3,22,32,39,40|6,11,16,18,25,34
1,9,14,16,22,33|2,3,6,13,31,32|8,11,17,21,27,29
1,13,14,28,29,38|2,3,21,31,32,40|6,11,16,18,25,34
1,13,15,20,29,38|2,3,21,31,32,40|6,11,16,18,25,34
1,13,22,29,31,38|6,8,9,10,39,40|11,14,15,18,25,34
1,14,17,21,32,33|6,8,9,10,39,40|11,15,16,18,20,34
1,14,17,21,38,40|2,3,6,13,31,32|11,15,16,18,20,34
1,15,16,17,32,33|6,8,9,10,13,14|11,19,20,21,31,34
1,15,16,17,38,40|2,3,6,13,31,32|11,14,18,20,21,34
1,21,25,29,32,33|6,8,9,10,13,14|11,15,16,18,20,34
1,21,25,29,38,40|2,3,6,13,31,32|11,14,16,18,28,34
1,28,29,32,33,39|6,8,9,10,13,14|11,15,16,18,20,34
1,28,29,38,39,40|2,3,6,13,31,32|11,14,15,18,25,34
2,3,6,13,31,32|8,9,10,14,21,40|11,15,16,18,20,34
2,3,11,13,15,32|6,8,9,10,39,40|14,16,18,20,22,34
2,3,13,14,22,32|6,8,9,10,39,40|11,15,16,18,20,34
2,3,21,31,32,40|6,8,9,10,13,14|11,15,16,18,20,34
2,3,22,32,39,40|6,8,9,10,13,14|11,15,16,18,20,34
6,8,9,10,13,14|11,15,16,18,20,34|17,21,22,28,29,33
6,8,9,10,39,40|11,14,15,18,25,34|16,17,28,29,31,33
6,8,18,26,32,39|10,14,21,29,38,40|11,15,19,25,31,34
6,10,13,14,29,38|8,15,16,18,26,32|11,19,20,21,31,34
6,10,29,38,39,40|8,14,18,21,26,32|11,15,19,25,31,34
6,11,16,18,25,34|8,9,10,14,21,40|17,20,22,29,33,39
6,11,16,27,34,40|8,13,17,25,28,29|14,18,20,21,32,38
6,11,18,20,34,39|8,9,10,14,21,40|15,17,25,29,31,33
6,11,18,21,28,34|8,9,10,15,16,40|17,20,22,29,33,39
6,13,14,26,32,33|8,9,10,15,16,40|11,19,20,21,31,34
6,13,14,26,38,40|8,11,17,21,27,29|15,19,22,28,31,34
6,13,20,25,34,40|8,11,17,21,27,29|14,16,18,28,32,38
6,14,16,19,26,38|8,11,17,21,27,29|13,20,22,31,34,40
6,14,18,25,31,34|8,9,10,15,16,40|11,17,28,29,33,39
6,14,27,31,34,40|8,13,17,25,28,29|11,18,22,32,38,39
6,15,18,22,25,34|8,9,10,14,21,40|11,17,28,29,33,39
6,15,18,28,31,34|8,9,10,14,21,40|16,17,22,25,29,33
6,15,19,25,28,34|8,9,10,14,21,40|11,18,22,32,38,39
6,15,22,27,34,40|8,13,17,25,28,29|11,18,21,31,32,38
6,16,18,20,31,34|8,9,10,14,21,40|11,17,28,29,33,39
6,16,18,22,28,34|8,9,10,14,21,40|15,17,25,29,31,33
6,16,18,25,32,38|8,9,10,14,21,40|11,17,28,29,33,39
6,16,19,20,25,34|8,9,10,14,21,40|11,17,28,29,33,39
6,16,27,32,38,40|8,13,17,25,28,29|11,14,18,20,21,34
6,18,20,21,22,34|8,9,10,15,16,40|11,17,28,29,33,39
6,18,20,32,38,39|8,9,10,14,21,40|11,15,19,25,31,34
6,18,21,28,32,38|8,9,10,15,16,40|11,19,20,22,34,39
6,19,20,21,28,34|8,9,10,15,16,40|11,18,22,32,38,39
6,26,32,33,39,40|8,11,17,21,27,29|14,15,18,20,31,34
8,11,17,21,27,29|13,14,20,28,34,40|15,19,25,31,32,38
8,13,17,25,28,29|11,14,15,27,34,40|16,18,22,31,32,38
8,14,18,21,26,32|10,15,16,29,38,40|11,19,20,22,34,39
8,15,16,18,26,32|10,14,21,29,38,40|11,19,20,22,34,39
8,15,17,27,29,31|11,13,22,25,34,40|14,16,18,28,32,38
8,16,17,22,27,29|11,13,28,31,34,40|14,15,18,25,32,38
8,19,22,26,32,39|10,14,21,29,38,40|11,15,16,18,20,34
11,13,22,25,34,40|14,16,18,28,32,38|17,20,21,29,31,33
11,13,28,31,34,40|14,15,18,25,32,38|17,20,22,29,33,39
11,14,15,18,25,34|13,28,31,32,38,40|17,20,22,29,33,39
11,14,15,27,34,40|16,17,22,25,29,33|19,20,21,31,32,38
11,14,16,18,28,34|13,22,25,32,38,40|17,20,21,29,31,33
11,14,18,20,21,34|13,22,25,32,38,40|16,17,28,29,31,33
11,15,19,25,31,34|14,16,18,28,32,38|17,20,22,29,33,39
11,17,21,25,29,33|13,14,20,28,34,40|16,18,22,31,32,38
11,17,28,29,33,39|13,20,22,31,34,40|14,15,18,25,32,38
11,18,21,31,32,38|13,14,20,28,34,40|16,17,22,25,29,33
11,18,22,32,38,39|13,14,20,28,34,40|15,17,25,29,31,33
1,2,3,21,29,31|6,9,10,14,16,33|8,18,22,26,32,39|11,13,25,28,34,40
1,2,3,22,29,39|6,8,9,10,13,31|11,14,19,21,26,38
1,6,8,9,16,27|2,3,13,14,28,32|10,21,29,31,38,40|11,18,20,22,34,39
1,6,9,16,25,33|2,3,13,14,28,32|8,17,20,21,27,29
1,6,9,20,33,39|2,3,13,14,28,32|8,15,17,25,27,29
1,6,9,21,28,33|2,3,13,15,20,32|10,22,29,38,39,40
1,6,13,17,31,38|2,3,21,25,32,40|11,18,20,22,34,39
1,6,16,27,29,38|2,3,13,14,28,32|8,9,10,21,31,40|11,18,20,22,34,39
1,6,26,29,33,39|2,3,13,14,28,32|8,9,10,21,31,40|11,16,18,22,25,34
1,8,9,13,22,25|2,3,28,32,39,40|6,14,16,18,26,38
1,8,9,13,28,31|2,3,21,25,32,40|6,11,19,26,38,39
1,8,9,14,15,27|2,3,6,13,25,32|10,21,29,31,38,40|11,18,20,22,34,39
1,9,11,21,31,33|2,3,6,13,25,32|8,16,17,27,28,29
1,9,11,22,33,39|2,3,6,13,25,32|8,16,17,27,28,29|14,15,19,26,31,38
1,9,14,15,25,33|2,3,13,22,31,32|6,11,19,26,38,39|8,16,17,27,28,29
1,9,14,16,28,33|2,3,6,13,25,32|8,17,20,21,27,29
1,9,14,20,21,33|2,3,6,13,25,32|8,16,17,27,28,29
1,9,15,16,20,33|2,3,6,13,25,32|10,21,29,31,38,40
1,9,16,22,31,33|2,3,6,13,25,32|8,17,20,21,27,29
1,11,13,15,17,38|2,3,21,25,32,40|6,9,10,14,16,33
1,13,14,17,22,38|2,3,21,25,32,40|11,16,18,28,31,34
1,13,22,25,29,38|2,3,28,32,39,40|6,9,10,14,16,33|11,18,20,21,31,34
1,13,28,29,31,38|2,3,21,25,32,40|6,9,10,14,16,33|11,18,20,22,34,39
1,14,15,27,29,38|2,3,6,13,25,32|8,9,10,21,31,40|11,18,20,22,34,39
1,14,21,26,29,33|2,3,6,13,25,32|8,9,10,22,39,40|11,16,18,28,31,34
1,15,16,26,29,33|2,3,6,13,25,32|8,9,10,21,31,40|11,18,20,22,34,39
1,17,21,31,32,33|6,11,19,26,38,39|8,9,10,13,14,22
1,17,21,31,38,40|2,3,6,13,25,32|11,18,20,22,34,39
1,17,22,32,33,39|6,8,9,10,13,31|11,14,19,21,26,38
1,17,22,38,39,40|2,3,6,13,25,32|11,16,18,28,31,34
2,3,6,13,25,32|8,9,10,21,31,40|11,15,16,19,26,38|17,20,28,29,33,39
2,3,13,14,28,32|6,11,19,26,38,39|8,9,10,21,31,40
2,3,13,15,20,32|6,9,10,14,16,33|11,18,21,22,28,34
2,3,13,22,31,32|6,9,10,14,16,33|8,15,17,25,27,29|11,19,20,28,34,39
2,3,21,25,32,40|6,8,9,10,13,31|11,15,16,19,26,38|17,20,28,29,33,39
2,3,28,32,39,40|6,8,9,10,13,31|11,14,19,21,26,38
6,8,9,10,13,31|11,14,19,21,26,38|16,17,25,28,29,33
6,9,10,14,16,33|8,15,17,25,27,29|11,18,20,21,31,34
6,10,13,29,31,38|8,18,22,26,32,39|11,16,19,25,28,34
6,11,13,27,32,38|8,9,10,21,31,40|14,15,18,20,25,34
6,11,19,26,38,39|8,9,10,13,14,22|16,17,25,28,29,33
6,13,26,31,32,33|8,9,10,22,39,40|11,16,19,25,28,34
6,13,26,31,38,40|8,15,17,25,27,29|11,18,20,22,34,39
6,14,16,18,26,38|8,9,10,11,13,15|17,20,21,25,29,33
6,14,25,27,34,40|8,9,10,11,13,15|16,18,28,31,32,38
6,15,18,25,28,34|8,9,10,13,14,22|11,21,27,32,38,40
6,15,27,28,34,40|8,9,10,13,14,22|11,18,21,25,32,38
6,16,18,20,25,34|8,9,10,11,13,15|21,26,31,32,33,40
6,16,19,26,31,38|8,9,10,11,13,15|17,20,21,25,29,33
6,16,20,27,34,40|8,9,10,11,13,15|18,21,22,28,32,38
6,18,20,21,28,34|8,9,10,11,13,15|14,16,19,22,26,38
6,19,21,22,26,38|8,9,10,11,13,15|14,16,18,20,28,34
8,9,10,11,13,15|14,16,18,20,28,34|21,26,31,32,33,40
8,9,10,13,14,22|11,15,16,19,26,38|17,20,21,25,29,33
8,9,10,21,31,40|11,13,15,26,32,33|14,16,18,20,28,34
8,9,10,22,39,40|11,13,15,26,32,33|14,16,18,20,28,34
8,10,13,15,17,32|11,14,19,21,26,38|16,18,20,22,31,34
8,15,17,25,27,29|11,14,19,21,26,38|13,20,28,31,34,40
8,16,17,27,28,29|11,13,15,26,32,33|14,18,22,25,31,34
8,17,20,21,27,29|11,13,15,26,32,33|14,18,22,25,31,34
8,18,21,26,31,32|10,11,13,15,29,38|16,19,20,22,25,34
8,18,22,26,32,39|10,11,13,15,29,38|14,19,25,28,31,34
8,19,21,25,26,32|10,11,13,15,29,38|14,16,18,20,28,34
8,19,26,28,32,39|10,11,13,15,29,38|14,18,22,25,31,34
10,11,13,15,29,38|14,16,18,20,28,34|21,26,31,32,33,40
10,21,29,31,32,33|11,13,15,26,38,40|14,16,18,20,28,34
10,21,29,31,38,40|11,13,15,26,32,33|14,16,18,20,28,34
10,22,29,32,33,39|11,13,15,26,38,40|14,16,18,20,28,34
10,22,29,38,39,40|11,13,15,26,32,33|14,16,18,20,28,34
11,16,18,22,25,34|14,15,19,26,31,38|17,20,28,29,33,39
11,16,22,27,34,40|14,15,19,26,31,38|17,20,21,25,29,33
1,6,8,9,13,31|2,3,14,21,32,40|11,15,16,19,20,34
1,6,13,29,31,38|2,3,14,21,32,40|11,15,16,19,20,34
1,8,9,11,13,15|2,3,6,32,39,40|14,16,17,28,29,33
1,8,9,13,14,22|2,3,6,32,39,40|11,15,16,19,20,34
1,8,9,21,31,40|2,3,6,13,14,32|11,15,16,19,20,34
1,8,9,22,39,40|2,3,6,13,14,32|11,15,16,19,20,34
1,11,13,15,29,38|2,3,6,32,39,40|14,16,19,20,22,34
1,13,14,22,29,38|2,3,6,32,39,40|11,15,16,19,20,34
1,21,29,31,38,40|2,3,6,13,14,32|11,15,16,19,20,34
1,22,29,38,39,40|2,3,6,13,14,32|11,15,16,19,20,34
2,3,6,32,39,40|8,13,17,22,25,29|11,14,15,18,31,34
2,3,15,16,32,40|6,11,18,21,22,34|8,13,17,28,29,31
6,8,19,26,32,39|11,13,14,28,34,40|15,16,17,20,29,33
6,11,13,25,34,40|8,14,15,17,27,29|16,19,22,31,32,38
6,11,18,32,38,39|8,13,17,22,25,29|14,15,19,20,31,34
6,13,20,31,34,40|8,14,15,17,27,29|11,19,22,32,38,39
6,13,22,28,34,40|8,14,15,17,27,29|11,19,21,31,32,38
6,13,25,32,38,40|8,14,15,17,27,29|11,16,19,22,31,34
6,14,15,18,28,34|8,13,17,22,25,29|11,19,21,31,32,38
6,15,19,22,25,34|8,13,17,28,29,31|11,14,18,21,32,38
6,15,19,28,31,34|8,13,17,22,25,29|11,14,18,21,32,38
6,16,17,25,29,33|8,13,15,26,32,40|11,14,19,20,21,34
6,16,18,31,32,38|8,13,17,22,25,29|11,14,19,20,21,34
6,17,20,29,33,39|8,13,15,26,32,40|11,14,16,18,22,34
6,17,21,28,29,33|8,13,15,26,32,40|11,14,16,18,22,34
6,18,21,22,32,38|8,13,17,28,29,31|11,14,15,19,25,34
6,19,20,32,38,39|8,13,17,22,25,29|11,14,15,18,31,34
6,19,21,28,32,38|8,13,17,22,25,29|11,14,15,18,31,34
8,14,19,21,26,32|11,13,15,20,34,40|16,17,22,29,31,33
1,3,8,14,17,32|2,6,11,18,22,38|10,20,29,30,31,40
1,11,17,25,30,40|2,6,8,19,22,26|7,12,20,29,31,32
1,17,20,30,31,40|2,6,8,19,22,26|7,11,12,25,29,32
1,17,22,28,30,40|2,8,11,14,19,26|7,12,20,29,31,32
1,2,10,14,32,33|3,6,26,28,38,40|7,9,11,12,20,25
1,2,10,14,38,40|3,6,26,28,32,33|7,9,11,12,20,25
1,2,11,17,25,33|3,6,8,9,10,28|7,12,20,26,29,31
1,2,17,20,31,33|3,6,8,9,10,28|7,11,12,25,26,29
1,3,8,14,17,26|2,10,11,25,29,33|7,9,12,20,22,28
2,8,11,26,27,40|3,6,10,28,29,38|7,12,17,20,25,32
2,8,18,22,26,28|3,10,11,29,31,38|7,12,17,20,25,32
2,10,22,28,29,33|3,11,26,31,38,40|7,12,17,20,25,32
2,22,26,28,33,40|3,8,9,10,11,31|7,12,17,20,25,32
1,2,6,17,22,33|3,8,10,29,31,32|7,9,11,12,14,20
1,2,22,28,29,33|3,8,26,31,32,40|7,9,11,12,14,20
1,3,6,28,29,38|2,8,10,14,17,40|11,19,20,26,30,31
1,3,8,9,11,31|2,6,10,22,29,33|7,12,14,17,20,32
1,3,8,9,14,20|2,6,10,22,29,33|7,11,12,17,31,32
1,3,8,17,31,32|2,6,10,22,29,33|7,9,11,12,14,20
1,3,11,29,31,38|2,6,8,18,22,26|7,12,14,17,20,32
1,3,14,20,29,38|2,6,8,18,22,26|7,11,12,17,31,32
1,10,30,31,32,40|2,6,8,18,22,26|7,9,11,12,14,20
2,6,10,22,29,33|3,8,26,31,32,40|7,9,11,12,14,20
2,6,22,26,33,40|3,8,10,29,31,32|7,9,11,12,14,20
2,11,14,26,33,40|3,8,10,29,31,32|6,7,9,12,20,22
1,2,8,20,27,29|3,6,22,26,32,33|10,11,17,25,30,40
1,2,11,17,31,33|3,6,8,9,10,22|7,12,14,20,26,29
1,2,14,17,20,33|3,6,8,9,10,22|7,11,12,26,29,31
1,3,8,9,11,25|2,6,10,28,29,33|7,12,17,20,31,32
1,3,8,9,20,31|2,6,10,28,29,33|7,11,12,17,25,32
1,3,8,17,25,32|2,6,10,28,29,33|7,9,11,12,20,31
1,3,8,26,29,31|2,6,18,20,28,38|7,11,12,17,25,32
1,3,11,25,29,38|2,6,8,18,26,28|7,12,17,20,31,32
1,3,20,29,31,38|2,6,8,18,26,28|7,11,12,17,25,32
1,3,22,28,29,38|2,8,10,17,31,40|11,19,20,25,26,30
1,10,25,30,32,40|2,6,8,18,26,28|7,9,11,12,20,31
2,6,8,18,26,28|3,10,11,14,29,38|7,12,17,20,31,32
2,6,10,28,29,33|3,8,25,26,32,40|7,9,11,12,20,31
2,6,26,28,33,40|3,8,9,10,11,14|7,12,17,20,31,32
2,8,11,19,25,26|3,6,10,22,29,38|7,12,17,20,31,32
2,8,14,18,20,26|3,6,10,22,29,38|7,11,12,17,25,32
2,8,19,20,26,31|3,6,10,22,29,38|7,11,12,17,25,32
2,8,19,22,26,28|3,10,11,14,29,38|7,12,17,20,31,32
2,10,14,20,29,33|3,6,22,26,38,40|7,11,12,17,25,32
2,14,20,26,33,40|3,6,8,9,10,22|7,11,12,17,25,32
1,2,18,21,32,33|3,8,9,15,27,40|7,12,13,17,28,29
1,2,18,21,38,40|3,6,9,13,20,33|14,17,19,27,28,30
1,6,7,9,12,13|2,8,15,17,19,27|3,16,18,28,29,38
1,6,13,18,26,30|2,8,15,17,19,27|3,9,16,28,33,40
1,7,9,12,21,40|2,8,13,17,18,28|3,15,27,29,32,33
1,10,18,21,29,30|2,8,15,17,19,27|3,6,9,13,20,33
1,13,19,22,26,30|2,11,17,18,21,33|3,8,9,15,27,40
1,18,21,26,30,40|2,8,15,17,19,27|3,6,9,13,20,33
2,11,17,18,21,33|3,8,9,15,27,40|10,13,19,28,30,32
2,16,17,18,22,33|3,8,9,15,27,40|10,13,19,28,30,32
1,2,19,21,32,33|3,6,13,17,38,40|14,18,27,28,29,30
1,2,19,21,38,40|3,6,9,11,13,33|14,18,27,28,29,30
1,6,13,19,26,30|2,8,15,18,27,29|3,9,11,21,33,40
1,10,19,21,29,30|2,6,16,17,18,33|3,8,9,13,28,40
1,15,19,27,30,32|2,6,16,17,18,33|3,8,9,13,28,40
2,6,16,17,18,33|3,8,9,13,28,40|19,22,25,27,29,30
2,8,13,17,18,22|3,9,11,21,33,40|19,27,28,29,30,31
2,8,13,17,19,28|3,9,11,21,33,40|6,18,25,27,29,30
2,11,17,19,21,33|3,8,9,13,28,40|6,18,25,27,29,30
2,13,17,22,33,40|3,8,9,11,18,21|19,27,28,29,30,31
2,14,15,17,18,33|3,8,9,13,28,40|19,22,25,27,29,30
2,6,8,13,17,18|3,9,14,15,33,40|19,22,27,29,30,31
2,6,13,17,33,40|3,8,9,11,19,21|14,18,22,27,29,30
2,6,16,17,19,33|3,8,9,13,22,40|11,15,18,27,29,30
2,8,13,17,19,22|3,6,9,16,33,40|11,15,18,27,29,30
2,8,15,19,27,29|3,6,9,16,33,40|11,13,17,18,22,30
2,11,18,21,29,33|3,8,9,13,22,40|6,14,17,19,27,30
3,8,9,14,15,18|6,7,12,13,17,29|10,19,21,30,32,40
1,3,19,21,26,38|7,9,10,12,13,22|17,18,25,27,28,30
1,7,9,12,13,28|2,10,18,21,32,33|3,15,17,27,38,40
2,10,13,19,22,38|3,6,9,27,31,33|7,12,18,21,26,32
3,10,13,22,34,40|7,12,18,21,26,32|17,19,25,27,28,30
3,13,26,28,29,33|7,9,10,12,21,40|17,18,22,25,27,30
1,2,13,18,22,38|3,6,9,14,27,33|7,12,19,21,26,32
1,3,11,18,21,34|2,6,10,13,19,38|7,12,15,17,27,29
1,3,13,28,34,40|2,8,15,17,18,27|7,12,19,21,26,32
1,3,16,18,22,34|2,6,10,13,19,38|7,12,15,17,27,29
1,3,18,21,32,38|2,15,17,27,33,40|6,10,13,19,26,30
1,7,9,12,13,22|2,8,15,17,18,27|3,6,10,16,19,34
1,13,18,22,26,30|2,10,19,21,32,33|7,12,15,17,27,29
2,8,15,17,18,27|3,6,10,13,34,40|7,12,19,21,26,32
2,15,17,18,25,33|3,6,10,13,34,40|7,12,19,21,26,32
2,16,17,18,28,33|3,6,10,13,34,40|7,12,19,21,26,32
3,9,11,13,28,33|6,17,18,25,27,30|7,12,19,21,26,32
3,9,13,20,22,33|6,17,18,25,27,30|7,12,19,21,26,32
3,9,19,23,25,39|7,12,15,18,21,34|13,14,17,27,30,33
3,9,15,18,21,23|7,12,13,16,34,40|8,17,19,27,30,39
1,2,3,8,17,31|6,10,28,29,33,38|11,18,23,25,26,32
1,2,7,12,31,32|3,6,10,17,22,30|8,11,19,25,26,38
1,3,10,14,30,32|2,6,7,12,17,28|8,11,18,26,31,38
1,3,11,17,25,30|6,8,9,10,28,33|18,20,23,26,31,32
1,3,17,20,30,31|6,8,9,10,28,33|11,18,23,25,26,32
1,3,17,22,28,30|2,7,12,20,25,29|8,9,10,11,31,33
1,6,17,28,33,38|2,3,8,10,29,31|11,18,23,25,26,32
1,8,9,20,25,33|2,3,22,28,38,40|10,11,23,27,29,32
1,8,20,27,29,38|2,3,11,25,32,33|9,10,22,23,28,40
1,10,17,23,29,31|2,3,8,11,27,32|6,26,28,33,38,40
1,11,17,23,27,32|2,3,8,10,29,31|6,26,28,33,38,40
1,11,17,31,33,38|2,7,12,20,25,29|3,22,26,28,30,40
1,14,17,20,33,38|2,3,8,10,29,31|11,18,23,25,26,32
1,17,23,26,31,40|2,3,8,11,27,32|6,10,28,29,33,38
1,20,25,29,33,38|2,3,8,11,27,32|9,10,22,23,28,40
2,3,11,25,32,33|6,8,18,26,28,38|9,10,20,23,31,40
2,3,11,25,38,40|6,8,9,10,28,33|18,20,23,26,31,32
2,3,20,31,32,33|6,8,18,26,28,38|9,10,11,23,25,40
2,3,20,31,38,40|6,8,9,10,28,33|11,18,23,25,26,32
2,3,22,28,38,40|8,9,10,11,31,33|19,20,23,25,26,32
2,6,7,12,17,28|3,10,11,25,29,30|8,14,18,20,26,38
2,7,11,12,17,31|3,10,22,28,29,30|8,14,18,20,26,38
2,7,12,14,17,20|3,10,11,25,29,30|6,8,18,26,28,38
2,7,12,20,25,29|3,6,10,17,22,30|8,11,18,26,31,38
1,2,7,12,14,32|3,6,10,28,29,30|8,11,18,20,25,34
1,2,10,14,30,40|6,8,18,22,26,38|11,17,20,23,27,29
1,3,6,17,28,30|2,7,11,12,25,29|8,14,19,20,26,38
1,3,11,17,30,31|2,7,12,22,28,29|8,14,19,20,26,38
1,3,14,17,20,30|2,7,11,12,25,29|6,8,9,10,22,33
1,3,20,25,29,30|2,6,7,12,17,22|8,9,10,11,14,33
1,6,17,22,33,38|2,3,8,10,14,29|11,18,23,26,31,32
1,8,9,11,25,33|2,3,6,28,38,40|14,18,20,23,26,32
1,8,9,20,31,33|2,3,6,28,38,40|11,19,23,25,26,32
1,8,9,22,28,33|2,3,11,31,38,40|14,18,20,23,26,32
1,8,10,14,34,40|2,3,6,28,32,33|11,17,20,23,27,29
1,8,11,27,29,38|2,3,6,28,32,33|9,10,14,20,23,40
1,9,20,23,25,40|2,3,6,28,32,33|8,11,14,18,26,38
1,10,14,17,23,29|2,3,6,28,32,33|8,11,18,20,25,34
1,11,14,17,33,38|2,7,12,20,29,31|3,6,26,28,30,40
1,14,17,23,26,40|2,3,6,28,32,33|8,11,18,20,25,34
1,20,23,27,29,32|2,3,6,28,38,40|8,9,10,11,14,33
2,3,6,28,38,40|8,9,10,11,14,33|19,20,23,26,31,32
2,3,8,10,14,29|6,18,23,26,28,32|11,20,25,33,34,40
2,3,11,31,32,33|6,8,18,22,26,38|9,10,14,20,23,40
2,3,11,31,38,40|6,8,9,10,22,33|14,18,20,23,26,32
2,3,14,20,32,33|6,8,18,22,26,38|9,10,11,23,31,40
2,3,14,20,38,40|6,8,9,10,22,33|11,18,23,26,31,32
2,6,7,12,17,22|3,10,11,29,30,31|8,14,19,20,26,38
2,7,11,12,14,17|3,6,10,28,29,30|8,18,20,25,32,38
2,7,11,12,25,29|3,6,26,28,30,40|8,10,14,17,32,33
2,7,12,20,29,31|3,6,26,28,30,40|8,9,10,11,14,33
2,7,12,22,28,29|3,11,26,30,31,40|8,10,14,17,32,33
1,2,3,8,17,25|10,20,23,27,29,32|22,26,28,33,38,40
1,2,7,12,25,32|3,6,10,17,28,30|8,11,26,27,38,40
1,3,10,30,31,32|2,7,11,12,17,25|8,18,22,26,28,38
1,3,17,20,25,30|2,7,10,12,14,32|8,11,26,27,38,40
1,8,11,17,27,38|2,3,6,22,26,33|9,10,20,23,25,40
1,9,11,20,23,27|2,3,6,22,26,33|8,10,17,25,38,40
1,17,22,28,33,38|2,3,8,10,25,29|20,23,26,27,32,40
1,17,23,25,26,40|2,3,8,20,27,32|10,22,28,29,33,38
2,7,12,17,22,28|3,10,20,25,29,30|8,11,26,27,32,33
1,3,6,17,22,30|2,7,11,12,29,31|8,19,20,25,32,38
1,3,11,14,17,30|2,6,7,12,28,29|8,18,20,31,32,38
1,3,11,25,29,30|6,8,18,20,28,34|10,14,17,23,32,40
1,3,20,29,30,31|6,8,19,22,26,38|9,10,11,14,23,40
1,8,9,11,31,33|2,3,6,22,38,40|14,19,20,23,26,32
1,8,9,14,20,33|2,3,6,22,38,40|11,19,23,26,31,32
1,9,20,23,31,40|2,3,6,22,32,33|8,11,14,19,26,38
1,17,23,25,32,40|2,6,7,12,28,29|8,11,14,19,26,38
1,23,26,29,31,40|2,3,6,22,32,33|8,11,19,20,25,34
2,6,7,12,28,29|3,11,14,26,30,40|8,18,20,31,32,38
2,7,11,12,29,31|3,6,22,26,30,40|8,19,20,25,32,38
2,7,12,14,20,29|3,6,22,26,30,40|8,11,18,25,32,38
2,11,18,20,30,31|6,8,19,22,26,38|10,14,17,23,32,40
1,6,8,9,22,33|2,7,11,12,14,29|3,20,30,31,32,40
1,6,9,23,28,40|2,7,11,12,14,29|8,19,20,31,32,38
1,8,9,11,14,33|2,6,7,12,22,29|3,20,30,31,32,40
1,9,11,23,31,40|2,6,7,12,22,29|8,14,18,20,32,38
1,9,14,20,23,40|2,6,7,12,22,29|8,11,18,31,32,38
1,14,23,26,29,40|2,6,11,18,28,30|8,19,20,31,32,38
1,17,23,31,32,40|2,6,7,12,22,29|8,11,14,18,20,34
1,2,3,19,21,32|6,8,9,18,27,31|13,26,28,29,33,40
1,6,13,18,20,34|2,3,11,17,19,21|9,14,22,27,33,40
1,6,14,19,27,34|2,3,13,17,22,40|9,11,15,18,25,33
1,11,13,19,28,34|2,3,6,16,17,18|9,14,22,27,33,40
1,13,17,28,29,33|6,8,9,18,27,31|10,11,19,21,34,40
1,13,18,22,32,38|2,3,11,17,19,21|6,9,27,31,33,40
1,13,19,20,22,34|2,3,6,16,17,18|9,11,15,27,33,40
1,13,19,28,32,38|2,3,6,16,17,18|9,11,15,27,33,40
2,3,11,17,19,21|6,8,9,18,27,31|13,26,28,29,33,40
2,3,13,17,22,40|6,8,9,18,27,31|15,19,25,26,29,33
2,3,14,15,17,18|6,8,9,19,25,27|13,26,28,29,33,40
2,3,15,18,25,29|6,9,27,31,33,40|8,13,17,19,22,26
2,3,15,27,29,40|6,8,13,17,18,26|9,14,19,25,28,33
2,3,16,17,19,22|6,8,9,18,27,31|13,26,28,29,33,40
1,11,13,19,22,34|2,3,15,18,29,31|6,9,14,27,33,40
1,13,19,22,32,38|2,3,11,18,21,29|6,9,14,27,33,40
2,3,11,18,21,29|6,8,9,19,27,31|13,17,28,32,33,40
2,3,13,28,29,40|6,8,9,14,18,27|15,17,19,25,32,33
2,3,15,19,25,29|6,8,9,14,18,27|13,17,28,32,33,40
2,3,16,18,22,29|6,8,9,19,27,31|13,17,28,32,33,40
2,3,19,20,21,29|6,8,9,14,18,27|13,17,28,32,33,40
1,2,3,18,21,32|6,9,25,27,33,40|8,13,17,19,26,28
1,6,13,19,26,38|2,3,11,17,18,21|9,14,27,28,33,40
1,8,9,10,19,21|2,3,13,17,28,40|6,18,25,27,29,38
1,10,19,21,29,38|2,3,13,17,28,40|6,8,9,18,25,27
1,11,13,18,28,34|2,3,15,17,19,25|9,22,27,31,33,40
1,11,15,19,27,34|2,3,13,17,28,40|9,18,22,25,31,33
1,13,18,20,22,34|2,3,15,17,19,25|9,14,27,28,33,40
1,13,18,28,32,38|2,3,15,17,19,25|9,22,27,31,33,40
1,13,19,20,28,34|2,3,11,17,18,21|6,9,25,27,33,40
1,19,21,26,32,33|2,3,13,17,28,40|6,8,9,18,25,27
2,3,11,17,18,21|6,9,25,27,33,40|10,13,19,22,32,38
2,3,15,17,18,31|6,9,25,27,33,40|10,11,13,19,22,34
2,3,15,17,19,25|6,10,11,13,18,34|9,14,27,28,33,40
1,6,13,18,26,38|2,3,10,19,21,32|9,22,25,27,33,40
1,6,18,27,31,34|2,3,10,19,21,32|13,17,26,28,33,40
1,11,15,18,27,34|2,3,10,19,21,32|13,17,26,28,33,40
1,13,18,20,28,34|2,3,10,19,21,32|9,22,25,27,33,40
1,13,19,22,26,38|2,3,15,17,18,25|9,27,28,31,33,40
1,14,18,22,27,34|2,3,10,19,21,32|13,17,26,28,33,40
1,18,21,26,32,33|2,3,15,17,27,40|10,11,13,19,28,34
1,13,16,33,34,40|3,14,17,18,30,39|6,9,19,21,23,27
1,15,19,21,33,34|3,13,14,27,29,30|9,18,23,25,39,40
3,18,25,29,30,39|6,9,19,21,23,27|13,16,17,33,38,40
2,8,13,16,17,18|3,9,14,33,39,40|19,21,27,28,29,30
2,13,16,17,33,40|3,8,9,14,18,39|19,21,27,28,29,30
2,14,17,19,33,39|3,8,9,15,18,21|13,25,27,29,30,40
2,15,17,19,21,33|3,8,9,14,18,39|13,25,27,29,30,40
2,19,25,29,33,39|3,8,9,15,18,21|13,14,17,27,30,40
2,27,29,33,39,40|3,15,17,19,21,38|10,13,16,18,30,32
1,8,10,17,29,31|2,3,6,22,26,40|11,18,20,25,32,38
1,8,17,26,31,40|2,3,6,10,22,29|11,18,20,25,32,38
1,11,17,25,38,40|2,3,6,10,22,29|8,18,20,26,31,32
1,17,20,31,38,40|2,3,6,10,22,29|8,11,18,25,26,32
1,17,22,28,38,40|2,3,10,11,14,29|8,18,20,26,31,32
2,18,22,23,27,29|3,15,17,33,38,40|6,7,12,19,25,34
3,6,9,18,23,25|7,12,14,19,28,34|17,22,27,30,33,40
3,6,9,23,27,40|7,11,12,15,18,34|17,19,25,28,30,33
3,9,14,18,23,28|6,7,12,19,25,34|17,22,27,30,33,40
3,9,15,18,20,23|6,7,12,19,25,34|17,22,27,30,33,40
3,9,19,23,28,31|7,11,12,15,18,34|17,22,27,30,33,40
3,15,18,23,26,29|6,7,12,19,25,34|17,22,27,30,33,40
3,6,9,18,23,31|7,11,12,15,19,34|27,28,29,30,33,40
3,8,15,17,19,38|6,7,12,14,18,34|27,28,29,30,33,40
3,9,11,15,18,23|6,7,12,19,31,34|27,28,29,30,33,40
3,9,14,18,22,23|6,7,12,19,31,34|27,28,29,30,33,40
3,9,15,19,20,23|6,7,12,14,18,34|27,28,29,30,33,40
3,9,19,22,23,31|6,7,12,14,18,34|27,28,29,30,33,40
3,15,17,18,23,32|6,7,12,19,31,34|27,28,29,30,33,40
2,10,15,19,33,38|3,9,18,23,25,28|7,12,22,27,34,40
1,2,15,18,33,38|3,9,19,23,25,28|6,7,12,27,34,40
1,2,6,19,27,30|3,7,12,15,17,29|8,9,18,22,25,33
1,6,18,31,33,34|3,7,12,15,17,29|9,11,19,22,23,27
2,7,12,15,18,32|3,6,17,27,30,40|8,9,19,25,28,33
1,3,7,9,12,15|2,6,10,19,27,30|17,18,22,25,33,38
1,22,27,33,34,40|2,7,12,15,19,26|3,17,18,25,28,30
1,2,21,23,27,29|3,6,16,25,33,34|7,8,9,12,28,39
1,3,9,21,23,31|2,6,8,13,27,38|10,15,16,17,30,33
1,3,9,22,23,39|2,6,8,13,27,38|10,14,17,21,30,33
2,6,18,23,26,39|3,8,13,22,25,34|7,12,14,17,21,38|16,27,28,30,32,33
2,13,22,23,27,32|3,6,16,25,33,34|7,8,9,12,28,39
2,14,18,21,23,26|3,6,8,16,27,34|7,12,28,29,38,39
2,15,16,18,23,26|3,6,20,33,34,39|7,8,9,12,21,25|11,13,22,27,30,38
2,19,21,23,26,31|3,6,8,16,27,34|7,12,28,29,38,39
2,19,22,23,26,39|3,6,8,16,27,34|7,12,14,17,21,38
3,6,8,16,27,34|7,12,14,17,21,38|10,28,29,30,33,39
3,6,16,25,33,34|7,8,9,12,28,39|11,13,22,27,30,38
3,6,20,33,34,39|7,8,9,12,21,25|11,13,22,27,30,38
3,8,13,22,25,34|6,7,12,17,38,39|16,27,28,30,32,33
3,8,13,28,31,34|6,7,12,17,38,39|10,21,25,29,30,33
3,8,14,15,27,34|6,7,12,17,38,39|10,21,25,29,30,33
3,11,22,33,34,39|6,8,13,26,27,30|7,12,14,17,21,38
3,13,15,23,26,32|6,7,12,17,38,39|8,10,21,27,29,30
3,14,15,25,33,34|6,7,12,17,38,39|8,10,21,27,29,30
3,14,16,28,33,34|6,7,12,17,38,39|8,10,21,27,29,30
3,15,16,20,33,34|6,7,12,17,38,39|8,10,21,27,29,30
3,16,22,31,33,34|6,7,12,17,38,39|8,10,21,27,29,30
1,2,13,15,17,23|3,6,11,33,34,39|7,8,9,12,21,31|16,18,22,25,30,38
1,3,6,9,23,39|2,8,18,21,31,38|11,13,15,26,30,33
1,3,9,14,21,23|2,6,13,31,33,38|8,18,22,26,30,39
1,3,9,15,16,23|2,6,13,31,33,38|8,18,22,26,30,39
1,17,21,30,31,33|2,6,13,23,27,32|3,8,28,34,39,40
1,17,22,30,33,39|2,6,13,23,27,32|3,8,21,25,34,40
2,6,13,23,27,32|3,8,21,25,34,40|7,12,22,29,38,39
2,6,19,23,26,39|3,8,13,14,28,34|7,12,21,29,31,38|16,22,27,30,32,33
2,10,13,15,23,29|3,6,11,33,34,39|7,8,9,12,21,31|16,18,22,25,30,38
2,13,15,23,26,40|3,6,11,33,34,39|7,8,9,12,21,31|16,18,22,25,30,38
2,14,19,21,23,26|3,6,8,13,25,34|7,12,22,29,38,39|15,27,30,31,32,33
2,15,16,19,23,26|3,6,8,13,25,34|7,12,21,29,31,38
2,18,21,23,25,32|3,6,11,33,34,39|8,10,13,15,17,30
2,18,23,28,32,39|3,6,8,13,25,34|7,12,21,29,31,38
2,21,23,27,32,40|3,6,8,13,25,34|7,12,22,29,38,39
3,6,8,13,25,34|7,12,21,29,31,38|16,22,27,30,32,33
3,6,11,33,34,39|7,8,9,12,21,31|13,25,28,30,38,40
3,6,16,31,33,34|7,8,9,12,22,39|11,18,21,25,30,38
3,8,13,14,28,34|7,12,21,29,31,38|16,22,27,30,32,33
3,8,13,15,20,34|7,12,21,29,31,38|16,22,27,30,32,33
3,11,14,21,33,34|7,8,9,12,22,39|13,25,28,30,38,40
3,11,15,16,33,34|7,8,9,12,21,31|13,25,28,30,38,40
3,14,15,31,33,34|6,11,13,27,30,38|7,8,9,12,22,39
3,14,16,22,33,34|6,11,13,27,30,38|7,8,9,12,21,31
3,17,21,23,25,29|6,11,13,27,30,38|7,8,9,12,22,39
3,17,23,28,29,39|6,11,13,27,30,38|7,8,9,12,21,31
2,6,8,18,38,39|3,17,21,23,29,31|13,22,25,30,32,33
2,8,14,18,21,38|3,17,22,23,29,39|6,16,27,30,32,33
2,8,15,16,18,38|3,17,21,23,29,31|6,13,14,26,30,33
2,18,21,23,31,32|3,6,14,16,33,34|8,19,22,26,30,39
2,18,22,23,32,39|3,6,8,13,31,34|7,12,14,21,29,38|15,16,26,30,33,40
2,19,21,23,25,32|3,6,8,13,31,34|7,12,15,16,29,38
2,19,23,28,32,39|3,6,8,13,31,34|7,12,14,21,29,38|15,16,26,30,33,40
3,6,8,13,31,34|7,12,14,21,29,38|15,16,26,30,33,40
3,8,11,13,15,34|6,7,12,29,38,39|14,21,26,30,33,40
3,8,13,14,22,34|6,7,12,29,38,39|15,16,26,30,33,40
3,8,21,31,34,40|6,7,12,29,38,39|13,22,25,30,32,33
3,8,22,34,39,40|6,13,14,26,30,33|7,12,15,16,29,38
3,17,21,23,29,31|6,7,8,9,12,39|13,22,25,30,32,33
3,17,22,23,29,39|6,13,14,26,30,33|7,8,9,12,15,16
1,2,13,15,23,29|3,6,8,34,39,40|11,14,18,21,30,38
2,6,8,19,38,39|3,14,17,21,23,29|13,15,20,30,32,33
2,6,18,23,32,39|3,8,14,21,34,40|15,16,19,20,30,38
2,8,13,15,32,33|3,6,17,23,29,39|11,14,18,21,30,38
2,8,14,19,21,38|3,6,17,23,29,39|13,15,20,30,32,33
2,8,15,16,19,38|3,6,17,23,29,39|13,14,28,30,32,33
2,14,18,21,23,32|3,6,8,34,39,40|15,16,19,20,30,38
2,15,16,18,23,32|3,6,8,13,14,34|11,19,21,30,31,38
2,19,21,23,31,32|3,6,8,13,14,34|11,15,16,18,30,38
2,19,22,23,32,39|3,6,8,13,14,34|11,15,16,18,30,38
1,2,17,21,23,27|3,6,26,33,38,39|7,10,12,15,16,34
3,9,10,21,23,31|7,12,17,28,38,39|16,22,26,27,30,33
3,9,10,22,23,39|7,12,17,21,25,38|8,13,26,27,28,30
1,10,13,15,30,38|2,18,21,23,26,31|3,8,16,22,27,34
2,13,23,27,28,32|3,11,21,25,33,34|7,12,17,22,38,39
2,18,21,23,26,31|3,8,13,25,28,34|7,12,17,22,38,39
2,19,21,23,25,26|3,8,15,27,31,34|7,12,17,22,38,39
3,6,9,10,23,39|7,12,17,21,31,38|8,13,22,26,27,30
3,8,11,21,27,34|7,12,17,22,38,39|13,26,28,30,31,33
3,8,13,25,28,34|6,16,26,27,30,33|7,12,17,21,31,38
3,9,10,14,21,23|6,16,26,27,30,33|7,12,17,22,38,39
3,9,10,15,16,23|7,12,17,21,31,38|8,13,22,26,27,30
3,11,28,33,34,39|7,12,17,21,31,38|8,13,22,26,27,30
1,3,14,18,22,34|2,6,17,27,33,40|7,12,15,19,26,32
1,10,15,17,19,30|2,8,18,27,28,29|3,9,22,25,33,40
2,6,8,17,18,27|3,9,22,25,33,40|7,12,15,19,26,32
2,6,17,18,25,33|3,8,9,22,27,40|7,12,15,19,26,32
2,6,17,27,33,40|3,8,9,18,22,25|7,12,15,19,26,32
2,10,15,19,38,40|3,8,9,18,22,25|6,7,12,17,27,29
2,14,17,18,28,33|3,8,9,22,27,40|7,12,15,19,26,32
3,8,9,18,22,25|6,7,12,17,27,29|10,15,19,26,30,40
3,8,9,18,28,31|6,7,12,17,27,29|10,15,19,26,30,40
1,2,15,19,26,33|3,6,10,14,18,34|7,12,17,22,27,29
1,3,6,18,25,34|2,8,17,19,27,28|7,9,10,12,15,40
1,3,18,22,31,34|2,8,17,19,27,28|7,9,10,12,15,40
1,3,19,28,31,34|2,8,17,18,22,27|7,9,10,12,15,40
1,2,15,18,26,33|3,6,10,19,25,34|7,12,17,27,28,29
1,6,7,9,12,27|2,17,18,25,28,33|3,10,15,19,20,34
1,7,9,12,22,27|2,10,15,19,26,33|3,17,18,25,28,38
1,7,9,12,15,40|2,6,8,17,19,27|3,14,18,28,29,38
1,10,15,18,29,30|2,6,8,17,19,27|3,9,14,28,33,40
1,8,9,16,26,30|2,12,14,23,27,35|3,15,22,32,34,38
2,9,15,17,23,28|3,11,16,32,34,38|8,12,25,27,30,35
2,9,16,17,20,23|3,14,31,32,34,38|8,12,25,27,30,35
2,16,17,23,26,29|3,14,31,32,34,38|8,12,25,27,30,35
2,8,27,31,32,34|3,12,16,23,26,35|9,10,15,22,30,38
2,12,23,27,31,35|3,8,16,26,32,34|9,10,15,22,30,38
2,25,31,32,33,34|3,12,16,23,26,35|9,10,15,22,30,38
2,6,15,34,38,40|3,12,16,23,32,35|8,9,14,17,25,30
1,15,17,22,30,34|2,9,23,25,29,31|3,8,12,16,35,38
2,9,11,16,17,23|3,6,15,32,34,38|8,12,27,30,31,35
2,9,15,17,22,23|3,8,12,16,35,38|10,14,29,30,31,34
2,12,13,20,23,35|3,6,15,32,34,38|8,9,17,25,30,31
6,8,13,31,33,34|7,12,22,29,30,39|14,18,21,23,32,38
6,11,18,23,34,39|7,12,21,29,30,31|8,13,15,32,33,38
6,16,18,23,31,34|7,12,22,29,30,39|8,13,15,32,33,38
6,16,19,23,25,34|7,12,21,29,30,31|8,13,15,32,33,38
6,18,23,32,38,39|7,12,21,29,30,31|8,11,13,15,33,34
6,19,20,23,34,39|7,12,21,29,30,31|8,13,15,32,33,38
6,19,21,23,28,34|7,12,22,29,30,39|8,13,15,32,33,38
7,12,21,29,30,31|8,11,13,15,33,34|19,22,23,32,38,39
7,12,22,29,30,39|8,11,13,15,33,34|14,18,21,23,32,38
2,3,13,15,23,32|6,7,12,17,30,39|8,21,25,33,34,40
6,7,12,17,30,39|8,13,14,28,33,34|18,21,23,31,32,38
6,8,13,25,33,34|7,12,14,17,21,30|18,22,23,32,38,39
7,12,14,17,21,30|8,13,15,20,33,34|18,22,23,32,38,39
7,12,15,16,17,30|8,13,14,28,33,34|18,21,23,31,32,38
7,12,21,25,29,30|8,13,14,28,33,34|18,22,23,32,38,39
7,12,28,29,30,39|8,13,15,20,33,34|18,21,23,31,32,38
1,9,21,23,31,33|2,3,8,13,15,38|7,12,17,22,30,39
1,9,22,23,33,39|2,3,8,13,15,38|7,12,17,21,30,31
2,3,8,13,15,38|7,12,17,21,30,31|11,18,23,28,34,39
6,8,16,27,33,34|7,12,17,21,30,31|10,13,15,23,29,38
6,19,23,26,38,39|7,12,17,21,30,31|8,13,22,25,33,34
2,3,6,33,38,39|7,12,17,21,25,30|11,13,22,23,27,34
2,3,14,21,33,38|6,13,20,23,27,34|7,12,17,28,30,39
2,3,15,16,33,38|6,13,20,23,27,34|7,12,17,21,25,30
6,18,23,26,38,39|7,12,17,21,25,30|8,15,27,31,33,34
7,12,17,21,25,30|8,13,15,26,33,38|16,23,27,28,34,40
7,12,17,28,30,39|8,11,21,27,33,34|15,16,18,23,26,38
6,7,12,29,30,39|8,14,21,33,34,40|15,16,19,23,32,38
6,8,33,34,39,40|7,12,14,21,29,30|15,16,19,23,32,38
6,19,23,32,38,39|7,12,14,21,29,30|8,15,16,33,34,40
