2,13,15,28,32,33|3,6,21,25,34,40|7,9,11,12,14,39
2,13,15,28,38,40|3,8,17,25,29,39|6,7,9,12,21,31
2,13,16,20,32,33|3,6,21,25,34,40|7,9,11,12,14,39
2,13,16,20,38,40|3,8,17,25,29,39|6,7,9,12,21,31
2,14,16,18,31,38|3,6,13,15,20,34|7,12,25,29,32,39
2,14,16,19,25,38|3,6,13,15,20,34|21,27,28,30,32,40
2,14,18,21,22,38|3,6,13,15,20,34|7,12,25,29,32,39
2,14,19,20,38,39|3,6,13,22,31,34|7,9,11,12,15,21|16,25,27,30,32,40
2,14,19,21,28,38|3,6,13,15,20,34|7,12,25,29,32,39
2,15,16,18,22,38|3,6,13,14,28,34|7,12,25,29,32,39
2,15,16,19,28,38|3,6,13,22,31,34|7,9,11,12,14,39
2,15,19,20,21,38|3,6,13,14,28,34|7,12,25,29,32,39
2,19,21,22,31,38|3,6,13,14,28,34|7,12,25,29,32,39
2,25,32,33,39,40|3,6,13,14,28,34|7,9,11,12,15,21
3,6,13,14,28,34|7,9,11,12,15,21|10,25,29,30,39,40
3,6,13,15,20,34|7,9,11,12,14,39|16,25,27,30,32,40
3,6,13,22,31,34|7,9,11,12,14,39|10,15,17,21,30,40
3,6,21,25,34,40|7,9,11,12,14,39|10,13,15,28,29,30
3,6,28,34,39,40|7,9,11,12,15,21|10,13,14,25,29,30
3,8,17,25,29,39|6,7,9,12,21,31|13,14,20,27,30,32
3,11,13,14,31,34|6,7,9,12,22,39|10,15,17,21,30,40
3,11,13,15,22,34|6,7,9,12,21,31|10,14,17,30,39,40
3,11,13,16,32,38|6,7,9,12,21,31|10,14,17,30,39,40
3,11,31,34,39,40|6,10,13,15,17,30|7,9,12,14,21,22
3,13,14,31,32,38|6,7,9,12,22,39|10,15,17,21,30,40
3,13,15,22,32,38|6,7,9,12,21,31|10,14,17,30,39,40
3,14,16,25,34,40|6,7,9,12,21,31|10,13,15,28,29,30
3,14,20,34,39,40|6,7,9,12,21,31|10,13,15,28,29,30
3,14,21,28,34,40|6,7,9,12,22,39|10,13,16,20,29,30
3,15,16,28,34,40|6,7,9,12,21,31|10,13,14,25,29,30
3,15,20,21,34,40|6,7,9,12,22,39|10,13,14,25,29,30
3,21,22,31,34,40|6,10,13,15,17,30|7,9,11,12,14,39
3,31,32,38,39,40|6,10,13,15,17,30|7,9,12,14,21,22
1,2,14,29,33,39|3,6,11,13,15,34|16,18,25,30,31,32
1,2,15,21,29,33|3,6,13,14,22,34|11,18,25,30,32,39
1,6,21,27,29,30|2,8,18,31,32,39|3,15,16,22,34,40
1,11,13,16,17,30|2,6,14,18,21,38|7,12,29,31,32,39
1,13,15,17,22,30|2,6,14,18,21,38|7,12,29,31,32,39
1,13,25,29,30,31|2,6,14,18,21,38|3,15,16,22,34,40
2,6,14,18,21,38|3,8,17,29,31,39|11,13,16,26,30,40
2,6,15,16,18,38|3,8,17,29,31,39|11,13,14,27,30,32
2,6,19,21,31,38|3,11,14,34,39,40|10,13,15,22,29,30
2,6,19,22,38,39|3,11,15,21,34,40|10,13,14,29,30,31
2,8,18,31,32,39|3,6,11,13,15,34|14,19,21,22,26,30
2,11,13,16,38,40|3,8,17,29,31,39|6,7,9,12,14,21
2,11,14,19,38,39|3,6,21,31,34,40|10,13,15,22,29,30
2,11,15,19,21,38|3,6,13,14,22,34|7,12,29,31,32,39
2,13,14,31,32,33|3,6,22,34,39,40|11,15,19,21,26,30
2,13,14,31,38,40|6,7,9,12,15,16|11,18,25,30,32,39
2,13,15,22,32,33|3,6,21,31,34,40|11,14,19,26,30,39
2,13,15,22,38,40|3,8,17,29,31,39|6,7,9,12,14,21
2,14,16,19,31,38|3,6,11,13,15,34|18,21,22,25,30,32
2,14,19,21,22,38|3,6,11,13,15,34|7,12,29,31,32,39
2,15,16,19,22,38|3,6,21,31,34,40|11,13,14,27,30,32
2,31,32,33,39,40|3,6,11,13,15,34|14,19,21,22,26,30
3,6,11,13,15,34|7,12,29,31,32,39|14,19,21,22,26,30
3,6,13,14,22,34|7,12,29,31,32,39|11,15,19,21,26,30
3,8,17,29,31,39|6,7,9,12,14,21|11,13,16,26,30,40
3,11,14,34,39,40|6,7,9,12,15,16|18,21,22,25,30,32
3,14,21,22,34,40|6,7,9,12,15,16|11,18,25,30,32,39
3,15,16,22,34,40|6,7,9,12,14,21|11,18,25,30,32,39
1,2,8,13,16,29|3,6,14,21,34,40|11,18,30,31,32,39
2,6,13,15,38,40|3,8,14,17,29,39|16,19,25,30,31,32
2,6,15,16,19,38|3,8,14,17,29,39|13,25,30,31,32,40
1,8,21,25,33,34|2,3,17,22,23,39|7,12,15,16,26,30
1,8,28,33,34,39|2,3,17,21,23,31|7,12,15,16,26,30
2,3,17,21,23,31|6,7,12,26,30,39|8,10,15,16,33,34
2,3,17,22,23,39|7,12,14,21,26,30|8,10,15,16,33,34
6,8,10,33,34,39|7,12,14,21,26,30|13,17,22,23,25,38
6,10,13,23,31,34|7,12,14,21,26,30|8,17,28,33,38,39
6,10,13,14,23,34|7,12,21,25,30,32|8,17,22,33,38,39
1,8,15,16,33,34|2,3,21,23,29,31|7,12,22,30,32,39
2,3,22,23,29,39|7,12,21,30,31,32|8,15,16,17,33,38
1,2,7,12,15,25|3,11,27,28,30,31|8,10,17,20,21,33
1,2,7,12,20,21|3,11,22,25,27,30|8,10,16,17,28,33
1,3,10,15,30,31|6,11,25,27,33,38|16,18,20,23,26,28
1,6,10,16,33,38|2,3,8,14,27,28|15,18,20,23,25,26
1,8,10,13,22,38|2,3,14,25,28,33|15,20,23,26,27,40
1,10,14,15,33,38|2,3,6,8,25,27|16,18,20,23,26,28
2,6,7,10,12,16|3,11,22,25,27,30|8,13,20,26,28,33
1,2,7,11,12,21|3,6,20,27,30,31|8,10,16,17,22,33|14,19,23,25,26,28
1,2,7,12,15,31|3,6,11,25,27,30|8,10,16,17,22,33|13,20,23,26,28,40
1,2,7,12,16,22|3,6,11,25,27,30|8,10,15,17,31,33|13,20,23,26,28,40
1,3,10,14,15,30|6,11,27,31,33,38|13,20,23,26,28,40
1,6,8,10,13,38|2,3,11,15,25,33|14,18,23,26,28,31
1,8,10,21,32,33|3,6,11,25,27,30|13,20,23,26,28,40
1,8,10,21,38,40|2,3,6,25,31,33|11,16,18,23,26,28
2,3,8,11,15,27|6,10,13,17,20,23|25,28,31,33,38,40
2,3,8,14,22,27|6,10,13,17,20,23|25,28,31,33,38,40
2,3,11,15,25,33|6,10,13,17,20,23|8,27,28,31,38,40
2,3,11,16,28,33|6,10,13,17,20,23|8,22,25,27,38,40
2,3,14,22,25,33|6,10,13,17,20,23|8,27,28,31,38,40
2,3,14,28,31,33|6,10,13,17,20,23|8,22,25,27,38,40
2,3,15,20,31,33|8,22,25,27,38,40|11,16,18,23,26,28
3,6,11,25,27,30|8,10,15,17,31,33|13,20,23,26,28,40
3,6,20,27,30,31|8,10,11,17,21,33|14,18,22,23,25,26
3,6,22,27,28,30|8,10,11,17,21,33|15,18,20,23,26,31
3,11,15,20,27,30|6,18,23,25,26,31|8,10,16,17,22,33
3,14,20,22,27,30|6,18,23,25,26,31|8,10,11,17,21,33
7,12,21,26,30,31|8,10,22,33,34,39|13,17,23,25,28,38
7,12,22,26,30,39|8,10,21,31,33,34|13,17,23,25,28,38
1,2,6,7,12,16|3,11,13,20,28,30|8,10,14,15,17,33|22,23,25,27,32,40
1,2,7,12,14,15|3,6,11,27,30,31|8,10,16,28,29,33|13,20,22,23,26,40
1,6,10,13,23,32|2,3,11,15,31,33|8,14,18,25,28,38
1,6,14,17,23,27|2,3,8,11,13,28|15,20,25,33,38,40
1,8,15,17,25,33|3,6,11,27,30,31|10,13,20,22,23,29
1,8,16,17,28,33|3,6,11,27,30,31|10,13,20,22,23,29
1,8,17,20,21,33|3,6,11,27,30,31|14,19,22,23,25,26
1,10,21,23,32,40|2,3,6,8,14,27|11,13,20,22,33,38
1,11,13,17,23,28|2,3,6,8,14,27|15,20,25,33,38,40
1,14,23,27,28,29|2,3,6,16,20,33|8,18,22,25,31,38
1,22,23,27,29,31|2,3,6,14,25,33|8,16,18,20,28,38
2,3,6,8,14,27|10,11,13,23,28,29|15,20,25,33,38,40
2,3,6,14,25,33|8,15,20,27,38,40|10,11,13,23,28,29
2,3,6,15,28,33|8,18,22,25,31,38|10,11,17,21,23,40
2,3,6,16,20,33|8,14,18,25,28,38|10,11,17,21,23,40
2,3,8,11,13,28|6,10,14,23,27,29|15,20,25,33,38,40
2,3,11,15,31,33|6,8,25,27,38,40|10,13,20,22,23,29
2,3,11,16,22,33|6,8,25,27,38,40|14,15,18,20,23,26
2,3,14,15,20,33|6,8,25,27,38,40|10,11,13,23,28,29
2,3,14,22,31,33|6,8,25,27,38,40|10,11,13,23,28,29
3,6,11,27,30,31|8,10,14,15,17,33|13,20,22,23,26,40
3,6,14,20,27,30|8,10,15,25,29,33|11,13,23,26,28,40
3,11,13,20,28,30|6,8,10,16,17,33|14,18,22,23,26,31
3,11,14,22,27,30|6,8,10,16,17,33|15,19,20,23,26,31
3,25,28,30,31,40|6,8,10,16,17,33|11,19,20,21,23,26
1,8,11,17,21,33|3,14,25,28,30,40|6,10,13,20,23,29
1,8,15,17,31,33|3,6,11,14,27,30|10,16,23,28,29,40
1,8,16,17,22,33|3,6,11,14,27,30|10,15,23,25,29,40
1,11,13,17,22,23|2,3,6,14,31,33|8,15,19,20,25,38
1,11,15,23,27,29|2,3,6,8,13,20|14,22,25,33,38,40
1,13,20,23,28,29|2,3,6,11,16,33|8,14,18,22,25,38
1,14,22,23,27,29|2,3,6,8,13,20|11,15,25,33,38,40
1,17,20,21,23,40|2,3,6,11,16,33|8,14,18,22,25,38
2,3,6,11,16,33|8,13,20,28,38,40|14,19,22,23,26,31
2,3,6,14,31,33|8,11,15,18,25,38|10,16,23,28,29,40
2,3,6,15,22,33|8,11,16,18,28,38|10,20,21,23,29,40
2,3,11,14,15,33|6,8,18,25,31,38|10,16,23,28,29,40
3,6,11,14,27,30|8,10,15,29,31,33|16,18,20,23,28,32
3,11,13,20,22,30|6,8,18,25,31,38|10,14,15,17,23,40
3,16,20,28,30,40|6,8,11,13,26,33|18,22,23,25,31,32
3,22,25,30,31,40|6,8,11,13,26,33|16,18,20,23,28,32
1,6,8,16,17,33|3,11,15,25,30,40|14,18,23,28,31,32
1,8,14,15,17,33|3,6,11,13,20,30|10,16,22,23,29,40
1,8,15,25,29,33|3,6,11,13,20,30|14,18,23,28,31,32
1,8,16,28,29,33|3,6,11,13,20,30|14,18,22,23,25,32
1,8,20,21,29,33|3,6,25,30,31,40|11,14,15,19,23,26
3,6,11,13,20,30|8,10,14,15,29,33|19,22,23,25,31,32
3,6,25,30,31,40|8,10,14,15,29,33|11,16,18,23,28,32
3,11,15,25,30,40|6,8,10,16,29,33|14,18,23,28,31,32
3,11,20,21,30,40|6,8,10,16,29,33|14,18,22,23,25,32
3,14,22,25,30,40|6,8,10,16,29,33|11,18,20,21,23,32
3,14,28,30,31,40|6,8,10,16,29,33|11,15,18,23,25,32
3,15,20,30,31,40|6,8,10,16,29,33|14,18,22,23,25,32
3,15,22,28,30,40|6,8,10,16,29,33|11,18,20,21,23,32
1,8,11,21,29,33|3,6,14,25,30,40|15,19,20,23,31,32
1,8,15,29,31,33|3,6,14,25,30,40|11,16,18,22,23,32
1,8,16,22,29,33|3,6,14,25,30,40|11,15,18,23,31,32
2,8,27,29,33,40|3,6,9,18,22,23|7,11,12,14,19,34
3,6,9,18,22,23|7,11,12,14,19,34|20,27,29,30,33,40
3,9,11,14,18,23|6,7,12,19,22,34|20,27,29,30,33,40
3,14,17,18,23,32|6,7,12,19,22,34|20,27,29,30,33,40
3,23,27,29,32,40|6,7,12,19,22,34|11,17,18,30,31,33
1,3,14,33,34,40|2,11,18,23,27,29|7,12,19,31,32,38
1,8,18,27,30,32|3,9,11,19,23,25|7,12,17,29,31,33
1,27,30,32,33,40|3,6,9,18,23,28|7,11,12,19,31,34
2,11,18,23,27,29|3,8,9,25,33,40|6,7,12,19,28,34
2,17,18,23,25,40|3,8,27,29,32,33|6,7,12,19,28,34
2,19,20,23,27,29|3,8,9,25,33,40|6,7,12,18,22,34
3,8,18,25,29,38|6,7,12,19,28,34|11,17,27,30,33,40
3,8,27,29,32,33|6,7,12,18,22,34|10,19,30,31,38,40
3,8,27,29,38,40|6,7,12,18,22,34|10,19,30,31,32,33
3,9,14,18,20,23|6,7,12,19,28,34|11,17,27,30,33,40
3,9,19,20,23,31|6,7,12,18,22,34|11,17,27,30,33,40
3,14,18,23,26,29|6,7,12,19,28,34|11,17,27,30,33,40
3,19,23,26,29,31|6,7,12,18,22,34|11,17,27,30,33,40
3,25,29,33,38,40|6,7,12,18,22,34|8,17,19,20,27,30
1,2,14,18,33,38|3,9,11,23,27,40|7,12,19,20,31,34
1,2,19,31,33,38|3,9,11,18,23,25|7,8,12,17,27,29
1,7,9,12,14,33|2,11,17,19,23,27|10,18,30,31,38,40
2,8,17,18,25,33|3,9,11,23,27,40|7,12,19,20,31,34
2,8,17,27,33,40|3,9,11,18,23,25|7,12,19,20,31,34
3,9,11,23,27,40|6,7,12,18,28,34|10,19,25,30,32,33
3,9,18,20,23,31|7,8,12,17,27,29|10,19,25,30,32,33
3,9,18,22,23,28|7,8,12,17,27,29|10,19,25,30,32,33
3,17,31,33,38,40|6,7,12,18,28,34|8,10,19,27,30,32
3,18,23,26,29,31|7,11,12,19,25,34|17,20,27,30,33,40
3,19,23,25,26,29|6,7,12,18,28,34|17,20,27,30,33,40
1,3,17,23,27,29|2,10,14,19,33,38|7,11,12,18,25,34
1,3,25,33,34,40|2,11,17,18,23,27|7,12,14,19,26,38
2,10,14,19,33,38|3,9,18,20,23,25|7,11,12,27,34,40
3,8,17,18,25,38|7,11,12,27,34,40|10,14,19,26,30,33
3,8,17,27,38,40|7,11,12,18,25,34|10,14,19,26,30,33
3,9,18,20,23,25|7,11,12,27,34,40|10,14,19,26,30,33
3,9,20,23,27,40|7,11,12,18,25,34|10,14,19,26,30,33
3,17,19,23,26,31|7,11,12,18,25,34|10,27,30,32,33,40
2,10,14,18,33,38|3,17,19,23,25,26|7,12,20,27,34,40
1,6,13,14,28,34|2,3,11,29,31,39|8,15,17,21,26,40
1,6,13,15,20,34|2,3,11,29,31,39|8,9,21,25,28,40
1,6,13,22,31,34|2,3,14,16,25,29|8,15,17,21,26,40
1,6,21,25,34,40|2,3,11,29,31,39|8,9,13,15,20,28
1,6,28,34,39,40|2,3,14,16,25,29|9,11,15,20,21,33
1,11,13,14,31,34|2,3,6,15,16,17|8,9,20,25,39,40
1,11,13,15,22,34|2,3,6,14,17,21|8,9,20,25,39,40
1,11,13,16,32,38|2,3,6,14,17,21|8,9,20,25,39,40
1,11,31,34,39,40|2,3,6,14,17,21|8,9,13,15,20,28
1,13,14,31,32,38|2,3,6,15,16,17|8,9,20,25,39,40
1,13,15,22,32,38|2,3,6,14,17,21|8,9,20,25,39,40
1,14,16,25,34,40|2,3,6,28,29,39|9,11,15,20,21,33
1,14,20,34,39,40|2,3,6,15,16,17|8,9,11,13,25,31
1,14,21,28,34,40|2,3,6,15,16,17|8,9,11,13,25,31
1,15,16,28,34,40|2,3,6,14,17,21|8,9,11,13,25,31
1,15,20,21,34,40|2,3,6,28,29,39|8,9,11,13,25,31
1,21,22,31,34,40|2,3,6,15,16,17|8,9,13,14,20,25
1,31,32,38,39,40|2,3,6,14,17,21|8,9,13,15,20,28
2,3,6,14,17,21|8,9,11,13,25,31|15,16,22,26,29,33
2,3,6,15,16,17|8,9,11,13,25,31|14,21,22,26,29,33
2,3,6,28,29,39|8,9,11,13,25,31|15,17,20,21,32,33
2,3,11,29,31,39|6,8,9,13,25,28|15,17,20,21,32,33
2,3,14,20,29,39|6,8,9,11,21,27|15,16,17,28,32,33
2,3,15,16,28,29|6,8,9,11,21,27|14,17,20,32,33,39
2,3,15,20,21,29|6,8,9,13,25,28|11,17,31,32,33,39
2,3,21,22,29,31|6,8,9,13,25,28|14,17,20,32,33,39
6,8,9,11,21,27|13,14,20,25,29,38|15,16,17,28,32,33
6,8,9,13,25,28|11,14,16,27,29,38|15,17,20,21,32,33
6,8,9,16,22,27|11,13,14,17,31,38|20,25,29,32,33,39
6,8,17,21,27,32|9,11,14,16,25,33|13,15,20,28,29,38
6,10,14,21,34,40|8,9,11,13,25,31|15,16,17,28,32,33
6,10,15,16,34,40|8,9,11,13,25,31|14,17,20,32,33,39
6,11,21,27,29,38|8,9,13,14,20,25|15,16,17,28,32,33
6,13,14,17,28,38|8,9,20,25,39,40|11,15,21,26,29,33
6,13,15,17,20,38|8,9,11,14,16,27|21,25,28,29,32,33
6,13,17,22,31,38|8,9,11,14,16,27|20,25,29,32,33,39
6,13,25,28,29,38|8,9,11,14,16,27|15,17,20,21,32,33
6,16,22,27,29,38|8,9,11,13,25,31|14,17,20,32,33,39
6,17,21,25,32,33|8,9,11,14,16,27|13,15,20,28,29,38
6,17,28,32,33,39|8,9,11,13,25,31|14,15,22,27,29,38
6,17,28,38,39,40|8,9,11,13,25,31|14,21,22,26,29,33
6,22,26,29,33,39|8,9,11,13,25,31|14,17,21,28,38,40
8,9,11,14,16,27|13,15,20,28,29,38|17,21,22,31,32,33
8,9,13,15,20,28|11,14,16,27,29,38|17,21,22,31,32,33
8,9,13,22,28,31|11,14,16,27,29,38|15,17,20,21,32,33
8,9,20,25,39,40|11,13,14,17,31,38|15,16,22,26,29,33
8,9,21,25,28,40|11,13,14,17,31,38|15,16,22,26,29,33
8,13,14,25,26,29|9,11,15,16,28,33|17,21,22,31,38,40
8,13,15,26,28,29|9,11,14,16,25,33|17,21,22,31,38,40
8,14,16,17,27,32|9,11,15,20,21,33|13,22,28,29,31,38
8,15,17,21,26,40|9,11,14,16,25,33|13,22,28,29,31,38
8,16,25,27,29,32|9,11,14,20,33,39|17,21,22,31,38,40
8,20,27,29,32,39|9,11,14,16,25,33|17,21,22,31,38,40
1,2,3,14,32,39|6,8,9,15,25,27|11,13,16,17,20,38|21,22,26,29,31,33
1,2,3,15,21,32|6,8,9,16,27,28|10,11,14,34,39,40|13,20,25,29,31,38
1,6,13,22,25,34|2,3,11,14,17,39|9,15,16,20,28,33
1,6,13,28,31,34|2,3,11,14,17,39|10,15,21,32,38,40
1,6,14,15,27,34|2,3,11,25,29,39|9,16,22,28,31,33
1,8,13,16,26,32|2,3,6,17,21,31|9,11,22,28,33,39
1,11,13,14,25,34|2,3,6,17,21,31|9,15,16,20,28,33
1,11,13,15,28,34|2,3,6,17,21,31|8,9,14,16,20,27
1,11,13,16,20,34|2,3,6,17,21,31|8,9,14,15,27,28
1,11,25,34,39,40|2,3,6,17,21,31|8,9,14,15,27,28
1,13,14,20,31,34|2,3,6,17,22,39|10,15,21,32,38,40
1,13,14,25,32,38|2,3,6,17,21,31|9,11,22,28,33,39
1,13,15,20,22,34|2,3,6,17,21,31|8,14,16,26,27,29
1,13,15,28,32,38|2,3,6,17,21,31|8,9,14,16,20,27
1,13,16,20,32,38|2,3,6,17,21,31|8,9,14,15,27,28
1,16,25,31,34,40|2,3,6,17,22,39|8,9,14,15,27,28
1,20,31,34,39,40|2,3,11,15,17,21|6,8,9,16,27,28
1,21,22,25,34,40|2,3,11,14,17,39|6,8,9,16,27,28
1,21,28,31,34,40|2,3,6,17,22,39|8,9,14,16,20,27
1,22,28,34,39,40|2,3,6,17,21,31|8,9,14,16,20,27
1,25,32,38,39,40|2,3,6,17,21,31|8,9,14,15,27,28
2,3,6,17,21,31|8,9,13,22,25,28|10,11,14,34,39,40
2,3,6,17,22,39|8,9,11,16,27,31|10,15,21,32,38,40
2,3,11,14,17,39|6,8,9,15,25,27|21,22,26,29,31,33
2,3,11,15,17,21|6,8,9,16,27,28|10,14,32,38,39,40
2,3,11,25,29,39|6,8,9,16,27,28|10,14,21,22,34,40
2,3,14,17,21,22|6,8,9,15,25,27|11,26,29,31,33,39
2,3,15,16,17,22|6,8,9,20,21,27|10,11,14,34,39,40
2,3,16,25,29,31|6,8,9,20,21,27|10,11,14,34,39,40
2,3,20,29,31,39|6,8,9,15,25,27|10,14,21,22,34,40
2,3,21,22,25,29|6,8,9,16,27,28|10,11,14,34,39,40
2,3,21,28,29,31|6,8,9,15,25,27|10,11,14,34,39,40
2,3,22,28,29,39|6,8,9,15,25,27|10,14,16,31,34,40
6,8,9,15,25,27|10,11,14,34,39,40|17,21,28,31,32,33
6,8,9,16,27,28|10,11,14,34,39,40|13,15,17,20,22,38
6,8,9,20,21,27|10,11,14,34,39,40|13,22,25,28,29,38
6,8,21,26,27,29|9,11,16,25,31,33|10,14,32,38,39,40
6,9,20,28,33,39|8,11,13,16,17,26|10,14,21,22,34,40
6,10,11,13,15,34|8,9,14,16,20,27|17,21,22,25,32,33
6,10,13,14,22,34|8,9,11,16,27,31|15,20,21,26,29,33
6,10,13,15,32,38|8,9,11,16,27,31|14,20,26,29,33,39
6,10,21,31,34,40|8,9,13,22,25,28|14,16,20,27,29,38
6,10,22,34,39,40|8,9,11,16,27,31|14,21,26,28,29,33
6,13,17,22,25,38|8,9,11,16,27,31|14,20,26,29,33,39
6,13,17,28,31,38|8,9,11,21,22,27|14,16,25,26,29,33
6,14,17,21,26,33|8,9,11,16,27,31|13,22,25,28,29,38
6,15,16,17,26,33|8,9,11,21,22,27|10,14,32,38,39,40
6,15,25,27,29,38|8,11,13,16,17,26|9,14,20,21,28,33
6,16,27,28,29,38|8,9,13,20,25,31|10,11,14,34,39,40
6,20,21,27,29,38|8,9,13,22,25,28|10,11,14,34,39,40
6,21,25,26,29,33|8,9,11,16,27,31|10,14,32,38,39,40
6,26,28,29,33,39|8,9,11,16,27,31|10,14,21,22,34,40
8,9,13,20,25,31|10,11,14,34,39,40|15,16,26,28,29,33
8,9,13,22,25,28|10,11,14,34,39,40|15,20,21,26,29,33
8,9,14,15,27,28|11,13,16,17,20,38|21,22,26,29,31,33
8,9,14,16,20,27|10,11,15,21,34,40|13,22,25,28,29,38
8,13,15,17,22,26|9,11,16,25,31,33|10,14,32,38,39,40
8,13,25,26,29,31|9,11,22,28,33,39|10,15,21,32,38,40
8,14,16,26,27,29|9,11,20,31,33,39|10,15,21,32,38,40
8,17,26,31,39,40|9,11,21,22,25,33|14,15,27,28,29,38
1,6,11,13,15,34|2,3,14,16,29,31|8,9,21,22,25,40
1,6,13,14,22,34|2,3,11,15,21,29|8,9,16,25,31,40
1,6,13,15,32,38|2,3,11,14,29,39|8,9,16,25,31,40
1,6,21,31,34,40|2,3,11,14,29,39|8,9,13,15,20,22
1,6,22,34,39,40|2,3,11,15,21,29|8,9,13,14,20,31
1,11,14,34,39,40|2,3,6,21,29,31|8,9,13,15,20,22
1,11,15,21,34,40|2,3,6,22,29,39|8,9,13,14,20,31
1,14,16,31,34,40|2,3,6,22,29,39|8,9,11,13,15,28
1,14,21,22,34,40|6,8,9,13,28,31|11,25,29,32,33,39
1,14,32,38,39,40|2,3,6,21,29,31|8,9,11,13,15,28
1,15,16,22,34,40|2,3,6,21,29,31|8,9,11,13,14,25
1,15,21,32,38,40|2,3,6,22,29,39|8,9,11,13,14,25
2,3,6,21,29,31|8,9,11,13,14,25|15,16,17,22,32,33
2,3,11,15,21,29|6,8,9,13,22,25|14,16,17,31,32,33
2,3,14,16,29,31|6,8,9,13,22,25|11,15,17,21,32,33
2,3,15,16,22,29|6,8,9,13,28,31|11,14,17,32,33,39
6,8,9,13,22,25|11,14,17,32,33,39|21,28,29,31,38,40
6,8,9,13,28,31|11,14,17,32,33,39|21,22,25,29,38,40
6,9,11,21,31,33|8,13,14,17,25,32|22,28,29,38,39,40
6,9,11,22,33,39|8,13,14,17,25,32|21,28,29,31,38,40
6,9,15,16,20,33|8,11,27,29,32,39|14,17,21,22,38,40
6,11,13,15,17,38|8,9,16,25,31,40|22,28,29,32,33,39
6,13,14,17,22,38|8,9,11,25,39,40|21,28,29,31,32,33
6,13,22,25,29,38|8,9,20,31,39,40|11,15,17,21,32,33
6,13,28,29,31,38|8,9,11,25,39,40|14,17,21,22,32,33
6,17,21,31,32,33|8,9,11,13,14,25|22,28,29,38,39,40
6,17,21,31,38,40|8,9,11,13,14,25|22,28,29,32,33,39
6,17,22,32,33,39|8,9,11,13,14,25|21,28,29,31,38,40
6,17,22,38,39,40|8,9,11,13,14,25|21,28,29,31,32,33
8,9,11,13,14,25|15,16,17,22,32,33|20,29,31,38,39,40
8,9,11,13,15,28|14,16,17,31,32,33|21,22,25,29,38,40
8,9,11,25,39,40|13,14,20,29,31,38|15,16,17,22,32,33
8,9,13,14,20,31|11,15,17,21,32,33|22,28,29,38,39,40
8,9,13,14,22,28|11,15,17,21,32,33|16,25,29,31,38,40
8,9,13,15,20,22|11,14,17,32,33,39|16,25,29,31,38,40
8,9,16,25,31,40|11,13,15,28,29,38|14,17,21,22,32,33
8,9,20,31,39,40|11,13,14,25,29,38|15,16,17,22,32,33
8,9,21,22,25,40|11,13,15,28,29,38|14,16,17,31,32,33
8,9,21,28,31,40|11,13,14,25,29,38|15,16,17,22,32,33
8,13,14,17,25,32|9,11,15,16,22,33|20,29,31,38,39,40
8,13,15,17,28,32|9,11,14,16,31,33|21,22,25,29,38,40
8,17,25,32,39,40|9,11,14,16,31,33|13,15,20,22,29,38
1,2,3,15,21,26|6,10,13,25,28,34|11,17,20,27,38,39
1,11,20,27,34,39|2,3,17,21,25,28|6,10,13,15,26,38
1,16,20,27,31,34|2,3,17,21,25,28|6,10,13,15,26,38
1,2,3,25,32,39|6,8,17,21,26,27|10,11,13,15,28,34
1,6,15,25,27,34|2,3,10,14,32,39|17,21,22,26,31,33
1,6,16,27,28,34|2,3,10,14,32,39|8,13,17,25,26,31
1,6,20,21,27,34|2,3,10,14,32,39|8,13,17,25,26,31
1,11,13,16,26,38|2,3,10,14,32,39|8,9,15,25,27,28
1,11,16,27,31,34|2,3,10,14,32,39|6,17,21,25,26,33
1,11,21,22,27,34|2,3,10,14,32,39|8,13,17,25,26,31
1,11,27,32,38,39|2,3,16,17,25,31|10,13,14,22,28,34
1,13,14,26,31,38|2,3,10,15,21,32|8,9,16,20,25,27
1,13,15,22,26,38|2,3,10,14,32,39|8,9,16,20,25,27
1,13,20,25,31,34|2,3,10,14,32,39|6,8,17,21,26,27
1,13,22,25,28,34|2,3,10,14,32,39|6,8,17,21,26,27
1,14,15,27,28,34|2,3,11,17,25,39|8,10,13,16,26,32
1,14,16,20,27,34|2,3,10,15,21,32|6,17,26,28,33,39
1,15,22,27,31,34|2,3,10,14,32,39|6,17,21,25,26,33
1,16,27,31,32,38|2,3,11,17,25,39|10,13,14,22,28,34
1,21,22,27,32,38|2,3,11,17,25,39|6,10,13,28,31,34
1,26,31,32,33,39|2,3,17,21,22,25|6,10,14,15,27,34
1,26,31,38,39,40|2,3,10,15,21,32|8,9,16,20,25,27
2,3,10,15,21,32|6,16,17,27,28,38|20,25,26,29,33,39
2,3,17,20,31,39|6,10,13,22,25,34|8,21,26,27,28,29
2,3,17,21,22,25|6,10,13,28,31,34|8,20,26,27,29,39
2,3,17,21,28,31|6,10,13,22,25,34|8,20,26,27,29,39
6,10,13,22,25,34|8,9,20,21,27,28|11,17,26,31,33,39
8,9,15,25,27,28|10,11,13,16,20,34|17,21,22,26,31,33
8,9,16,20,25,27|10,11,13,15,28,34|17,21,22,26,31,33
8,10,13,16,26,32|9,20,21,25,28,33|15,17,22,27,31,38
10,13,14,22,28,34|11,16,17,27,31,38|20,25,26,29,33,39
10,13,15,20,22,34|11,16,17,27,31,38|21,25,26,28,29,33
1,2,3,31,32,39|6,10,13,14,28,34|8,9,11,16,25,27
1,6,11,21,27,34|2,3,14,16,17,25|9,20,22,28,33,39
1,6,13,15,26,38|2,3,11,17,31,39|8,9,16,22,27,28
1,6,13,25,28,34|2,3,11,17,31,39|8,9,20,21,22,27
1,6,15,27,31,34|2,3,14,16,17,25|9,20,22,28,33,39
1,6,21,27,32,38|2,3,11,17,31,39|9,16,22,25,28,33
1,8,9,10,14,39|2,3,6,17,21,25|15,27,28,29,31,38
1,8,9,10,15,21|2,3,6,17,28,39|11,16,25,27,29,38
1,10,14,29,38,39|2,3,6,17,21,25|8,9,15,27,28,31
1,10,15,21,29,38|2,3,6,17,28,39|8,9,11,16,25,27
1,11,13,25,31,34|2,3,6,17,28,39|8,9,20,21,22,27
1,11,14,16,27,34|2,3,6,17,21,25|9,20,22,28,33,39
1,13,14,20,25,34|2,3,6,17,28,39|8,16,26,27,29,31
1,13,15,20,28,34|2,3,6,17,21,25|8,11,26,27,29,39
1,13,22,28,31,34|2,3,6,17,21,25|8,9,11,20,27,39
1,13,25,31,32,38|2,3,6,17,28,39|8,9,20,21,22,27
1,14,15,22,27,34|2,3,6,17,21,25|10,11,13,16,32,38|20,26,29,31,33,39
1,14,16,27,32,38|2,3,6,17,21,25|9,20,22,28,33,39
1,14,26,32,33,39|2,3,6,17,21,25|8,9,15,27,28,31
1,14,26,38,39,40|2,3,6,17,21,25|8,9,15,27,28,31
1,15,21,26,32,33|2,3,6,17,28,39|8,9,11,16,25,27
1,15,21,26,38,40|2,3,6,17,28,39|8,9,11,16,25,27
1,20,25,34,39,40|2,3,14,17,21,28|8,16,26,27,29,31|10,13,15,22,32,38
1,21,25,28,34,40|2,3,11,17,31,39|10,13,15,22,32,38
2,3,6,17,21,25|8,9,11,20,27,39|10,13,14,31,32,38
2,3,6,17,28,39|8,9,11,16,25,27|10,13,14,31,32,38
2,3,11,17,31,39|6,10,13,14,28,34|8,9,15,22,25,27
2,3,14,16,17,25|6,10,13,15,20,34|8,9,11,21,27,28
2,3,14,17,20,39|6,10,13,22,31,34|8,9,11,16,25,27
2,3,14,17,21,28|6,10,13,15,20,34|8,9,11,16,25,27
2,3,15,16,17,28|6,10,13,22,31,34|8,9,11,20,27,39
2,3,15,17,20,21|6,10,13,14,28,34|8,9,11,16,25,27
2,3,17,21,22,31|6,10,13,14,28,34|8,9,11,16,25,27
2,3,20,25,29,39|6,10,13,14,28,34|11,15,17,21,26,33
2,3,21,25,28,29|6,10,13,15,20,34|11,14,16,17,27,38
6,10,13,14,28,34|8,9,11,16,25,27|20,26,29,31,33,39
6,10,13,15,20,34|8,9,11,16,25,27|14,17,21,22,26,33
6,10,21,25,34,40|8,9,11,20,27,39|13,17,22,28,31,38
6,10,28,34,39,40|8,9,11,16,25,27|14,17,21,22,26,33
6,11,17,21,27,38|9,15,25,28,31,33|10,14,20,34,39,40
6,13,17,25,28,38|8,9,11,20,27,39|10,21,22,31,34,40
6,15,17,27,31,38|9,11,20,25,33,39|10,14,21,28,34,40
6,16,17,22,27,38|9,11,20,25,33,39|10,14,21,28,34,40
6,17,21,26,31,33|8,9,11,16,25,27|10,13,15,22,32,38
6,17,22,26,33,39|8,9,11,16,25,27|10,13,14,31,32,38
8,9,11,16,25,27|10,13,14,31,32,38|22,26,28,29,33,39
8,9,11,20,27,39|10,13,14,31,32,38|15,16,17,22,26,33
8,9,11,21,27,28|10,13,14,31,32,38|15,16,17,22,26,33
8,9,15,27,28,31|10,11,13,16,32,38|14,17,21,22,26,33
8,9,16,20,27,31|10,11,13,15,22,34|17,21,25,28,32,33
8,9,16,22,27,28|10,11,13,14,31,34|17,20,25,32,33,39
8,13,15,17,26,28|9,11,20,25,33,39|10,21,22,31,34,40
8,13,16,17,20,26|9,11,21,25,28,33|10,31,32,38,39,40
8,16,17,25,27,32|9,20,21,28,31,33|10,11,13,15,22,34
8,16,26,27,29,31|9,11,20,25,33,39|10,13,15,22,32,38
8,17,25,26,39,40|9,20,21,28,31,33|10,11,13,15,22,34
8,21,22,26,27,29|9,11,20,25,33,39|10,13,14,31,32,38
10,15,20,21,34,40|11,13,17,25,31,38|22,26,28,29,33,39
2,14,19,21,22,30|6,8,15,16,18,34|17,23,29,31,39,40
2,15,16,19,22,30|6,8,14,18,21,34|17,23,29,31,39,40
3,15,21,30,32,40|6,8,19,22,34,39|11,13,16,17,23,29
1,6,9,13,15,23|2,11,14,18,30,39|8,19,21,22,31,34
1,8,13,16,29,38|2,6,18,21,30,31|11,14,33,34,39,40
1,9,14,23,39,40|2,6,18,21,30,31|8,15,16,19,28,34
1,9,15,21,23,40|2,6,18,22,30,39|8,14,16,19,25,34
2,6,19,21,25,30|8,11,14,18,34,39|13,15,17,23,28,29
2,6,19,28,30,39|8,11,15,18,21,34|13,14,17,23,25,29
2,11,14,18,30,39|6,8,19,21,25,34|13,15,17,23,28,29
2,11,15,18,21,30|6,8,19,28,34,39|13,14,17,23,25,29
2,11,19,30,31,39|6,13,14,22,33,34|8,15,18,21,32,38
2,14,16,18,30,31|6,8,19,21,25,34|13,15,17,23,28,29
2,14,16,19,25,30|6,8,18,21,31,34|13,15,17,23,28,29
2,14,18,21,22,30|6,8,19,28,34,39|13,16,17,20,23,29
2,14,19,20,30,39|6,8,18,21,31,34|13,15,17,23,28,29
2,14,19,21,28,30|6,8,18,22,34,39|13,16,17,20,23,29
2,15,16,18,22,30|6,8,19,21,25,34|14,32,33,38,39,40
2,15,16,19,28,30|6,8,18,21,31,34|13,14,17,23,25,29
2,15,19,20,21,30|6,8,18,22,34,39|13,14,17,23,25,29
2,19,21,22,30,31|6,11,13,15,33,34|8,14,18,32,38,39
3,11,13,16,30,32|6,8,18,21,31,34|17,23,25,29,39,40
3,13,15,22,30,32|6,8,18,21,31,34|17,23,25,29,39,40
3,30,31,32,39,40|6,8,19,21,25,34|13,15,17,23,28,29
6,8,18,22,34,39|13,14,17,23,25,29|15,21,32,33,38,40
6,8,19,21,25,34|13,15,17,23,28,29|14,32,33,38,39,40
6,8,19,28,34,39|13,14,17,23,25,29|15,21,32,33,38,40
6,13,14,22,33,34|8,15,18,21,32,38|17,23,25,29,39,40
6,21,31,33,34,40|8,14,18,32,38,39|13,15,17,23,28,29
6,22,33,34,39,40|8,15,18,21,32,38|13,14,17,23,25,29
8,11,19,31,34,39|13,14,17,23,25,29|15,21,32,33,38,40
8,14,18,32,38,39|11,15,21,33,34,40|13,16,17,20,23,29
8,15,18,21,32,38|11,14,33,34,39,40|13,16,17,20,23,29
8,19,31,32,38,39|11,15,21,33,34,40|13,14,17,23,25,29
1,3,29,30,31,39|6,8,18,21,25,34|11,13,16,32,33,38
1,8,9,14,33,39|2,6,18,21,25,30|10,13,16,23,29,32
1,8,9,15,21,33|2,6,18,28,30,39|10,13,16,23,29,32
1,9,11,13,16,23|2,6,18,21,25,30|8,19,20,31,34,39
1,9,13,14,23,31|2,6,18,21,25,30|8,19,22,28,34,39
1,9,13,15,22,23|2,6,18,21,25,30|8,14,16,27,34,40
1,13,16,17,23,32|2,6,18,21,25,30|8,19,20,31,34,39
2,3,8,13,16,32|6,17,21,23,27,29|11,31,33,34,39,40
2,6,18,21,25,30|8,14,16,27,34,40|13,15,22,32,33,38
2,6,18,28,30,39|8,13,25,31,34,40|14,16,17,23,27,29
2,6,21,27,30,40|8,11,18,31,34,39|10,13,16,23,29,32
2,7,12,14,29,39|3,13,15,28,30,32|6,8,18,21,25,34
2,7,12,15,21,29|3,13,14,25,30,32|6,8,18,28,34,39
2,11,18,30,31,39|6,8,21,27,34,40|10,13,16,23,29,32
2,11,19,25,30,39|6,8,21,27,34,40|10,13,16,23,29,32
2,13,25,30,31,40|6,8,18,28,34,39|14,16,17,23,27,29
2,14,16,18,25,30|6,8,21,27,34,40|13,15,22,32,33,38
2,14,16,27,30,40|6,8,18,21,25,34|13,15,22,32,33,38
2,14,18,20,30,39|6,8,21,27,34,40|10,13,16,23,29,32
2,14,18,21,28,30|6,13,15,20,33,34|8,19,25,32,38,39
2,15,16,18,28,30|6,8,21,27,34,40|13,14,31,32,33,38
2,15,18,20,21,30|6,13,14,28,33,34|8,19,25,32,38,39
2,16,19,25,30,31|6,8,18,28,34,39|13,15,22,32,33,38
2,18,21,22,30,31|6,13,14,28,33,34|8,19,25,32,38,39
2,19,20,30,31,39|6,8,18,21,25,34|10,13,16,23,29,32
2,19,21,22,25,30|6,8,18,28,34,39|10,13,16,23,29,32
2,19,21,28,30,31|6,13,15,20,33,34|14,16,17,23,27,29
2,19,22,28,30,39|6,8,18,21,25,34|10,13,16,23,29,32
3,13,15,28,30,32|6,8,18,21,25,34|14,16,17,23,27,29
6,13,15,20,33,34|8,18,31,32,38,39|14,16,17,23,27,29
6,13,22,31,33,34|8,19,25,32,38,39|14,16,17,23,27,29
6,17,21,23,27,29|8,11,18,31,34,39|13,15,22,32,33,38
6,21,25,33,34,40|8,18,31,32,38,39|14,16,17,23,27,29
8,18,31,32,38,39|11,13,15,22,33,34|14,16,17,23,27,29
1,3,14,17,30,39|6,8,13,22,27,34|9,10,15,21,23,40
1,3,15,17,21,30|2,7,12,29,31,39|6,8,13,22,27,34
1,3,25,29,30,39|6,8,13,22,27,34|9,10,15,21,23,40
1,8,9,31,33,39|2,3,6,13,15,38|17,21,22,23,27,29
1,8,13,16,17,38|2,3,14,32,33,39|9,10,15,21,23,40
1,9,13,14,23,25|2,3,15,21,32,33|8,11,27,34,39,40
1,9,13,15,23,28|2,3,14,32,33,39|8,16,18,25,31,34
1,9,13,16,20,23|2,3,14,32,33,39|8,15,19,21,26,38
1,9,23,25,39,40|2,3,6,13,15,38|8,18,21,28,31,34
1,13,16,23,26,29|2,3,14,32,33,39|8,18,21,22,25,34
1,23,27,29,32,39|2,3,6,13,15,38|8,16,18,25,31,34
1,29,31,33,38,39|2,6,13,22,27,30|8,19,21,25,28,34
2,3,6,13,15,38|8,11,18,25,34,39|16,17,23,27,29,31
2,3,14,32,33,39|6,8,13,22,27,34|9,10,15,21,23,40
2,3,14,38,39,40|6,8,13,22,27,34|15,18,21,23,26,32
2,3,15,21,32,33|6,8,13,22,27,34|9,10,14,23,39,40
2,3,15,21,38,40|6,8,13,22,27,34|14,18,23,26,32,39
2,6,13,22,27,30|8,11,18,25,34,39|9,10,15,21,23,40
2,7,12,29,31,39|3,6,13,15,26,30|8,18,21,22,25,34
2,11,13,14,27,30|8,15,19,21,26,38|16,25,31,33,34,40
2,11,18,25,30,39|6,8,13,22,27,34|9,10,15,21,23,40
2,11,27,30,39,40|6,9,10,13,15,23|8,16,18,25,31,34
2,16,18,25,30,31|6,8,13,22,27,34|9,10,14,23,39,40
2,16,27,30,31,40|6,9,10,13,15,23|8,11,18,25,34,39
2,18,20,30,31,39|6,8,13,22,27,34|9,10,15,21,23,40
2,18,21,22,25,30|6,9,10,13,15,23|8,11,27,34,39,40
2,18,21,28,30,31|6,8,13,22,27,34|9,10,14,23,39,40
2,18,22,28,30,39|6,9,10,13,15,23|8,16,27,31,34,40
2,19,20,25,30,39|6,8,13,22,27,34|9,10,15,21,23,40
2,19,21,25,28,30|6,8,13,22,27,34|9,10,14,23,39,40
2,21,22,27,30,40|6,9,10,13,15,23|8,11,18,25,34,39
3,6,13,15,26,30|8,11,18,25,34,39|16,17,23,27,29,31
3,6,21,27,30,32|8,10,13,16,29,38|11,25,33,34,39,40
3,10,14,29,30,39|6,8,13,22,27,34|15,18,21,23,26,32
3,10,15,21,29,30|6,8,13,22,27,34|14,18,23,26,32,39
3,14,16,27,30,32|6,9,10,13,15,23|8,11,18,25,34,39
6,13,22,25,33,34|8,14,19,26,38,39|9,10,15,21,23,40
6,13,28,31,33,34|8,14,19,26,38,39|9,10,15,21,23,40
6,14,15,27,33,34|8,10,13,16,29,38|19,23,26,31,32,39
8,10,13,16,29,38|11,25,33,34,39,40|15,18,21,23,26,32
8,11,18,25,34,39|9,10,15,21,23,40|13,16,20,32,33,38
8,14,19,26,38,39|9,10,15,21,23,40|11,13,16,20,33,34
8,15,19,21,26,38|9,10,14,23,39,40|11,13,16,20,33,34
8,16,18,25,31,34|9,10,14,23,39,40|13,15,28,32,33,38
8,18,20,31,34,39|9,10,15,21,23,40|13,14,25,32,33,38
8,18,21,22,25,34|9,10,14,23,39,40|13,15,28,32,33,38
8,18,21,28,31,34|9,10,14,23,39,40|13,16,20,32,33,38
8,18,22,28,34,39|9,10,15,21,23,40|13,14,25,32,33,38
8,18,25,32,38,39|9,10,15,21,23,40|11,13,16,20,33,34
8,19,21,25,28,34|9,10,14,23,39,40|13,16,20,32,33,38
1,3,17,30,31,39|6,8,13,27,28,34|10,15,21,29,33,38
1,6,9,21,23,27|2,3,11,13,16,38|8,18,20,25,34,39
1,8,9,25,33,39|2,3,11,13,16,38|17,21,23,27,28,29
1,8,27,29,38,39|2,7,12,15,17,21|3,11,13,16,26,30
1,9,13,23,25,31|2,7,12,14,17,39|3,21,22,27,30,32
1,9,14,16,23,27|2,3,13,15,22,38|8,18,20,25,34,39
1,15,17,21,33,38|2,6,13,27,28,30|8,18,20,25,34,39
2,3,11,13,16,38|6,15,27,31,33,34|19,23,25,26,32,39
2,3,13,14,31,38|6,11,21,27,33,34|19,23,25,26,32,39
2,3,13,15,22,38|6,11,21,27,33,34|9,10,23,31,39,40
2,7,12,14,17,39|3,11,13,16,26,30|6,15,27,31,33,34
2,7,12,15,17,21|3,10,29,30,31,39|6,8,13,27,28,34
2,7,12,25,29,39|3,11,13,16,26,30|6,15,27,31,33,34
2,13,14,20,27,30|8,9,10,15,21,33|18,23,26,31,32,39
2,18,20,25,30,39|6,8,13,27,28,34|10,15,21,29,33,38
2,18,21,25,28,30|6,13,15,26,33,38|8,20,27,34,39,40
2,20,27,30,39,40|6,13,15,26,33,38|8,18,21,25,28,34
2,21,27,28,30,40|6,13,15,26,33,38|8,18,20,25,34,39
3,10,29,30,31,39|6,8,13,27,28,34|15,21,26,33,38,40
3,11,27,30,32,39|6,13,15,26,33,38|8,18,21,25,28,34
3,13,15,22,26,30|6,11,21,27,33,34|9,10,23,31,39,40
3,16,27,30,31,32|6,13,15,26,33,38|8,18,20,25,34,39
3,21,22,27,30,32|6,13,15,26,33,38|8,18,20,25,34,39
3,26,30,31,39,40|6,8,13,27,28,34|10,15,21,29,33,38
6,11,21,27,33,34|8,14,18,26,38,39|9,10,13,15,22,23
6,15,27,31,33,34|8,14,18,26,38,39|9,10,11,13,16,23
6,21,27,32,33,38|8,18,20,25,34,39|9,10,11,13,16,23
8,14,18,26,38,39|9,10,11,13,16,23|21,25,28,33,34,40
8,15,18,21,26,38|9,10,11,13,16,23|20,25,33,34,39,40
8,18,20,25,34,39|9,10,11,13,16,23|15,21,26,33,38,40
8,18,21,25,28,34|9,10,11,13,16,23|14,26,33,38,39,40
8,19,26,31,38,39|9,10,11,13,16,23|14,15,22,27,33,34
1,2,10,13,16,30|6,15,25,27,33,34|8,18,26,31,38,39
1,9,21,22,23,27|2,3,8,13,16,26|10,29,31,33,38,39
2,3,13,15,28,38|6,20,21,27,33,34|9,10,23,25,39,40
2,7,12,17,31,39|3,13,14,25,26,30|6,16,27,28,33,34
3,10,15,17,21,30|6,16,27,28,33,34|8,18,26,31,38,39
3,13,15,26,28,30|6,20,21,27,33,34|9,10,23,25,39,40
6,16,27,28,33,34|8,18,26,31,38,39|9,10,13,14,23,25
6,20,21,27,33,34|8,10,13,16,17,38|18,23,25,26,32,39
8,10,13,16,17,38|11,21,22,27,33,34|18,23,25,26,32,39
8,18,26,31,38,39|9,10,13,14,23,25|11,21,22,27,33,34
8,19,25,26,38,39|9,10,13,15,23,28|11,16,27,31,33,34
1,8,17,27,38,39|2,3,15,21,26,33|9,10,13,23,25,31
1,2,13,15,23,26|3,6,8,10,34,39|7,12,21,25,32,38
1,3,8,21,25,34|2,15,17,23,27,31|7,12,28,32,38,39
1,3,8,28,34,39|2,11,17,21,23,27|6,10,13,25,30,38
1,11,21,27,30,38|2,13,17,23,25,28|3,6,8,10,34,39
1,13,25,28,30,38|2,11,17,21,23,27|3,6,8,10,34,39
1,15,27,30,31,38|2,13,17,23,25,28|3,6,8,10,34,39
1,16,22,27,30,38|2,13,17,23,25,28|3,6,8,10,34,39
1,21,26,30,31,33|2,8,10,13,15,38|3,9,16,23,25,28|7,12,20,22,34,39
1,22,26,30,33,39|2,8,10,13,15,38|3,9,16,23,25,28|7,12,20,21,31,34
2,8,10,13,15,38|3,6,17,23,26,39|7,11,12,21,25,34
2,15,17,23,27,31|3,6,8,10,34,39|7,12,21,25,32,38
2,16,17,22,23,27|3,6,8,10,34,39|7,12,21,25,32,38
3,6,17,23,26,39|7,11,12,21,25,34|10,13,14,28,30,38
3,9,16,23,25,28|7,12,20,21,31,34|8,10,13,15,26,30
3,9,20,21,23,25|7,11,12,28,34,39|8,10,13,15,26,30
3,14,17,21,23,26|6,10,13,25,30,38|7,11,12,28,34,39
3,15,16,17,23,26|6,10,13,25,30,38|7,11,12,28,34,39
3,21,23,25,26,29|7,11,12,28,34,39|10,13,15,20,30,38
3,23,26,28,29,39|6,10,13,25,30,38|7,12,20,21,31,34
1,2,8,21,27,38|3,17,22,23,26,39|7,12,16,25,28,34
1,8,21,26,27,30|2,6,10,33,38,39|7,12,16,25,28,34
1,21,25,26,30,33|2,16,17,23,27,28|3,8,10,22,34,39
1,26,28,30,33,39|2,15,17,23,25,27|3,8,10,21,31,34
2,6,10,33,38,39|3,17,21,23,26,31|7,12,16,25,28,34
2,10,14,21,33,38|3,17,22,23,26,39|7,12,16,25,28,34
2,10,15,16,33,38|3,17,21,23,26,31|7,12,20,28,34,39
2,15,17,23,25,27|3,8,10,21,31,34|6,7,12,26,38,39
2,16,17,23,27,28|3,8,10,21,31,34|6,7,12,26,38,39
2,17,20,21,23,27|3,8,10,22,34,39|7,12,15,16,26,38
3,17,21,23,26,31|6,10,16,27,30,38|7,12,20,28,34,39
3,17,22,23,26,39|6,10,16,27,30,38|7,12,20,21,25,34
1,17,18,23,25,29|2,7,12,19,31,32|8,9,11,27,33,40
1,17,23,27,29,40|2,7,12,14,18,32|8,9,19,20,25,33
