3,14,15,19,20,34|6,7,9,11,12,13|10,16,18,22,29,30
3,15,17,29,31,33|6,7,9,11,12,13|14,18,22,27,30,32
3,15,19,31,32,38|6,7,9,11,12,13|10,16,18,22,29,30
3,16,17,22,29,33|6,7,9,11,12,13|14,19,27,28,30,32
3,16,19,22,32,38|6,7,9,11,12,13|10,15,18,29,30,31
1,2,6,13,17,33|3,8,19,21,26,32|7,9,12,15,25,40|10,16,18,28,29,30
1,2,8,17,18,21|3,6,14,27,34,40|7,9,11,12,13,22
1,2,13,28,29,33|3,6,14,18,25,34|7,9,12,20,21,40|10,15,17,19,30,31
1,2,17,21,33,40|3,6,14,18,25,34|7,9,11,12,13,22|19,27,28,30,31,32
1,3,6,9,16,33|2,8,10,18,21,29|7,12,13,17,22,32
1,3,8,9,13,22|2,6,14,19,27,38|7,12,21,26,29,40
1,3,9,14,15,33|2,6,8,13,18,26|10,11,17,19,21,30
1,3,13,22,29,38|2,6,16,19,26,33|7,9,12,15,25,40|14,18,27,28,30,32
1,7,12,17,21,29|2,6,8,13,18,26|3,11,15,19,25,34
1,10,19,21,30,32|2,6,8,13,18,26|3,15,17,25,29,33|7,9,12,16,28,40
1,15,17,18,25,30|2,6,10,13,29,33|3,8,19,21,26,32|7,9,12,16,28,40
1,15,17,27,30,40|2,6,8,13,18,26|3,11,16,19,28,34
1,16,17,18,28,30|2,6,10,13,29,33|3,8,19,21,26,32|7,9,12,15,25,40
1,17,18,20,21,30|2,6,10,13,29,33|3,11,15,19,25,34|7,9,12,16,28,40
2,6,8,13,18,26|3,11,15,19,25,34|7,9,12,16,28,40
2,6,10,13,29,33|3,8,19,21,26,32|7,9,12,15,25,40
2,6,13,18,20,38|3,8,15,17,27,29|7,9,12,16,28,40
2,6,14,19,27,38|3,11,13,28,34,40|10,15,18,25,29,30
2,6,16,19,26,33|3,8,15,17,27,29|7,9,11,12,13,22
2,8,10,18,21,29|3,6,14,27,34,40|7,9,11,12,13,22
2,8,13,19,22,26|3,6,14,18,25,34|7,9,12,16,28,40
2,8,15,18,27,32|3,6,19,25,31,34|7,9,11,12,13,22
2,8,18,21,26,40|3,6,19,25,31,34|7,9,11,12,13,22
2,10,21,29,33,40|3,6,14,18,25,34|7,9,11,12,13,22|19,27,28,30,31,32
2,11,13,18,22,38|3,6,14,27,34,40|10,15,17,19,30,31
2,11,13,19,28,38|3,6,14,18,25,34|7,9,12,20,21,40
2,13,19,20,22,38|3,6,14,18,25,34|7,9,12,16,28,40
2,14,15,19,26,33|3,6,16,18,20,34|7,9,11,12,13,22
2,15,18,25,32,33|3,6,14,27,34,40|7,9,11,12,13,22
2,15,18,25,38,40|3,8,19,21,26,32|6,7,9,12,13,20
2,15,27,32,33,40|3,6,14,18,25,34|7,9,11,12,13,22
2,16,18,28,32,33|3,6,14,27,34,40|7,9,11,12,13,22|10,15,17,19,30,31
2,16,18,28,38,40|3,6,19,25,31,34|7,9,11,12,13,22
2,18,20,21,32,33|3,6,14,27,34,40|7,9,11,12,13,22|10,15,17,19,30,31
2,18,20,21,38,40|3,6,19,25,31,34|7,9,11,12,13,22
3,6,14,18,25,34|7,9,11,12,13,22|10,15,17,19,30,31
3,6,14,27,34,40|7,9,11,12,13,22|10,15,17,19,30,31
3,6,16,18,20,34|7,9,11,12,13,22|10,15,17,19,30,31
3,6,19,25,31,34|7,9,11,12,13,22|10,14,15,17,18,30
3,8,15,17,27,29|6,7,9,12,13,20|16,18,26,28,30,40
3,8,19,21,26,32|6,7,9,12,13,20|10,14,15,17,18,30
3,11,13,28,34,40|6,10,16,17,18,30|7,12,15,27,29,32
3,11,15,18,31,34|6,7,9,12,13,20|10,16,17,19,22,30
3,11,15,19,25,34|6,7,9,12,13,20|10,16,18,28,29,30
3,11,16,18,22,34|6,7,9,12,13,20|10,15,17,19,30,31
3,11,16,19,28,34|6,7,9,12,13,20|10,14,15,17,18,30
3,11,18,21,32,38|6,7,9,12,13,20|10,15,17,19,30,31
3,11,19,20,21,34|6,7,12,13,26,29|10,14,15,17,18,30
3,13,20,22,34,40|6,10,16,17,18,30|7,12,15,27,29,32
3,14,15,18,20,34|6,7,12,13,26,29|10,11,17,19,21,30
3,14,18,22,31,34|6,7,9,12,13,20|10,11,17,19,21,30
3,14,19,22,25,34|6,7,9,12,13,20|10,15,27,29,30,40
3,14,19,28,31,34|6,7,9,12,13,20|10,15,18,25,29,30
3,15,17,25,29,33|6,7,9,12,13,20|14,18,27,28,30,32
3,15,18,31,32,38|6,7,9,12,13,20|10,11,17,19,21,30
3,15,19,20,31,34|6,7,12,13,26,29|14,18,27,28,30,32
3,15,19,25,32,38|6,7,9,12,13,20|10,16,18,28,29,30
3,16,17,28,29,33|6,7,9,12,13,20|15,18,25,26,30,40
3,16,18,22,32,38|6,7,9,12,13,20|10,11,17,19,21,30
3,16,19,20,22,34|6,7,12,13,26,29|10,14,15,17,18,30
3,16,19,28,32,38|6,7,9,12,13,20|10,14,15,17,18,30
3,17,20,21,29,33|6,14,19,26,27,30|7,9,11,12,13,22
3,19,20,21,32,38|6,7,12,13,26,29|10,14,15,17,18,30
1,2,8,18,21,29|3,6,11,13,34,40|14,19,22,27,30,32
1,2,21,29,33,40|3,6,11,16,19,34|13,18,20,22,30,32
1,6,16,17,18,30|2,8,13,19,28,32|7,9,12,14,15,40
1,11,17,19,21,30|2,6,16,18,32,33|7,9,12,14,15,40
1,13,17,22,30,40|2,6,16,18,32,33|3,11,14,15,19,34
1,16,17,19,22,30|2,14,15,18,32,33|3,6,11,13,34,40
1,16,18,28,29,30|2,6,11,13,19,38|7,9,12,14,15,40
1,18,20,21,29,30|2,6,11,13,19,38|7,9,12,14,15,40
2,6,16,18,32,33|3,8,13,17,22,29|7,9,12,14,15,40
2,6,16,18,38,40|3,8,13,17,22,29|11,15,19,27,30,32
2,8,13,18,22,32|3,6,11,16,19,34|7,9,12,14,15,40
2,8,13,19,28,32|3,6,16,17,29,33|7,9,12,14,15,40
2,11,19,21,32,33|3,8,13,17,22,29|6,7,9,12,16,40
2,11,19,21,38,40|3,6,16,17,29,33|13,18,20,22,30,32
2,13,22,32,33,40|3,6,11,16,19,34|10,14,15,18,29,30
2,14,15,18,32,33|3,6,11,13,34,40|10,16,19,22,29,30
2,14,15,18,38,40|3,6,11,16,19,34|7,12,13,22,29,32
2,15,19,31,38,40|3,6,16,17,29,33|11,13,18,28,30,32
2,16,19,22,32,33|3,6,11,13,34,40|10,14,15,18,29,30
2,16,19,22,38,40|3,14,15,17,29,33|11,13,18,28,30,32
3,6,11,16,19,34|7,9,12,14,15,40|13,18,20,22,30,32
3,6,16,17,29,33|7,9,12,14,15,40|11,13,18,28,30,32
3,8,13,17,22,29|6,7,9,12,16,40|11,15,19,27,30,32
3,11,14,15,19,34|6,7,9,12,16,40|13,18,20,22,30,32
3,14,15,17,29,33|6,7,9,12,16,40|11,13,18,28,30,32
1,2,10,19,21,30|3,7,9,12,15,31|6,8,18,25,27,34|13,22,26,33,38,40
1,3,13,17,28,30|2,7,12,15,27,29|6,16,18,26,33,38|9,10,19,20,21,23
1,13,17,22,33,38|2,3,8,19,21,26|9,10,15,18,23,31
1,15,27,29,33,38|2,3,8,19,21,26|9,10,13,23,28,40
1,17,19,21,23,26|2,3,13,28,32,33|6,8,18,25,27,34
2,3,8,19,21,26|6,25,27,33,34,40|9,10,15,18,23,31
2,3,11,18,21,38|6,25,27,33,34,40|9,10,16,19,23,28
2,3,13,28,32,33|6,8,18,25,27,34|9,10,19,20,21,23
2,3,13,28,38,40|6,8,18,25,27,34|9,10,19,20,21,23
2,3,15,18,31,38|6,25,27,33,34,40|9,10,16,19,23,28
2,3,16,18,22,38|6,25,27,33,34,40|9,10,19,20,21,23
2,3,19,20,21,38|6,8,18,25,27,34|9,10,13,23,28,40
2,6,18,25,27,30|3,7,9,11,12,21|8,13,19,26,28,38
2,7,12,13,17,22|3,11,18,21,26,30|6,25,27,33,34,40|9,10,16,19,23,28
2,7,12,15,27,29|3,6,10,13,17,30|11,19,21,26,33,38
2,14,18,27,28,30|3,7,9,11,12,21|10,13,22,29,33,38
2,15,18,20,27,30|3,7,9,11,12,21|8,13,19,26,28,38
2,18,22,27,30,31|3,7,9,11,12,21|8,13,19,26,28,38
2,19,22,25,27,30|3,7,9,11,12,21|6,16,18,26,33,38
2,19,27,28,30,31|3,7,9,11,12,21|6,16,18,26,33,38
3,6,10,13,17,30|8,14,18,27,28,34|11,19,21,26,33,38
3,7,9,11,12,21|6,8,18,25,27,34|10,13,22,29,33,38
3,7,9,12,15,31|6,8,18,25,27,34|10,13,22,29,33,38
3,7,9,12,16,22|6,8,18,25,27,34|10,19,21,23,26,29
3,7,12,17,21,32|6,8,18,25,27,34|9,10,13,23,28,40|15,19,26,31,33,38
3,10,13,28,29,30|6,8,18,25,27,34|11,19,21,26,33,38
3,10,17,21,30,40|6,8,18,25,27,34|15,19,26,31,33,38
3,11,18,21,26,30|6,25,27,33,34,40|9,10,16,19,23,28
3,13,26,28,30,40|6,8,18,25,27,34|9,10,19,20,21,23
3,15,18,26,30,31|6,25,27,33,34,40|8,10,17,19,21,38
3,16,18,22,26,30|6,25,27,33,34,40|8,10,17,19,21,38
3,16,19,26,28,30|6,8,18,25,27,34|10,13,22,29,33,38
3,19,20,21,26,30|6,8,18,25,27,34|9,10,13,23,28,40
6,8,18,25,27,34|9,10,13,23,28,40|11,19,21,26,33,38
6,16,18,26,33,38|8,19,22,25,27,34|9,10,13,23,28,40
6,25,27,33,34,40|8,10,17,19,21,38|13,18,23,26,28,32
8,10,17,19,21,38|13,18,23,26,28,32|15,20,27,33,34,40
8,13,18,22,26,38|9,10,15,19,23,25|14,27,28,33,34,40
8,13,19,26,28,38|9,10,11,18,21,23|15,20,27,33,34,40
8,14,18,27,28,34|9,10,15,19,23,25|13,22,26,33,38,40
8,15,18,20,27,34|9,10,13,23,28,40|11,19,21,26,33,38
8,18,22,27,31,34|9,10,13,23,28,40|11,19,21,26,33,38
8,19,27,28,31,34|9,10,11,18,21,23|13,22,26,33,38,40
1,2,3,17,21,33|8,13,18,26,28,38|9,10,15,23,27,40
1,2,10,18,21,30|3,7,9,12,15,25|13,26,28,33,38,40
1,13,17,28,33,38|2,3,8,18,21,26|9,10,15,23,27,40
2,7,12,13,17,28|3,10,15,27,29,30|11,18,21,26,33,38
2,18,22,25,27,30|3,7,9,12,16,28|6,10,13,17,33,38
2,18,27,28,30,31|3,7,9,12,15,25|6,10,13,17,33,38
2,19,25,27,28,30|3,7,9,12,20,21|6,10,13,17,33,38
3,7,9,12,15,25|6,10,13,17,33,38|8,18,27,28,31,34
3,7,9,12,16,28|6,10,13,17,33,38|8,18,22,25,27,34
3,7,9,12,20,21|6,10,13,17,33,38|8,18,22,25,27,34
3,7,12,21,26,29|6,10,13,17,33,38|8,18,22,25,27,34
3,10,13,17,22,30|8,15,19,26,27,38|18,25,28,31,33,34
3,18,20,21,26,30|6,10,13,17,33,38|8,19,25,27,28,34
1,3,6,13,29,30|8,11,18,21,34,40|14,15,19,32,33,38
1,3,21,29,30,40|6,8,11,13,18,34|14,15,19,32,33,38
1,6,9,16,19,23|2,11,18,21,30,40|8,13,17,22,29,33
3,13,22,30,32,40|6,11,16,19,33,34|15,17,18,23,29,31
1,6,8,9,13,33|2,7,12,21,29,40|3,15,18,30,31,32
1,6,9,16,18,23|2,3,8,19,21,32|11,13,22,33,34,40
1,8,9,21,33,40|2,6,7,12,13,29|3,15,18,30,31,32
1,8,18,21,29,38|2,6,14,19,27,30|11,13,22,33,34,40
1,9,11,19,21,23|2,6,7,12,13,29|3,15,18,30,31,32
1,9,13,22,23,40|2,3,8,19,21,32|6,11,16,18,33,34
1,9,14,15,18,23|2,3,8,19,21,32|6,13,20,33,34,40
1,9,15,19,23,31|2,6,7,12,13,29|3,11,18,21,30,32
1,9,16,19,22,23|2,6,7,12,13,29|3,11,18,21,30,32
1,17,19,21,23,32|2,6,7,12,13,29|8,15,18,25,34,40
2,3,8,19,21,32|6,11,16,18,33,34|15,17,23,27,29,40
2,6,7,12,13,29|3,11,18,21,30,32|14,15,19,20,33,34
2,7,12,21,29,40|3,15,18,30,31,32|6,8,14,19,27,34
2,11,13,19,28,30|6,14,18,31,33,34|15,17,23,27,29,40
2,13,19,20,22,30|6,11,16,18,33,34|15,17,23,27,29,40
3,13,28,30,32,40|6,8,14,19,27,34|15,17,18,23,25,29
3,16,19,28,30,32|6,8,13,18,20,34|15,17,23,27,29,40
3,19,20,21,30,32|6,11,16,18,33,34|15,17,23,27,29,40
6,8,14,19,27,34|13,22,32,33,38,40|15,17,18,23,25,29
6,11,16,18,33,34|8,13,19,28,32,38|15,17,23,27,29,40
6,14,18,31,33,34|8,13,19,28,32,38|15,17,23,27,29,40
6,14,19,25,33,34|8,13,18,22,32,38|15,17,23,27,29,40
6,16,18,32,33,38|8,11,13,19,28,34|15,17,23,27,29,40
6,16,19,20,33,34|8,13,18,22,32,38|15,17,23,27,29,40
1,3,6,13,17,30|8,10,19,21,29,38|11,15,18,31,33,34
1,3,13,28,29,30|6,8,14,18,27,34|15,19,25,32,33,38
1,3,17,21,30,40|2,7,12,13,22,29|6,8,14,18,27,34|15,19,25,32,33,38
1,8,9,13,22,33|2,3,6,16,19,38|10,18,21,23,29,32
1,9,11,18,21,23|2,3,6,13,32,33|8,14,19,22,27,34
1,9,13,23,28,40|2,3,6,16,19,38|8,15,17,27,29,33
1,9,15,18,23,31|2,3,6,13,32,33|8,10,19,21,29,38
1,9,16,18,22,23|2,3,6,13,32,33|8,10,19,21,29,38
1,13,22,29,33,38|2,3,8,18,21,32|6,9,10,16,19,23
1,17,18,21,23,32|2,3,6,13,38,40|8,11,15,19,27,34
2,3,6,13,38,40|8,11,15,19,27,34|10,18,21,23,29,32
2,3,8,18,21,32|6,9,10,13,23,40|11,15,19,25,33,34
2,3,14,15,19,38|6,9,10,13,23,40|11,16,18,22,33,34
2,6,14,18,27,30|3,7,12,21,29,32|8,13,19,20,28,34
2,6,19,27,30,31|3,7,12,21,29,32|8,11,13,18,28,34
2,7,12,13,22,29|3,6,16,19,26,30|11,15,18,31,33,34
2,11,13,18,28,30|3,7,12,21,29,32|6,8,19,27,31,34
2,11,15,19,27,30|3,7,12,21,29,32|6,9,10,13,23,40|14,18,22,31,33,34
2,13,18,20,22,30|3,7,12,21,29,32|6,8,19,27,31,34
2,13,19,20,28,30|3,7,12,21,29,32|6,8,14,18,27,34
2,14,19,22,27,30|3,7,12,21,29,32|6,9,10,13,23,40|11,15,18,31,33,34
3,6,10,13,29,30|8,11,15,19,27,34|16,18,22,32,33,38
3,6,13,26,30,40|8,10,19,21,29,38|11,15,18,31,33,34
3,7,12,21,29,32|6,8,13,19,26,38|11,15,18,31,33,34
3,10,21,29,30,40|6,8,13,19,26,38|11,15,18,31,33,34
3,14,15,19,26,30|6,9,10,13,23,40|11,16,18,22,33,34
3,15,27,30,32,40|6,8,13,19,26,38|11,16,18,22,33,34
6,9,10,13,23,40|8,11,15,19,27,34|16,18,22,32,33,38
1,2,3,21,29,33|6,8,13,18,26,38|9,10,15,19,23,31
1,3,13,17,22,30|6,8,18,27,31,34|9,10,11,19,21,23
1,3,15,27,29,30|2,6,7,12,13,17|8,9,10,21,33,40
1,6,13,17,33,38|2,11,15,18,27,30|9,10,16,19,22,23
1,8,9,13,28,33|2,3,6,16,18,38|10,17,19,21,23,32
1,8,17,18,21,38|2,3,13,22,32,33|9,10,15,19,23,31
1,9,15,18,23,25|2,3,11,19,21,38|6,27,31,33,34,40
1,9,15,23,27,40|2,3,6,16,18,38|14,19,25,28,33,34
1,9,16,18,23,28|2,3,11,19,21,38|6,27,31,33,34,40
1,9,18,20,21,23|2,3,13,22,32,33|6,8,19,25,27,34
1,13,28,29,33,38|2,6,18,27,30,31|3,7,9,12,14,15|10,17,19,21,23,32
1,17,21,33,38,40|2,6,18,27,30,31|3,7,9,12,14,15|13,19,23,26,28,32
1,18,21,23,26,29|2,3,13,22,32,33|6,8,19,25,27,34
2,3,6,16,18,38|8,9,10,21,33,40|13,19,23,26,28,32
2,3,13,22,32,33|6,8,18,27,31,34|9,10,11,19,21,23
2,3,13,22,38,40|6,8,18,27,31,34|9,10,11,19,21,23
2,6,7,12,13,17|3,11,19,21,26,30|8,14,18,22,27,34
2,6,18,27,30,31|3,7,9,12,14,15|8,13,19,22,26,38
2,6,19,25,27,30|3,7,9,12,14,15|8,10,18,21,29,38|13,20,28,33,34,40
2,7,12,13,28,29|3,6,16,18,26,30|8,9,10,21,33,40
2,7,12,17,21,40|3,6,16,18,26,30|8,14,19,27,28,34
2,11,15,18,27,30|3,6,7,9,12,16|8,13,19,22,26,38
2,13,18,20,28,30|3,6,7,9,12,16|8,19,22,27,31,34|10,21,29,33,38,40
2,14,18,22,27,30|3,6,7,9,12,16|10,17,19,21,23,32|13,20,28,33,34,40
2,14,19,27,28,30|3,6,7,9,12,16|8,10,18,21,29,38
2,15,19,20,27,30|3,6,7,9,12,16|8,10,18,21,29,38
2,19,22,27,30,31|3,6,7,9,12,16|8,10,18,21,29,38|13,20,28,33,34,40
3,6,7,9,12,16|8,10,18,21,29,38|11,15,27,33,34,40|13,19,23,26,28,32
3,7,9,12,14,15|6,8,13,18,26,38|10,17,19,21,23,32
3,10,13,22,29,30|6,8,18,27,31,34|14,15,19,26,33,38
3,13,22,26,30,40|6,8,18,27,31,34|9,10,11,19,21,23
6,8,13,18,26,38|9,10,11,19,21,23|14,22,27,33,34,40
6,8,19,25,27,34|9,10,13,22,23,40|16,18,28,32,33,38
6,9,10,16,18,23|8,13,19,22,26,38|11,15,27,33,34,40
6,13,26,33,38,40|8,11,15,18,27,34|9,10,16,19,22,23
6,16,19,26,33,38|8,11,15,18,27,34|9,10,13,22,23,40
6,27,31,33,34,40|8,10,18,21,29,38|13,19,23,26,28,32
8,10,18,21,29,38|11,15,27,33,34,40|13,19,23,26,28,32
8,13,18,20,28,34|9,10,11,19,21,23|15,27,32,33,38,40
8,14,19,27,28,34|9,10,13,22,23,40|15,18,25,32,33,38
8,15,18,27,32,38|9,10,11,19,21,23|13,20,28,33,34,40
8,15,19,20,27,34|9,10,13,22,23,40|16,18,28,32,33,38
1,3,8,11,27,38|2,10,18,20,23,31|6,7,12,26,28,33
1,3,6,28,33,38|2,10,11,18,23,31|7,8,12,20,27,32
1,3,8,14,26,33|2,6,10,18,23,28|7,12,20,25,38,40
1,3,11,31,33,38|2,6,10,18,23,28|7,8,12,20,27,32
1,3,14,20,33,38|2,6,10,18,23,28|7,8,12,25,26,40
1,2,11,18,23,25|3,8,10,14,32,33|7,12,20,31,38,40
1,2,18,20,23,31|3,8,10,14,32,33|7,11,12,25,38,40
1,2,18,22,23,28|3,8,10,14,32,33|7,11,12,25,38,40
1,2,19,20,23,25|3,8,10,14,32,33|7,12,22,28,38,40
1,3,6,22,33,38|2,10,11,14,18,23|7,8,12,26,31,40
1,3,8,25,32,33|2,6,10,18,22,23|7,12,20,31,38,40
1,3,8,25,38,40|2,6,10,18,22,23|7,12,20,31,32,33
1,3,11,14,33,38|2,6,10,18,22,23|7,8,12,26,31,40
2,6,10,18,22,23|3,8,11,17,25,33|7,12,20,31,38,40
2,6,10,19,23,28|3,8,11,17,25,33|7,12,20,31,38,40
2,10,11,14,18,23|3,8,17,20,31,33|7,12,22,28,38,40
2,10,14,19,20,23|3,8,11,17,25,33|7,12,22,28,38,40
1,2,6,18,23,28|3,8,11,17,31,33|7,12,14,20,38,40
1,2,11,18,23,31|3,6,8,17,28,33|7,12,14,20,38,40
1,2,11,19,23,25|3,6,8,17,28,33|7,12,14,20,38,40
1,2,14,18,20,23|3,6,8,17,28,33|7,11,12,31,38,40
1,2,19,22,23,28|3,8,11,17,31,33|7,12,14,20,38,40
1,3,8,31,32,33|2,6,10,19,22,23|7,12,14,20,38,40
1,3,8,31,38,40|2,6,10,19,22,23|7,12,14,20,32,33
1,8,18,20,25,30|2,6,10,19,22,23|7,11,12,31,32,33
1,8,20,27,30,40|2,6,10,19,22,23|7,11,12,31,32,33
2,6,10,19,22,23|3,8,11,17,31,33|7,12,14,20,38,40
3,11,17,23,25,40|6,7,12,28,32,33|8,10,14,18,20,30
3,17,20,23,31,40|6,7,12,28,32,33|8,10,11,19,25,30
1,8,18,20,30,31|3,6,17,23,28,40|7,11,12,14,32,33
1,8,19,20,25,30|3,6,17,23,28,40|7,11,12,14,32,33
3,11,17,23,31,40|6,7,12,22,32,33|8,10,14,19,20,30
3,14,17,20,23,40|6,7,12,22,32,33|8,10,11,19,30,31
3,20,23,25,29,40|6,7,12,22,32,33|8,10,11,14,18,30
1,2,3,6,13,29|8,9,10,14,15,19|11,16,18,28,34,40
1,2,3,21,29,40|6,8,9,10,16,19|11,13,18,22,32,38
1,6,9,11,13,33|2,3,14,15,18,32|16,19,20,28,34,40
1,6,13,17,32,33|8,9,10,14,15,19|11,16,18,28,34,40
1,8,9,11,18,21|2,3,13,22,32,40|6,10,16,19,29,38
1,8,9,13,28,40|2,3,6,16,18,32|10,14,15,19,29,38
1,8,9,15,18,31|2,3,11,19,21,32|6,10,13,29,38,40
1,8,9,15,19,25|2,3,6,16,18,32|11,13,17,28,29,33
1,8,9,16,18,22|2,3,11,19,21,32|6,10,13,29,38,40
1,8,9,16,19,28|2,3,13,22,32,40|6,14,17,27,29,33
1,8,9,19,20,21|2,3,6,16,18,32|11,13,17,28,29,33
1,9,11,21,33,40|2,3,6,16,18,32|10,14,15,19,29,38
1,9,15,31,33,40|2,3,6,16,18,32|11,13,19,20,22,34
1,11,18,21,29,38|2,3,13,22,32,40|6,8,9,10,16,19
1,13,28,29,32,33|6,8,9,10,16,19|11,15,18,25,34,40
1,13,28,29,38,40|2,3,6,16,18,32|8,9,10,14,15,19
1,15,18,29,31,38|2,3,11,19,21,32|6,8,9,10,13,40
1,16,18,22,29,38|2,3,11,19,21,32|6,8,9,10,13,40
2,3,6,16,18,32|8,9,10,14,15,19|11,13,17,28,29,33
6,8,9,10,16,19|11,13,17,28,29,33|14,18,22,25,34,40
6,14,17,27,29,33|8,13,19,22,26,32|11,15,18,25,34,40
6,14,19,27,32,38|11,13,17,28,29,33|15,18,20,31,34,40
6,18,25,31,34,40|8,9,10,14,15,19|11,13,17,28,29,33
8,9,10,14,15,19|11,13,17,28,29,33|16,18,20,22,34,40
1,2,3,13,22,29|6,8,9,10,16,18|11,15,19,27,32,38
1,6,9,13,20,33|2,3,11,18,21,32|10,15,19,29,31,38
1,6,13,26,29,33|2,3,11,18,21,32|8,9,10,15,19,31
1,6,16,17,18,38|2,3,13,28,32,40|8,9,10,11,19,21
1,8,9,15,18,25|2,3,13,28,32,40|6,11,19,27,31,34
1,8,9,15,27,40|2,3,11,18,21,32|10,16,19,22,29,38
1,8,9,16,18,28|2,3,15,19,25,32|6,17,27,29,31,33
1,8,9,18,20,21|2,3,13,28,32,40|6,11,19,27,31,34
1,8,18,21,26,29|2,3,13,28,32,40|6,11,19,27,31,34
1,9,11,13,22,33|2,3,15,18,31,32|6,14,19,20,27,34
1,9,15,25,33,40|2,3,11,18,21,32|6,14,19,20,27,34
1,9,16,28,33,40|2,3,11,18,21,32|6,14,19,20,27,34
1,9,20,21,33,40|2,3,15,18,31,32|6,11,13,19,26,38
1,11,17,19,21,38|2,3,13,28,32,40|6,8,9,10,16,18
1,13,17,22,32,33|6,8,9,10,16,18|11,19,21,26,38,40
1,13,17,22,38,40|2,3,11,18,21,32|6,14,19,20,27,34
1,14,15,17,18,38|2,3,13,28,32,40|6,11,19,27,31,34
1,15,17,19,31,38|2,3,11,18,21,32|6,9,10,16,33,40
1,15,18,25,29,38|2,3,13,28,32,40|6,11,19,27,31,34
1,15,27,29,32,33|6,8,9,10,16,18|11,13,19,20,28,34
1,15,27,29,38,40|2,3,11,18,21,32|8,9,10,16,19,22
1,16,17,19,22,38|2,3,11,18,21,32|9,10,14,15,33,40
1,16,18,28,29,38|2,3,15,19,25,32|8,9,10,13,22,40
1,18,20,21,29,38|2,3,13,28,32,40|6,11,19,27,31,34
1,21,26,29,33,40|2,3,15,18,31,32|6,14,19,20,27,34
2,3,13,28,32,40|6,8,9,10,16,18|11,14,19,22,27,34
2,3,15,18,31,32|6,9,10,16,33,40|11,13,19,20,28,34
2,3,15,19,25,32|6,8,9,10,16,18|13,17,20,28,29,33
2,3,16,18,22,32|6,11,13,19,26,38|9,10,14,15,33,40
2,3,16,19,28,32|6,11,14,18,27,34|8,9,10,13,22,40
2,3,19,20,21,32|6,8,9,10,16,18|11,15,17,27,29,33
6,8,9,10,16,18|11,13,19,20,28,34|14,17,22,27,29,33
6,11,14,18,27,34|8,9,10,13,22,40|15,19,26,31,32,33
6,11,19,27,31,34|8,9,10,13,22,40|14,15,18,26,32,33
6,14,18,27,32,38|8,9,10,11,19,21|13,17,20,28,29,33
6,16,18,26,38,40|8,9,10,11,19,21|13,17,20,28,29,33
6,17,27,29,31,33|8,9,10,11,19,21|13,18,20,22,32,38
8,9,10,11,19,21|13,17,20,28,29,33|14,15,18,26,38,40
11,15,17,27,29,33|13,18,20,22,32,38|19,25,28,31,34,40
11,15,19,27,32,38|13,17,20,28,29,33|18,22,25,31,34,40
1,6,8,9,16,18|2,3,14,15,19,32|11,13,17,22,29,33
1,6,9,16,33,40|2,3,14,15,19,32|8,17,18,20,21,29
1,9,14,15,33,40|2,3,6,16,19,32|8,17,18,20,21,29
2,3,14,15,19,32|6,13,17,20,29,33|11,16,18,22,34,40
1,10,18,21,32,38|2,3,13,26,28,40|19,20,22,25,27,34
1,10,19,20,21,34|2,3,13,26,28,40|18,22,25,27,32,38
1,2,3,13,17,22|6,11,18,25,27,34|9,10,16,28,33,40
1,2,3,15,27,29|6,9,10,13,20,33|16,18,26,28,38,40
1,6,9,27,31,33|2,3,10,13,22,29|15,18,25,26,38,40
1,6,10,16,18,34|2,3,11,19,21,26|17,22,25,27,29,33
1,6,13,17,26,33|8,9,10,15,18,25|11,19,27,28,31,34
1,8,17,18,21,26|2,3,10,13,22,29|6,19,20,25,27,34
1,9,11,15,27,33|2,3,6,16,18,26|10,13,17,22,38,40
1,9,13,20,28,33|2,3,6,16,18,26|10,11,17,19,21,38
1,9,14,22,27,33|2,3,6,16,18,26|10,11,17,19,21,38
1,10,11,19,21,34|2,3,6,16,18,26|17,22,25,27,29,33
1,10,13,22,34,40|2,3,6,16,18,26|17,27,28,29,31,33
1,10,14,15,18,34|2,3,11,19,21,26|17,22,25,27,29,33
1,10,15,19,31,34|2,3,6,16,18,26|17,22,25,27,29,33
1,10,16,19,22,34|2,3,14,15,18,26|17,27,28,29,31,33
1,10,17,21,29,33|2,3,6,16,18,26|11,19,22,25,27,34
1,10,19,21,32,38|2,3,6,16,18,26|17,22,25,27,29,33
1,13,26,28,29,33|6,10,16,17,18,38|11,19,22,25,27,34
1,15,17,18,25,38|2,3,10,13,22,29|11,19,27,28,31,34
1,15,17,27,38,40|2,3,6,16,18,26|9,10,11,13,22,33
1,16,17,18,28,38|2,3,10,13,22,29|6,19,20,25,27,34
1,17,18,20,21,38|2,3,10,13,22,29|11,19,27,28,31,34
1,17,21,26,33,40|2,3,10,13,22,29|6,11,18,25,27,34
2,3,11,19,21,26|6,9,10,13,20,33|14,18,27,28,32,38
2,3,13,22,26,40|6,10,16,17,18,38|11,19,27,28,31,34
2,3,14,15,18,26|6,9,10,13,20,33|11,19,22,25,27,34
2,3,15,19,26,31|6,9,10,13,20,33|11,14,18,27,28,34
2,3,16,19,22,26|6,9,10,13,20,33|11,14,18,27,28,34
6,11,18,25,27,34|9,10,16,28,33,40|13,19,20,22,26,38
8,9,10,18,20,21|11,13,19,26,28,38|17,22,25,27,29,33
9,10,15,25,33,40|11,13,18,22,26,38|14,19,20,27,28,34
1,2,3,6,13,17|8,9,10,11,18,21|14,19,20,22,27,34
1,2,3,13,28,29|6,10,16,17,19,38|11,14,18,22,27,34
1,2,3,17,21,40|6,9,10,11,13,33|8,15,19,26,27,32
1,6,9,14,27,33|2,3,10,21,29,40|8,13,18,26,28,32
1,6,10,13,34,40|2,3,14,15,19,26|17,22,27,29,31,33
1,6,10,16,19,34|2,3,15,18,25,32|14,17,27,28,29,33
1,8,17,19,21,26|2,3,6,10,13,29|11,14,18,22,27,34
1,9,11,13,28,33|2,3,6,16,19,26|8,10,17,18,21,32
1,9,13,20,22,33|2,3,6,16,19,26|8,10,17,18,21,32
1,10,14,15,19,34|2,3,6,13,26,40|17,22,27,29,31,33
1,11,17,18,21,38|2,3,6,10,13,29|8,15,19,26,27,32
1,13,17,28,32,33|2,3,6,16,19,26|8,9,10,11,18,21
1,13,17,28,38,40|2,3,6,16,19,26|8,9,10,11,18,21
1,13,22,26,29,33|2,3,15,18,25,32|6,10,16,17,19,38
1,15,17,18,31,38|2,3,6,10,13,29|11,14,19,27,28,34
1,15,17,19,25,38|2,3,6,10,13,29|11,14,18,22,27,34
1,16,17,18,22,38|2,3,6,10,13,29|8,15,19,26,27,32
1,16,17,19,28,38|2,3,6,10,13,29|11,14,18,22,27,34
1,17,19,20,21,38|2,3,6,10,13,29|11,14,18,22,27,34
2,3,6,10,13,29|8,15,19,26,27,32|18,25,28,31,34,40
2,3,6,13,26,40|8,9,10,11,18,21|14,17,27,28,29,33
2,3,6,16,19,26|8,9,10,11,18,21|14,17,27,28,29,33
2,3,10,21,29,40|6,11,13,18,26,38|14,19,20,22,27,34
2,3,14,15,19,26|6,9,10,11,13,33|18,25,28,31,34,40
2,3,15,18,25,32|6,9,10,11,13,33|14,19,20,22,27,34
2,3,16,18,28,32|6,9,10,11,13,33|14,19,20,22,27,34
2,3,18,20,21,32|6,9,10,11,13,33|15,19,25,26,38,40
6,9,10,11,13,33|8,15,19,26,27,32|18,25,28,31,34,40
6,10,13,17,32,33|11,14,18,22,27,34|15,19,25,26,38,40
6,11,13,18,26,38|8,9,10,15,19,25|14,17,27,28,29,33
6,11,18,27,31,34|8,9,10,13,28,40|15,19,25,26,32,33
6,11,19,25,27,34|8,9,10,13,28,40|15,18,26,31,32,33
6,13,19,20,26,38|8,9,10,11,18,21|14,17,27,28,29,33
6,14,18,20,27,34|8,9,10,13,28,40|15,19,25,26,32,33
6,17,25,27,29,33|8,9,10,11,18,21|16,19,26,28,38,40
6,19,20,27,31,34|8,9,10,11,18,21|13,26,28,32,33,40
8,9,10,11,18,21|13,26,28,32,33,40|14,19,20,22,27,34
8,9,10,13,28,40|11,14,18,22,27,34|15,19,25,26,32,33
8,9,10,15,18,31|11,13,19,22,26,38|14,17,27,28,29,33
8,9,10,15,19,25|11,13,18,20,28,34|17,22,27,29,31,33
8,9,10,19,20,21|11,14,18,22,27,34|13,26,28,32,33,40
8,13,18,26,28,32|9,10,11,21,33,40|14,19,20,22,27,34
10,11,18,21,29,38|13,26,28,32,33,40|14,19,20,22,27,34
10,13,28,29,32,33|11,14,18,22,27,34|15,19,25,26,38,40
10,13,28,29,38,40|11,14,18,22,27,34|15,19,25,26,32,33
10,19,20,21,29,38|11,14,18,22,27,34|13,26,28,32,33,40
1,6,10,16,23,32|2,3,8,11,15,25|14,20,22,31,33,38
1,10,14,15,23,32|2,3,6,8,25,31|11,16,20,22,33,38
1,2,13,17,25,33|3,6,18,21,26,38|7,9,11,12,16,27
1,3,9,16,25,33|2,8,10,13,27,29|7,12,17,26,39,40
1,3,9,21,28,33|2,8,10,13,27,29|7,12,17,26,39,40
1,3,16,27,29,38|2,8,10,17,18,39|7,9,12,13,20,25
1,3,26,29,33,39|2,11,16,18,27,38|7,9,12,13,20,25
2,8,13,18,25,26|3,6,9,10,21,33|7,12,16,17,27,32
2,10,13,14,17,33|3,6,18,21,26,38|7,9,11,12,16,27
2,10,13,25,29,33|3,6,18,21,26,38|7,9,11,12,16,27
2,10,17,33,39,40|3,6,18,21,26,38|7,9,11,12,16,27
2,11,16,18,27,38|3,6,9,10,21,33|7,12,13,14,17,26
2,11,18,26,33,39|3,8,9,10,13,31|7,12,16,17,27,32
2,13,18,20,25,38|3,6,9,10,21,33|7,12,16,17,27,32
2,13,20,27,32,33|3,6,18,21,26,38|7,10,12,17,29,39
2,13,25,26,33,40|3,18,20,21,28,34|7,9,11,12,16,27
2,14,18,27,31,38|3,6,9,10,21,33|7,12,13,25,26,29
2,14,19,25,27,38|3,6,9,10,21,33|7,12,17,26,39,40
2,15,18,22,27,38|3,6,9,10,21,33|7,12,13,14,17,26
2,15,19,27,28,38|3,6,9,10,21,33|7,12,13,14,17,26
2,16,18,26,31,33|3,11,13,27,32,38|7,10,12,17,29,39
2,16,19,20,27,38|3,6,9,10,21,33|7,12,13,14,17,26
2,18,21,22,26,33|3,8,9,10,13,31|7,12,16,17,27,32
2,19,20,26,33,39|3,8,9,10,13,31|7,12,16,17,27,32
2,19,21,26,28,33|3,8,9,10,13,31|7,12,16,17,27,32
3,11,19,26,38,39|7,9,12,13,20,25|10,16,17,27,30,40
3,13,26,31,32,33|7,9,11,12,16,27|10,17,18,20,30,39
3,13,26,31,38,40|7,9,11,12,16,27|10,17,18,20,30,39
3,16,19,26,31,38|7,9,12,13,20,25|10,17,18,21,28,30
3,19,21,22,26,38|7,9,11,12,16,27|10,17,18,20,30,39
1,2,16,27,29,33|3,6,19,21,26,38|7,9,11,12,13,25
1,3,8,9,13,25|2,6,15,18,27,38|10,17,19,20,30,39
1,3,9,11,33,39|2,6,15,18,27,38|7,12,13,17,25,32
1,3,9,16,31,33|2,6,15,18,27,38|7,12,13,17,25,32
1,3,9,21,22,33|2,6,15,18,27,38|7,12,13,17,25,32
1,3,13,25,29,38|2,6,18,21,26,33|10,17,19,20,30,39
1,3,17,32,33,39|2,6,15,18,27,38|7,9,11,12,13,25
1,3,17,38,39,40|2,6,18,21,26,33|7,9,11,12,13,25
1,10,18,30,32,39|2,8,13,19,25,26|3,11,16,27,34,40
1,11,13,17,27,30|2,6,18,21,26,33|3,8,9,10,39,40
2,8,10,17,19,39|3,11,16,18,25,34|6,7,9,12,15,27
2,8,13,18,26,31|3,10,29,32,33,39|6,7,9,12,15,27
2,8,13,19,25,26|3,10,29,32,33,39|6,7,9,12,15,27
2,11,13,18,25,38|3,8,9,10,39,40|14,19,26,27,30,31
2,11,13,27,32,33|3,6,19,21,26,38|10,16,17,18,30,31
2,11,13,27,38,40|3,8,18,26,32,39|10,16,17,19,25,30
2,11,19,26,33,39|3,8,9,10,13,14|18,25,27,30,31,32
2,13,18,20,31,38|3,8,9,10,39,40|11,16,19,26,27,30
2,13,18,22,28,38|3,8,9,10,39,40|11,16,19,26,27,30
2,13,19,20,25,38|3,8,9,10,39,40|6,15,18,26,27,30
2,13,26,31,33,40|3,11,16,18,25,34|6,7,9,12,15,27|10,17,19,20,30,39
2,14,16,18,26,33|3,8,9,10,39,40|7,12,13,17,25,32
2,14,19,27,31,38|3,8,9,10,39,40|7,12,13,17,25,32
2,19,21,22,26,33|3,8,9,10,13,14|18,25,27,30,31,32
3,6,19,21,26,38|7,9,11,12,13,25|10,16,17,18,30,31
3,8,9,10,39,40|6,15,18,26,27,30|7,12,13,17,25,32
3,8,18,26,32,39|6,7,9,12,15,27|10,13,17,25,30,40
3,10,29,32,33,39|6,7,9,12,15,27|11,13,18,25,26,30
3,10,29,38,39,40|6,7,9,12,15,27|11,13,18,25,26,30
3,11,16,18,25,34|6,7,9,12,15,27|10,17,19,20,30,39
3,11,16,27,34,40|7,9,12,13,20,31|10,17,18,21,22,30
3,11,18,20,34,39|6,7,9,12,15,27|10,13,17,25,30,40
3,11,18,21,28,34|6,7,9,12,15,27|10,13,17,25,30,40
3,13,14,26,32,33|6,7,9,12,15,27|10,11,17,18,30,39
3,13,14,26,38,40|6,7,9,12,15,27|10,11,17,18,30,39
3,13,20,25,34,40|6,7,9,12,15,27|10,11,17,18,30,39
3,14,16,19,26,38|6,7,9,12,15,27|10,11,17,18,30,39
3,14,18,25,31,34|6,7,9,12,15,27|10,17,19,20,30,39
3,14,27,31,34,40|7,9,11,12,13,25|10,17,18,21,22,30
3,15,18,22,25,34|7,9,12,13,20,31|10,17,19,21,28,30
3,15,18,28,31,34|7,9,11,12,13,25|10,17,19,20,30,39
3,15,19,25,28,34|7,9,12,13,20,31|10,11,17,18,30,39
3,15,22,27,34,40|7,9,11,12,13,25|10,16,17,18,30,31
3,16,18,20,31,34|6,7,9,12,15,27|10,13,17,25,30,40
3,16,18,22,28,34|6,7,9,12,15,27|10,13,17,25,30,40
3,16,18,25,32,38|6,7,9,12,15,27|10,17,19,20,30,39
3,16,19,20,25,34|6,7,9,12,15,27|10,11,17,18,30,39
3,16,27,32,38,40|7,9,11,12,13,25|10,17,18,21,22,30
3,18,20,21,22,34|6,7,9,12,15,27|10,13,17,25,30,40
3,18,20,32,38,39|6,7,9,12,15,27|10,13,17,25,30,40
3,18,21,28,32,38|6,7,9,12,15,27|10,13,17,25,30,40
3,19,20,21,28,34|6,7,9,12,15,27|10,11,17,18,30,39
3,26,32,33,39,40|6,7,9,12,15,27|10,16,17,18,30,31
2,10,13,17,31,33|3,11,18,26,38,39|7,9,12,14,25,27
2,14,18,25,27,38|3,9,10,11,33,39|7,12,13,17,26,31
2,16,18,25,26,33|3,10,13,14,17,38|7,9,12,15,27,28
1,2,8,18,29,39|3,6,11,19,21,34|7,9,12,14,16,40
1,2,29,33,39,40|3,6,11,19,21,34|13,18,20,30,31,32
1,6,17,18,21,30|2,8,13,19,25,32|7,9,12,14,16,40
1,11,17,19,30,39|2,6,18,21,32,33|7,9,12,14,16,40
1,13,17,30,31,40|2,6,18,21,32,33|3,11,14,16,19,34
1,16,17,19,30,31|2,6,18,21,32,33|3,11,13,14,34,40
1,17,19,21,22,30|2,8,13,18,31,32|7,9,12,14,16,40
1,18,20,29,30,39|2,6,13,19,22,38|7,9,12,14,16,40
1,18,21,28,29,30|2,6,13,19,22,38|7,9,12,14,16,40
2,6,18,21,32,33|3,8,13,17,29,31|7,9,12,14,16,40
2,6,18,21,38,40|3,8,13,17,29,31|11,16,19,27,30,32
2,8,13,18,31,32|3,6,11,19,21,34|7,9,12,14,16,40
2,11,19,32,33,39|3,6,13,22,34,40|10,14,16,18,29,30
2,11,19,38,39,40|3,6,14,15,18,34|7,12,13,29,31,32
2,13,31,32,33,40|3,6,11,19,21,34|10,14,16,18,29,30
2,14,16,18,32,33|3,6,11,19,21,34|10,13,29,30,31,40
2,14,16,18,38,40|3,6,11,19,21,34|7,12,13,29,31,32
2,19,21,22,32,33|3,6,14,15,18,34|10,13,29,30,31,40
2,19,21,22,38,40|3,6,14,15,18,34|7,12,13,29,31,32
3,6,11,19,21,34|7,9,12,14,16,40|13,18,20,30,31,32
3,6,14,15,18,34|7,12,13,29,31,32|11,19,26,30,39,40
3,6,15,19,31,34|7,9,12,14,16,40|11,13,18,25,30,32
3,6,17,21,29,33|7,9,12,14,16,40|11,13,18,25,30,32
3,8,13,17,29,31|6,7,9,12,21,40|11,16,19,27,30,32
3,11,14,16,19,34|6,7,9,12,21,40|13,18,20,30,31,32
3,14,15,19,22,34|6,7,9,12,21,40|11,13,18,25,30,32
3,14,16,17,29,33|6,7,9,12,21,40|11,13,18,25,30,32
1,2,8,13,27,29|3,6,15,18,25,34|7,9,12,20,39,40|10,16,17,19,30,31
1,2,8,17,18,39|3,6,15,27,34,40|7,9,11,12,13,31
1,2,13,14,17,33|3,6,15,18,25,34|7,9,12,20,39,40
1,2,13,25,29,33|3,6,15,27,34,40|10,11,17,19,30,39
1,2,17,33,39,40|3,6,15,18,25,34|7,9,11,12,13,31
1,3,6,9,21,33|2,8,10,18,29,39|7,12,13,17,31,32
1,3,8,9,13,31|2,6,15,19,27,38|7,12,26,29,39,40|10,14,16,17,18,30
1,3,9,14,16,33|2,6,13,18,28,38|7,12,26,29,39,40|10,17,19,21,22,30
1,3,13,29,31,38|2,6,19,21,26,33|7,9,12,16,25,40|15,18,27,28,30,32
1,7,12,17,29,39|2,6,13,18,28,38|3,11,16,19,25,34
1,10,19,30,32,39|2,6,13,18,28,38|3,8,16,17,27,29
1,13,20,27,29,30|2,6,19,21,26,33|3,11,16,18,31,34
1,16,17,18,25,30|2,6,15,19,27,38|3,13,20,31,34,40
1,16,17,27,30,40|2,6,13,18,28,38|3,8,19,26,32,39
1,17,18,20,30,39|2,6,15,19,27,38|3,11,13,25,34,40
1,17,18,21,28,30|2,6,15,19,27,38|3,11,13,25,34,40
2,6,13,18,28,38|3,8,16,17,27,29|7,9,12,20,39,40
2,6,15,19,27,38|3,11,13,25,34,40|10,14,16,17,18,30
2,6,19,21,26,33|3,8,16,17,27,29|7,9,11,12,13,31
2,8,10,18,29,39|3,6,15,27,34,40|7,9,11,12,13,31
2,8,13,14,18,26|3,6,15,27,34,40|10,11,17,19,30,39
2,8,13,19,26,31|3,6,15,18,25,34|7,9,12,20,39,40
2,8,16,18,27,32|3,11,13,25,34,40|10,17,19,21,22,30
2,8,18,26,39,40|3,11,16,19,25,34|6,7,9,12,13,28
2,10,13,14,29,33|3,6,15,18,25,34|7,9,12,20,39,40
2,10,29,33,39,40|3,6,15,18,25,34|7,9,11,12,13,31
2,11,13,18,31,38|3,6,15,27,34,40|10,17,19,21,22,30
2,11,13,19,25,38|3,6,15,27,34,40|10,14,16,17,18,30
2,13,14,18,20,38|3,6,15,27,34,40|10,11,17,19,30,39
2,13,14,26,33,40|3,6,15,18,25,34|7,12,16,27,29,32|10,11,17,19,30,39
2,13,19,20,31,38|3,6,15,18,25,34|7,9,12,21,28,40
2,13,19,22,28,38|3,6,15,18,25,34|7,9,12,20,39,40
2,14,16,19,26,33|3,6,15,18,25,34|7,9,11,12,13,31
2,16,18,25,32,33|3,6,15,27,34,40|7,9,11,12,13,31|10,17,19,21,22,30
2,16,18,25,38,40|3,8,19,26,32,39|6,7,9,12,13,28
2,16,27,32,33,40|3,6,15,18,25,34|7,9,11,12,13,31|10,17,19,21,22,30
2,18,20,32,33,39|3,6,15,27,34,40|7,9,11,12,13,31|10,17,19,21,22,30
2,18,20,38,39,40|3,8,16,17,27,29|6,7,9,12,13,28
2,18,21,28,32,33|3,6,15,27,34,40|7,9,11,12,13,31
2,18,21,28,38,40|3,8,16,17,27,29|7,9,11,12,13,31
3,6,15,18,25,34|7,9,11,12,13,31|10,16,27,29,30,40
3,6,15,27,34,40|7,9,11,12,13,31|10,14,16,17,18,30
3,6,16,18,28,34|7,9,11,12,13,31|10,17,19,21,22,30
3,6,18,20,21,34|7,9,11,12,13,31|10,16,27,29,30,40
3,8,16,17,27,29|6,7,9,12,13,28|18,20,26,30,39,40
3,8,19,26,32,39|6,7,9,12,13,28|10,14,16,17,18,30
3,11,13,25,34,40|6,10,17,18,21,30|7,12,16,27,29,32
3,11,16,18,31,34|6,7,9,12,13,28|10,17,19,21,22,30
3,11,16,19,25,34|6,7,9,12,13,28|10,18,20,29,30,39
3,11,18,21,22,34|6,7,9,12,13,28|10,16,17,19,30,31
3,11,18,32,38,39|6,7,9,12,13,28|10,16,17,19,30,31
3,11,19,20,34,39|6,7,9,12,13,28|10,14,16,17,18,30
3,11,19,21,28,34|7,9,12,13,14,20|10,16,18,25,29,30
3,13,20,31,34,40|6,10,17,18,21,30|7,12,16,27,29,32
3,13,22,28,34,40|6,10,17,18,21,30|7,12,16,27,29,32
3,14,15,18,28,34|7,9,11,12,13,31|10,16,27,29,30,40
3,14,16,18,20,34|6,7,9,12,13,28|10,11,17,19,30,39
3,14,19,25,31,34|6,7,9,12,13,28|10,16,27,29,30,40
3,15,18,22,31,34|6,7,9,12,13,28|10,11,17,19,30,39
3,15,19,22,25,34|6,7,9,12,13,28|10,14,16,17,18,30
3,15,19,28,31,34|6,10,17,18,21,30|7,9,12,13,14,20
3,16,17,25,29,33|6,7,9,12,13,28|18,20,26,30,39,40
3,16,18,31,32,38|6,7,9,12,13,28|10,11,17,19,30,39
3,16,19,20,31,34|6,7,9,12,13,28|14,18,25,27,30,32
3,16,19,22,28,34|6,10,17,18,21,30|7,9,11,12,13,31
3,16,19,25,32,38|6,7,9,12,13,28|10,18,20,29,30,39
3,17,20,29,33,39|6,7,9,12,13,28|14,18,25,27,30,32
3,17,21,28,29,33|6,15,19,26,27,30|7,9,11,12,13,31
3,18,21,22,32,38|6,7,9,12,13,28|10,11,17,19,30,39
3,19,20,21,22,34|6,7,9,12,13,28|10,14,16,17,18,30
3,19,20,32,38,39|6,7,9,12,13,28|10,14,16,17,18,30
3,19,21,28,32,38|7,9,11,12,13,31|10,14,16,17,18,30
1,2,8,17,19,39|3,6,11,18,21,34|7,9,12,16,31,40
1,2,13,29,31,33|3,6,11,18,21,34|7,12,17,32,39,40
1,3,8,9,13,14|2,11,18,32,33,39|6,10,17,19,21,30
1,3,8,9,39,40|2,6,13,18,22,38|10,14,16,17,19,30
1,3,13,14,29,38|2,8,16,19,27,32|7,9,11,12,39,40
1,3,29,32,33,39|2,6,13,18,22,38|7,9,12,16,31,40
1,3,29,38,39,40|2,8,13,14,19,26|11,16,18,27,30,32
1,11,13,27,29,30|2,8,19,26,39,40|3,6,15,18,31,34
1,11,17,18,30,39|2,6,13,19,28,38|7,9,12,16,31,40
1,13,17,25,30,40|2,8,10,19,29,39|3,6,11,18,21,34
1,16,17,18,30,31|2,6,13,19,28,38|7,9,11,12,39,40
1,16,17,19,25,30|2,6,13,18,22,38|7,9,11,12,39,40
1,17,18,21,22,30|2,6,13,19,28,38|7,9,11,12,39,40
1,17,19,20,30,39|2,6,13,18,22,38|7,9,12,16,31,40
1,17,19,21,28,30|2,6,13,18,22,38|7,9,11,12,39,40
2,6,13,18,22,38|3,11,16,19,31,34|7,12,17,32,39,40
2,6,13,19,28,38|3,11,14,16,18,34|7,9,12,21,22,40
2,8,10,19,29,39|3,6,11,18,21,34|7,9,12,16,31,40
2,8,13,14,19,26|3,6,11,18,21,34|7,9,12,16,31,40
2,8,13,18,25,32|3,6,16,19,28,34|7,9,11,12,39,40
2,8,13,27,32,40|3,6,11,18,21,34|10,14,16,17,19,30
2,8,16,19,27,32|3,6,11,18,21,34|10,13,14,17,30,40
2,8,19,26,39,40|3,6,11,18,21,34|7,12,13,14,17,32
2,11,13,14,18,38|3,6,15,19,25,34|7,9,12,16,31,40
