6,16,18,22,26,38|8,9,10,11,13,31|15,19,20,25,28,34
6,16,19,26,28,38|8,9,10,11,13,31|15,18,20,22,25,34
6,18,25,28,31,34|8,9,10,13,14,20|11,19,21,22,26,38
6,19,20,21,26,38|8,9,10,11,13,31|14,18,22,25,28,34
6,22,25,27,34,40|8,9,10,11,13,31|14,15,19,26,28,38
6,27,28,31,34,40|8,9,10,13,14,20|11,19,21,22,26,38
8,9,10,20,39,40|11,13,26,31,32,33|14,18,22,25,28,34
8,9,10,21,28,40|11,13,26,31,32,33|15,18,20,22,25,34
8,10,13,14,26,29|11,15,18,25,28,34|16,20,27,32,38,40
8,10,13,17,31,32|11,14,16,18,26,38|15,19,20,25,28,34
8,10,16,27,29,32|11,13,26,31,38,40|14,18,22,25,28,34
8,16,26,27,32,40|9,10,14,15,22,33|11,18,20,21,28,34
8,17,25,27,29,31|9,10,11,14,16,33|18,20,21,28,32,38
8,18,20,26,32,39|9,10,11,14,16,33|19,22,25,28,31,34
8,18,21,26,28,32|9,10,11,14,16,33|15,20,22,27,34,40
10,11,13,29,31,38|14,18,22,25,28,34|20,26,32,33,39,40
10,14,16,17,32,33|11,13,26,31,38,40|15,18,20,22,25,34
10,14,16,17,38,40|11,13,26,31,32,33|15,18,20,22,25,34
10,20,29,32,33,39|11,13,26,31,38,40|14,18,22,25,28,34
10,20,29,38,39,40|11,13,26,31,32,33|14,18,22,25,28,34
10,21,28,29,32,33|11,13,26,31,38,40|15,18,20,22,25,34
10,21,28,29,38,40|11,13,26,31,32,33|15,18,20,22,25,34
1,2,3,6,21,29|8,9,10,14,16,40|11,15,18,22,31,34
1,2,3,14,16,29|6,8,9,10,21,40|11,15,18,22,31,34
1,6,8,9,13,28|2,3,11,32,39,40|14,15,18,20,22,34
1,6,9,11,21,33|2,3,16,31,32,40|8,13,17,20,25,29
1,6,13,28,29,38|2,3,11,32,39,40|14,15,18,20,22,34
1,6,17,21,32,33|8,9,10,14,16,40|11,15,18,22,31,34
1,6,17,21,38,40|2,3,11,13,14,32|15,19,20,22,31,34
1,8,9,11,13,31|2,3,21,22,32,40|6,14,15,19,26,38
1,8,9,13,14,20|2,3,11,32,39,40|6,15,18,22,28,34
1,8,9,16,25,40|2,3,6,13,22,32|11,14,15,18,28,34
1,8,9,20,39,40|2,3,6,13,22,32|11,14,15,18,28,34
1,8,9,21,28,40|2,3,6,13,22,32|11,14,16,18,20,34
1,8,13,14,26,29|2,3,11,32,39,40|6,15,18,20,31,34
1,8,13,17,31,32|6,10,21,29,38,40|11,14,15,18,28,34
1,8,26,29,39,40|2,3,6,13,22,32|11,14,15,18,28,34
1,9,14,15,22,33|2,3,11,32,39,40|6,16,19,20,28,34
1,11,13,29,31,38|2,3,21,22,32,40|6,14,19,25,28,34
1,13,14,20,29,38|2,3,11,32,39,40|6,15,18,22,28,34
1,14,16,17,32,33|6,8,9,10,21,40|11,15,18,22,31,34
1,14,16,17,38,40|2,3,6,13,22,32|11,15,19,28,31,34
1,16,25,29,32,33|6,8,9,10,21,40|11,14,15,18,28,34
1,16,25,29,38,40|2,3,6,13,22,32|11,14,15,18,28,34
1,20,29,32,33,39|6,8,9,10,21,40|11,14,15,18,28,34
1,20,29,38,39,40|2,3,6,13,22,32|11,14,15,18,28,34
1,21,28,29,32,33|6,11,15,18,25,34|8,9,10,14,16,40
1,21,28,29,38,40|2,3,6,13,22,32|11,14,16,18,20,34
2,3,6,13,22,32|8,9,10,14,16,40|11,15,19,28,31,34
2,3,11,13,14,32|6,8,9,10,21,40|15,17,22,25,29,33
2,3,11,32,39,40|6,14,15,19,26,38|8,13,17,20,25,29
2,3,16,31,32,40|6,11,15,18,25,34|17,20,21,22,29,33
2,3,21,22,32,40|6,11,15,18,25,34|8,14,17,27,29,31
6,8,9,10,21,40|11,14,15,18,28,34|16,17,20,29,31,33
6,8,18,21,26,32|10,14,16,29,38,40|11,15,19,22,25,34
6,10,21,29,38,40|8,11,19,26,32,39|14,15,18,20,22,34
6,11,15,18,25,34|8,9,10,14,16,40|17,20,21,22,29,33
6,11,18,20,21,34|8,9,10,14,16,40|15,17,22,25,29,33
6,13,20,28,34,40|8,11,16,17,27,29|14,19,25,31,32,38
6,14,18,28,31,34|8,11,16,17,27,29|15,19,22,25,32,38
6,15,18,20,31,34|8,9,10,14,16,40|11,17,21,28,29,33
6,15,18,22,28,34|8,9,10,14,16,40|11,17,20,29,33,39
6,15,18,25,32,38|8,9,10,14,16,40|11,17,20,29,33,39
6,15,19,20,25,34|8,9,10,14,16,40|11,17,21,28,29,33
6,15,27,32,38,40|8,13,17,20,25,29|11,16,19,22,28,34
6,18,20,21,32,38|8,9,10,14,16,40|11,15,19,22,25,34
6,19,22,25,31,34|8,9,10,14,16,40|11,17,20,29,33,39
6,21,26,32,33,40|8,11,16,17,27,29|14,15,18,20,22,34
8,13,26,31,32,40|11,14,15,18,28,34|17,20,21,22,29,33
8,14,16,18,26,32|11,13,20,31,34,40|15,17,22,25,29,33
1,2,3,11,29,39|6,8,9,10,13,22|14,15,18,20,28,34|16,26,31,32,33,40
1,2,3,16,29,31|6,8,9,10,13,22|11,15,19,25,28,34
1,2,3,21,22,29|6,9,10,14,15,33|8,11,18,26,32,39
1,6,8,9,15,27|2,3,11,13,31,32|10,21,22,29,38,40
1,6,9,15,25,33|2,3,11,13,31,32|8,16,17,20,27,29
1,6,9,16,28,33|2,3,11,13,31,32|8,14,17,25,27,29
1,6,9,20,21,33|2,3,11,13,31,32|8,14,17,25,27,29
1,6,13,17,22,38|2,3,16,25,32,40|11,15,18,28,31,34
1,6,15,27,29,38|2,3,11,13,31,32|8,9,10,21,22,40
1,6,21,26,29,33|2,3,11,13,31,32|14,15,18,20,28,34
1,8,9,11,13,25|2,3,20,32,39,40|6,14,15,18,26,38
1,8,9,13,20,31|2,3,16,25,32,40|6,11,19,21,26,38
1,8,9,13,22,28|2,3,16,25,32,40|6,11,19,21,26,38
1,8,13,17,25,32|6,9,10,14,15,33|11,16,18,20,31,34
1,8,13,26,29,31|2,3,16,25,32,40|6,9,10,14,15,33|11,18,20,21,22,34
1,9,11,16,31,33|2,3,6,13,28,32|8,14,17,25,27,29
1,9,11,21,22,33|2,3,6,13,28,32|8,14,17,25,27,29
1,9,14,15,28,33|2,3,11,13,31,32|6,16,19,22,26,38
1,9,14,16,20,33|2,3,6,13,28,32|10,11,29,38,39,40
1,9,15,22,31,33|2,3,6,13,28,32|8,14,17,25,27,29
1,11,13,14,17,38|2,3,16,25,32,40|15,18,20,22,31,34
1,11,13,25,29,38|2,3,20,32,39,40|6,9,10,14,15,33
1,11,17,32,33,39|6,8,9,10,13,22|14,15,18,20,28,34
1,11,17,38,39,40|2,3,6,13,28,32|14,19,20,25,31,34
1,13,20,29,31,38|2,3,16,25,32,40|6,9,10,14,15,33
1,13,22,28,29,38|2,3,16,25,32,40|6,9,10,14,15,33
1,14,16,26,29,33|2,3,6,13,28,32|8,9,10,11,39,40|15,18,20,22,31,34
1,16,17,31,32,33|6,8,9,10,13,22|11,15,19,25,28,34
1,16,17,31,38,40|2,3,6,13,28,32|11,15,18,22,25,34
1,17,21,22,32,33|6,14,15,18,26,38|8,9,10,11,39,40
1,17,21,22,38,40|2,3,6,13,28,32|11,14,18,25,31,34
2,3,6,13,28,32|8,9,10,11,39,40|14,15,19,22,26,38|16,17,20,25,29,33
2,3,11,13,31,32|6,9,10,14,15,33|8,16,17,20,27,29
2,3,13,14,20,32|6,11,19,21,26,38|8,9,10,16,31,40|15,17,25,28,29,33
2,3,16,25,32,40|6,8,9,10,13,22|11,15,18,28,31,34
2,3,20,32,39,40|6,8,9,10,13,22|11,14,16,19,26,38|15,17,25,28,29,33
2,3,21,28,32,40|6,8,9,10,13,22|11,14,16,19,26,38
6,8,9,10,13,22|11,14,16,19,26,38|15,17,25,28,29,33
6,9,10,14,15,33|8,11,18,26,32,39|13,20,22,28,34,40
6,10,13,22,29,38|8,11,18,26,32,39|14,19,20,25,31,34
6,11,19,21,26,38|8,9,10,16,31,40|14,15,18,20,28,34
6,13,22,26,32,33|8,9,10,11,39,40|14,15,18,20,28,34
6,13,22,26,38,40|8,14,17,25,27,29|11,15,18,28,31,34
6,14,15,18,26,38|8,9,10,11,39,40|16,17,20,25,29,33
6,15,18,20,25,34|8,9,10,11,13,14|16,26,31,32,33,40
6,15,19,26,31,38|8,9,10,11,13,14|16,17,20,25,29,33
6,15,20,27,34,40|8,9,10,11,13,14|16,18,22,28,32,38
6,16,18,20,28,34|8,9,10,11,13,14|15,22,27,32,38,40
6,16,19,22,26,38|8,9,10,11,13,14|15,17,25,28,29,33
6,18,22,25,31,34|8,9,10,11,13,14|17,20,21,28,29,33
6,19,25,28,31,34|8,9,10,11,13,14|15,22,27,32,38,40
6,22,27,31,34,40|8,9,10,11,13,14|15,17,25,28,29,33
8,9,10,11,13,14|15,17,25,28,29,33|16,18,20,31,32,38
8,9,10,16,31,40|11,13,14,26,32,33|15,19,20,22,25,34
8,9,10,21,22,40|11,13,14,26,32,33|15,19,20,28,31,34
8,10,13,25,29,32|11,14,16,19,26,38|15,18,20,22,31,34
8,10,17,32,39,40|11,14,16,19,26,38|15,18,20,22,31,34
8,11,18,26,32,39|10,16,29,31,38,40|14,19,22,25,28,34
8,14,17,25,27,29|11,15,18,28,31,34|21,22,26,32,33,40
8,16,18,26,31,32|10,11,13,14,29,38|15,19,20,22,25,34
8,16,19,25,26,32|10,11,13,14,29,38|15,18,20,22,31,34
8,18,21,22,26,32|10,11,13,14,29,38|15,19,20,28,31,34
8,19,21,26,28,32|10,11,13,14,29,38|15,18,20,22,31,34
10,16,29,31,32,33|11,13,14,26,38,40|15,19,20,22,25,34
10,16,29,31,38,40|11,13,14,26,32,33|15,19,20,22,25,34
10,21,22,29,32,33|11,13,14,26,38,40|15,19,20,28,31,34
10,21,22,29,38,40|11,13,14,26,32,33|15,19,20,28,31,34
11,14,18,25,31,34|15,22,27,32,38,40|17,20,21,28,29,33
11,14,27,31,34,40|15,17,25,28,29,33|18,20,21,22,32,38
11,15,18,22,25,34|14,27,31,32,38,40|17,20,21,28,29,33
11,15,22,27,34,40|14,18,25,31,32,38|17,20,21,28,29,33
11,18,20,21,22,34|14,27,31,32,38,40|15,17,25,28,29,33
1,8,9,11,13,14|2,3,6,21,32,40|15,17,22,29,31,33
1,8,9,21,22,40|6,11,15,18,31,34|14,16,17,20,29,33
1,16,29,31,38,40|6,8,19,21,26,32|11,14,15,18,22,34
1,21,22,29,38,40|6,11,15,18,31,34|8,14,16,19,26,32
2,3,6,21,32,40|8,11,13,17,25,29|14,15,19,20,22,34
6,8,19,21,26,32|11,13,14,20,34,40|15,17,22,29,31,33
6,11,13,28,34,40|8,14,16,19,26,32|15,17,22,29,31,33
6,16,17,28,29,33|8,13,14,26,32,40|11,15,19,22,31,34
6,17,20,21,29,33|8,13,14,26,32,40|11,15,19,22,31,34
1,3,6,18,30,31|2,7,11,12,15,19|8,27,28,29,33,40
1,3,11,15,18,30|2,6,7,12,19,31|8,27,28,29,33,40
1,3,14,18,22,30|2,6,7,12,19,31|8,27,28,29,33,40
1,3,15,19,20,30|2,6,7,12,14,18|8,27,28,29,33,40
1,3,19,22,30,31|2,6,7,12,14,18|8,27,28,29,33,40
1,6,19,31,33,38|3,7,12,15,32,40|11,18,22,23,27,29
1,14,19,22,33,38|3,7,12,15,32,40|6,18,20,23,27,29
3,7,12,15,32,40|6,8,17,18,25,33|11,19,23,27,28,29
1,3,6,18,25,30|2,7,12,14,19,28|8,17,22,27,33,40
1,3,6,27,30,40|2,7,11,12,15,18|8,17,19,25,28,33
1,3,7,12,15,29|6,10,14,19,33,38|17,18,23,25,28,40
1,3,14,18,28,30|2,6,7,12,19,25|8,17,22,27,33,40
1,3,15,18,20,30|2,6,7,12,19,25|8,17,22,27,33,40
1,3,19,28,30,31|2,7,11,12,15,18|8,17,22,27,33,40
1,10,15,18,23,29|2,6,7,12,19,25|8,17,22,27,33,40
2,6,7,12,18,31|3,10,11,15,19,30|8,17,22,27,33,40
2,7,11,12,15,18|3,6,10,19,30,31|8,17,22,27,33,40
2,7,12,15,19,20|3,6,10,14,18,30|8,17,22,27,33,40
1,3,18,22,25,30|2,6,7,12,27,40|10,11,15,19,33,38
1,3,18,28,30,31|2,6,7,12,27,40|10,11,15,19,33,38
1,3,22,27,30,40|2,6,7,12,18,25|10,11,15,19,33,38
1,8,15,18,26,33|2,6,7,12,27,40|3,10,14,19,28,30
1,15,18,20,33,38|2,6,7,12,27,40|3,10,14,19,28,30
1,19,22,25,33,38|2,6,7,12,27,40|3,10,11,15,18,30
2,7,12,15,18,20|3,6,10,19,25,30|8,17,27,28,33,40
2,7,12,18,22,31|3,6,10,19,25,30|8,17,27,28,33,40
2,7,12,19,22,25|3,6,10,18,30,31|8,17,27,28,33,40
1,3,18,25,28,30|2,7,12,22,27,40|8,10,15,19,26,33
1,3,27,28,30,40|2,7,12,18,22,25|8,10,15,19,26,33
1,2,27,28,33,40|3,6,10,18,31,38|7,12,19,22,25,26
1,3,18,22,25,38|2,6,10,27,33,40|7,12,19,26,28,31
1,3,18,28,31,38|2,6,10,27,33,40|7,12,19,22,25,26
1,3,22,27,38,40|2,6,10,18,25,33|7,12,19,26,28,31
1,2,18,22,25,33|3,6,10,19,31,38|7,12,27,28,32,40
1,2,22,27,33,40|3,6,10,14,18,38|7,12,15,19,20,26
1,3,6,27,38,40|2,10,11,15,18,33|7,12,14,19,26,28
1,3,8,15,18,26|2,6,10,19,25,33|7,12,27,28,32,40
1,3,15,26,33,40|2,6,8,10,19,27|7,12,18,25,28,32
1,3,19,22,25,38|2,6,10,18,31,33|7,12,27,28,32,40
2,6,8,10,19,27|3,17,25,28,33,40|7,11,12,15,18,26
2,6,10,18,31,33|3,8,17,27,28,40|7,12,15,19,20,26
2,6,10,19,25,33|3,8,17,27,28,40|7,11,12,15,18,26
2,10,11,15,18,33|3,8,17,27,28,40|6,7,12,19,25,26
2,10,14,18,22,33|3,8,17,27,28,40|6,7,12,19,25,26
3,17,25,28,33,40|6,7,12,18,26,31|10,11,19,22,27,30
1,2,6,8,18,27|3,10,15,32,33,40|7,12,14,19,22,26
1,2,6,18,25,33|3,8,17,22,27,40|7,11,12,15,19,26
1,2,6,27,33,40|3,8,10,15,18,32|7,12,14,19,22,26
1,2,8,19,22,27|3,10,15,32,33,40|6,7,12,14,18,26
1,2,14,18,28,33|3,8,17,22,27,40|6,7,12,19,26,31
1,2,15,18,20,33|3,6,10,14,19,38|7,12,22,27,32,40
1,3,6,18,31,38|2,10,11,15,19,33|7,12,22,27,32,40
1,3,8,15,19,26|2,6,10,14,18,33|7,12,22,27,32,40
1,3,11,15,18,38|2,6,10,19,31,33|7,12,22,27,32,40
1,3,15,19,20,38|2,6,10,14,18,33|7,12,22,27,32,40
1,6,7,12,27,29|2,10,11,15,19,33|3,8,17,18,22,25
2,6,10,14,18,33|3,8,17,19,25,28|7,12,22,27,32,40
3,6,20,27,29,33|7,11,12,15,19,26|10,18,22,25,30,40
3,11,22,27,29,33|6,7,12,14,18,26|10,19,25,28,30,40
1,2,6,8,19,27|3,14,17,28,33,40|7,12,15,18,20,32
1,2,6,19,25,33|3,8,14,17,18,28|7,10,12,15,29,40
1,2,11,15,18,33|3,6,8,17,27,40|7,12,19,22,25,32
1,2,14,18,22,33|3,6,8,17,27,40|7,12,19,28,31,32
1,2,14,19,28,33|3,6,8,17,18,25|7,10,12,15,29,40
1,2,19,22,31,33|3,6,8,17,18,25|7,10,12,15,29,40
1,7,12,15,17,40|2,6,10,14,19,33|3,8,18,25,28,29
2,8,10,15,18,40|3,6,11,27,29,33|7,12,19,22,25,32
3,6,11,27,29,33|7,12,14,18,28,32|10,19,22,25,30,40
1,2,6,16,29,33|3,11,14,15,34,40|19,22,25,30,31,32
1,2,8,13,22,29|3,6,11,16,34,40|14,18,28,30,31,32
1,2,14,15,29,33|3,6,11,16,34,40|19,22,25,30,31,32
1,11,17,21,30,40|2,6,14,19,31,38|7,12,16,22,29,32
2,6,11,13,38,40|3,8,15,17,29,31|14,18,22,25,30,32
2,6,11,16,19,38|3,8,15,17,29,31|13,20,28,30,32,40
2,6,14,19,31,38|3,8,11,17,21,29|13,20,28,30,32,40
2,6,15,19,22,38|3,8,11,17,21,29|13,20,28,30,32,40
2,11,14,15,19,38|3,8,16,17,22,29|6,18,25,30,31,32
2,16,22,32,33,40|3,8,11,17,21,29|6,14,19,26,30,31
1,2,6,16,17,33|3,8,10,21,29,32|7,9,11,12,15,31|13,20,22,26,30,40
1,2,8,13,17,22|3,6,25,31,34,40|7,9,12,14,15,20|11,16,19,26,28,30
1,2,8,15,27,29|3,6,11,13,20,34|7,9,12,14,22,31
1,2,14,15,17,33|3,6,8,13,26,32|7,9,11,12,16,22
1,2,15,25,29,33|3,6,8,13,26,32|7,9,11,12,16,22
1,2,16,28,29,33|3,6,8,13,26,32|7,9,11,12,15,31
1,2,20,21,29,33|3,6,8,13,26,32|7,9,11,12,15,31|10,16,17,22,30,40
1,3,8,9,11,21|2,6,10,16,29,33|7,12,15,17,31,32|13,20,22,26,30,40
1,3,8,9,15,31|2,6,10,16,29,33|7,11,12,17,21,32|13,20,22,26,30,40
1,3,8,9,16,22|2,6,14,18,25,38|7,11,12,17,21,32|15,19,20,26,30,31
1,3,8,17,21,32|2,6,10,16,29,33|7,9,11,12,15,31|13,20,22,26,30,40
1,3,11,21,29,38|2,6,8,16,18,26|7,9,12,14,15,20|22,25,27,30,32,40
1,3,15,29,31,38|2,6,8,16,18,26|7,11,12,17,21,32
1,3,16,22,29,38|2,6,14,27,32,33|7,9,11,12,15,31
1,6,10,13,30,32|2,8,11,19,21,26|3,14,22,25,34,40
1,6,14,17,27,30|2,8,10,13,22,29|3,11,15,25,34,40
1,6,25,27,29,30|2,8,11,19,21,26|3,14,28,31,34,40|7,12,16,17,22,32
1,10,21,30,32,40|2,6,8,16,18,26|7,9,11,12,15,31
1,11,13,17,28,30|2,6,8,16,18,26|3,14,22,25,34,40
1,13,17,20,22,30|2,6,8,16,18,26|3,11,15,25,34,40
1,14,27,28,29,30|2,6,8,16,18,26|3,11,13,22,32,38
1,15,20,27,29,30|2,6,8,16,18,26|3,11,13,22,32,38
1,22,27,29,30,31|2,6,8,16,18,26|3,11,15,25,34,40
2,6,8,16,18,26|3,11,13,22,32,38|7,9,12,14,15,20
2,6,10,16,29,33|3,8,21,26,32,40|7,9,11,12,15,31
2,6,14,18,25,38|3,8,10,21,29,32|7,9,11,12,15,31|13,20,22,26,30,40
2,6,14,27,32,33|3,11,15,25,34,40|10,13,20,22,29,30
2,6,14,27,38,40|3,8,10,21,29,32|7,9,11,12,15,31|16,19,20,22,26,30
2,6,15,18,28,38|3,8,10,21,29,32|7,9,11,12,16,22
2,6,16,18,20,38|3,8,10,21,29,32|7,9,11,12,15,31|14,19,22,25,26,30
2,6,16,26,33,40|3,8,10,21,29,32|7,9,11,12,15,31
2,6,19,25,31,38|3,8,10,21,29,32|7,9,11,12,16,22|14,15,18,20,26,30
2,8,10,13,22,29|3,6,25,31,34,40|7,9,12,14,15,20|11,16,19,26,28,30
2,8,11,19,21,26|3,6,13,20,32,38|7,9,12,14,22,31
2,8,14,15,18,26|3,6,11,13,20,34|7,12,16,17,22,32
2,8,15,19,26,31|3,6,11,13,20,34|7,12,16,17,22,32
2,8,16,19,22,26|3,6,11,13,20,34|7,12,15,17,31,32
2,10,14,15,29,33|3,6,8,13,26,32|7,9,11,12,16,22
2,11,13,28,32,33|3,6,25,31,34,40|7,9,12,14,15,20
2,11,13,28,38,40|3,8,10,21,29,32|6,7,9,12,14,25|15,19,20,26,30,31
2,11,15,18,31,38|3,6,8,13,26,32|10,16,17,22,30,40
2,11,15,19,25,38|3,6,8,13,26,32|7,9,12,14,22,31
2,11,16,18,22,38|3,6,8,13,26,32|7,9,12,14,15,20
2,11,16,19,28,38|3,6,8,13,26,32|7,9,12,14,15,20
2,11,19,20,21,38|3,6,8,13,26,32|7,9,12,14,22,31
2,13,20,22,32,33|3,6,25,31,34,40|7,12,14,15,26,29
2,13,20,22,38,40|3,8,10,21,29,32|6,7,9,12,14,25|11,15,18,26,30,31
2,14,15,18,20,38|3,6,8,13,26,32|7,9,11,12,16,22
2,14,15,26,33,40|3,6,11,13,20,34|7,12,16,17,22,32
2,14,18,22,31,38|3,6,8,13,26,32|10,11,17,21,30,40
2,14,19,22,25,38|3,6,8,13,26,32|7,9,11,12,15,31
2,14,19,28,31,38|3,6,8,13,26,32|7,9,11,12,16,22
2,15,19,20,31,38|3,6,8,13,26,32|7,9,11,12,16,22
2,15,19,22,28,38|3,6,8,13,26,32|10,11,17,21,30,40
2,16,19,20,22,38|3,6,8,13,26,32|7,9,11,12,15,31
3,6,8,13,26,32|7,9,11,12,15,31|10,16,17,22,30,40
3,6,13,20,32,38|7,9,11,12,15,31|10,16,17,22,30,40
3,6,25,31,34,40|7,9,11,12,16,22|14,15,18,20,26,30
3,8,10,21,29,32|6,7,9,12,14,25|11,13,26,28,30,40
3,8,21,26,32,40|6,7,9,12,14,25|10,11,13,28,29,30
3,11,13,22,32,38|6,7,9,12,14,25|10,15,17,30,31,40
3,11,15,25,34,40|6,7,9,12,16,20|14,18,22,26,30,31
3,11,16,28,34,40|6,7,9,12,14,25|10,13,20,22,29,30
3,11,20,21,34,40|6,7,9,12,14,25|15,19,22,26,28,30
3,14,22,25,34,40|6,7,9,12,15,28|11,19,20,21,26,30
3,14,28,31,34,40|6,7,9,12,16,20|11,15,19,25,26,30
3,15,20,31,34,40|6,7,9,12,14,25|10,11,13,28,29,30
3,15,22,28,34,40|6,7,9,12,14,25|11,19,20,21,26,30
3,15,25,32,38,40|6,7,9,12,16,20|10,11,13,28,29,30
3,16,20,22,34,40|6,7,9,12,14,25|10,11,13,28,29,30
3,16,28,32,38,40|6,7,9,12,14,25|10,13,20,22,29,30
3,20,21,32,38,40|6,7,9,12,14,25|10,11,13,28,29,30
1,2,6,8,13,17|3,11,15,31,34,40|7,12,16,28,29,32
1,2,8,13,28,29|3,6,14,25,34,40|11,15,19,26,30,31
1,2,8,17,21,40|3,6,11,13,32,38|14,15,19,20,26,30
1,2,11,21,29,33|3,6,14,25,34,40|16,18,20,28,30,32
1,2,16,22,29,33|3,6,11,13,32,38|10,14,15,17,30,40
1,3,6,8,9,16|2,11,13,22,32,33|10,14,15,17,30,40
1,3,6,16,29,38|2,8,14,15,19,26|18,22,25,30,31,32
1,3,8,9,14,15|2,6,11,16,18,38|7,12,20,21,29,32
1,3,14,15,29,38|2,6,8,13,26,40|16,18,20,28,30,32
1,6,13,17,20,30|2,8,10,21,29,40|7,9,11,12,14,15
1,6,27,29,30,31|2,8,14,15,19,26|3,11,16,22,34,40
1,11,13,17,22,30|2,6,8,16,19,26|3,14,15,20,34,40
1,13,20,28,29,30|2,6,8,16,19,26|3,11,15,31,34,40
1,16,17,28,30,40|2,6,8,10,13,29|7,9,11,12,14,15
1,17,20,21,30,40|2,6,8,10,13,29|7,9,11,12,14,15
2,6,8,10,13,29|3,11,15,31,34,40|14,18,25,28,30,32
2,6,8,13,26,40|7,9,11,12,14,15|16,18,20,28,30,32
2,6,8,16,19,26|3,11,15,31,34,40|7,12,20,21,29,32
2,6,11,16,18,38|3,8,15,17,25,29|14,19,22,26,30,31
2,6,13,20,32,33|3,8,15,17,25,29|11,16,19,22,26,30
2,6,13,20,38,40|3,8,15,17,25,29|11,16,19,22,26,30
2,6,14,18,31,38|3,8,15,17,25,29|11,13,22,26,30,40
2,6,14,19,25,38|3,8,16,17,28,29|11,13,22,26,30,40
2,6,15,19,28,38|3,8,17,20,21,29|11,13,22,26,30,40
2,6,16,19,20,38|3,8,15,17,25,29|11,13,22,26,30,40
2,8,10,21,29,40|3,6,11,13,32,38|14,15,19,20,26,30
2,8,14,15,19,26|3,6,11,13,32,38|10,16,28,29,30,40
2,8,15,18,25,32|3,6,16,20,34,40|10,11,13,22,29,30
2,8,15,27,32,40|6,7,9,11,12,16|14,19,22,26,30,31
2,8,16,18,28,32|3,6,14,25,34,40|10,11,13,22,29,30
2,8,18,20,21,32|3,6,14,25,34,40|10,11,13,22,29,30
2,11,13,22,38,40|3,8,15,17,25,29|6,7,9,12,14,31|16,18,20,28,30,32
2,11,14,15,18,38|3,6,16,20,34,40|19,25,28,30,31,32
2,11,15,19,31,38|3,6,14,25,34,40|7,12,16,28,29,32
2,11,16,19,22,38|3,6,14,25,34,40|7,12,20,21,29,32
2,14,15,19,20,38|3,8,16,17,28,29|6,25,27,30,32,40
2,14,19,22,31,38|3,6,15,28,34,40|7,12,20,21,29,32
2,15,25,32,33,40|3,8,16,17,28,29|6,7,9,12,14,31
2,16,28,32,33,40|3,8,15,17,25,29|6,7,9,12,14,31
2,20,21,32,33,40|3,8,15,17,25,29|6,7,9,11,12,16|14,19,22,26,30,31
3,6,14,25,34,40|7,12,16,28,29,32|11,15,19,26,30,31
3,6,15,28,34,40|7,12,20,21,29,32|11,16,19,22,26,30
3,6,16,20,34,40|7,9,11,12,14,15|18,22,25,30,31,32
3,8,15,17,25,29|6,7,9,11,12,16|14,19,22,26,30,31
3,8,16,17,28,29|6,7,9,12,14,31|11,13,22,26,30,40
3,8,17,20,21,29|6,7,9,11,12,16|14,18,25,28,30,32
3,11,16,22,34,40|6,7,9,12,14,31|15,18,20,25,30,32
3,14,15,20,34,40|6,7,9,11,12,16|18,22,25,30,31,32
3,14,22,31,34,40|6,7,9,11,12,16|15,18,20,25,30,32
1,2,8,15,17,27|3,6,11,13,26,38|7,9,12,14,25,28
1,2,15,17,25,33|3,6,11,13,26,38|7,9,12,16,20,28|10,22,27,29,30,31
1,2,16,17,28,33|3,6,11,13,26,38|7,9,12,15,20,25|10,22,27,29,30,31
1,2,17,20,21,33|3,6,11,13,26,38|7,9,12,14,25,28|10,22,27,29,30,31
1,3,11,17,21,38|2,6,13,20,26,33|7,9,12,14,25,28|10,22,27,29,30,31
1,3,15,17,31,38|2,6,13,20,26,33|7,9,12,14,25,28
1,3,16,17,22,38|2,6,13,20,26,33|7,9,12,14,25,28
1,6,17,25,27,30|2,8,16,18,26,28|3,10,11,21,29,38
1,10,13,28,30,32|2,6,25,27,38,40|7,12,14,15,17,26
1,14,17,27,28,30|2,6,13,20,26,33|3,8,9,10,11,21
1,15,17,20,27,30|2,8,16,18,26,28|3,10,11,21,29,38|7,9,12,22,25,31
1,17,22,27,30,31|2,6,13,20,26,33|3,8,9,10,11,21
1,25,27,28,29,30|2,6,10,16,17,33|3,11,21,26,38,40
2,6,10,16,17,33|3,8,13,26,28,32|7,9,12,15,20,25
2,6,25,27,32,33|3,8,9,10,11,21|7,12,14,15,17,26
2,6,25,27,38,40|3,8,9,10,11,21|7,12,14,15,17,26
2,8,10,13,17,22|3,6,11,27,31,34|7,9,12,14,25,28
2,8,10,15,27,29|3,6,11,13,26,38|7,9,12,14,25,28
2,8,15,18,25,26|3,6,11,27,31,34|7,9,12,16,20,28
2,8,15,26,27,40|3,10,11,21,29,38|7,9,12,14,25,28
2,8,16,18,26,28|3,6,11,27,31,34|7,9,12,15,20,25
2,8,18,20,21,26|3,6,11,27,31,34|7,9,12,14,25,28
2,10,14,15,17,33|3,6,11,13,26,38|7,9,12,16,20,28
2,10,15,25,29,33|3,6,11,13,26,38|7,9,12,16,20,28
2,10,16,28,29,33|3,6,11,13,26,38|7,9,12,15,20,25
2,10,20,21,29,33|3,6,11,13,26,38|7,9,12,14,25,28
2,14,18,25,28,38|3,6,11,27,31,34|7,12,20,21,26,29
2,14,27,28,32,33|3,6,11,13,26,38|7,9,12,15,20,25
2,14,27,28,38,40|3,8,9,10,11,21|6,7,12,16,17,26
2,15,18,20,25,38|3,6,11,27,31,34|7,12,16,26,28,29
2,15,20,27,32,33|3,6,11,13,26,38|7,9,12,14,25,28
2,15,20,27,38,40|3,8,9,10,11,21|6,7,12,16,17,26
2,15,25,26,33,40|3,6,11,27,31,34|7,9,12,16,20,28
2,16,18,20,28,38|3,6,11,27,31,34|7,12,14,15,17,26
2,16,26,28,33,40|3,6,11,27,31,34|7,9,12,15,20,25
2,18,22,25,31,38|3,6,14,20,27,34|7,12,16,26,28,29
2,20,21,26,33,40|3,6,11,27,31,34|7,9,12,14,25,28
2,22,27,31,32,33|3,6,11,13,26,38|7,9,12,14,25,28
2,22,27,31,38,40|3,8,9,10,11,21|6,7,12,16,17,26
3,6,11,13,26,38|7,9,12,14,25,28|10,15,20,27,29,30
3,6,11,27,31,34|7,9,12,14,25,28|10,13,17,20,22,30
3,6,14,20,27,34|7,9,12,22,25,31|10,11,13,17,28,30
3,6,27,31,32,38|7,9,12,14,25,28|10,13,17,20,22,30
3,8,10,17,21,32|6,25,26,27,30,40|7,9,12,16,20,28
3,8,13,26,28,32|6,10,14,17,27,30|7,9,12,15,20,25
3,11,13,20,28,34|6,7,12,16,17,26|10,22,27,29,30,31
3,11,21,26,32,33|6,10,14,17,27,30|7,9,12,15,20,25
3,11,21,26,38,40|6,10,14,17,27,30|7,9,12,15,20,25
3,13,20,28,32,38|6,7,12,16,17,26|10,22,27,29,30,31
3,15,26,31,32,33|6,10,14,17,27,30|7,9,12,16,20,28
3,15,26,31,38,40|6,10,14,17,27,30|7,9,12,16,20,28
3,16,22,26,32,33|6,10,14,17,27,30|7,9,12,15,20,25
3,16,22,26,38,40|6,10,14,17,27,30|7,9,12,15,20,25
3,25,28,31,34,40|6,7,12,16,17,26|10,15,20,27,29,30
1,2,8,13,17,28|3,6,10,16,29,38|7,9,11,12,15,25|14,22,26,27,30,40
1,2,11,17,21,33|3,6,8,9,10,16|7,12,15,26,29,31|25,27,28,30,32,40
1,2,15,17,31,33|3,6,8,9,10,16|7,11,12,21,26,29|25,27,28,30,32,40
1,2,16,17,22,33|3,6,11,14,27,34|7,9,12,15,20,31
1,3,6,16,17,38|2,8,10,13,28,29|7,9,11,12,15,25|14,22,26,27,30,40
1,3,8,9,15,25|2,6,11,13,26,33|7,12,16,17,28,32|10,14,22,27,29,30
1,3,8,9,16,28|2,6,11,13,26,33|7,12,15,17,25,32|10,14,22,27,29,30
1,3,8,9,20,21|2,6,11,13,26,33|7,12,15,17,25,32|10,14,22,27,29,30
1,3,8,21,26,29|2,6,18,25,31,38|7,9,11,12,16,28
1,3,14,15,17,38|2,6,11,13,26,33|7,9,12,16,20,22|25,27,28,30,32,40
1,3,15,25,29,38|2,6,8,10,13,17|7,9,11,12,16,28|14,22,26,27,30,40
1,3,16,28,29,38|2,6,8,10,13,17|7,9,11,12,15,25|14,22,26,27,30,40
1,3,20,21,29,38|2,6,8,10,13,17|7,9,11,12,15,25|14,18,26,28,30,31
1,6,17,27,30,31|2,8,10,13,28,29|3,14,15,26,32,33|7,9,11,12,20,21
1,10,13,22,30,32|2,6,18,25,31,38|3,16,20,28,34,40|7,11,12,21,26,29
1,11,15,17,27,30|2,6,18,25,31,38|3,8,13,22,26,32
1,13,17,20,28,30|2,6,18,25,31,38|3,8,9,10,14,15|7,11,12,21,26,29
1,14,17,22,27,30|2,6,11,13,26,33|3,15,20,25,34,40
1,22,25,27,29,30|2,6,8,10,13,17|3,14,15,26,32,33|7,9,11,12,16,28
1,27,28,29,30,31|2,6,8,10,13,17|3,14,15,26,32,33|7,9,11,12,20,21
2,6,8,10,13,17|3,14,15,26,32,33|7,9,11,12,16,28
2,6,11,13,26,33|3,8,9,10,14,15|7,12,16,17,28,32
2,6,18,25,31,38|3,8,9,10,14,15|7,11,12,21,26,29
2,6,27,31,32,33|3,8,9,10,14,15|7,11,12,21,26,29
2,6,27,31,38,40|3,8,9,10,14,15|7,11,12,21,26,29
2,8,10,13,28,29|3,6,11,14,27,34|7,9,12,15,20,31
2,8,10,17,21,40|3,6,11,14,27,34|7,9,12,15,20,31
2,8,11,18,21,26|3,6,10,16,29,38|7,9,12,14,22,25
2,8,13,26,28,40|3,6,10,16,29,38|7,9,11,12,15,25
2,8,15,18,26,31|3,6,10,16,29,38|7,9,11,12,20,21|25,27,28,30,32,40
2,8,15,19,25,26|3,6,10,16,29,38|7,9,11,12,20,21
2,8,16,18,22,26|3,6,11,14,27,34|7,9,12,15,20,31
2,8,16,19,26,28|3,6,11,14,27,34|7,9,12,15,20,31
2,8,19,20,21,26|3,6,10,16,29,38|7,9,11,12,15,25
2,10,11,21,29,33|3,6,14,27,32,38|7,9,12,15,20,31
2,10,15,29,31,33|3,6,11,14,27,34|7,9,12,16,20,22
2,10,16,22,29,33|3,6,11,14,27,34|7,9,12,15,20,31
2,11,15,18,25,38|3,6,8,9,10,16|7,12,17,20,21,32|14,22,26,27,30,40
2,11,15,27,32,33|3,6,8,9,10,16|13,20,26,28,30,40
2,11,15,27,38,40|3,6,8,9,10,16|7,12,17,20,21,32|14,18,22,25,26,30
2,11,16,18,28,38|3,8,9,10,14,15|6,26,27,30,31,40|7,12,17,20,21,32
2,11,18,20,21,38|3,6,8,9,10,16|7,12,15,17,25,32|14,22,26,27,30,40
2,11,21,26,33,40|3,6,8,9,10,16|7,12,15,17,25,32
2,13,20,28,32,33|3,6,8,9,10,16|7,11,12,21,26,29
2,13,20,28,38,40|3,6,8,9,10,16|7,11,12,21,26,29
2,14,18,22,25,38|3,6,8,9,10,16|7,11,12,21,26,29
2,14,18,28,31,38|3,6,8,9,10,16|7,11,12,21,26,29
2,14,19,25,28,38|3,6,8,9,10,16|7,11,12,21,26,29
2,14,22,27,32,33|3,6,8,9,10,16|7,11,12,21,26,29
2,14,22,27,38,40|3,6,8,9,10,16|7,11,12,21,26,29
2,15,18,20,31,38|3,6,8,9,10,16|7,11,12,21,26,29|25,27,28,30,32,40
2,15,18,22,28,38|3,6,8,9,10,16|7,11,12,21,26,29
2,15,19,20,25,38|3,6,8,9,10,16|7,11,12,21,26,29
2,15,26,31,33,40|3,6,8,9,10,16|7,12,17,20,21,32
2,16,18,20,22,38|3,6,11,14,27,34|7,12,15,17,25,32
2,16,19,20,28,38|3,6,11,14,27,34|7,12,15,17,25,32
2,16,22,26,33,40|3,6,11,14,27,34|7,9,12,15,20,31
2,19,22,25,31,38|3,6,8,9,10,16|7,11,12,21,26,29
3,6,8,9,10,16|7,11,12,21,26,29|25,27,28,30,32,40
3,6,10,16,29,38|7,9,11,12,15,25|13,20,26,28,30,40
3,6,11,14,27,34|7,9,12,15,20,31|10,16,17,28,30,40
3,6,14,27,32,38|7,9,11,12,15,25|10,13,20,28,29,30
3,6,16,26,32,33|7,9,11,12,15,25|10,13,20,28,29,30
3,6,16,26,38,40|7,9,11,12,15,25|10,13,20,28,29,30
3,8,9,10,14,15|6,18,25,26,30,31|7,12,16,17,28,32
3,8,13,22,26,32|6,7,9,12,25,31|10,11,15,27,29,30
3,10,14,15,29,38|6,7,9,12,25,31|11,16,18,26,28,30
3,11,13,20,22,34|6,7,9,12,25,31|10,16,17,28,30,40
3,11,13,28,32,38|6,7,9,12,25,31|10,14,22,27,29,30
3,13,20,22,32,38|6,7,9,12,25,31|10,11,15,27,29,30
3,14,15,26,32,33|6,7,9,12,25,31|10,11,13,17,22,30
3,14,15,26,38,40|6,7,9,12,25,31|10,11,13,17,22,30
3,14,25,28,34,40|6,10,13,17,20,30|7,11,12,21,26,29
3,15,20,25,34,40|6,10,27,29,30,31|7,9,11,12,16,28
3,16,20,28,34,40|6,7,9,12,25,31|10,11,13,17,22,30
3,22,25,31,34,40|6,10,13,17,20,30|7,9,11,12,16,28
1,2,10,13,22,38|3,6,20,25,27,34|7,12,16,17,26,28
1,2,6,10,13,38|3,8,15,26,27,32|7,9,12,25,28,31
1,2,10,21,32,33|3,6,11,25,27,34|7,12,15,17,26,31
1,2,10,21,38,40|3,6,11,25,27,34|7,12,15,17,26,31
1,3,17,20,21,38|2,6,14,26,27,33|7,9,12,25,28,31
1,6,10,13,26,30|2,18,25,28,31,38|3,11,15,20,27,34
1,7,12,21,26,32|2,8,10,13,17,28|3,6,11,25,27,34
1,10,21,26,30,40|2,18,25,28,31,38|3,11,15,20,27,34
1,17,22,25,27,30|2,11,13,26,28,33|3,8,9,10,20,21
1,17,27,28,30,31|2,13,20,22,26,33|3,8,9,10,15,25
2,10,11,17,21,33|3,6,13,20,26,38|7,9,12,25,28,31
2,13,20,22,26,33|3,6,10,16,17,38|7,9,12,25,28,31
2,18,25,28,31,38|3,8,9,10,20,21|7,12,16,17,22,26
2,22,25,27,38,40|3,8,9,10,16,28|7,11,12,17,21,26
2,27,28,31,38,40|3,8,9,10,15,25|7,11,12,17,21,26
3,6,13,20,26,38|7,9,12,25,28,31|10,11,15,17,27,30
1,2,3,11,21,29|6,8,10,13,17,32|14,18,20,22,31,34
1,2,3,15,29,31|6,8,9,10,11,13|14,18,22,25,32,38
1,2,3,16,22,29|6,8,9,10,11,13|14,18,28,31,32,38
1,6,8,9,14,27|2,3,11,13,22,32|10,15,29,31,38,40
1,6,9,14,25,33|2,3,11,13,22,32|8,15,17,20,27,29
1,6,9,16,20,33|2,3,11,13,22,32|8,14,17,27,28,29
1,6,11,13,17,38|2,3,15,25,32,40|14,18,20,22,31,34
1,6,14,27,29,38|2,3,11,13,22,32|8,9,10,15,31,40
1,6,16,26,29,33|2,3,11,13,22,32|8,9,10,15,31,40
1,8,9,11,13,28|2,3,15,25,32,40|6,14,19,26,31,38
1,8,9,13,20,22|2,3,15,25,32,40|6,11,16,19,26,38
1,8,13,17,28,32|6,11,16,19,26,38|14,18,20,22,31,34
1,8,13,22,26,29|2,3,15,25,32,40|11,14,18,28,31,34
1,9,11,15,31,33|2,3,6,13,20,32|8,14,17,27,28,29
1,9,11,16,22,33|2,3,6,13,20,32|8,14,17,27,28,29
1,9,14,15,20,33|2,3,11,13,22,32|6,8,17,25,27,29
1,9,14,22,31,33|2,3,6,13,20,32|10,11,21,29,38,40
1,11,13,28,29,38|2,3,15,25,32,40|14,18,20,22,31,34
1,11,17,21,32,33|6,14,18,20,25,34|8,9,10,15,31,40
1,13,20,22,29,38|2,3,15,25,32,40|11,14,18,28,31,34
1,14,15,26,29,33|2,3,6,13,20,32|8,9,10,11,21,40
1,15,17,31,32,33|6,8,9,10,11,13|14,19,20,22,25,34
1,15,17,31,38,40|2,3,6,13,20,32|11,14,18,22,25,34
1,16,17,22,32,33|6,8,9,10,11,13|14,19,20,28,31,34
1,16,17,22,38,40|2,3,6,13,20,32|11,14,18,28,31,34
2,3,6,13,20,32|8,9,10,11,21,40|14,17,25,28,29,33
2,3,11,13,22,32|6,8,17,25,27,29|14,19,20,28,31,34
2,3,15,25,32,40|6,8,9,10,11,13|14,18,20,22,31,34
2,3,16,28,32,40|6,8,9,10,11,13|14,18,20,22,31,34
2,3,20,21,32,40|6,8,9,10,11,13|14,17,25,28,29,33
6,8,9,10,11,13|14,17,25,28,29,33|15,18,20,31,32,38
6,10,11,13,29,38|8,15,18,26,31,32|14,19,20,22,25,34
6,11,13,26,32,33|8,9,10,15,31,40|14,19,20,22,25,34
6,11,16,19,26,38|8,9,10,15,31,40|14,17,25,28,29,33
6,14,19,26,31,38|8,9,10,11,21,40|15,17,20,25,29,33
6,15,18,20,28,34|8,9,10,11,21,40|17,22,25,29,31,33
6,15,19,22,26,38|8,9,10,11,21,40|14,17,25,28,29,33
6,18,22,28,31,34|8,9,10,11,21,40|15,17,20,25,29,33
6,18,25,31,32,38|8,9,10,11,21,40|15,19,20,22,28,34
6,19,20,25,31,34|8,9,10,11,21,40|15,18,22,28,32,38
6,19,22,25,28,34|8,9,10,11,21,40|15,18,20,31,32,38
6,27,31,32,38,40|11,14,18,22,25,34|16,17,20,28,29,33
8,9,10,11,21,40|14,17,25,28,29,33|15,18,20,31,32,38
8,9,10,15,31,40|11,14,18,22,25,34|16,17,20,28,29,33
8,11,18,21,26,32|10,15,29,31,38,40|14,19,20,22,25,34
8,14,17,27,28,29|11,15,18,20,31,34|16,22,26,32,33,40
8,15,18,26,31,32|10,11,21,29,38,40|14,19,20,22,25,34
8,15,19,25,26,32|10,11,21,29,38,40|14,18,20,22,31,34
8,16,18,22,26,32|10,11,21,29,38,40|14,19,20,28,31,34
8,16,19,26,28,32|10,11,21,29,38,40|14,18,20,22,31,34
8,19,20,21,26,32|10,15,29,31,38,40|11,14,18,22,25,34
1,2,3,6,16,29|8,9,10,14,15,40|11,19,20,21,32,38
1,2,3,14,15,29|6,8,9,10,16,40|11,19,20,21,32,38
1,6,8,9,13,20|2,3,11,21,32,40|14,17,22,25,29,33
1,6,8,13,26,29|2,3,11,21,32,40|14,19,20,22,31,34
1,6,9,11,16,33|2,3,15,31,32,40|8,13,17,20,28,29
1,6,9,14,31,33|2,3,11,21,32,40|8,13,17,20,28,29
1,6,9,15,22,33|2,3,11,21,32,40|8,13,17,20,28,29
1,6,16,17,38,40|8,10,13,22,29,32|11,14,15,18,20,34
1,8,9,11,13,22|2,3,15,31,32,40|6,14,19,20,25,34
1,8,9,15,25,40|2,3,6,11,13,32|14,17,28,29,31,33
1,8,9,16,28,40|2,3,6,11,13,32|14,17,22,25,29,33
1,8,9,20,21,40|2,3,6,11,13,32|14,17,22,25,29,33
1,8,13,17,22,32|6,10,16,29,38,40|11,14,15,18,20,34
1,8,21,26,29,40|2,3,6,11,13,32|14,19,20,22,31,34
1,9,11,14,15,33|2,3,16,22,32,40|6,8,17,27,29,31
1,11,13,22,29,38|2,3,15,31,32,40|6,14,19,20,25,34
1,15,25,29,32,33|6,8,9,10,16,40|11,14,18,22,31,34
1,15,25,29,38,40|2,3,6,11,13,32|14,19,20,22,31,34
1,16,28,29,38,40|2,3,6,11,13,32|14,19,20,22,31,34
1,20,21,29,32,33|6,8,9,10,16,40|11,14,18,22,31,34
2,3,6,11,13,32|8,9,10,14,15,40|16,17,20,22,29,33
2,3,15,31,32,40|6,11,14,18,25,34|8,13,17,20,28,29
2,3,16,22,32,40|6,8,17,27,29,31|11,14,15,18,20,34
6,11,19,25,31,34|8,9,10,14,15,40|16,17,20,22,29,33
6,15,18,20,22,34|8,11,19,21,26,32|14,17,28,29,31,33
6,16,26,32,33,40|8,11,15,17,27,29|14,19,20,22,31,34
6,17,25,29,31,33|8,9,10,14,15,40|11,16,18,22,32,38
6,19,22,28,31,34|8,9,10,14,15,40|11,17,20,21,29,33
6,19,25,31,32,38|8,9,10,14,15,40|11,16,17,28,29,33
1,2,3,6,16,17|8,9,10,11,13,22|14,15,19,20,26,38
1,2,3,14,15,17|6,8,9,10,13,20|11,16,19,22,26,38
1,2,3,15,25,29|6,8,9,10,13,20|11,14,27,28,34,40
1,2,3,16,28,29|6,8,9,10,13,20|11,14,15,18,26,38
1,2,3,20,21,29|6,9,10,11,16,33|8,15,18,25,26,32
1,6,8,9,27,31|2,3,10,14,15,29|11,13,22,26,32,33
1,6,8,13,17,26|2,3,10,14,15,29|11,16,18,20,28,34|22,27,31,32,38,40
1,6,9,25,31,33|2,3,10,14,15,29|8,16,18,26,28,32
1,6,10,16,34,40|2,3,11,13,28,32|8,17,22,25,27,29|14,15,19,20,26,38
1,6,13,17,20,38|2,3,10,14,15,29|8,16,18,26,28,32|11,22,27,31,34,40
1,6,27,29,31,38|2,3,11,13,28,32|8,9,10,15,25,40
1,8,9,11,15,27|2,3,6,10,16,29|14,18,20,22,25,34
1,8,9,13,20,28|2,3,6,10,16,29|11,14,15,18,26,38
1,8,9,14,22,27|2,3,6,10,16,29|11,15,18,20,25,34
1,8,10,17,21,29|2,3,6,14,27,32|11,13,22,26,38,40
1,8,13,26,28,29|2,3,6,14,27,32|11,15,18,20,25,34
1,8,15,17,27,32|2,3,6,10,16,29|11,13,22,26,38,40|14,18,20,28,31,34
1,8,17,21,26,40|2,3,6,10,16,29|11,14,18,25,28,34
1,9,11,15,25,33|2,3,6,10,16,29|8,18,20,21,26,32
1,9,11,16,28,33|2,3,6,14,27,32|8,10,21,26,29,40|19,20,22,25,31,34
1,9,11,20,21,33|2,3,6,10,16,29|8,15,18,25,26,32
1,9,14,22,25,33|2,3,6,10,16,29|8,15,26,27,32,40
1,9,14,28,31,33|2,3,6,10,16,29|8,15,18,25,26,32
1,9,15,20,31,33|2,3,6,10,16,29|11,13,22,26,38,40
1,9,15,22,28,33|2,3,6,10,16,29|8,18,20,21,26,32
1,9,16,20,22,33|2,3,6,14,27,32|8,10,21,26,29,40|11,19,25,28,31,34
1,10,14,15,34,40|2,3,11,13,28,32|6,16,19,20,26,38|8,17,22,25,27,29
1,11,13,17,22,38|2,3,6,10,16,29|8,15,18,25,26,32
1,11,15,27,29,38|2,3,6,16,26,40|8,10,13,17,22,32|14,18,20,28,31,34
1,11,21,26,29,33|2,3,6,14,27,32|8,9,10,15,25,40
1,13,20,28,29,38|2,3,6,14,27,32|8,9,10,15,25,40
1,14,22,27,29,38|2,3,6,16,26,40|11,15,18,20,25,34
1,15,17,25,32,33|2,3,6,10,16,29|11,13,22,26,38,40|14,18,20,28,31,34
1,15,17,25,38,40|2,3,6,10,16,29|8,18,20,21,26,32
1,15,26,29,31,33|2,3,6,14,27,32|8,9,10,11,13,22
1,16,17,28,32,33|2,3,10,14,15,29|6,11,25,27,34,40
1,16,17,28,38,40|2,3,6,14,27,32|8,9,10,11,13,22
1,16,22,26,29,33|2,3,6,14,27,32|8,9,10,15,25,40
1,17,20,21,32,33|2,3,6,10,16,29|11,13,22,26,38,40
1,17,20,21,38,40|2,3,6,10,16,29|8,15,18,25,26,32
2,3,6,10,16,29|8,15,18,25,26,32|11,14,27,28,34,40
2,3,6,14,27,32|8,9,10,11,13,22|17,25,28,29,31,33
2,3,6,16,26,40|8,9,10,11,13,22|14,18,20,28,31,34
2,3,10,14,15,29|6,11,16,18,26,38|19,20,22,25,31,34
2,3,11,13,28,32|6,9,10,14,31,33|8,17,22,25,27,29
2,3,13,20,22,32|6,9,10,11,16,33|8,17,27,28,29,31
2,3,14,15,26,40|6,8,9,10,13,20|11,18,22,25,31,34
6,8,9,10,13,20|11,14,15,18,26,38|17,25,28,29,31,33
6,8,10,13,26,29|11,14,18,25,28,34|15,20,27,32,38,40
6,9,10,11,16,33|8,15,18,25,26,32|14,20,22,27,34,40
6,10,13,20,29,38|8,15,18,25,26,32|11,14,27,28,34,40
6,10,16,17,32,33|11,13,22,26,38,40|14,18,20,28,31,34
6,11,25,27,34,40|8,10,13,17,22,32|14,15,19,20,26,38
