1,14,15,18,34,38|2,3,6,9,16,33|10,12,19,21,23,35
2,3,8,9,13,22|6,27,29,31,33,34|10,12,19,21,23,35
2,3,13,22,29,38|6,9,16,18,23,26|8,10,19,21,32,34
2,10,19,21,30,32|3,6,7,14,25,35|8,9,15,27,38,40|11,13,17,22,33,34
2,15,17,18,25,30|3,6,7,16,20,35|8,9,10,21,29,33
2,15,17,27,30,40|3,6,7,14,25,35|8,9,10,21,29,33
2,16,17,18,28,30|3,6,7,14,25,35|8,9,10,21,29,33
2,17,18,20,21,30|3,6,7,14,25,35|8,9,15,27,32,33
3,9,11,13,28,30|6,27,29,31,33,34|10,12,19,21,23,35
3,9,13,20,22,30|6,27,29,31,33,34|10,12,19,21,23,35
3,13,17,28,30,32|6,9,16,18,23,26|11,15,27,29,33,34
3,13,22,26,29,30|8,9,15,18,25,38|10,12,19,21,23,35|16,17,28,33,34,40
6,13,17,20,33,34|8,9,15,18,25,38|10,12,19,21,23,35
6,27,29,31,33,34|8,9,15,18,25,38|10,12,19,21,23,35
8,9,15,18,25,38|10,12,19,21,23,35|11,13,17,22,33,34
8,9,15,27,38,40|10,12,19,21,23,35|11,13,17,22,33,34
8,9,16,18,28,38|10,12,19,21,23,35|11,13,17,22,33,34
1,2,19,21,26,30|3,6,7,25,31,35|9,10,13,23,28,29
1,9,13,17,23,28|2,10,18,21,30,32|3,6,7,25,31,35|15,20,27,29,33,34
1,13,28,32,33,34|2,3,17,21,38,40|9,15,18,23,26,31
1,15,19,25,34,38|2,3,8,9,13,28|10,12,18,21,23,35
2,3,6,13,17,38|8,10,18,21,32,34|9,15,19,23,25,26
2,3,8,9,13,28|6,10,16,19,34,38|17,18,21,23,26,32
2,3,9,15,31,33|6,10,13,34,38,40|17,18,21,23,26,32
2,3,9,16,22,33|6,10,13,34,38,40|17,18,21,23,26,32
2,3,13,28,29,38|6,14,17,27,33,34|9,11,18,21,23,26
2,3,17,21,32,33|6,10,13,34,38,40|9,15,18,23,26,31
2,3,17,21,38,40|6,10,13,32,33,34|9,15,18,23,26,31
2,10,18,21,30,32|3,6,7,25,31,35|8,9,13,22,26,33
3,6,7,25,31,35|8,9,13,22,26,33|10,14,15,19,34,38
3,6,9,27,30,31|8,10,18,21,32,34|13,22,26,29,33,38
3,7,11,15,25,35|6,9,10,13,17,23|14,27,28,29,33,34
3,7,11,16,28,35|6,9,10,13,17,23|15,20,27,29,33,34
3,7,11,20,21,35|6,9,10,13,17,23|14,27,28,29,33,34
3,7,14,22,25,35|6,9,10,13,17,23|15,20,27,29,33,34
3,7,14,28,31,35|6,9,10,13,17,23|15,20,27,29,33,34
3,7,15,20,31,35|6,9,10,13,17,23|14,27,28,29,33,34
3,7,16,20,22,35|6,9,10,13,17,23|14,27,28,29,33,34
3,9,11,15,27,30|6,10,13,32,33,34|8,17,19,21,26,38
3,9,13,20,28,30|6,10,16,19,34,38|17,18,21,23,26,32
3,9,14,22,27,30|6,10,13,32,33,34|8,17,19,21,26,38
3,13,26,28,29,30|6,9,14,27,33,38|8,10,18,21,32,34
3,15,17,27,30,32|6,10,13,34,38,40|9,11,18,21,23,26
1,2,7,17,21,32|3,9,12,15,27,30|8,10,13,28,33,35
1,12,18,21,34,38|2,6,7,13,26,32|10,15,23,27,35,40
2,6,7,13,26,32|3,9,12,15,27,30|10,16,18,23,28,35
2,7,21,26,32,40|3,9,12,15,27,30|8,10,13,28,33,35
1,2,7,9,12,21|3,13,17,22,26,30|6,10,16,18,34,38
1,2,18,21,26,30|3,7,14,25,28,35|6,9,27,31,33,38
1,9,15,17,23,27|2,3,21,26,29,33|6,10,16,18,34,38
1,15,27,32,33,34|2,3,13,17,22,38|9,16,18,23,26,28
3,6,9,25,27,30|8,17,18,21,26,38|10,13,22,32,33,34
3,7,22,25,31,35|6,10,16,18,34,38|8,9,13,26,28,33
2,10,19,21,26,30|3,7,25,28,31,35|9,15,20,27,33,38
3,7,25,28,31,35|8,9,15,26,27,33|10,11,18,21,34,38
1,2,6,19,22,38|3,8,9,11,25,40|7,12,14,17,20,29
1,2,8,18,31,32|3,6,9,11,22,33|7,12,14,17,20,29
1,2,8,19,25,32|3,6,9,11,22,33|7,12,14,17,20,29
1,3,6,22,34,40|2,8,10,14,19,32|7,11,12,17,29,31
1,11,14,19,26,30|2,6,8,17,18,28|3,20,29,31,32,33
1,18,22,28,30,32|2,8,11,17,19,25|3,20,29,31,38,40
3,8,9,11,25,40|6,7,12,17,28,29|10,14,19,20,30,32
3,8,9,20,31,40|6,7,12,17,28,29|10,11,14,18,30,32
3,8,9,22,28,40|7,11,12,17,29,31|10,14,19,20,30,32
1,2,8,14,18,32|3,6,28,29,38,40|11,17,19,20,30,31
1,2,8,19,31,32|3,6,28,29,38,40|11,14,17,18,20,30
1,6,18,28,30,32|2,8,11,17,19,31|3,14,20,29,38,40
1,11,18,30,31,32|2,6,8,17,19,28|3,14,20,29,38,40
1,11,19,25,30,32|2,6,8,17,18,22|3,14,20,29,38,40
1,14,18,20,30,32|2,6,8,17,19,28|3,11,29,31,38,40
1,2,8,14,18,26|3,6,9,20,28,33|7,10,12,29,31,32
1,2,8,19,26,31|3,6,9,20,28,33|10,11,18,25,30,32
1,2,11,19,25,38|3,6,9,20,28,33|7,10,12,29,31,32
1,3,22,28,34,40|2,8,10,18,31,32|7,12,17,20,25,29
1,3,25,32,38,40|2,11,20,27,29,33|6,10,19,22,26,30
1,6,7,9,12,28|2,8,10,18,31,32|3,11,17,25,38,40
1,6,18,26,28,30|2,8,10,19,25,32|3,9,11,20,31,33
1,7,9,11,12,31|2,6,10,19,22,38|3,14,20,26,29,33
1,7,9,12,14,20|2,6,10,19,22,38|3,8,11,17,27,32
1,7,12,14,26,29|2,6,10,19,22,38|3,8,11,17,27,32
1,7,12,17,31,32|2,6,10,19,22,38|3,14,20,26,29,33
1,11,18,26,30,31|2,6,10,19,22,38|7,12,17,20,25,29
1,11,19,25,26,30|2,8,10,18,31,32|3,6,9,20,28,33
1,14,18,20,26,30|2,6,10,19,22,38|3,8,11,17,27,32
1,19,22,26,28,30|2,8,10,18,31,32|3,11,17,25,38,40
2,8,17,20,27,40|3,6,26,28,29,33|10,11,18,25,30,32
2,10,11,14,19,38|3,6,9,20,28,33|7,12,26,31,32,40
1,2,6,18,22,38|3,8,9,20,25,40|7,10,12,14,29,32
1,2,6,19,28,38|3,8,9,20,25,40|7,10,12,14,29,32
1,2,8,14,19,26|3,6,9,11,28,33|7,12,17,20,29,31
1,2,8,18,25,32|3,6,9,11,28,33|7,12,17,20,29,31
1,2,8,27,32,40|3,6,9,11,28,33|7,12,17,20,29,31
1,2,11,19,31,38|3,6,9,20,22,33|7,10,12,14,29,32
1,3,6,28,34,40|2,8,10,14,18,32|7,11,12,17,25,29
1,3,11,31,34,40|2,8,10,14,18,32|7,12,17,22,28,29
1,3,14,20,34,40|2,8,10,19,31,32|7,11,12,17,25,29
1,6,7,9,12,22|2,8,10,14,18,32|3,11,17,31,38,40
1,6,18,22,26,30|2,8,10,19,31,32|3,9,11,14,20,33
1,6,19,26,28,30|2,8,10,14,18,32|3,11,17,31,38,40
1,7,9,11,12,14|2,8,10,19,31,32|3,6,17,28,38,40
1,7,12,25,29,32|2,8,11,17,27,40|3,6,9,20,22,33
1,10,25,29,30,40|2,8,17,18,20,31|3,6,9,11,28,33
1,11,14,18,26,30|2,8,10,19,31,32|3,6,9,20,22,33
1,11,19,26,30,31|2,8,10,14,18,32|3,6,9,20,22,33
1,18,20,25,30,32|2,8,11,17,27,40|3,6,22,26,29,33
1,20,27,30,32,40|2,8,11,17,18,25|3,6,22,26,29,33
2,8,10,14,18,32|3,6,9,11,28,33|7,12,17,20,29,31
2,8,11,17,18,25|3,6,9,20,22,33|7,10,12,14,29,32
2,8,11,17,27,40|3,6,9,20,22,33|7,10,12,14,29,32
2,8,17,18,20,31|3,6,9,11,28,33|7,10,12,14,29,32
2,8,17,19,20,25|3,6,9,11,28,33|7,10,12,14,29,32
1,2,18,20,25,38|3,6,17,26,28,33|7,9,10,11,12,31
1,2,20,27,38,40|3,6,17,26,28,33|7,9,10,11,12,31
1,3,26,31,38,40|2,11,17,20,27,33|6,7,9,10,12,28
1,7,9,12,20,25|2,6,10,18,28,38|3,11,17,26,31,33
1,2,10,29,31,33|3,8,9,11,20,27|7,12,25,26,32,40
1,2,11,27,38,40|3,6,17,22,26,33|7,10,12,25,29,32
1,2,18,22,28,38|3,8,9,11,20,27|7,10,12,14,17,32
1,2,26,31,33,40|3,8,9,11,20,27|7,10,12,14,17,32
1,7,9,11,12,25|2,6,10,18,22,38|3,8,17,20,27,32
1,7,9,12,20,31|2,6,10,18,22,38|3,8,11,26,27,29
1,7,9,12,22,28|2,8,10,14,19,26|3,11,20,27,29,38
1,7,12,17,25,32|2,6,10,18,22,38|3,8,9,11,20,27
1,7,12,26,29,31|2,6,10,18,22,38|3,8,9,11,20,27
1,11,18,25,26,30|2,6,10,19,28,38|3,8,17,20,27,32
1,11,26,27,30,40|2,6,10,18,22,38|3,17,20,25,32,33
1,18,22,26,28,30|2,8,10,27,32,40|3,9,11,20,25,33
2,6,10,18,22,38|3,8,9,11,20,27|7,12,25,26,32,40
2,6,10,19,28,38|3,8,9,11,20,27|7,12,25,26,32,40
1,2,6,13,34,40|3,9,14,15,32,33|11,18,21,26,29,30
1,2,6,16,19,34|3,8,9,13,22,32|7,11,15,25,35,40
1,2,14,15,19,34|3,6,9,16,32,33|7,11,20,21,35,40
1,3,8,9,21,29|2,6,13,17,32,33|7,11,15,25,35,40
1,13,17,28,29,30|2,8,9,11,18,21|6,7,25,31,35,40
2,6,9,11,13,33|3,14,15,17,34,40|16,18,22,26,29,30
2,6,13,17,32,33|3,9,14,15,38,40|11,18,21,26,29,30
2,6,13,17,38,40|3,9,14,15,32,33|11,18,21,26,29,30
2,6,16,17,19,38|3,8,9,13,22,32|7,11,15,25,35,40
2,8,9,11,18,21|3,6,13,20,29,34|7,14,22,25,35,40
2,8,9,15,18,31|3,6,13,20,29,34|7,11,16,28,35,40
2,8,9,15,19,25|3,6,13,20,29,34|7,11,16,28,35,40
2,8,9,16,18,22|3,6,13,20,29,34|7,11,15,25,35,40
2,8,9,16,19,28|3,6,13,20,29,34|7,11,15,25,35,40
2,8,9,19,20,21|3,6,16,17,34,40|15,18,26,29,30,31
2,8,17,18,21,32|3,6,9,16,38,40|15,19,25,26,29,30
2,8,19,21,26,29|3,6,9,16,32,33|7,11,15,25,35,40
2,9,11,21,33,40|3,6,13,20,29,34|14,15,17,19,26,30
2,9,15,31,33,40|3,6,13,20,29,34|16,17,18,28,30,32
2,9,16,22,33,40|3,6,13,20,29,34|14,15,17,19,26,30
2,11,18,21,29,38|3,6,9,16,32,33|7,14,22,25,35,40
2,13,28,29,32,33|3,6,9,16,38,40|14,15,17,19,26,30
2,13,28,29,38,40|3,6,9,16,32,33|14,15,17,19,26,30
2,14,15,17,19,38|3,6,9,16,32,33|7,11,20,21,35,40
2,15,18,29,31,38|3,6,9,16,32,33|7,11,20,21,35,40
2,15,19,25,29,38|3,6,9,16,32,33|7,11,20,21,35,40
2,16,18,22,29,38|3,9,14,15,32,33|6,7,11,13,20,35
2,16,19,28,29,38|3,8,9,13,22,32|6,7,25,31,35,40
2,17,21,32,33,40|3,6,13,20,29,34|9,11,15,18,25,30
2,19,20,21,29,38|3,6,9,16,32,33|7,11,15,25,35,40
3,6,9,16,32,33|7,11,15,25,35,40|19,20,21,26,29,30
3,6,13,20,29,34|7,11,15,25,35,40|9,14,18,28,30,31
3,8,9,13,22,32|6,7,25,31,35,40|11,18,21,26,29,30
3,9,14,15,32,33|6,7,11,13,20,35|10,17,21,29,30,40
3,9,14,15,38,40|6,7,11,13,20,35|16,17,18,28,30,32
3,11,13,22,29,34|6,7,25,31,35,40|9,16,19,20,28,30
3,13,22,29,32,38|6,7,25,31,35,40|9,11,16,18,28,30
3,14,15,17,34,40|6,7,11,13,20,35|9,19,22,25,30,31
3,15,25,29,34,40|6,7,11,13,20,35|9,14,18,28,30,31
3,16,28,29,34,40|6,7,11,13,20,35|9,14,18,22,25,30
1,3,6,16,33,35|2,8,9,12,18,21|7,15,17,25,29,32
1,3,8,13,22,35|2,9,12,21,33,40|7,15,17,25,29,32
1,3,14,15,33,35|2,8,9,12,18,21|7,16,17,28,29,32
1,2,6,16,18,34|3,8,9,13,28,32|7,15,20,25,35,40|11,17,19,21,26,30
1,2,11,19,21,34|3,6,13,17,32,38|7,9,12,15,25,29
1,2,13,22,34,40|3,9,11,21,32,33|6,16,17,18,26,30
1,2,14,15,18,34|3,6,9,11,13,38|7,16,20,28,35,40
1,2,15,19,31,34|3,6,9,11,13,38|7,14,25,28,35,40|18,20,21,26,29,30
1,2,16,19,22,34|3,6,9,11,13,38|7,14,25,28,35,40|18,20,21,26,29,30
1,2,17,21,29,33|3,6,9,11,13,38|7,14,25,28,35,40
1,2,19,21,32,38|3,6,11,13,17,34|7,9,12,15,25,29
1,3,6,13,32,34|2,8,9,15,18,25|7,16,20,28,35,40|11,17,19,21,26,30
1,3,21,32,34,40|2,6,9,13,20,33|14,15,17,18,26,30
1,15,17,27,29,30|2,6,9,13,20,33|7,14,25,28,35,40
1,19,21,26,30,32|2,6,9,13,20,33|3,15,17,31,34,40
2,6,9,13,20,33|3,11,17,21,34,40|15,18,25,26,29,30
2,6,16,17,18,38|3,8,9,13,28,32|7,15,20,25,35,40
2,8,9,15,18,25|3,6,11,13,17,34|7,16,20,28,35,40
2,8,9,15,27,40|3,6,11,13,17,34|16,18,26,28,29,30
2,8,9,16,18,28|3,6,11,13,17,34|7,15,20,25,35,40
2,8,9,18,20,21|3,6,11,13,17,34|7,14,25,28,35,40
2,8,18,21,26,29|3,6,9,11,13,38|7,14,25,28,35,40
2,9,11,13,22,33|3,6,14,27,29,34|7,15,20,25,35,40
2,9,15,25,33,40|3,6,11,13,17,34|16,18,26,28,29,30
2,9,16,28,33,40|3,6,11,13,17,34|15,18,25,26,29,30
2,9,20,21,33,40|3,6,11,13,17,34|15,18,25,26,29,30
2,11,17,19,21,38|3,6,14,27,29,34|7,15,20,25,35,40
2,13,17,22,32,33|3,6,14,27,29,34|7,15,20,25,35,40
2,13,17,22,38,40|3,6,14,27,29,34|9,15,18,20,25,30
2,14,15,17,18,38|3,8,9,13,28,32|7,22,25,31,35,40
2,15,17,19,31,38|3,6,14,27,29,34|7,11,13,20,22,35
2,15,18,25,29,38|3,6,11,13,17,34|7,16,20,28,35,40
2,15,27,29,32,33|3,6,9,11,13,38|7,14,25,28,35,40|16,17,19,22,26,30
2,15,27,29,38,40|3,6,11,13,17,34|9,14,18,25,28,30
2,16,17,19,22,38|3,6,14,27,29,34|7,15,20,25,35,40
2,16,18,28,29,38|3,6,11,13,17,34|7,15,20,25,35,40
2,18,20,21,29,38|3,6,11,13,17,34|7,14,25,28,35,40
3,6,9,11,13,38|7,14,25,28,35,40|15,17,19,26,30,31
3,6,14,27,29,34|7,11,13,20,22,35|9,19,25,28,30,31
3,8,9,13,28,32|6,7,11,14,27,35|15,17,19,26,30,31
3,9,11,21,32,33|6,16,17,18,26,30|7,14,25,28,35,40
3,9,15,31,32,33|6,7,11,14,27,35|10,13,17,22,29,30
3,9,15,31,38,40|6,7,11,14,27,35|10,13,17,22,29,30
3,9,16,22,32,33|6,7,11,14,27,35|15,17,19,26,30,31
3,9,16,22,38,40|6,7,11,14,27,35|15,17,19,26,30,31
3,15,17,31,34,40|6,7,11,14,27,35|9,16,18,20,28,30
3,16,17,22,34,40|6,7,11,14,27,35|9,15,18,20,25,30
3,17,21,32,38,40|6,7,11,14,27,35|9,15,18,20,25,30
1,2,12,19,21,34|3,6,8,10,13,35|7,9,11,15,17,31
1,3,8,13,28,35|2,12,17,19,21,38|7,9,15,20,25,29
1,3,15,31,33,35|2,12,17,19,21,38|7,9,14,25,28,29
1,3,16,22,33,35|2,12,17,19,21,38|7,9,14,25,28,29
1,7,9,15,31,32|2,12,17,19,21,38|3,6,8,10,13,35
1,7,9,16,22,32|2,12,17,19,21,38|3,6,8,10,13,35
2,9,12,13,22,33|3,8,10,21,35,40|6,7,16,17,26,29
2,12,17,19,21,38|3,6,8,10,13,35|7,9,14,25,28,29
2,8,18,21,29,32|6,7,11,16,35,40|9,14,15,19,20,30
1,13,17,22,29,30|2,6,8,9,16,18|7,11,15,31,35,40
2,6,8,9,16,18|3,11,21,29,34,40|15,17,19,25,30,32
2,8,9,11,19,21|3,6,13,29,32,38|7,14,15,20,35,40
2,8,9,14,15,18|3,6,11,13,29,34|16,17,19,28,30,32
2,8,9,15,19,31|3,6,11,13,29,34|16,17,18,22,30,32
2,8,9,16,19,22|3,6,11,13,29,34|7,14,15,20,35,40
2,8,17,19,21,32|3,6,11,13,29,34|7,14,15,20,35,40
2,9,14,15,33,40|3,6,11,13,29,34|16,17,18,22,30,32
2,11,19,21,29,38|3,6,8,9,13,32|7,14,15,20,35,40
2,13,22,29,32,33|6,7,14,25,35,40|9,11,15,18,30,31
2,14,15,18,29,38|3,6,8,9,13,32|7,11,16,22,35,40
2,15,19,29,31,38|3,6,8,9,13,32|7,11,16,22,35,40
2,16,19,22,29,38|3,6,8,9,13,32|7,11,15,31,35,40
3,6,8,9,13,32|7,11,15,31,35,40|16,19,22,26,29,30
3,6,11,13,29,34|7,14,15,20,35,40|16,17,18,22,30,32
3,6,13,29,32,38|7,11,15,31,35,40|9,14,19,22,25,30
1,7,10,11,21,35|2,6,9,25,27,33|3,13,17,20,28,34
1,7,10,15,31,35|2,6,9,25,27,33|3,13,17,20,28,34
1,7,10,16,22,35|2,6,9,25,27,33|3,13,17,20,28,34
2,10,15,18,31,34|3,6,13,17,26,38|7,11,22,25,27,35
3,9,13,20,28,38|7,11,22,25,27,35|10,18,21,26,30,32
1,7,10,15,25,35|2,9,27,28,31,33|3,13,17,22,26,38
1,2,11,18,21,34|3,6,8,9,13,26|7,25,28,31,35,40
1,2,13,28,34,40|3,8,9,10,21,29|6,7,11,27,31,35|15,17,19,25,26,30
1,2,15,18,31,34|3,6,8,9,13,26|7,11,14,22,27,35
1,2,15,19,25,34|3,6,8,9,13,26|7,11,14,22,27,35
1,2,16,18,22,34|3,6,8,9,13,26|7,25,28,31,35,40
1,2,16,19,28,34|3,6,8,9,13,26|7,11,14,22,27,35
1,2,18,21,32,38|3,6,8,9,13,26|7,11,14,22,27,35
1,2,19,20,21,34|3,6,8,9,13,26|7,11,14,22,27,35
1,3,8,9,17,21|2,6,10,13,34,40|7,11,14,22,27,35
1,3,12,21,33,35|2,6,10,13,34,40|9,18,25,28,30,31
1,3,13,22,32,34|2,6,9,14,27,33|7,25,28,31,35,40|11,17,18,21,26,30
1,3,17,21,29,38|2,6,9,14,27,33|7,11,13,20,28,35
1,6,9,10,13,30|2,8,17,19,21,26|3,11,15,27,29,34|7,25,28,31,35,40
1,7,9,12,21,32|2,6,10,13,34,40|15,17,18,26,30,31
1,9,10,21,30,40|2,13,17,28,32,33|3,6,27,29,31,34
1,18,21,26,30,32|2,6,9,14,27,33|3,11,13,17,22,34|7,25,28,31,35,40
2,6,9,14,27,33|3,11,13,17,22,34|7,25,28,31,35,40
2,6,10,13,34,40|3,8,9,15,27,32|11,17,18,21,26,30
2,6,10,16,19,34|3,8,9,15,27,32|7,11,13,20,28,35
2,8,17,19,21,26|3,6,9,13,20,38|7,11,14,22,27,35
2,9,11,13,28,33|3,6,27,29,31,34|15,17,19,25,26,30
2,9,13,20,22,33|3,6,27,29,31,34|11,17,18,21,26,30
2,10,14,15,19,34|3,6,8,9,13,26|7,25,28,31,35,40
2,11,17,18,21,38|3,6,8,9,13,26|7,25,28,31,35,40
2,13,22,26,29,33|3,8,9,15,27,32|7,25,28,31,35,40
2,15,17,18,31,38|3,6,8,9,13,26|7,11,14,22,27,35
2,15,17,19,25,38|3,6,8,9,13,26|7,11,14,22,27,35
2,16,17,18,22,38|3,6,8,9,13,26|7,25,28,31,35,40
2,16,17,19,28,38|3,6,8,9,13,26|7,11,14,22,27,35
2,17,19,20,21,38|3,6,8,9,13,26|7,11,14,22,27,35
3,6,9,13,20,38|7,11,14,22,27,35|15,17,18,26,30,31
3,6,13,17,20,34|7,11,14,22,27,35|9,18,25,28,30,31
3,8,9,10,21,29|6,7,11,27,31,35|13,17,26,28,30,40
3,8,9,15,27,32|7,11,13,20,28,35|16,17,18,22,26,30
3,8,9,21,26,40|6,7,11,27,31,35|10,13,17,28,29,30
3,9,11,13,22,38|6,7,14,20,27,35|15,17,18,26,30,31
3,9,15,25,32,33|6,7,11,27,31,35|10,13,17,28,29,30
3,9,15,25,38,40|6,7,11,27,31,35|10,13,17,28,29,30
3,9,16,28,32,33|6,7,11,27,31,35|15,17,19,25,26,30
3,9,16,28,38,40|6,7,11,27,31,35|15,17,19,25,26,30
3,9,20,21,32,33|6,7,11,27,31,35|10,13,17,28,29,30
3,9,20,21,38,40|6,7,11,27,31,35|10,13,17,28,29,30
3,11,13,17,22,34|6,7,14,20,27,35|9,18,25,28,30,31
3,13,20,28,29,34|6,7,11,27,31,35|15,17,19,25,26,30
1,2,12,18,21,34|3,6,10,16,33,35|7,9,11,15,17,25
1,3,8,15,27,35|2,9,12,13,28,33|7,11,17,21,26,29
1,3,15,25,33,35|2,12,17,18,21,38|6,7,9,10,16,32
1,3,16,28,33,35|2,12,17,18,21,38|7,9,10,14,15,32
1,7,9,15,25,32|2,12,17,18,21,38|3,6,10,16,33,35
1,7,9,16,28,32|2,12,17,18,21,38|3,8,10,13,22,35
2,12,17,18,21,38|3,6,10,16,33,35|7,9,25,28,29,31
1,2,15,18,25,34|3,6,9,14,27,38|7,12,17,21,26,29
1,2,16,18,28,34|3,6,9,14,27,38|7,12,17,21,26,29
1,3,13,28,32,34|2,6,9,27,31,33|7,12,17,21,26,29
1,6,7,10,16,35|2,8,17,18,21,26|3,9,11,13,28,38
1,7,10,14,15,35|2,6,9,27,31,33|3,11,13,17,28,34
1,9,10,13,22,30|2,8,17,18,21,26|3,6,25,27,29,34
2,6,9,27,31,33|3,10,21,32,34,40|15,17,18,25,26,30
2,6,10,16,18,34|3,8,9,13,22,26|7,11,14,27,28,35
2,6,13,17,26,33|3,10,21,32,34,40|7,11,14,27,28,35
2,9,11,15,27,33|3,6,10,13,32,34|7,12,17,21,26,29
2,9,13,20,28,33|3,6,14,17,27,34|10,19,21,26,30,32
2,9,14,22,27,33|3,6,10,13,32,34|7,12,17,21,26,29
2,10,11,19,21,34|3,6,9,14,27,38|15,17,18,25,26,30
2,10,13,22,34,40|3,6,9,14,27,38|7,12,17,21,26,29
2,10,14,15,18,34|3,6,9,16,26,33|7,11,22,27,31,35
2,10,15,19,31,34|3,6,9,14,27,38|7,12,17,21,26,29
2,10,16,19,22,34|3,6,9,14,27,38|7,12,17,21,26,29
2,10,19,21,32,38|3,6,9,16,26,33|7,11,14,27,28,35
2,15,17,18,25,38|3,6,9,16,26,33|7,11,14,27,28,35
2,16,17,18,28,38|3,6,10,13,32,34|7,11,15,20,27,35
2,17,18,20,21,38|3,6,9,16,26,33|7,11,14,27,28,35
3,6,25,27,29,34|7,9,12,16,17,28|10,19,21,26,30,32
3,9,11,13,28,38|6,7,20,27,31,35|10,19,21,26,30,32
3,9,13,20,22,38|6,7,11,25,27,35|10,19,21,26,30,32
3,10,21,32,34,40|6,7,11,25,27,35|16,17,18,26,28,30
3,11,13,17,28,34|6,7,20,27,31,35|10,19,21,26,30,32
3,13,17,20,22,34|6,7,11,25,27,35|10,19,21,26,30,32
3,14,27,28,29,34|7,9,12,15,17,25|10,19,21,26,30,32
3,15,20,27,29,34|7,9,12,16,17,28|10,19,21,26,30,32
3,22,27,29,31,34|7,9,12,15,17,25|10,19,21,26,30,32
2,9,12,15,27,33|3,8,10,13,28,35|7,17,20,21,26,29
1,2,6,18,22,30|8,9,11,25,33,40|14,19,20,23,26,29
1,2,6,19,28,30|8,9,11,25,33,40|14,17,18,20,23,32
1,2,11,14,18,30|6,8,17,19,28,38|20,23,27,29,32,40
1,2,11,19,30,31|6,8,17,18,22,38|20,23,27,29,32,40
1,3,30,31,32,40|6,8,17,18,22,38|14,19,20,23,26,29
1,6,8,18,22,34|2,3,11,14,29,33|17,19,20,23,31,32
1,8,11,14,18,34|2,3,6,22,29,33|17,19,20,23,31,32
1,8,11,19,31,34|2,3,6,22,29,33|14,17,18,20,23,32
1,8,14,18,32,38|2,3,6,22,29,33|9,11,19,20,23,31
1,8,14,19,20,34|2,3,6,22,29,33|11,17,18,23,31,32
1,8,17,29,31,33|2,7,12,14,32,40|6,9,11,18,23,28
1,8,19,31,32,38|2,3,6,22,29,33|9,11,14,18,20,23
2,7,12,14,32,40|6,8,17,18,22,38|9,11,19,20,23,31
1,2,6,18,28,30|8,9,20,25,33,40|11,14,17,19,23,26
1,2,7,12,14,29|3,11,17,25,30,40|6,8,10,19,22,34
1,2,11,18,30,31|6,8,10,19,22,34|14,17,20,33,38,40
1,2,14,18,20,30|6,8,10,19,22,34|11,17,23,27,32,40
1,2,19,22,28,30|8,9,20,25,33,40|11,18,23,26,29,31
1,3,25,30,32,40|6,8,10,19,22,34|9,11,18,20,23,31
1,6,8,18,28,34|2,3,11,29,31,33|17,19,20,23,25,32
1,6,28,33,34,40|2,10,11,14,19,30|8,18,20,25,29,38
1,8,11,18,31,34|2,3,6,28,29,33|17,19,20,23,25,32
1,8,11,19,25,34|2,3,6,28,29,33|17,18,20,23,31,32
1,8,14,18,20,34|2,3,6,28,29,33|11,17,23,27,32,40
1,8,17,25,29,33|2,6,10,19,22,30|9,11,18,20,23,31
1,8,18,31,32,38|2,3,6,28,29,33|9,11,19,20,23,25
1,8,19,20,31,34|2,3,6,28,29,33|11,17,18,23,25,32
1,8,19,25,32,38|2,3,6,28,29,33|9,11,18,20,23,31
1,11,31,33,34,40|2,6,10,19,22,30|8,14,17,18,20,38
1,14,19,23,26,32|2,3,6,28,29,33|8,11,17,18,31,38
1,14,20,33,34,40|2,6,10,19,22,30|8,11,17,18,31,38
1,31,32,33,38,40|2,6,10,19,22,30|14,18,20,23,26,29
2,3,6,28,29,33|8,10,11,14,19,34|17,18,20,23,31,32
2,3,14,20,29,33|6,8,10,19,22,34|11,17,18,23,25,32
2,6,10,19,22,30|8,9,20,25,33,40|11,18,23,26,29,31
2,7,12,31,32,40|6,8,10,19,22,34|14,18,20,23,26,29
3,10,14,30,32,40|6,8,17,18,28,38|9,11,19,20,23,25
3,11,17,25,30,40|6,8,10,19,22,34|14,18,20,23,26,29
1,2,11,14,19,30|6,8,9,28,33,40|18,20,23,29,31,32
1,6,8,19,22,34|3,11,14,17,30,40|18,20,23,29,31,32
1,8,11,14,19,34|3,6,17,22,30,40|18,20,23,29,31,32
1,2,3,8,27,32|10,11,25,33,34,40|17,18,20,23,26,31
1,2,3,25,32,33|8,10,11,27,34,40|17,18,20,23,26,31
1,3,10,25,29,30|2,7,11,12,27,32|17,18,20,23,26,31
1,3,20,27,30,32|2,7,10,12,29,31|11,17,18,23,25,26
1,8,9,10,31,33|2,7,11,12,27,32|17,18,22,23,26,28
1,11,27,32,33,38|2,7,10,12,29,31|17,18,22,23,26,28
1,18,23,25,26,32|2,3,8,11,17,27|10,20,31,33,34,40
1,23,26,27,32,40|2,3,11,17,25,33|8,10,18,20,31,34
2,7,12,26,31,40|3,11,17,20,27,30|8,10,18,22,28,34
1,2,3,14,32,33|6,8,10,18,22,34|9,11,20,23,27,40
1,2,3,14,38,40|6,8,10,18,22,34|11,17,19,23,26,31
1,2,7,12,29,31|3,17,20,25,30,40|6,8,10,18,22,34
1,2,11,18,25,30|6,8,10,19,28,34|17,20,23,27,32,40
1,2,11,27,30,40|6,8,10,18,22,34|14,17,19,20,23,26
1,2,18,20,30,31|6,8,10,19,28,34|11,17,25,33,38,40
1,2,18,22,28,30|8,10,11,19,31,34|17,20,23,27,32,40
1,2,19,20,25,30|6,8,10,18,22,34|11,23,26,27,29,40
1,3,10,14,29,30|2,7,12,25,32,40|6,17,18,22,23,26
1,8,11,27,34,40|2,3,6,17,22,33|18,20,23,26,29,31
1,8,14,19,26,38|2,3,6,17,22,33|9,11,18,20,23,25
1,8,18,20,31,34|2,3,6,17,22,33|11,23,26,27,29,40
1,8,18,22,28,34|2,3,11,14,17,33|19,20,23,25,26,29
1,8,18,25,32,38|2,3,6,17,22,33|9,11,20,23,27,40
1,8,19,20,25,34|2,3,6,17,22,33|11,23,26,27,29,40
1,8,27,32,38,40|2,3,6,17,22,33|9,11,18,20,23,25
1,11,25,33,34,40|2,6,10,18,22,30|14,17,19,20,23,26
1,14,18,23,26,32|2,3,6,17,22,33|8,10,11,19,31,34
1,19,23,26,31,32|2,3,6,17,22,33|8,10,11,14,18,34
1,20,31,33,34,40|2,3,8,11,27,29|6,17,18,22,23,26
1,22,28,33,34,40|2,3,8,11,27,29|14,17,19,20,23,26
1,25,32,33,38,40|2,3,8,11,27,29|6,17,18,22,23,26
2,3,6,17,22,33|8,10,11,14,18,34|19,20,23,25,26,29
2,3,8,11,27,29|6,10,22,33,34,40|14,17,19,20,23,26
2,3,11,14,17,33|6,8,10,18,22,34|19,20,23,25,26,29
2,3,11,25,29,33|6,8,10,18,22,34|14,17,19,20,23,26
2,3,22,28,29,33|8,10,11,14,18,34|17,20,23,27,32,40
2,6,10,18,22,30|8,11,17,27,32,33|19,20,23,25,26,29
2,7,12,25,32,40|3,11,20,27,29,30|6,8,10,18,22,34
8,10,14,19,20,34|11,17,25,33,38,40|18,22,23,26,28,29
8,17,19,20,25,38|10,11,14,33,34,40|18,22,23,26,28,29
1,2,3,31,32,33|6,8,10,18,28,34|11,17,19,23,25,26
1,2,3,31,38,40|6,8,10,18,28,34|11,17,19,23,25,26
1,2,7,12,14,17|3,10,25,30,32,40|8,9,11,20,27,33
1,2,7,12,25,29|6,8,10,18,28,34|17,19,20,23,26,31
1,2,20,27,30,40|6,8,10,18,28,34|11,17,19,23,25,26
1,3,10,29,30,31|2,7,12,14,26,40|8,9,11,20,27,33
1,3,11,27,30,32|2,7,10,12,14,29|6,17,18,23,26,28
1,3,26,30,31,40|2,7,10,12,14,29|8,9,11,20,27,33
1,8,18,20,25,34|2,3,6,17,28,33|10,14,19,23,26,32
1,8,20,27,34,40|2,3,6,17,28,33|10,14,19,23,26,32
1,18,23,26,31,32|2,3,6,17,28,33|8,10,11,19,25,34
1,19,23,25,26,32|2,3,6,17,28,33|8,10,11,18,31,34
2,3,6,17,28,33|8,10,11,18,31,34|20,23,26,27,29,40
2,3,8,20,27,29|6,10,28,33,34,40|11,17,18,23,26,31
2,3,11,17,31,33|6,8,10,18,28,34|20,23,26,27,29,40
2,7,10,12,14,29|6,17,18,23,26,28|8,9,11,20,27,33
2,7,12,14,26,40|6,8,10,18,28,34|11,20,27,29,33,38
3,10,25,30,32,40|6,17,18,23,26,28|8,9,11,20,27,33
1,6,12,13,33,35|2,3,9,14,15,40|8,18,21,26,29,32|11,16,17,19,22,34
1,8,12,18,21,35|2,3,6,9,16,40|11,15,17,19,31,34
1,12,21,33,35,40|2,3,13,22,29,32|6,8,9,16,19,26|11,14,15,17,18,34
2,3,6,9,16,40|8,18,21,26,29,32|11,15,17,19,31,34
2,3,13,22,29,32|6,8,9,16,19,26|11,14,15,17,18,34
6,8,9,16,19,26|11,13,17,22,34,40|15,18,25,29,32,38
6,9,13,20,38,40|8,18,21,26,29,32|11,15,17,19,31,34
6,9,14,19,25,38|8,18,21,26,29,32|11,13,17,22,34,40
6,9,15,19,28,38|8,18,21,26,29,32|11,13,17,22,34,40
6,9,16,19,20,38|8,18,21,26,29,32|11,13,17,22,34,40
6,13,17,20,34,40|8,9,14,15,19,26|16,18,28,29,32,38
6,13,26,29,38,40|8,9,15,18,25,32|11,16,17,19,22,34
6,16,19,26,29,38|8,9,15,18,25,32|11,13,17,22,34,40
6,18,25,29,31,34|8,9,14,15,19,26|13,17,22,32,38,40
8,9,14,15,19,26|11,13,17,22,34,40|16,18,28,29,32,38
8,9,16,18,28,32|11,13,17,22,34,40|14,15,19,26,29,38
8,9,18,20,21,32|11,13,17,22,34,40|14,15,19,26,29,38
8,18,21,26,29,32|9,11,13,22,38,40|14,15,17,19,20,34
1,6,9,16,17,33|2,3,13,28,29,32|8,10,12,19,21,35
1,8,9,13,17,22|6,10,16,19,32,34|14,15,18,26,29,38
1,9,14,15,17,33|2,3,13,28,29,32|8,10,12,19,21,35
1,9,15,25,29,33|2,3,6,13,17,32|8,10,12,19,21,35
1,9,16,28,29,33|2,3,6,13,17,32|8,10,12,19,21,35
1,11,18,21,32,34|2,3,9,15,31,40|16,19,22,26,29,38
1,12,13,22,33,35|2,3,9,11,21,40|6,10,16,19,32,34|14,15,18,26,29,38
1,13,17,22,29,38|2,3,9,11,21,40|6,10,16,19,32,34
1,15,18,31,32,34|2,3,6,9,11,13|8,10,12,19,21,35
1,16,18,22,32,34|2,3,6,9,11,13|8,10,12,19,21,35
1,16,19,28,32,34|2,3,6,9,11,13|14,15,18,26,29,38
1,19,20,21,32,34|2,3,6,9,11,13|14,15,18,26,29,38
2,3,6,9,11,13|8,10,12,19,21,35|14,15,17,18,20,34
2,3,6,13,17,32|8,9,11,19,21,26|14,18,25,28,29,34
2,3,9,11,21,40|6,10,16,19,32,34|14,15,18,26,29,38
2,3,9,16,22,40|6,14,17,18,25,34|8,10,12,19,21,35
2,3,13,28,29,32|6,8,9,16,18,26|11,15,17,19,25,34
2,3,17,21,32,40|6,8,9,16,18,26|19,25,28,29,31,34
6,9,14,18,25,38|8,10,12,19,21,35|11,13,17,28,34,40
6,9,14,27,32,33|8,10,12,19,21,35|11,13,17,28,34,40
6,9,14,27,38,40|8,10,12,19,21,35|11,15,17,18,31,34|13,22,26,29,32,33
6,9,15,18,28,38|8,10,12,19,21,35|13,17,20,22,34,40
6,9,16,18,20,38|8,10,12,19,21,35|11,13,17,28,34,40
6,9,16,26,33,40|8,10,12,19,21,35|11,15,17,18,31,34
6,16,18,26,29,38|8,10,12,19,21,35|9,11,13,28,32,33
6,25,27,29,34,40|8,9,11,19,21,26|15,17,18,31,32,38
8,10,12,19,21,35|9,11,13,28,32,33|14,15,17,18,20,34
9,11,13,28,32,33|14,15,17,18,20,34|16,19,22,26,29,38
1,10,13,28,29,34|2,3,6,9,27,31|11,17,18,21,26,38
1,11,18,21,26,34|2,3,6,9,27,31|10,12,13,28,33,35
1,15,19,25,26,34|2,3,6,9,27,31|10,12,13,28,33,35
1,16,18,22,26,34|2,3,6,9,27,31|10,12,13,28,33,35
1,18,21,26,32,38|2,3,6,9,27,31|10,12,13,28,33,35
1,19,20,21,26,34|2,3,6,9,27,31|10,12,13,28,33,35
2,3,6,9,27,31|10,12,13,28,33,35|11,17,18,21,26,38
2,3,6,13,17,26|9,18,25,28,31,38|10,15,27,32,34,40
2,3,15,17,27,32|6,10,13,26,34,40|9,18,25,28,31,38
1,8,9,15,17,27|2,3,13,22,26,29|10,11,18,21,32,34
1,9,15,17,25,33|2,3,13,22,26,29|10,11,18,21,32,34
1,9,16,17,28,33|2,3,13,22,26,29|10,11,18,21,32,34
1,9,17,20,21,33|2,3,13,22,26,29|10,15,18,31,32,34
1,10,13,22,29,34|2,3,6,9,14,27|11,17,19,21,26,38
1,11,19,21,26,34|2,3,6,9,14,27|10,12,13,22,33,35
1,12,15,27,33,35|2,3,9,11,13,28|6,16,17,18,26,38|10,19,20,21,32,34
1,15,17,27,29,38|2,3,9,11,13,28|10,16,18,22,32,34
1,15,19,26,31,34|2,3,6,9,14,27|10,12,13,22,33,35
1,17,21,26,29,33|2,3,6,9,14,27|10,13,28,32,34,40
1,19,21,26,32,38|2,3,6,9,14,27|10,12,13,22,33,35|15,17,18,20,25,34
2,3,6,9,14,27|10,11,18,21,32,34|13,17,22,26,38,40
2,3,9,11,13,28|6,16,17,18,26,38|10,15,19,25,32,34
2,3,9,13,20,22|6,16,17,18,26,38|10,15,19,25,32,34
6,17,25,27,34,40|8,9,16,18,26,28|10,12,13,22,33,35
8,9,15,18,25,26|10,12,13,22,33,35|14,17,27,28,34,40
8,9,16,18,26,28|10,12,13,22,33,35|15,17,20,27,34,40
8,9,18,20,21,26|10,12,13,22,33,35|14,17,27,28,34,40
9,14,18,25,28,38|10,12,13,22,33,35|15,17,20,27,34,40
9,15,18,20,25,38|10,12,13,22,33,35|14,17,27,28,34,40
10,12,13,22,33,35|11,17,19,21,26,38|25,27,28,29,34,40
1,2,3,17,21,29|6,9,11,13,26,33|10,14,15,18,32,34
1,6,10,13,29,34|2,3,9,15,25,40|8,17,18,21,26,32
1,6,13,26,34,40|2,3,15,27,29,32|8,10,12,18,21,35|9,14,19,25,28,38
1,6,16,19,26,34|2,3,9,11,13,22|8,10,12,18,21,35|15,17,27,32,38,40
1,8,9,13,17,28|2,3,15,27,29,32|10,12,21,33,35,40
1,9,11,17,21,33|2,3,6,13,26,29|10,14,15,18,32,34
1,9,15,17,31,33|2,3,6,13,26,29|8,10,12,18,21,35
1,9,16,17,22,33|2,3,6,13,26,29|8,10,12,18,21,35
1,10,21,29,34,40|2,3,6,9,13,20|14,15,17,19,26,38
1,12,13,28,33,35|2,3,9,15,25,40|6,10,16,18,32,34|19,20,21,26,29,38
1,13,17,28,29,38|2,3,9,15,25,40|6,10,16,18,32,34
1,14,15,19,26,34|2,3,6,9,13,20|8,10,12,18,21,35
1,15,18,25,32,34|2,3,6,9,13,20|10,12,21,33,35,40|16,19,26,28,29,38
1,15,27,32,34,40|2,3,6,9,13,20|8,10,12,18,21,35|16,19,26,28,29,38
1,16,18,28,32,34|2,3,6,9,13,20|10,12,21,33,35,40|14,15,17,19,26,38
1,18,20,21,32,34|2,3,6,13,26,29|9,11,15,27,38,40
2,3,6,9,13,20|8,10,12,18,21,35|11,15,17,27,34,40|16,19,26,28,29,38
2,3,9,11,13,22|6,10,16,18,32,34|14,15,17,19,26,38
2,3,9,15,25,40|6,10,12,13,33,35|8,17,18,21,26,32
2,3,9,16,28,40|6,10,12,13,33,35|8,17,18,21,26,32
2,3,9,20,21,40|6,10,12,13,33,35|11,15,17,18,25,34|16,19,26,28,29,38
2,3,13,17,22,32|6,9,18,25,31,38|10,12,21,33,35,40
6,9,11,13,26,33|8,10,12,18,21,35|14,17,19,25,28,34
6,9,27,31,32,33|8,10,12,18,21,35|13,17,20,28,34,40|15,19,25,26,29,38
6,9,27,31,38,40|8,10,12,18,21,35|13,26,28,29,32,33|15,17,19,20,25,34
6,10,12,13,33,35|8,9,11,18,21,26|14,17,19,25,28,34
6,13,17,26,32,33|8,10,12,18,21,35|9,11,15,27,38,40
6,13,17,26,38,40|8,10,12,18,21,35|9,11,15,27,32,33
8,9,15,19,25,26|10,12,21,33,35,40|11,16,17,18,28,34
8,9,16,19,26,28|10,12,21,33,35,40|11,15,17,18,25,34
8,10,12,18,21,35|9,11,15,27,32,33|13,17,20,28,34,40
9,11,15,18,25,38|10,12,21,33,35,40|16,17,19,20,28,34
9,11,16,18,28,38|10,12,21,33,35,40|15,17,19,20,25,34
9,14,19,25,28,38|10,12,21,33,35,40|15,17,18,20,31,34
9,15,19,20,25,38|10,12,21,33,35,40|11,16,17,18,28,34
9,16,19,20,28,38|10,12,21,33,35,40|11,15,17,18,25,34
9,19,22,25,31,38|10,12,21,33,35,40|11,16,17,18,28,34
10,12,21,33,35,40|11,15,17,18,25,34|16,19,26,28,29,38
1,2,14,33,38,40|3,11,23,27,29,32|8,17,18,20,25,30
1,2,18,23,31,32|3,6,8,9,28,33|7,12,14,20,34,40
1,2,19,23,25,32|3,6,8,9,28,33|7,11,12,31,34,40
1,3,8,31,34,40|2,6,17,18,23,28|10,11,14,19,30,38
1,3,17,23,29,31|6,7,12,28,34,40|8,10,19,25,30,32
1,6,18,28,30,38|2,8,11,27,29,33|3,9,20,23,31,40
1,7,8,9,12,14|2,6,17,18,23,28|3,11,29,31,33,38
1,7,12,14,29,38|2,6,17,18,23,28|3,8,9,11,31,33
1,8,14,18,26,30|2,11,17,19,23,25|3,6,28,29,33,38
1,8,19,26,30,31|2,6,17,18,23,28|3,14,20,29,33,38
1,10,14,29,30,33|2,6,17,18,23,28|7,11,12,31,34,40
1,11,19,25,30,38|2,6,17,18,23,28|3,8,9,14,20,33
1,14,18,20,30,38|2,8,11,27,29,33|3,9,22,23,28,40
1,19,20,30,31,38|2,6,17,18,23,28|3,8,14,26,29,33
1,19,22,28,30,38|2,8,11,27,29,33|3,9,20,23,31,40
2,6,17,18,23,28|3,8,9,11,31,33|7,12,14,20,34,40
2,8,11,27,29,33|3,9,20,23,31,40|6,10,19,22,30,38
2,8,17,25,33,40|3,11,23,27,29,32|6,10,19,22,30,38
2,10,14,19,23,32|3,6,8,9,28,33|7,11,12,31,34,40
2,11,17,18,23,31|3,6,8,9,28,33|7,12,14,20,34,40
2,11,17,19,23,25|3,6,8,9,28,33|7,12,14,20,34,40
2,14,17,18,20,23|3,6,8,9,28,33|7,11,12,31,34,40
2,17,19,22,23,28|3,8,9,11,31,33|7,12,14,20,34,40
2,18,20,23,25,29|3,6,8,9,28,33|7,11,12,31,34,40
2,20,23,27,29,40|3,6,8,9,28,33|10,11,14,19,30,38
3,6,28,29,33,38|7,11,12,31,34,40|8,10,19,25,30,32
3,8,17,31,32,33|6,7,12,28,34,40|10,11,14,19,30,38
3,9,20,23,31,40|6,10,19,22,30,38|7,8,12,17,25,29
3,9,22,23,28,40|7,8,12,17,25,29|10,11,14,19,30,38
3,11,23,27,29,32|6,7,12,28,34,40|8,17,18,20,25,30
3,11,29,31,33,38|6,7,12,28,34,40|8,10,19,25,30,32
3,14,20,29,33,38|6,7,12,28,34,40|8,10,18,30,31,32
1,2,19,23,31,32|3,6,8,9,22,33|7,11,12,14,34,40
1,3,14,17,23,29|6,7,12,22,34,40|8,10,19,30,31,32
1,8,18,25,30,32|2,6,17,19,23,28|3,11,14,29,33,38
1,8,27,30,32,40|2,6,17,18,22,23|3,11,14,29,33,38
1,11,14,18,30,38|2,6,17,19,23,28|3,8,25,29,32,33
1,11,19,30,31,38|2,6,17,18,22,23|3,8,25,29,32,33
1,14,19,20,30,38|2,6,17,18,22,23|3,8,25,29,32,33
2,11,17,19,23,31|3,6,8,9,22,33|7,12,14,32,38,40
2,11,18,23,25,29|3,6,8,9,22,33|7,12,14,32,38,40
2,18,20,23,29,31|3,6,8,9,22,33|7,11,12,14,34,40
2,19,20,23,25,29|3,6,8,9,22,33|7,11,12,14,34,40
3,6,22,29,33,38|7,11,12,14,34,40|8,10,19,30,31,32
3,11,14,29,33,38|6,7,12,22,34,40|8,10,19,30,31,32
1,2,18,23,25,26|3,6,10,28,33,34|7,12,20,27,32,38
1,2,18,23,26,31|3,6,10,22,33,34|7,11,12,27,32,38
1,2,19,23,25,26|3,6,10,22,33,34|7,11,12,27,32,38
1,3,9,10,14,23|2,8,17,20,27,33|7,12,26,31,38,40
2,8,10,19,25,38|3,9,11,20,23,27|7,12,26,31,32,33
1,2,8,18,25,38|3,10,17,23,29,31|7,12,14,26,32,33
1,2,8,27,32,33|3,10,17,23,29,31|7,12,14,26,38,40
1,2,8,27,38,40|3,10,17,23,29,31|7,12,14,26,32,33
1,2,14,18,23,26|3,6,17,28,33,38|7,12,20,25,34,40
1,2,19,23,26,31|3,6,17,28,33,38|7,8,9,10,12,14
1,3,31,32,33,38|2,17,18,20,23,25|7,8,9,10,12,14
1,20,27,30,32,33|2,8,10,14,18,38|3,17,23,26,31,40
2,8,10,14,18,38|3,11,17,23,27,32|7,12,20,25,34,40
2,8,10,19,31,38|3,11,17,23,27,32|7,12,20,25,34,40
2,8,11,17,27,33|6,10,18,28,30,38|7,12,20,25,34,40
2,10,18,23,31,32|3,6,17,28,33,38|7,12,20,25,34,40
2,17,18,20,23,25|3,8,10,31,34,40|7,12,14,26,32,33
2,17,20,23,27,40|3,8,25,26,29,33|6,10,18,28,30,38
3,8,14,17,26,33|6,10,18,28,30,38|7,12,20,25,34,40
3,11,17,23,27,32|6,10,18,28,30,38|7,12,20,25,34,40
1,2,8,19,25,38|3,10,14,17,23,29|7,12,20,31,34,40
1,2,14,19,23,26|3,6,17,22,33,38|7,11,12,25,34,40
1,2,18,23,25,32|3,6,17,22,33,38|7,12,20,31,34,40|8,10,14,19,26,30
1,2,23,27,32,40|3,6,17,22,33,38|8,10,14,19,26,30
1,3,14,32,33,38|2,11,17,18,23,25|7,12,20,31,34,40
1,3,17,23,25,29|2,8,10,14,19,38|7,12,20,31,34,40
1,11,27,30,32,33|2,8,10,14,19,38|3,9,20,23,25,40
2,8,20,27,29,33|3,14,17,23,26,40|6,10,18,22,30,38
2,10,14,18,23,32|3,6,17,22,33,38|7,11,12,25,34,40
2,10,19,23,31,32|3,6,17,22,33,38|7,11,12,25,34,40
2,11,17,18,23,25|3,8,9,20,31,33|6,10,19,28,30,38
2,11,17,23,27,40|3,8,9,20,31,33|6,10,18,22,30,38
2,17,18,20,23,31|3,8,9,11,25,33|6,10,19,28,30,38
2,17,18,22,23,28|3,8,9,11,25,33|7,12,20,31,34,40
2,17,19,20,23,25|3,8,9,22,28,33|10,11,14,18,30,38
3,6,17,22,33,38|7,11,12,25,34,40|8,10,14,19,26,30
3,8,9,11,25,33|6,10,18,22,30,38|7,12,20,31,34,40
3,8,9,20,31,33|6,10,18,22,30,38|7,11,12,25,34,40
3,8,9,22,28,33|7,11,12,25,34,40|10,14,19,20,30,38
3,8,17,25,32,33|6,10,18,22,30,38|7,12,20,31,34,40
3,8,26,29,31,33|6,10,18,22,30,38|7,11,12,25,34,40
3,11,14,17,33,38|7,12,20,31,34,40|8,10,18,25,30,32
3,11,25,29,33,38|7,12,20,31,34,40|8,10,14,19,26,30
3,20,23,27,29,32|6,10,18,22,30,38|7,11,12,25,34,40
3,20,29,31,33,38|7,11,12,25,34,40|8,10,14,19,26,30
3,22,28,29,33,38|7,11,12,25,34,40|8,10,14,19,26,30
1,3,30,31,32,33|2,7,12,14,38,40|6,10,19,22,23,34
1,3,30,31,38,40|2,7,12,14,32,33|6,10,19,22,23,34
1,7,12,14,17,30|2,3,8,25,29,33|6,10,19,22,23,34
1,7,12,25,29,30|2,3,8,14,17,33|6,10,19,22,23,34
1,8,25,33,34,40|6,17,18,23,28,38|7,10,12,14,29,30
2,3,8,25,29,33|6,10,19,22,23,34|7,12,14,26,30,40
2,7,12,14,32,33|3,8,20,27,29,30|6,10,19,22,23,34
2,7,12,14,38,40|3,6,17,28,30,33|8,9,18,20,23,25
