2,14,15,26,30,31|6,11,16,25,34,38|12,20,23,28,35,39
6,9,10,11,13,31|14,15,18,25,26,32|16,17,20,22,27,29
6,9,10,13,14,20|11,15,17,25,27,29|16,18,22,26,31,32
6,9,10,20,39,40|11,15,17,25,27,29|14,16,18,26,28,32
6,9,10,21,28,40|11,15,17,25,27,29|16,18,22,26,31,32
6,16,18,25,26,32|9,10,11,13,14,22|15,17,20,27,29,31
6,17,25,27,29,31|9,10,11,13,14,22|15,16,18,20,26,32
6,18,21,26,28,32|9,10,11,13,14,22|15,17,20,27,29,31
9,10,14,15,25,40|11,16,17,27,28,29|19,20,21,26,31,32
9,10,14,16,28,40|11,15,17,25,27,29|19,20,21,26,31,32
9,10,14,20,21,40|11,15,17,25,27,29|16,18,22,26,31,32
9,10,15,16,20,40|11,18,21,26,31,32|14,17,22,25,27,29
9,10,16,22,31,40|11,15,17,25,27,29|14,18,20,21,26,32
1,9,11,13,14,22|6,16,19,26,31,32|17,20,21,25,29,40
1,9,11,21,31,40|6,13,17,20,25,29|14,16,19,22,26,32
1,9,16,22,31,40|6,11,19,26,32,39|13,14,17,20,28,29
6,9,10,11,39,40|13,17,20,22,25,29|14,15,18,26,31,32
6,9,10,16,31,40|11,13,17,25,28,29|14,19,20,21,26,32
6,9,10,21,22,40|11,13,17,25,28,29|14,15,18,26,31,32
6,11,18,26,32,39|9,10,14,15,31,40|13,17,20,22,25,29
6,15,17,27,28,29|9,10,11,14,21,40|16,19,22,26,31,32
6,16,18,26,31,32|9,10,11,14,21,40|13,17,20,22,25,29
6,16,19,25,26,32|9,10,11,14,21,40|13,17,20,28,29,31
6,18,21,22,26,32|9,10,11,15,16,40|13,17,20,28,29,31
6,19,21,26,28,32|9,10,11,15,16,40|13,17,20,22,25,29
1,6,9,11,27,32|12,18,20,22,25,35|17,26,28,29,31,40
1,6,9,26,31,40|11,12,18,25,28,35|17,20,22,27,29,32
2,6,15,16,26,30|8,11,25,32,34,39|12,21,23,28,31,35
2,16,25,30,31,32|6,8,14,21,26,34|12,22,23,28,35,39
2,21,22,25,30,32|6,8,15,16,26,34|12,20,23,31,35,39
2,21,28,30,31,32|6,8,15,16,26,34|11,12,23,25,35,39
2,22,28,30,32,39|6,8,14,21,26,34|12,16,23,25,31,35
2,14,20,30,32,39|6,11,15,16,34,38|12,21,22,23,31,35
2,21,22,30,31,32|6,11,15,16,34,38|12,14,20,23,35,39
1,3,11,18,30,35|2,7,9,20,29,40|12,17,19,32,33,34
2,7,11,18,20,35|3,17,19,26,30,32|9,10,29,33,38,40
1,3,18,20,30,35|2,7,9,11,17,40|12,19,26,29,33,34
2,9,12,19,33,38|3,17,18,20,23,35|7,10,29,32,34,40
3,17,18,20,23,35|7,10,29,32,34,40|9,12,19,26,30,33
1,2,18,34,38,40|3,9,19,23,26,32|7,10,11,29,33,35
1,3,19,32,34,38|2,9,10,18,23,29|7,11,26,33,35,40
1,3,18,32,34,38|2,9,10,17,19,23|7,20,26,33,35,40
1,7,17,20,33,35|2,10,19,34,38,40|3,9,18,23,26,32
1,9,17,30,33,40|3,11,19,29,34,38|7,8,18,20,32,35
1,17,18,29,30,38|3,8,9,11,19,34|7,20,32,33,35,40
1,2,3,19,23,35|7,9,17,20,30,40|12,18,29,33,34,38
2,9,18,20,30,33|3,7,11,35,38,40|10,17,19,23,29,34
1,2,3,18,23,35|7,9,10,30,32,40|12,17,19,33,34,38
1,7,9,26,30,40|2,3,10,19,23,35|12,17,18,33,34,38
2,11,17,18,30,33|3,7,8,9,12,29|10,19,23,32,34,40
1,19,20,33,34,38|2,3,18,23,26,29|7,9,10,12,30,40
1,7,8,9,26,40|2,12,17,18,33,38|3,10,19,20,23,35
1,2,18,32,33,38|3,9,11,19,23,26|7,10,12,29,34,40
1,3,18,20,23,35|2,12,17,19,33,38|7,8,9,10,32,40
1,3,9,17,23,40|2,8,18,26,29,33|7,12,19,20,32,34
1,3,8,9,29,33|7,11,12,19,32,34|17,18,20,30,38,40
1,2,7,9,11,40|3,12,18,26,29,30|8,10,19,20,33,35
1,2,18,26,30,40|3,7,9,12,20,29|10,11,19,32,33,34
3,7,9,12,20,29|8,17,18,26,32,33|10,11,19,34,38,40
1,11,20,21,27,29|6,10,16,17,25,40|14,15,18,22,26,28
1,14,27,28,29,31|6,10,16,17,25,40|11,19,20,22,26,39
1,15,20,27,29,31|6,10,16,17,25,40|11,19,21,22,26,28
1,16,17,25,28,40|6,10,14,27,29,31|11,19,20,22,26,39
1,17,20,21,25,40|6,10,11,16,27,29|14,15,18,22,26,28
1,17,20,28,39,40|6,10,11,16,27,29|14,19,22,25,26,31
1,6,13,17,20,31|10,11,21,25,29,40|14,15,19,22,26,28
1,6,13,17,22,28|10,11,21,25,29,40|14,15,19,20,26,31
1,6,14,25,27,29|10,11,15,16,17,40|18,20,21,22,28,32
1,6,15,27,28,29|10,11,14,17,21,40|16,18,20,22,25,32
1,6,16,20,27,29|10,11,14,17,21,40|15,18,22,25,28,32
1,11,13,15,17,20|6,14,19,25,26,31|10,21,22,28,29,40
1,11,15,27,29,31|6,10,17,21,22,40|16,19,20,25,28,32
1,11,17,21,25,40|6,10,13,20,29,31|14,15,19,22,26,28
1,14,22,27,29,31|6,10,11,17,39,40|16,19,20,25,28,32
1,15,17,25,31,40|6,10,13,22,28,29|11,14,19,20,21,26
1,17,20,21,31,40|6,10,11,13,25,29|14,15,19,22,26,28
1,17,21,22,28,40|6,10,11,13,25,29|14,15,19,20,26,31
6,10,16,17,31,40|11,14,15,19,25,26|18,20,21,22,28,32
6,10,17,21,22,40|11,14,15,18,26,31|16,19,20,25,28,32
6,11,18,21,22,26|10,14,15,17,31,40|16,19,20,25,28,32
6,15,19,26,28,31|10,11,14,17,21,40|16,18,20,22,25,32
1,6,11,13,17,31|10,14,15,25,29,40|19,20,21,22,28,32
1,6,13,14,17,20|10,11,21,29,31,40|15,19,22,25,28,32
1,6,17,21,28,40|10,11,13,14,22,29|15,19,20,25,31,32
1,11,17,21,31,40|6,10,13,14,20,29|15,19,22,25,28,32
1,14,15,17,25,40|6,10,11,13,29,31|19,20,21,22,28,32
1,14,17,20,21,40|6,10,11,13,29,31|15,19,22,25,28,32
1,2,3,19,23,32|7,10,12,29,30,40|8,11,17,18,33,38
1,2,11,18,30,33|3,7,8,12,17,29|10,19,23,32,38,40
1,3,11,19,30,38|2,7,8,12,18,32|10,17,23,29,33,40
1,8,18,32,33,38|2,3,11,17,19,23|7,10,12,29,30,40
1,6,15,19,25,26|10,11,16,18,31,32|14,17,22,27,28,40
1,11,14,16,18,26|6,10,15,27,32,40|17,19,22,25,28,31
1,11,16,19,26,31|6,10,15,18,25,32|14,17,22,27,28,40
1,11,19,21,22,26|6,10,15,18,25,32|14,17,20,27,31,40
1,14,15,18,22,26|6,17,27,28,31,40|10,11,16,19,25,32
1,15,19,22,26,31|6,10,16,18,28,32|11,14,17,25,27,40
1,6,11,19,21,26|10,13,14,20,32,40|18,22,25,28,29,31
1,6,13,22,26,40|10,11,14,16,18,32|15,17,19,20,28,31
1,6,14,15,18,26|10,11,13,31,32,40|16,17,19,20,22,28
1,6,15,19,26,31|10,11,14,16,18,32|13,17,20,22,28,40
1,6,16,19,22,26|10,11,13,31,32,40|14,15,17,18,20,28
1,11,13,14,26,40|6,10,15,18,31,32|16,17,19,20,22,28
1,11,14,16,19,26|6,10,13,28,32,40|15,17,18,20,22,31
1,6,15,27,32,40|11,14,16,17,18,20|19,22,25,28,29,31
1,14,15,18,28,32|6,17,19,22,25,31|11,16,20,27,29,40
1,14,16,18,20,32|6,11,15,17,27,40|19,22,25,28,29,31
1,14,19,25,31,32|6,11,15,17,27,40|16,18,20,22,28,29
1,15,19,22,25,32|6,11,16,17,18,28|14,20,27,29,31,40
1,16,19,20,31,32|6,11,15,17,18,25|14,22,27,28,29,40
1,16,19,22,28,32|6,11,15,17,18,25|14,20,27,29,31,40
1,6,13,25,32,40|11,14,15,17,18,31|19,20,21,22,28,29
1,6,18,21,22,32|11,13,14,17,28,40|15,19,20,25,29,31
1,6,19,21,28,32|11,13,15,17,20,40|14,18,22,25,29,31
1,11,14,18,21,32|6,13,17,20,31,40|15,19,22,25,28,29
1,11,19,21,31,32|6,13,17,22,28,40|14,15,18,20,25,29
1,14,15,18,31,32|6,11,13,17,25,40|19,20,21,22,28,29
1,14,19,20,21,32|6,11,13,17,25,40|15,18,22,28,29,31
1,6,11,19,26,39|10,13,14,28,32,40|16,17,18,20,22,31
1,6,13,26,31,40|10,11,14,18,21,32|15,17,19,22,25,28
1,6,14,16,18,26|10,11,19,21,31,32|13,17,20,22,25,40
1,6,16,19,26,31|10,11,14,18,21,32|13,17,20,22,25,40
1,6,19,21,22,26|10,11,15,16,18,32|13,17,20,28,31,40
1,11,13,15,26,40|6,10,16,18,31,32|17,19,20,21,22,28
1,11,14,19,21,26|6,10,13,25,32,40|15,17,18,22,28,31
1,13,14,22,26,40|6,10,11,18,32,39|15,17,19,20,25,31
1,14,15,19,26,31|6,10,11,18,32,39|13,17,20,22,25,40
1,14,16,19,22,26|6,10,11,18,32,39|13,17,20,28,31,40
1,6,13,14,26,40|10,11,15,16,19,32|18,20,21,22,28,29
1,6,14,16,19,26|10,11,13,15,32,40|18,20,21,22,28,29
1,19,20,21,31,32|6,11,16,17,18,25|15,22,27,28,29,40
1,19,20,22,32,39|6,11,16,17,18,25|14,27,28,29,31,40
6,11,16,17,27,40|10,14,15,19,31,32|18,20,21,22,28,29
6,14,17,27,31,40|10,11,15,16,19,32|18,20,21,22,28,29
6,15,17,18,28,31|10,11,14,19,21,32|16,20,22,27,29,40
6,15,17,22,27,40|10,11,14,19,21,32|16,18,20,28,29,31
1,6,16,18,26,31|10,11,19,21,25,32|15,17,22,27,28,40
1,6,16,19,25,26|10,11,18,21,31,32|15,17,22,27,28,40
1,6,18,21,22,26|10,11,19,28,32,39|15,17,20,27,31,40
1,6,19,20,26,39|10,11,18,21,31,32|14,17,22,25,27,40
1,6,19,21,26,28|10,11,18,22,32,39|15,17,20,27,31,40
1,11,13,22,27,32|6,10,14,16,19,26|15,17,18,20,25,31
1,11,15,16,18,26|6,17,25,27,31,40|10,19,20,22,32,39
1,11,19,21,26,31|6,10,16,18,25,32|15,17,22,27,28,40
1,11,19,22,26,39|6,10,16,18,25,32|14,17,27,28,31,40
1,14,15,19,25,26|6,10,16,27,32,40|11,17,18,20,28,39
1,14,16,18,22,26|6,11,13,17,20,27|10,15,19,25,31,32
1,14,16,19,26,28|6,10,18,20,32,39|11,15,17,25,27,40
1,14,19,20,21,26|6,10,16,18,25,32|15,17,22,27,28,40
1,15,16,19,20,26|6,10,18,21,28,32|14,17,22,25,27,40
1,15,25,27,32,40|6,10,14,16,19,26|11,17,18,20,28,39
1,16,19,22,26,31|6,10,18,20,32,39|11,15,17,25,27,40
1,20,21,27,32,40|6,10,14,16,19,26|15,17,18,22,25,28
1,13,15,27,28,32|6,10,16,19,21,26|17,18,20,25,31,39
1,13,16,20,27,32|6,10,15,19,26,39|17,18,21,25,28,31
1,15,19,21,25,26|6,13,17,27,28,31|10,16,18,20,32,39
1,16,19,20,26,39|6,10,13,15,27,32|17,18,21,25,28,31
1,16,19,21,26,28|6,10,13,15,27,32|17,18,20,25,31,39
1,6,15,19,26,39|10,13,16,31,32,40|14,17,18,21,22,25
1,13,14,16,26,40|6,10,15,18,32,39|17,19,21,22,25,31
1,14,15,19,21,26|6,13,22,25,27,29|11,16,17,18,20,39
6,10,15,18,32,39|11,13,14,25,27,29|16,17,19,20,21,28
6,10,16,18,21,32|11,13,14,25,27,29|15,17,19,20,28,39
6,13,14,17,22,27|10,11,16,19,32,39|18,21,25,28,29,31
6,13,22,25,27,29|10,11,16,19,32,39|14,17,18,21,28,31
6,13,27,28,29,31|10,11,16,19,32,39|14,17,18,21,22,25
10,11,16,19,32,39|13,14,20,27,29,31|15,17,18,21,22,28
10,14,15,18,21,32|11,13,16,20,27,29|17,19,22,28,31,39
10,14,19,31,32,39|11,13,15,27,28,29|16,17,18,20,21,22
1,11,16,19,26,39|6,13,14,17,27,28|10,15,18,21,31,32
1,14,15,18,21,26|6,13,17,22,27,31|10,16,19,20,32,39
1,14,19,26,31,39|6,13,15,17,20,27|10,16,18,21,22,32
1,15,19,21,26,31|6,13,14,17,27,28|10,11,16,18,32,39
1,6,15,18,32,39|11,13,16,17,31,40|14,19,21,25,28,29
1,6,16,18,21,32|11,14,17,19,31,39|13,15,25,28,29,40
1,11,13,32,39,40|6,14,17,18,21,31|15,16,19,25,28,29
1,13,16,31,32,40|6,11,15,17,18,39|14,19,21,25,28,29
1,14,15,18,21,32|6,13,16,17,28,40|11,19,25,29,31,39
1,11,16,18,32,39|6,13,14,27,28,29|15,17,19,20,21,31
1,14,18,31,32,39|6,13,15,20,27,29|11,16,17,19,21,28
1,14,19,25,32,39|6,13,15,20,27,29|11,16,17,18,21,22
1,15,18,21,31,32|6,13,14,27,28,29|11,16,17,19,20,39
1,16,19,20,32,39|6,13,14,27,28,29|11,15,17,18,21,31
1,16,19,21,28,32|6,13,15,20,27,29|11,14,17,18,31,39
6,15,17,18,20,39|10,13,14,16,32,40|19,21,25,28,29,31
6,15,17,18,21,28|10,13,14,16,32,40|19,20,25,29,31,39
6,17,19,21,25,31|10,13,14,16,32,40|15,18,20,28,29,39
6,17,19,28,31,39|10,13,14,16,32,40|15,18,20,21,25,29
6,18,25,28,29,39|10,13,14,16,32,40|15,17,19,20,21,31
10,13,14,16,32,40|11,15,17,18,21,31|19,22,25,28,29,39
10,14,15,19,21,32|11,13,16,17,25,40|18,22,28,29,31,39
6,13,15,17,27,32|9,11,14,18,25,39|16,19,21,26,28,29
6,15,17,19,26,39|9,11,16,18,21,28|13,14,25,27,29,32
6,16,17,19,21,26|9,11,14,18,25,39|13,15,27,28,29,32
1,9,11,14,18,21|6,13,19,26,31,32|16,17,22,27,29,40
1,9,11,19,22,39|6,13,14,18,26,32|15,17,27,29,31,40
1,9,14,15,18,31|6,11,13,17,27,29|19,22,26,32,39,40
1,9,14,16,18,22|6,11,13,17,27,29|19,21,26,31,32,40
1,9,11,18,22,39|6,13,17,20,27,29|19,21,25,26,32,40
1,9,11,19,21,25|6,13,17,20,27,29|18,22,26,32,39,40
1,9,11,19,28,39|6,13,17,20,27,29|18,21,26,31,32,40
1,9,15,19,25,31|6,13,17,20,27,29|18,22,26,32,39,40
1,9,16,19,22,25|6,13,17,20,27,29|18,21,26,31,32,40
1,9,16,19,28,31|6,13,17,20,27,29|18,22,26,32,39,40
1,9,19,20,22,39|6,13,18,26,31,32|15,17,25,27,29,40
6,9,10,11,19,39|13,14,18,22,26,32|15,17,25,27,29,40
6,9,10,14,16,18|11,13,17,22,27,29|19,21,25,26,32,40
6,9,10,16,19,31|11,13,15,18,26,32|17,20,21,27,29,40
6,9,10,19,21,22|11,13,15,18,26,32|16,17,27,28,29,40
6,13,17,20,27,29|9,10,11,14,19,21|18,22,26,32,39,40
6,13,18,26,31,32|9,10,11,14,19,21|15,17,25,27,29,40
9,10,11,15,16,19|13,14,18,22,26,32|17,20,21,27,29,40
9,10,14,16,19,22|11,13,15,18,26,32|17,20,21,27,29,40
6,9,10,19,20,39|11,13,17,27,28,29|18,21,25,26,32,40
9,10,15,16,19,20|11,13,17,27,28,29|18,21,25,26,32,40
9,10,16,19,22,31|11,13,17,27,28,29|18,21,25,26,32,40
2,8,10,17,19,30|3,7,11,12,29,34|18,23,26,32,38,40
1,2,3,8,9,33|7,10,12,17,29,30|18,20,23,26,34,40
1,8,9,18,23,26|2,3,20,33,34,40|7,10,12,17,29,30
1,9,10,23,29,33|2,3,8,18,20,34|7,12,17,26,30,40
1,9,23,26,33,40|2,3,8,18,20,34|7,10,12,17,29,30
2,3,19,23,26,32|7,10,12,17,29,30|11,18,20,33,34,38
2,7,12,17,32,33|3,11,19,26,30,38|10,18,20,23,29,34
2,11,18,26,30,33|3,7,12,20,29,34|10,17,19,23,32,38
1,8,10,19,23,35|2,7,20,29,32,33|3,11,12,18,30,34
1,2,8,17,19,38|3,12,18,20,23,35|9,10,11,30,33,40
1,2,9,11,18,23|3,8,10,29,34,40|19,20,26,30,32,33
1,2,9,19,20,23|3,8,10,29,34,40|11,18,26,30,32,33
1,3,8,9,32,33|7,11,12,17,34,40|10,19,20,29,30,38
2,8,10,19,29,38|3,9,17,20,23,40|11,18,26,30,32,33
2,8,19,26,32,33|3,9,17,20,23,40|10,11,18,29,30,38
2,10,18,23,29,32|3,8,9,11,17,33|19,20,26,30,38,40
2,18,23,26,32,40|3,8,9,11,17,33|10,19,20,29,30,38
1,10,11,19,30,34|2,8,18,26,32,33|7,9,12,20,38,40
1,10,19,30,32,38|2,11,18,20,33,34|7,8,9,12,26,40
1,10,13,21,29,32|6,9,16,25,27,40|11,15,17,19,26,39
6,13,14,17,27,32|9,11,15,16,18,25|19,22,26,29,31,39
6,14,17,19,26,39|9,11,15,16,18,25|13,22,27,29,31,32
6,15,17,19,21,26|9,11,14,18,28,39|13,22,27,29,31,32
9,11,14,21,27,40|15,16,17,18,25,32|19,22,26,29,31,39
9,11,15,16,27,40|14,17,18,21,25,32|19,22,26,29,31,39
9,13,15,20,25,40|11,16,18,21,26,29|17,19,28,31,32,39
9,13,16,20,28,40|11,15,18,26,29,39|17,19,21,25,31,32
9,14,15,27,31,40|11,16,18,21,26,29|17,19,22,25,32,39
9,14,16,22,27,40|11,15,18,26,29,39|17,19,21,25,31,32
6,9,15,16,18,28|11,13,21,26,29,40|17,19,22,31,32,39
6,14,18,26,29,39|9,11,13,15,25,40|16,17,19,20,21,32
6,15,18,21,26,29|9,11,13,16,28,40|17,19,22,31,32,39
9,11,13,20,21,40|14,15,16,18,26,29|17,19,22,31,32,39
9,13,15,20,31,40|11,16,17,18,21,32|14,19,22,26,29,39
9,13,16,20,22,40|11,15,17,18,32,39|14,19,21,26,29,31
9,14,15,16,18,20|11,13,21,26,29,40|17,19,22,31,32,39
9,15,16,19,20,31|11,13,21,26,29,40|14,17,18,22,32,39
1,9,10,16,21,40|6,13,17,25,27,32|18,26,28,29,31,39
1,6,9,11,17,39|10,12,14,21,35,40|13,15,20,26,29,32
1,6,9,16,17,31|10,12,14,21,35,40|13,15,20,26,29,32
1,6,9,17,21,22|10,12,15,16,35,40|13,14,26,28,29,32
1,6,12,13,25,35|9,10,11,14,21,29|15,16,17,26,32,40
1,9,11,14,17,21|6,10,12,35,39,40|13,15,20,26,29,32
1,9,11,15,16,17|6,10,12,13,14,35|21,25,26,29,32,40
1,9,11,21,25,29|6,10,12,13,14,35|15,16,17,26,32,40
1,9,11,28,29,39|6,10,12,13,14,35|15,16,17,26,32,40
1,9,14,16,17,22|6,10,12,35,39,40|13,15,20,26,29,32
1,9,20,21,29,31|6,10,12,13,14,35|15,16,17,26,32,40
1,9,20,22,29,39|6,10,12,13,14,35|15,16,17,26,32,40
1,9,21,22,28,29|6,10,12,13,14,35|15,16,17,26,32,40
1,12,13,14,28,35|6,9,10,11,29,39|15,16,17,26,32,40
1,12,13,15,20,35|6,9,10,11,29,39|14,17,21,26,32,40
1,12,13,22,31,35|6,9,10,11,29,39|14,17,21,26,32,40
1,17,21,25,29,32|6,9,11,13,14,26|10,12,15,16,35,40
1,17,28,29,32,39|6,9,11,13,14,26|10,12,15,16,35,40
1,9,11,17,21,25|10,12,13,14,28,35|15,26,27,29,31,32
1,9,11,17,28,39|6,10,12,13,25,35|15,26,27,29,31,32
1,9,15,17,25,31|10,12,13,14,28,35|11,21,26,27,29,32
1,9,16,17,22,25|10,12,13,14,28,35|11,21,26,27,29,32
1,9,16,17,28,31|6,10,12,13,25,35|11,21,26,27,29,32
1,9,17,20,21,31|6,10,12,13,25,35|16,22,26,27,29,32
1,9,17,20,22,39|6,10,12,13,25,35|11,21,26,27,29,32
1,9,17,21,22,28|6,10,12,13,25,35|15,26,27,29,31,32
1,11,12,21,27,35|6,9,10,16,17,31|13,25,26,28,29,32
1,12,13,25,28,35|6,9,10,11,17,39|15,26,27,29,31,32
1,12,15,27,31,35|6,9,10,11,17,39|13,25,26,28,29,32
1,12,16,22,27,35|6,9,10,11,17,39|13,25,26,28,29,32
1,17,21,26,29,31|6,10,12,13,25,35|9,11,16,27,28,32
1,17,22,26,29,39|6,9,25,27,31,32|10,12,13,14,28,35
1,6,12,16,27,35|9,10,11,21,29,31|13,14,17,22,26,32
1,6,17,26,29,39|9,11,13,25,28,32|10,12,21,31,35,40
1,9,11,17,21,31|6,16,26,27,29,32|10,12,13,14,22,35
1,9,11,17,22,39|6,10,12,13,31,35|14,15,26,27,29,32
1,9,16,25,28,29|6,10,12,13,31,35|17,22,26,32,39,40
1,9,20,21,25,29|6,10,12,13,31,35|17,22,26,32,39,40
1,12,14,15,27,35|6,9,10,16,25,29|17,21,26,31,32,40
1,14,17,21,26,29|6,9,15,27,28,32|10,12,22,35,39,40
1,15,16,17,26,29|6,9,14,25,27,32|10,12,21,31,35,40
1,11,16,17,18,25|6,13,19,20,26,28|10,14,27,29,31,40
1,11,16,17,27,40|6,13,18,20,22,26|10,15,19,25,28,29
1,11,17,18,21,28|6,14,19,22,26,27|10,13,20,25,29,40
1,13,17,20,25,40|6,11,15,19,26,27|10,16,18,22,28,29
1,14,17,27,31,40|6,11,13,18,26,28|10,16,19,20,25,29
1,15,17,18,22,25|6,13,19,20,26,28|10,11,16,27,29,40
1,15,17,18,28,31|6,14,19,22,26,27|10,13,20,25,29,40
1,15,17,19,25,28|6,13,18,20,22,26|10,11,16,27,29,40
1,15,17,22,27,40|6,11,13,18,26,28|10,16,19,20,25,29
1,16,17,18,22,28|6,11,15,19,26,27|10,13,20,25,29,40
1,16,17,19,20,25|6,11,13,18,26,28|10,14,27,29,31,40
1,6,16,17,18,28|10,11,13,25,29,40|14,19,20,27,31,32
1,6,17,18,20,21|10,11,13,25,29,40|14,19,22,27,28,32
1,11,13,17,25,40|6,10,16,18,28,29|14,19,20,27,31,32
1,11,16,17,19,25|6,10,15,27,29,40|13,18,20,22,28,32
1,13,17,20,31,40|6,10,15,18,25,29|14,19,22,27,28,32
1,13,17,22,28,40|6,10,15,18,25,29|11,16,19,20,27,32
1,14,17,19,25,31|6,10,15,27,29,40|13,18,20,22,28,32
1,14,25,27,29,40|6,10,11,17,19,21|13,18,20,22,28,32
1,15,17,19,22,25|6,10,16,18,28,29|11,13,20,27,32,40
1,16,17,19,22,28|6,10,15,18,25,29|11,13,20,27,32,40
1,18,20,21,28,29|6,10,13,17,22,40|11,14,19,25,27,32
1,6,13,27,28,29|10,11,14,17,19,39|15,18,20,21,26,40
1,6,17,18,21,25|10,14,16,27,29,40|11,13,15,19,26,28
1,6,17,18,28,39|10,13,25,29,31,40|19,20,21,22,27,32
1,6,17,21,27,40|10,11,18,29,31,39|13,14,19,22,26,28
1,11,13,27,29,31|6,10,14,17,18,21|19,22,26,28,39,40
1,11,17,18,31,39|6,10,21,27,29,40|13,14,19,22,26,28
1,13,14,20,27,29|6,10,15,16,17,18|11,19,25,26,39,40
1,13,17,25,31,40|6,10,18,28,29,39|19,20,21,22,27,32
1,14,16,17,18,25|6,10,21,27,29,40|11,13,15,19,26,28
1,14,16,17,27,40|6,10,18,21,25,29|11,13,15,19,26,28
1,14,17,18,20,39|6,10,21,27,29,40|11,13,15,19,26,28
1,15,16,17,18,28|6,10,21,27,29,40|11,13,14,19,25,26
1,15,17,18,20,21|6,13,19,22,25,26|10,14,16,27,29,40
1,16,25,27,29,40|6,10,14,17,18,21|11,13,15,19,26,28
1,17,19,20,31,39|6,10,18,21,25,29|13,22,27,28,32,40
1,17,19,21,22,25|6,10,18,28,29,39|13,20,27,31,32,40
1,17,19,21,28,31|6,13,15,18,20,26|10,14,16,27,29,40
1,17,19,22,28,39|6,10,18,21,25,29|13,20,27,31,32,40
1,18,20,25,29,39|6,10,17,19,21,31|13,22,27,28,32,40
1,18,21,25,28,29|6,10,17,19,22,39|13,20,27,31,32,40
1,20,27,29,39,40|6,10,14,17,18,21|11,13,15,19,26,28
1,21,27,28,29,40|6,10,15,16,17,18|11,13,14,19,25,26
1,6,17,18,22,39|10,13,14,25,29,40|11,16,19,27,31,32
1,6,17,19,28,39|10,11,15,18,21,29|13,14,20,27,32,40
1,11,13,14,27,29|6,10,15,16,17,19|18,20,25,32,39,40
1,11,15,17,18,21|6,10,19,28,29,39|13,14,20,27,32,40
1,11,18,25,29,39|6,10,13,15,17,40|14,16,19,20,27,32
1,11,27,29,39,40|6,10,14,17,19,21|13,15,18,20,28,32
1,13,15,17,28,40|6,10,18,21,29,31|14,16,19,20,27,32
1,13,16,17,20,40|6,10,18,21,29,31|14,15,19,27,28,32
1,14,17,18,21,22|6,10,19,28,29,39|11,13,27,31,32,40
1,14,17,19,21,28|6,10,18,22,29,39|11,13,27,31,32,40
1,15,16,17,18,22|6,10,19,21,25,29|11,13,27,31,32,40
1,15,16,17,19,28|6,10,18,21,29,31|13,14,20,27,32,40
1,15,17,19,20,21|6,10,18,22,29,39|11,13,27,31,32,40
1,16,18,25,29,31|6,10,13,15,17,40|11,19,21,22,27,32
1,16,27,29,31,40|6,10,14,17,19,21|13,15,18,20,28,32
1,18,20,29,31,39|6,10,13,15,17,40|11,19,21,22,27,32
1,18,21,22,25,29|6,10,13,15,17,40|11,16,19,27,31,32
1,18,21,28,29,31|6,10,13,15,17,40|14,16,19,20,27,32
1,18,22,28,29,39|6,10,13,15,17,40|11,16,19,27,31,32
1,19,20,25,29,39|6,10,13,15,17,40|11,14,16,18,27,32
1,19,21,25,28,29|6,10,13,15,17,40|11,14,16,18,27,32
1,21,22,27,29,40|6,10,15,16,17,19|11,13,18,25,31,32
1,13,20,27,29,31|6,10,17,18,22,39|19,21,25,26,28,40
1,13,22,27,28,29|6,10,17,18,21,31|19,20,25,26,39,40
1,17,18,20,31,39|6,10,13,22,27,29|19,21,25,26,28,40
1,17,18,21,28,31|6,10,13,22,27,29|19,20,25,26,39,40
1,17,19,20,25,39|6,10,13,22,27,29|18,21,26,28,31,40
1,17,19,21,25,28|6,10,13,22,27,29|18,20,26,31,39,40
1,17,21,22,27,40|6,13,18,26,28,31|10,19,20,25,29,39
1,9,17,22,28,40|10,11,12,14,18,35|19,20,25,26,29,32
1,12,18,22,28,35|9,10,11,14,17,40|19,20,25,26,29,32
1,9,11,17,31,40|6,10,12,19,22,35|14,18,20,26,29,32
1,9,14,17,20,40|6,10,12,19,22,35|11,18,26,29,31,32
1,6,18,21,31,32|11,13,14,17,25,40|19,20,22,28,29,39
1,6,18,22,32,39|11,13,14,17,25,40|19,20,21,28,29,31
1,6,19,28,32,39|11,13,14,17,25,40|18,20,21,22,29,31
1,11,14,18,32,39|6,13,17,22,25,40|19,20,21,28,29,31
1,11,19,31,32,39|6,13,17,22,25,40|14,18,20,21,28,29
1,13,14,25,32,40|6,11,17,18,21,31|19,20,22,28,29,39
1,14,18,21,22,32|6,11,17,19,28,39|13,20,25,29,31,40
6,10,13,15,32,40|11,14,16,17,18,31|19,20,21,22,25,29
6,10,15,16,19,32|11,13,14,17,25,40|18,20,21,22,29,31
1,6,13,15,26,40|10,11,14,19,32,39|16,18,20,25,29,31
1,6,14,19,21,26|10,11,13,16,32,40|15,18,25,28,29,31
1,6,15,16,19,26|10,13,14,31,32,40|11,18,20,25,29,39
1,6,18,21,25,32|11,13,14,20,27,29|16,17,19,22,28,31
1,6,18,28,32,39|11,13,14,20,27,29|15,17,19,22,25,31
1,11,19,25,32,39|6,13,20,22,27,29|14,15,17,18,28,31
1,14,16,18,25,32|6,11,13,27,28,29|17,19,20,21,22,31
1,14,18,20,32,39|6,11,13,27,28,29|15,17,19,22,25,31
1,14,18,21,28,32|6,13,20,22,27,29|11,16,17,19,25,31
1,16,19,25,31,32|6,11,13,27,28,29|14,17,18,20,21,22
1,18,21,22,31,32|6,11,13,27,28,29|14,16,17,19,20,25
1,19,20,31,32,39|6,11,13,27,28,29|14,15,17,18,22,25
1,19,21,22,25,32|6,11,13,27,28,29|14,16,17,18,20,31
1,19,21,28,31,32|6,13,20,22,27,29|11,14,16,17,18,25
1,19,22,28,32,39|6,11,17,18,21,25|16,20,27,29,31,40
6,11,17,21,27,40|10,14,16,19,31,32|18,20,22,28,29,39
6,15,17,27,31,40|10,11,14,19,32,39|16,18,22,25,28,29
6,16,17,18,22,25|10,11,14,19,32,39|15,27,28,29,31,40
6,16,17,18,28,31|10,11,14,19,32,39|15,22,25,27,29,40
6,16,17,22,27,40|10,11,14,19,32,39|15,18,25,28,29,31
1,6,14,18,21,26|10,11,19,31,32,39|13,17,22,25,28,40
1,6,15,16,18,26|10,11,19,31,32,39|13,17,22,25,28,40
1,6,19,21,26,31|10,11,14,18,32,39|13,17,22,25,28,40
1,6,19,22,26,39|10,11,15,18,21,32|13,17,20,25,31,40
1,11,13,16,26,40|6,10,18,21,31,32|17,19,20,22,28,39
1,11,14,19,26,39|6,10,18,21,31,32|13,17,22,25,28,40
1,11,15,19,21,26|6,10,18,22,32,39|13,17,20,25,31,40
1,13,14,26,31,40|6,10,18,22,32,39|11,17,19,21,25,28
1,13,15,22,26,40|6,10,18,21,31,32|11,17,19,20,25,39
1,14,16,19,26,31|6,10,18,22,32,39|15,25,27,28,29,40
1,14,19,21,22,26|6,13,20,27,28,29|11,16,17,18,25,31
1,6,18,21,26,31|10,11,19,25,32,39|13,20,22,27,28,29
1,6,19,21,25,26|10,11,18,31,32,39|13,20,22,27,28,29
1,11,13,27,31,32|6,10,14,19,21,26|16,17,18,22,25,28
1,11,15,18,21,26|6,13,17,20,22,27|10,16,19,25,31,32
1,11,19,26,31,39|6,10,18,21,25,32|13,20,22,27,28,29
1,13,14,20,27,32|6,10,15,16,19,26|11,17,18,21,25,28
1,14,16,19,25,26|6,10,18,28,32,39|17,20,21,22,27,40
1,14,18,21,22,26|6,11,13,17,27,28|10,16,19,25,31,32
1,14,19,20,26,39|6,10,18,21,25,32|15,17,27,28,31,40
1,14,19,21,26,28|6,13,17,20,22,27|10,11,18,31,32,39
1,15,16,19,26,28|6,10,18,21,25,32|11,13,14,17,20,27
1,15,19,20,21,26|6,10,18,28,32,39|11,16,17,25,27,40
1,16,25,27,32,40|6,10,14,19,21,26|17,18,20,22,28,39
1,19,21,22,26,31|6,10,18,28,32,39|11,13,14,17,20,27
1,20,27,32,39,40|6,10,14,19,21,26|15,17,18,25,28,31
1,21,27,28,32,40|6,10,15,16,19,26|11,17,18,20,25,39
6,9,10,11,15,39|13,14,16,20,26,32|17,21,25,28,29,31
6,9,10,11,16,21|13,14,15,26,28,32|17,20,25,29,31,39
6,13,16,26,28,32|9,10,11,14,15,21|17,20,25,29,31,39
1,6,9,22,31,39|11,13,14,16,26,32|15,17,20,21,25,29
1,9,11,14,31,39|6,13,16,22,26,32|15,17,20,21,25,29
1,9,11,15,21,31|6,13,16,22,26,32|14,17,20,25,29,39
1,9,11,16,21,22|6,13,15,26,31,32|14,17,20,25,29,39
1,9,14,15,20,21|6,13,16,22,26,32|11,17,25,29,31,39
1,9,15,16,22,31|6,11,13,21,26,32|14,17,20,25,29,39
1,2,7,12,32,33|3,8,18,20,26,30|10,11,17,19,23,38
2,6,14,15,26,30|8,11,16,25,32,34|12,20,21,22,23,35
2,11,16,25,30,32|6,8,14,15,26,34|12,20,21,22,23,35
2,11,20,30,32,39|6,8,14,15,26,34|12,16,22,23,28,35
2,11,21,28,30,32|6,8,14,15,26,34|12,16,20,23,31,35
2,16,20,30,31,32|6,8,14,15,26,34|11,12,21,23,28,35
2,16,22,28,30,32|6,8,14,15,26,34|11,12,20,23,35,39
2,20,21,22,30,32|6,8,14,15,26,34|11,12,16,23,25,35
1,6,9,22,27,29|10,11,12,13,35,40|14,17,19,26,31,32
1,9,15,17,28,40|10,11,12,16,19,35|14,18,25,26,29,32
1,9,16,17,20,40|6,10,12,15,18,35|19,25,26,29,31,32
1,12,15,18,28,35|6,9,19,22,26,31|10,11,13,17,29,32
1,12,16,18,20,35|6,9,10,15,17,40|19,25,26,29,31,32
1,12,19,25,31,35|6,9,10,15,17,40|16,18,20,26,29,32
1,16,17,26,29,40|6,9,18,25,28,32|10,12,14,19,31,35
1,6,9,27,28,29|10,11,12,16,18,35|13,17,20,26,32,40
1,9,11,27,29,31|10,12,13,20,35,40|14,17,19,25,26,32
1,9,14,20,27,29|10,11,12,16,18,35|15,17,19,26,28,32
1,11,13,17,26,29|9,18,20,25,31,32|10,12,15,19,28,35
1,12,18,25,31,35|9,10,11,13,20,29|15,17,19,26,28,32
1,12,27,31,35,40|6,9,14,18,26,28|10,13,17,20,29,32
1,17,27,29,31,32|6,9,14,18,26,28|10,12,13,20,35,40
1,9,11,16,17,40|6,10,12,15,19,35|14,18,26,29,31,32
1,9,14,17,31,40|6,10,12,15,19,35|11,16,18,26,29,32
1,12,14,18,31,35|6,9,11,15,19,26|10,16,17,29,32,40
1,9,20,22,27,29|6,10,12,18,25,35|17,19,26,28,31,32
1,6,9,17,25,40|10,11,12,15,19,35|14,18,26,28,29,32
1,6,12,18,25,35|9,10,14,28,29,40|11,15,17,19,26,32
1,9,14,17,28,40|6,10,12,19,31,35|15,18,20,26,29,32
1,9,15,17,20,40|6,10,12,14,18,35|19,22,25,26,29,32
1,9,25,28,29,40|6,10,12,14,18,35|11,15,17,19,26,32
1,12,14,18,28,35|6,9,10,25,29,40|11,15,17,19,26,32
1,12,15,18,20,35|6,9,10,14,17,40|19,22,25,26,29,32
1,12,19,22,25,35|6,9,10,14,17,40|15,18,20,26,29,32
1,12,19,28,31,35|6,9,10,14,17,40|15,18,20,26,29,32
1,15,17,26,29,40|6,9,18,20,25,32|10,12,14,19,22,35
1,6,9,20,27,29|10,11,12,15,18,35|14,17,19,26,28,32
1,9,11,22,27,29|6,10,12,18,31,35|14,17,19,26,28,32
1,17,22,27,29,32|6,9,11,18,26,31|10,12,14,19,28,35
1,6,13,27,29,31|10,14,15,16,17,19|18,25,28,32,39,40
1,6,17,18,31,39|10,13,15,25,29,40|14,16,19,27,28,32
1,6,17,19,25,39|10,11,16,18,21,29|13,14,27,28,32,40
1,11,16,17,18,21|6,10,19,25,29,39|13,14,27,28,32,40
1,13,14,22,27,29|6,10,15,17,19,21|18,25,28,32,39,40
1,13,15,17,25,40|6,10,18,29,31,39|14,16,19,27,28,32
1,13,16,17,28,40|6,10,18,29,31,39|14,15,19,25,27,32
1,13,17,20,21,40|6,10,18,29,31,39|14,15,19,25,27,32
1,14,17,18,21,31|6,10,19,25,29,39|13,15,20,27,32,40
1,14,17,19,21,25|6,10,18,29,31,39|13,15,20,27,32,40
1,15,16,17,18,31|6,10,19,25,29,39|13,14,27,28,32,40
1,15,16,17,19,25|6,10,18,29,31,39|13,14,27,28,32,40
1,15,17,18,21,22|6,10,19,25,29,39|13,14,27,28,32,40
1,16,17,19,20,21|6,10,18,29,31,39|13,14,27,28,32,40
1,18,21,25,29,31|6,10,13,16,17,40|11,19,22,27,32,39
1,18,22,25,29,39|6,10,13,16,17,40|11,19,21,27,31,32
1,18,28,29,31,39|6,10,13,16,17,40|14,15,19,25,27,32
1,19,25,28,29,39|6,10,13,16,17,40|11,14,18,21,27,32
1,21,27,29,31,40|6,10,14,17,19,39|13,15,18,20,25,32
1,22,27,29,39,40|6,10,15,17,19,21|13,14,18,25,28,32
1,6,13,14,17,27|10,15,16,18,25,29|19,26,28,31,39,40
1,6,13,25,27,29|10,11,15,17,19,39|16,18,20,21,26,40
1,6,17,18,25,39|10,14,21,27,29,40|11,13,16,19,26,28
1,6,17,27,39,40|10,14,18,21,25,29|11,13,16,19,26,28
1,13,14,27,28,29|6,10,15,17,18,21|19,22,25,26,39,40
1,13,15,20,27,29|6,10,14,17,18,39|19,21,25,26,31,40
1,14,17,18,21,25|6,10,27,29,39,40|11,13,16,19,26,28
1,14,17,18,28,39|6,13,19,25,26,31|10,15,16,27,29,40
1,14,17,21,27,40|6,10,18,25,29,39|11,13,16,19,26,28
1,15,16,17,18,25|6,10,13,14,27,29|19,26,28,31,39,40
1,15,16,17,27,40|6,10,18,25,29,39|11,13,19,20,21,26
1,15,17,18,20,39|6,10,13,14,27,29|19,21,25,26,31,40
1,15,17,18,21,28|6,10,13,14,27,29|19,22,25,26,39,40
1,16,17,18,20,21|6,10,13,14,27,29|19,22,25,26,39,40
1,17,19,21,25,31|6,10,13,14,27,29|15,18,20,26,39,40
1,17,19,22,25,39|6,10,13,14,27,29|15,18,21,26,28,40
1,17,19,28,31,39|6,10,13,14,27,29|15,16,18,25,26,40
1,18,25,28,29,39|6,13,14,26,27,40|10,11,16,17,19,21
1,21,25,27,29,40|6,10,14,17,18,39|11,13,16,19,26,28
1,27,28,29,39,40|6,10,15,17,18,21|13,14,19,22,25,26
1,17,21,27,31,40|10,18,22,25,29,39|13,16,19,20,26,28
1,8,10,17,23,35|2,7,11,20,32,34|3,12,26,29,30,38
1,6,9,25,27,29|10,11,12,18,21,35|13,17,26,28,32,40
1,9,14,27,28,29|10,11,12,18,21,35|15,17,19,25,26,32
1,9,15,20,27,29|10,11,12,18,21,35|13,17,26,28,32,40
1,9,22,27,29,31|10,11,12,18,21,35|13,17,26,28,32,40
1,13,17,22,26,29|9,18,25,28,31,32|10,12,19,20,21,35
1,6,9,13,17,20|10,11,12,19,21,35|15,18,25,26,29,32
1,6,9,27,29,31|10,11,12,19,21,35|13,17,22,26,32,40
1,6,13,17,26,29|9,14,18,25,28,32|10,11,12,19,21,35
1,9,11,13,17,22|6,10,12,16,18,35|15,26,27,29,32,40
1,9,11,15,27,29|6,10,12,16,18,35|13,17,22,26,32,40
1,9,13,20,28,29|6,10,12,16,18,35|11,17,19,21,26,32
1,9,14,22,27,29|6,10,12,16,18,35|11,17,19,21,26,32
1,9,16,17,28,40|10,11,12,19,21,35|15,18,25,26,29,32
1,12,15,18,25,35|6,9,10,13,20,29|11,17,19,21,26,32
1,12,15,27,35,40|6,9,10,13,20,29|11,17,19,21,26,32
1,12,16,18,28,35|6,9,10,13,20,29|11,17,19,21,26,32
1,15,17,27,29,32|6,9,11,16,18,26|10,12,13,22,35,40
1,17,21,26,29,40|6,10,12,16,18,35|9,19,25,28,31,32
1,6,9,11,13,17|10,12,14,15,19,35|16,18,22,26,29,32
1,9,11,17,21,40|6,10,12,16,19,35|15,18,26,29,31,32
1,9,15,17,31,40|6,10,12,16,19,35|11,18,21,26,29,32
1,9,16,17,22,40|10,12,14,15,19,35|11,18,21,26,29,32
1,12,16,18,22,35|6,9,10,11,13,29|14,15,17,19,26,32
2,6,11,15,26,30|8,14,20,25,32,34|12,22,23,28,31,35
2,6,14,22,26,30|8,11,25,31,32,34|12,15,20,23,28,35
2,11,25,30,31,32|6,8,14,22,26,34|12,15,20,23,28,35
2,14,20,25,30,32|6,8,11,15,26,34|12,22,23,28,31,35
2,15,20,28,30,32|6,8,14,22,26,34|11,12,23,25,31,35
2,22,28,30,31,32|6,8,11,15,26,34|12,14,20,23,25,35
2,6,16,25,28,30|8,11,20,31,34,39|14,21,22,23,26,32
2,6,20,21,25,30|8,11,22,28,34,39|14,16,23,26,31,32
2,6,20,28,30,39|8,11,16,25,31,34|14,21,22,23,26,32
2,14,16,20,25,30|6,21,23,26,31,32|8,11,22,28,34,39
1,2,3,8,33,35|7,9,11,17,20,30|12,18,23,26,29,34
1,3,20,30,33,35|2,7,8,9,11,17|12,18,23,26,29,34
1,7,9,20,30,32|2,3,12,29,33,34|10,11,19,23,35,38
1,7,26,29,30,32|8,10,33,35,38,40|9,12,18,20,23,34
1,8,18,23,26,35|2,3,12,29,33,34|7,9,11,17,20,30
7,9,11,17,20,30|8,10,33,35,38,40|12,18,23,26,29,34
7,11,17,26,29,30|8,10,33,35,38,40|9,12,18,20,23,34
1,2,11,18,30,34|3,7,8,20,32,35|9,10,23,29,38,40
1,2,7,20,29,34|3,10,11,30,33,35|9,12,19,23,26,38
1,2,7,9,11,38|3,10,20,30,33,35|12,17,18,23,26,34
1,2,7,11,17,34|3,9,12,26,30,33|10,18,20,23,35,38
1,3,11,30,33,35|2,7,8,9,20,29|12,17,18,23,32,34
1,11,18,23,35,38|2,7,8,9,20,29|3,12,17,30,34,40
1,8,33,35,38,40|7,9,11,20,29,30|12,17,19,23,32,34
1,3,9,11,17,30|8,10,12,19,35,38|20,26,29,33,34,40
1,8,9,26,29,33|2,3,11,17,34,40|10,12,18,23,32,35
1,9,20,29,33,38|2,3,11,17,34,40|10,12,18,23,32,35
1,17,20,29,33,34|2,3,9,11,38,40|10,12,18,23,32,35
1,2,7,9,11,32|3,10,20,30,35,40|8,12,17,19,26,34
1,8,9,17,38,40|2,11,18,26,29,30|10,12,19,23,32,35
1,8,12,18,35,38|2,3,20,29,34,40|9,11,19,23,26,32
1,2,8,18,32,34|3,9,17,20,23,29|10,12,30,33,35,40
1,2,9,17,23,40|3,20,29,32,33,34|8,10,12,18,30,35
1,2,12,18,23,35|3,8,9,20,34,40|10,17,29,30,32,33
1,2,32,33,34,40|3,9,17,20,23,29|8,10,12,18,30,35
1,2,18,20,23,35|7,8,9,11,26,29|10,12,19,30,32,34
2,8,9,12,18,38|3,10,23,32,35,40|7,11,17,20,29,34
2,8,12,17,18,34|3,10,23,32,35,40|7,9,11,20,29,38
2,10,11,19,23,35|7,8,9,17,20,32|12,18,26,29,30,38
3,10,23,32,35,40|7,8,9,11,26,29|12,17,18,20,30,34
1,2,11,19,34,38|3,9,10,23,29,32|7,8,20,26,35,40
1,7,11,17,32,34|2,9,12,19,23,26|3,8,10,35,38,40
1,2,19,20,23,35|3,8,9,12,34,40|7,11,17,29,32,38
1,6,9,17,21,31|10,12,14,35,39,40|13,15,26,28,29,32
1,6,9,17,22,39|10,12,15,21,35,40|13,14,25,26,29,32
1,9,11,15,17,21|10,12,14,35,39,40|13,16,20,26,29,32
1,9,14,16,17,31|6,10,12,13,15,35|25,26,29,32,39,40
1,9,14,17,21,22|6,10,12,13,15,35|25,26,29,32,39,40
1,9,16,25,29,31|6,10,12,13,15,35|14,17,26,32,39,40
1,9,21,22,25,29|6,10,12,13,15,35|14,17,26,32,39,40
1,9,21,28,29,31|6,10,12,13,15,35|14,17,26,32,39,40
1,12,13,15,28,35|6,9,10,21,29,31|14,17,26,32,39,40
1,12,13,16,20,35|6,9,10,21,29,31|14,17,26,32,39,40
1,6,12,21,27,35|9,10,11,29,31,39|13,15,17,22,26,32
1,9,11,17,31,39|6,21,26,27,29,32|10,12,13,15,22,35
1,9,14,16,17,25|6,21,26,27,29,32|10,12,13,15,22,35
1,9,14,17,20,39|6,21,26,27,29,32|10,11,12,13,16,35
1,9,15,16,17,28|6,21,26,27,29,32|10,12,13,14,31,35
1,9,21,25,28,29|10,11,12,13,16,35|17,26,31,32,39,40
1,12,14,16,27,35|6,9,10,21,25,29|13,15,17,22,26,32
1,14,17,26,29,39|6,9,15,25,27,32|10,11,12,13,16,35
1,15,17,21,26,29|6,9,16,27,28,32|10,12,13,14,31,35
1,9,11,17,25,39|10,12,13,15,28,35|16,26,27,29,31,32
1,9,16,17,25,31|10,12,13,15,28,35|11,26,27,29,32,39
1,9,17,20,31,39|10,12,13,14,25,35|21,22,26,27,29,32
1,9,17,21,22,25|10,12,13,15,28,35|11,26,27,29,32,39
1,9,17,21,28,31|10,12,13,14,25,35|11,26,27,29,32,39
1,9,17,22,28,39|10,12,13,14,25,35|16,26,27,29,31,32
1,12,21,22,27,35|6,9,13,26,28,31|10,17,25,29,32,39
1,17,26,29,31,39|9,11,16,25,27,32|10,12,13,15,28,35
1,6,11,13,17,27|10,15,18,25,29,31|19,20,26,28,39,40
1,11,13,27,28,29|6,10,16,17,18,31|19,20,21,25,26,40
1,11,17,18,28,39|6,13,19,20,25,26|10,15,27,29,31,40
1,11,17,21,27,40|6,13,18,20,26,31|10,16,19,25,28,29
1,13,17,25,28,40|6,11,16,19,26,27|10,18,20,21,29,31
1,13,20,22,27,29|6,10,11,17,18,39|16,19,25,26,28,40
1,15,17,18,25,31|6,10,11,13,27,29|19,20,26,28,39,40
1,15,17,27,31,40|6,11,13,18,25,26|10,19,20,28,29,39
1,16,17,18,22,25|6,10,11,13,27,29|19,20,26,28,39,40
1,16,17,18,28,31|6,10,11,13,27,29|19,20,21,25,26,40
1,16,17,19,25,28|6,10,11,13,27,29|18,20,21,26,31,40
1,16,17,22,27,40|6,11,13,18,25,26|10,19,20,28,29,39
1,17,18,20,21,31|6,10,11,13,27,29|16,19,25,26,28,40
1,17,18,20,22,39|6,10,11,13,27,29|16,19,25,26,28,40
1,17,19,20,21,25|6,10,11,13,27,29|16,18,26,28,31,40
