2,13,14,17,28,33|3,6,8,9,16,27|10,18,21,30,31,32
2,13,15,17,20,33|3,6,8,9,16,27|10,18,21,30,31,32
2,13,17,22,31,33|3,6,8,9,16,27|10,19,21,25,30,32
2,13,25,28,29,33|3,6,8,9,16,27|10,18,21,30,31,32
2,15,27,29,31,33|3,8,9,13,22,25|10,19,28,30,32,39
2,16,22,27,29,33|3,6,13,17,31,38|10,19,21,25,30,32
2,17,21,25,33,40|3,6,8,9,16,27|10,18,22,30,32,39
2,17,28,33,39,40|3,6,8,9,16,27|10,18,21,30,31,32
3,6,8,9,16,27|7,12,17,21,25,29|10,18,22,30,32,39
3,6,9,16,25,33|7,12,17,28,29,39|10,18,21,30,31,32
3,8,9,13,22,25|7,12,17,28,29,39|10,18,21,30,31,32
3,8,9,13,28,31|7,12,17,21,25,29|10,18,22,30,32,39
3,8,9,14,15,27|7,12,17,21,25,29|10,18,22,30,32,39
3,9,15,16,20,33|7,12,17,21,25,29|10,18,22,30,32,39
1,14,18,21,30,32|2,6,8,17,19,39|3,15,16,29,38,40
1,15,16,18,30,32|2,6,8,17,19,39|3,14,21,29,38,40
1,19,22,30,32,39|2,6,13,29,31,33|3,8,9,14,21,40
2,6,13,29,31,33|3,8,9,14,21,40|11,15,16,17,18,30
2,11,13,15,29,33|3,6,8,9,39,40|14,16,17,18,22,30
2,13,14,22,29,33|3,6,8,9,39,40|11,15,16,17,18,30
2,21,29,31,33,40|3,6,8,9,13,14|11,15,16,17,18,30
2,22,29,33,39,40|3,6,8,9,13,14|11,15,16,17,18,30
2,6,8,17,18,39|3,11,13,15,29,38|10,14,19,21,30,32
2,6,13,14,17,33|3,8,9,21,31,40|10,15,16,19,30,32
2,6,13,25,29,33|3,8,9,21,31,40|10,15,16,19,30,32
2,6,17,33,39,40|3,8,9,11,13,15|10,14,19,21,30,32
2,8,14,17,18,21|3,6,13,29,31,38|10,15,16,19,30,32
2,8,15,16,17,18|3,6,13,29,31,38|10,14,19,21,30,32
2,8,17,19,21,31|3,6,9,14,16,33|10,13,15,30,32,40
2,8,17,19,22,39|3,6,9,14,16,33|10,13,15,30,32,40
2,8,18,21,25,29|3,6,9,14,16,33|10,13,15,30,32,40
2,8,18,28,29,39|3,6,9,14,16,33|10,13,15,30,32,40
2,8,21,27,29,40|3,6,9,14,16,33|11,17,18,22,30,39
2,13,14,28,29,33|3,8,9,21,31,40|6,10,19,30,32,39
2,13,15,20,29,33|3,8,9,21,31,40|6,10,19,30,32,39
2,14,17,21,33,40|3,6,8,9,13,31|10,15,16,19,30,32
2,15,16,17,33,40|3,6,8,9,13,31|10,14,19,21,30,32
2,21,25,29,33,40|3,6,8,9,13,31|10,15,16,19,30,32
2,28,29,33,39,40|3,6,8,9,13,31|10,14,19,21,30,32
3,6,8,9,13,31|7,12,14,17,21,29|10,15,16,19,30,32
3,8,9,11,13,15|6,7,12,17,29,39|10,14,19,21,30,32
3,8,9,13,14,22|6,7,12,17,29,39|10,15,16,19,30,32
3,8,9,21,31,40|6,7,12,17,29,39|10,15,16,19,30,32
1,6,10,21,32,33|2,3,11,13,20,31|8,15,18,22,25,26
1,6,10,21,38,40|2,3,11,13,20,31|8,15,18,22,25,26
1,8,10,13,31,32|2,3,6,11,15,27|14,18,22,25,28,38
1,8,11,16,17,27|2,3,6,13,20,28|10,14,25,29,31,33
1,8,13,17,20,25|2,3,6,11,15,27|10,16,22,28,29,33
1,8,14,17,27,31|2,3,6,13,20,28|10,11,16,25,29,33
1,8,15,17,22,27|2,3,6,13,20,28|10,11,16,25,29,33
1,8,25,27,29,31|2,3,6,13,20,28|10,11,14,16,17,33
1,10,14,16,32,33|2,3,6,11,15,27|8,13,20,25,26,40
1,10,14,16,38,40|2,3,6,11,15,27|8,18,20,21,22,26
1,11,16,17,25,33|2,3,6,13,20,28|8,10,14,27,29,31
1,11,17,20,33,39|2,3,6,14,22,27|8,15,18,26,28,31
1,11,17,21,28,33|2,3,6,14,22,27|8,10,13,20,25,29
1,14,17,25,31,33|2,3,6,11,15,27|8,16,18,22,26,28
1,15,17,22,25,33|2,3,6,13,20,28|8,10,11,16,27,29
1,15,17,28,31,33|2,3,6,14,22,27|8,10,13,20,25,29
1,16,17,20,31,33|2,3,6,11,15,27|14,18,22,25,28,38
1,16,17,22,28,33|2,3,6,11,15,27|8,10,13,20,25,29
1,17,20,21,22,33|2,3,6,11,15,27|8,14,18,25,26,31
2,3,6,11,15,27|8,10,13,14,17,20|16,22,26,28,33,40
2,3,6,13,20,28|8,10,11,16,27,29|14,25,26,31,33,40
2,3,6,14,22,27|8,10,11,13,17,31|15,19,20,25,28,38
2,3,11,13,20,31|6,10,16,17,22,33|8,15,19,25,26,28
2,3,11,13,22,28|6,10,15,17,31,33|8,16,19,20,25,26
2,3,15,25,28,40|6,10,11,17,21,33|8,16,18,20,26,31
2,3,20,21,28,40|6,10,15,17,31,33|8,11,16,18,25,26
6,10,15,17,31,33|8,11,16,18,25,26|14,22,27,28,38,40
6,11,13,26,28,33|8,10,14,27,29,31|15,18,20,22,25,38
6,18,25,28,31,38|8,10,11,16,27,29|20,21,22,26,33,40
8,10,14,27,29,31|11,15,18,25,28,38|20,21,22,26,33,40
1,6,10,13,22,38|2,3,11,14,27,31|8,15,18,25,26,28
1,10,11,32,33,39|2,3,6,14,27,28|8,16,18,20,25,26
1,10,11,38,39,40|2,3,6,14,27,28|8,16,18,20,25,26
1,10,21,22,32,33|2,3,6,14,27,28|8,16,18,20,25,26
1,10,21,22,38,40|2,3,6,14,27,28|8,16,18,20,25,26
2,3,6,22,27,31|8,10,11,13,17,25|20,21,26,28,33,40
2,3,11,14,27,31|6,10,15,17,25,33|8,18,20,21,26,28
1,6,15,17,25,33|2,3,11,13,14,20|8,16,19,22,26,28
1,6,16,17,28,33|2,3,11,13,14,20|8,15,18,22,26,31
1,6,17,20,21,33|2,3,11,16,25,40|8,10,13,22,28,29
1,8,10,13,14,32|2,3,11,16,25,40|15,18,20,22,31,38
1,8,10,32,39,40|2,3,6,11,13,28|14,19,20,25,31,38
1,8,11,13,17,25|2,3,15,28,31,40|6,10,20,21,29,33
1,8,13,17,20,31|2,3,11,16,25,40|6,14,27,28,32,33
1,8,13,17,22,28|2,3,11,16,25,40|6,10,20,21,29,33
1,8,14,25,27,29|2,3,6,11,13,28|15,18,20,22,31,38
1,8,15,27,28,29|2,3,6,13,20,22|11,14,18,25,31,38
1,8,16,20,27,29|2,3,6,11,13,28|15,22,26,31,33,40
1,11,16,17,31,33|2,3,6,13,20,22|8,14,15,18,26,28
1,11,17,21,22,33|2,3,14,25,31,40|6,8,10,15,27,29
1,14,15,17,28,33|2,3,6,13,20,22|8,11,16,18,26,31
1,14,16,17,20,33|2,3,6,11,13,28|8,15,18,22,26,31
1,15,17,22,31,33|2,3,6,11,13,28|8,14,16,18,20,26
1,15,25,28,29,33|2,3,6,13,20,22|8,10,11,17,39,40
1,16,20,25,29,33|2,3,6,11,13,28|8,10,17,21,22,40
1,20,21,28,29,33|2,3,11,16,25,40|6,8,10,13,17,22
2,3,6,11,13,28|8,10,16,17,31,40|15,19,20,22,25,38
2,3,11,16,25,40|6,8,10,13,17,22|14,15,18,20,28,38
2,3,11,21,28,40|6,8,10,13,17,22|14,19,20,25,31,38
2,3,14,25,31,40|6,8,10,13,17,22|11,19,20,21,28,38
2,3,15,22,25,40|6,8,16,18,26,28|11,14,27,31,32,33
2,3,15,28,31,40|6,8,10,13,17,22|11,16,19,20,25,38
2,3,16,20,31,40|6,8,10,13,17,22|11,15,19,25,28,38
2,3,16,22,28,40|6,8,10,15,27,29|11,13,20,25,32,33
2,3,20,21,22,40|6,8,10,15,27,29|11,14,18,25,31,38
6,8,10,15,27,29|11,13,20,25,32,33|14,18,22,28,31,38
6,8,15,18,25,26|10,11,16,29,31,33|13,20,22,28,38,40
6,8,15,26,27,40|10,11,16,29,31,33|14,19,22,25,28,38
6,8,16,18,26,28|10,11,21,22,29,33|14,19,20,25,31,38
6,8,18,20,21,26|10,11,16,29,31,33|14,19,22,25,28,38
6,10,15,25,29,33|8,11,13,20,27,32|14,18,22,28,31,38
6,10,20,21,29,33|8,11,13,25,26,40|14,18,22,28,31,38
6,11,13,22,26,33|8,10,16,17,31,40|14,15,18,20,28,38
6,14,27,28,32,33|8,10,11,13,25,29|15,18,20,22,31,38
6,15,25,26,33,40|8,10,11,13,14,17|16,19,20,22,28,38
6,16,18,20,28,38|8,10,11,13,14,17|15,22,26,31,33,40
6,16,26,28,33,40|8,10,11,13,14,17|15,18,20,22,31,38
8,25,27,31,32,40|10,11,21,22,29,33|14,15,18,20,28,38
1,6,8,13,17,28|2,3,11,16,31,40|10,14,15,22,29,33
1,6,11,17,21,33|2,3,14,15,28,40|8,16,18,20,25,32
1,6,15,17,31,33|2,3,11,21,22,40|8,10,13,14,20,29
1,6,16,17,22,33|2,3,14,15,28,40|8,10,11,13,29,31
1,8,11,16,27,29|2,3,6,15,25,40|14,19,22,28,31,38
1,8,13,14,17,20|2,3,6,15,25,40|11,16,19,22,28,38
1,8,13,20,25,29|2,3,6,16,28,40|11,15,18,22,31,38
1,8,14,27,29,31|2,3,6,11,13,22|15,25,28,32,33,40
1,8,15,22,27,29|2,3,6,16,28,40|11,13,20,31,32,33
1,8,16,17,25,40|2,3,6,11,13,22|14,15,19,20,28,38
1,11,14,16,17,33|2,3,6,15,25,40|8,18,20,21,28,32
1,11,16,25,29,33|2,3,6,20,21,40|8,14,15,18,22,26
1,11,20,29,33,39|2,3,6,15,25,40|14,19,22,28,31,38
1,11,21,28,29,33|2,3,6,15,25,40|8,14,16,19,20,26
1,14,15,17,22,33|2,3,6,16,28,40|8,10,11,13,29,31
1,14,25,29,31,33|2,3,6,11,13,22|8,15,27,28,32,40
1,15,28,29,31,33|2,3,6,11,13,22|8,10,14,16,17,40
1,16,20,29,31,33|2,3,6,11,13,22|8,14,15,19,26,28
1,20,21,22,29,33|2,3,6,15,25,40|8,11,14,16,18,26
2,3,6,16,28,40|8,10,11,13,29,31|14,15,18,20,22,38
2,3,11,16,31,40|6,8,10,13,28,29|14,15,18,20,22,38
2,3,14,16,20,40|6,8,10,13,28,29|11,15,18,22,31,38
2,3,15,22,31,40|6,8,10,13,28,29|11,14,16,18,20,38
6,8,13,26,28,40|10,11,14,16,29,33|15,19,20,22,31,38
6,8,16,19,26,28|10,14,15,22,29,33|11,13,20,31,38,40
6,10,16,22,29,33|8,11,13,26,31,40|14,15,19,20,28,38
6,13,20,28,32,33|8,10,14,16,17,40|11,15,18,22,31,38
6,14,18,22,25,38|8,10,11,13,29,31|20,21,28,32,33,40
6,15,18,20,31,38|8,10,14,16,17,40|11,13,22,28,32,33
6,15,18,22,28,38|8,10,11,13,29,31|16,20,25,32,33,40
6,15,26,31,33,40|8,10,13,14,20,29|11,16,19,22,28,38
6,16,18,20,22,38|8,10,11,13,29,31|15,25,28,32,33,40
6,16,19,20,28,38|8,10,11,13,29,31|14,15,22,26,33,40
6,16,22,26,33,40|8,10,11,13,29,31|14,15,19,20,28,38
1,6,15,25,29,33|2,3,11,14,16,40|8,18,20,21,22,32
1,6,16,28,29,33|2,3,14,15,22,40|8,11,18,20,32,39
1,6,20,21,29,33|2,3,11,14,16,40|8,15,18,22,25,32
1,11,16,29,31,33|2,3,14,15,22,40|8,19,20,21,28,32
1,11,21,22,29,33|2,3,6,15,31,40|8,16,19,20,25,32
1,14,15,28,29,33|2,3,6,11,21,40|8,16,18,20,31,32
1,14,16,20,29,33|2,3,6,11,21,40|8,15,18,22,25,32
1,15,22,29,31,33|2,3,6,11,21,40|8,16,19,20,25,32
6,8,10,13,22,29|11,14,15,19,28,38|16,20,31,32,33,40
6,11,13,28,32,33|8,10,16,29,31,40|14,15,19,20,22,38
6,15,19,20,31,38|8,10,11,13,14,29|16,22,28,32,33,40
6,15,19,22,28,38|8,10,11,13,14,29|16,20,31,32,33,40
6,16,19,20,22,38|8,10,11,13,14,29|15,28,31,32,33,40
1,6,11,18,34,39|2,3,13,14,28,29|8,9,15,27,31,40
1,6,13,25,34,40|8,9,11,18,28,39|14,17,19,20,21,38|15,27,29,31,32,33
1,6,16,18,31,34|2,3,13,14,28,29|8,9,11,21,27,40
1,6,16,19,25,34|2,3,13,14,28,29|8,9,11,21,27,40
1,6,18,21,22,34|2,3,13,14,28,29|8,9,15,27,31,40
1,6,18,32,38,39|2,3,13,14,28,29|8,9,11,21,27,40
1,6,19,20,34,39|2,3,13,14,28,29|8,9,11,18,21,25
1,6,19,21,28,34|2,3,13,15,20,29|8,9,16,18,22,25
1,11,14,18,21,34|2,3,6,13,25,29|8,9,15,27,31,40
1,11,15,16,18,34|2,3,6,13,14,17|8,9,19,20,21,25|22,26,29,33,39,40
1,11,19,21,31,34|2,3,6,13,14,17|8,9,16,18,22,25
1,11,19,22,34,39|2,3,6,13,14,17|8,9,15,18,25,31
1,13,14,28,34,40|6,8,17,19,26,39|11,18,21,25,29,38
1,13,15,20,34,40|6,8,17,19,26,39|11,18,21,25,29,38
1,13,22,31,34,40|6,8,17,19,26,39|11,18,21,25,29,38
1,14,15,18,31,34|2,3,6,13,25,29|8,9,11,21,27,40
1,14,15,19,25,34|2,3,6,17,39,40|8,9,16,18,28,31|11,21,27,29,32,33
1,14,16,18,22,34|2,3,6,13,25,29|8,9,11,21,27,40
1,14,16,19,28,34|2,3,6,13,25,29|8,9,11,21,27,40
1,14,18,21,32,38|2,3,6,13,25,29|8,9,15,27,31,40
1,14,19,20,21,34|2,3,6,13,25,29|8,9,11,18,28,39
1,15,16,18,32,38|2,3,6,13,14,17|8,9,11,21,27,40
1,15,16,19,20,34|2,3,6,13,14,17|8,9,11,18,21,25|22,26,29,33,39,40
1,16,19,22,31,34|2,3,6,13,14,17|8,9,11,18,21,25
1,19,21,31,32,38|2,3,6,13,14,17|8,9,11,18,28,39
1,19,22,32,38,39|2,3,6,13,14,17|8,9,11,18,21,25
2,3,6,13,14,17|8,9,11,18,21,25|15,27,29,31,32,33
2,3,6,13,25,29|8,9,11,18,28,39|14,17,19,20,21,38
2,3,6,17,39,40|8,9,11,18,21,25|13,14,22,26,29,33
2,3,13,14,28,29|6,8,17,19,26,39|9,11,21,25,33,40
2,3,13,15,20,29|6,8,17,19,26,39|9,11,21,25,33,40
2,3,13,22,29,31|6,8,17,19,26,39|9,11,21,25,33,40
2,3,14,17,21,40|6,8,9,11,13,27|15,18,25,29,31,38
2,3,15,16,17,40|6,8,9,11,13,27|18,20,21,29,31,38
2,3,21,25,29,40|6,8,9,11,13,27|14,15,17,18,31,38
2,3,28,29,39,40|6,8,9,11,13,27|14,15,17,18,31,38
6,8,9,11,13,27|14,15,17,18,31,38|22,26,29,33,39,40
6,8,13,17,27,32|9,11,21,25,33,40|16,18,28,29,31,38
6,8,17,19,26,39|9,11,13,14,28,33|15,18,25,29,31,38
6,9,11,13,25,33|8,14,17,19,21,26|15,27,29,31,38,40
6,9,13,20,31,33|8,14,17,19,21,26|11,18,28,29,38,39
6,9,13,22,28,33|8,14,17,19,21,26|15,18,25,29,31,38
6,10,13,14,34,40|8,9,11,18,21,25|15,16,17,19,20,38
6,10,14,16,19,34|8,9,11,18,21,25|13,15,17,20,32,33
6,11,13,27,29,38|8,9,15,18,25,31|17,28,32,33,39,40
6,11,17,18,38,39|8,9,13,25,28,40|15,27,29,31,32,33
6,13,17,25,32,33|8,9,11,18,28,39|15,27,29,31,38,40
6,13,17,25,38,40|8,9,11,18,28,39|15,27,29,31,32,33
6,13,26,29,31,33|8,9,11,18,21,25|14,16,17,19,28,38
6,16,17,18,31,38|8,9,11,21,27,40|13,14,22,26,29,33
6,16,17,19,25,38|8,9,11,18,28,39|13,14,22,26,29,33
6,17,18,21,22,38|8,9,13,25,28,40|15,27,29,31,32,33
6,17,19,20,38,39|8,9,11,18,21,25|13,14,22,26,29,33
6,17,19,21,28,38|8,9,15,18,25,31|13,14,22,26,29,33
8,9,11,18,21,25|13,14,17,28,32,33|15,27,29,31,38,40
8,9,11,18,28,39|13,14,22,26,29,33|15,16,17,19,20,38
8,9,11,21,27,40|13,14,17,28,32,33|15,18,25,29,31,38
8,9,13,25,28,40|11,14,17,18,21,38|15,27,29,31,32,33
8,9,15,27,31,40|11,14,17,18,21,38|13,25,28,29,32,33
8,9,16,18,22,25|11,13,15,26,29,33|14,17,19,20,21,38
8,9,16,18,28,31|11,13,15,26,29,33|14,17,19,20,21,38
8,9,16,22,27,40|11,13,15,26,29,33|14,17,19,20,21,38
8,9,18,20,21,31|11,13,15,26,29,33|14,16,17,19,28,38
8,9,18,20,22,39|11,13,15,26,29,33|14,16,17,19,28,38
8,9,19,20,21,25|11,13,15,26,29,33|14,16,17,18,22,38
8,9,19,20,28,39|11,13,15,26,29,33|14,16,17,18,22,38
8,13,27,28,29,32|9,11,21,25,33,40|14,15,17,18,31,38
8,14,17,19,21,26|9,11,13,15,20,33|16,18,22,25,29,38
8,15,16,17,19,26|9,11,13,14,28,33|18,20,21,29,31,38
8,17,18,21,25,32|9,11,13,14,28,33|15,27,29,31,38,40
8,17,18,28,32,39|9,11,13,15,20,33|16,22,27,29,38,40
8,17,21,27,32,40|9,11,13,14,28,33|15,18,25,29,31,38
8,18,21,26,29,31|9,11,13,14,28,33|15,16,17,19,20,38
8,18,22,26,29,39|9,11,13,14,28,33|15,16,17,19,20,38
8,19,26,28,29,39|9,11,13,15,20,33|14,16,17,18,22,38
1,2,3,13,15,32|6,8,17,18,26,39|9,16,25,28,33,40|10,11,14,19,21,34
1,6,16,18,25,34|2,3,11,13,15,17|8,9,20,21,27,40
1,6,16,27,34,40|2,3,11,13,15,17|8,9,18,20,21,25
1,6,18,20,34,39|2,3,11,13,15,17|8,9,16,27,28,40|10,14,19,21,32,38
1,8,17,21,27,29|6,9,13,20,25,33|10,11,15,16,19,34
1,11,18,21,31,34|2,3,6,16,27,29|8,17,19,22,26,39|9,13,14,20,28,33
1,11,18,22,34,39|2,3,6,13,17,31|8,9,15,25,27,40|10,14,19,21,32,38
1,11,19,21,25,34|2,3,6,13,17,31|8,9,16,27,28,40
1,11,19,28,34,39|2,3,6,13,17,31|8,9,15,25,27,40
1,13,22,25,34,40|2,3,6,16,27,29|8,9,18,20,28,39|10,14,19,21,32,38
1,13,28,31,34,40|2,3,6,16,27,29|8,9,18,20,21,25
1,14,15,18,25,34|2,3,6,13,17,31|8,9,16,27,28,40
1,14,15,27,34,40|2,3,6,13,17,31|8,9,16,18,25,28
1,14,16,18,28,34|2,3,6,13,17,31|8,9,15,25,27,40
1,14,18,20,21,34|2,3,6,13,17,31|8,9,15,25,27,40
1,15,16,18,20,34|2,3,6,13,17,31|8,21,26,27,29,40
1,15,19,25,31,34|2,3,6,16,27,29|8,9,18,20,28,39|14,17,21,26,33,40
1,16,18,22,31,34|2,3,11,13,15,17|6,10,19,32,38,39|8,9,20,21,27,40
1,16,19,22,25,34|2,3,6,13,17,31|8,9,18,20,28,39
1,16,19,28,31,34|2,3,11,13,15,17|8,9,18,20,21,25
1,17,21,25,29,33|6,8,9,13,20,27|10,11,15,16,19,34
1,17,28,29,33,39|6,8,9,13,20,27|10,11,14,19,21,34
1,18,21,31,32,38|2,3,6,16,27,29|8,17,19,22,26,39|9,13,14,20,28,33
1,18,22,32,38,39|2,3,6,13,17,31|8,9,15,25,27,40|10,11,14,19,21,34
1,19,20,21,31,34|2,3,6,16,27,29|9,11,13,22,25,33
1,19,20,22,34,39|2,3,6,13,17,31|8,9,15,25,27,40
1,19,21,22,28,34|2,3,6,13,17,31|8,9,15,25,27,40
1,19,21,25,32,38|2,3,6,13,17,31|8,9,16,27,28,40
1,19,28,32,38,39|2,3,6,13,17,31|8,9,15,25,27,40
2,3,6,13,17,31|8,9,15,25,27,40|10,11,14,19,21,34|18,20,28,29,38,39
2,3,6,16,27,29|8,9,18,20,21,25|10,11,13,15,34,40
2,3,11,13,15,17|6,9,14,27,31,33|8,18,21,25,26,29
2,3,13,14,17,22|6,9,11,16,27,33|8,18,21,25,26,29
2,3,13,22,25,29|6,8,17,18,26,39|9,11,14,15,27,33
2,3,13,28,29,31|6,8,17,18,26,39|9,11,14,15,27,33
2,3,14,15,27,29|6,8,17,18,26,39|9,11,13,22,25,33
2,3,17,21,31,40|6,8,9,13,20,27|10,11,15,16,19,34
2,3,17,22,39,40|6,8,9,13,20,27|10,11,14,19,21,34|16,18,25,28,29,38
6,8,9,13,20,27|10,11,14,19,21,34|15,16,17,26,33,40
6,8,13,26,27,29|9,16,25,28,33,40|10,11,14,19,21,34
6,8,17,18,26,39|9,11,13,22,25,33|10,14,15,19,31,34|16,27,28,29,38,40
6,9,11,16,27,33|8,14,17,18,21,26|10,13,15,32,38,40
6,9,13,20,25,33|8,14,17,18,21,26|10,11,15,16,19,34
6,10,11,19,34,39|8,9,15,25,27,40|13,14,26,28,29,33|16,17,18,22,31,38
6,10,13,31,34,40|8,9,16,18,25,28|14,15,17,27,32,33
6,10,14,16,18,34|8,9,11,13,22,27|15,17,19,25,31,38|26,28,29,33,39,40
6,10,16,19,31,34|8,9,11,13,22,27|14,15,17,18,25,38|26,28,29,33,39,40
6,10,19,21,22,34|8,9,15,25,27,40|13,14,26,28,29,33
6,10,19,32,38,39|8,9,11,13,22,27|14,17,21,26,33,40
6,13,14,17,26,33|8,9,15,25,27,40|18,20,28,29,38,39
6,13,20,27,29,38|8,9,16,18,25,28|10,11,14,19,21,34
6,13,25,26,29,33|8,9,16,27,28,40|10,11,14,19,21,34
6,16,17,18,25,38|8,9,11,13,22,27|10,14,15,19,31,34|26,28,29,33,39,40
6,16,17,27,32,33|8,9,18,20,21,25|10,11,13,15,34,40
6,16,17,27,38,40|8,9,18,20,21,25|10,14,15,19,31,34
6,17,18,20,38,39|8,9,11,13,22,27|10,14,15,19,31,34|21,25,26,29,33,40
6,17,18,21,28,38|8,9,11,13,22,27|10,14,15,19,31,34
6,17,26,33,39,40|8,9,11,13,22,27|10,14,15,19,31,34|16,18,25,28,29,38
8,9,11,13,22,27|10,14,15,19,31,34|16,18,25,28,29,38
8,9,15,25,27,40|10,11,14,19,21,34|13,17,28,31,32,33
8,9,16,18,25,28|10,11,13,15,34,40|17,19,20,21,31,38
8,9,16,27,28,40|10,11,14,19,21,34|13,15,20,26,29,33
8,9,18,20,21,25|10,11,13,15,34,40|16,17,19,28,31,38
8,9,18,20,28,39|10,11,13,15,34,40|16,17,19,22,25,38
8,9,20,21,27,40|10,11,15,16,19,34|13,14,26,28,29,33
8,13,17,22,27,32|9,16,25,28,33,40|10,11,14,19,21,34
8,14,17,18,21,26|9,11,13,22,25,33|10,15,16,19,32,38
8,15,16,17,18,26|9,11,13,22,25,33|10,14,19,21,32,38
8,17,19,21,26,31|9,11,13,22,25,33|16,27,28,29,38,40
8,17,19,22,26,39|9,11,13,28,31,33|15,25,27,29,38,40
8,18,21,25,26,29|9,11,13,28,31,33|10,14,16,19,22,34
8,18,26,28,29,39|9,11,13,22,25,33|10,14,15,19,31,34
8,21,26,27,29,40|9,11,13,22,25,33|10,14,15,19,31,34
9,11,13,22,25,33|10,14,15,19,31,34|16,27,28,29,38,40
9,11,13,28,31,33|10,14,16,19,22,34|15,25,27,29,38,40
9,13,20,22,31,33|10,11,14,19,21,34|15,25,27,29,38,40
9,20,28,33,39,40|10,11,14,19,21,34|16,17,18,22,31,38
10,11,13,15,34,40|14,16,17,18,28,38|20,21,27,29,32,33
10,11,14,19,21,34|13,15,20,26,29,33|16,17,18,22,31,38
10,13,14,22,34,40|11,17,18,21,31,38|15,25,27,29,32,33
10,14,16,19,22,34|11,17,18,21,31,38|13,15,20,26,29,33
6,8,9,16,18,31|11,19,22,29,38,39|14,17,21,32,33,40
6,8,9,19,20,39|11,14,18,21,29,38|15,16,17,32,33,40
6,8,17,18,32,39|9,11,14,21,33,40|15,16,19,20,29,38
6,9,11,33,39,40|8,14,17,18,21,32|15,16,19,20,29,38
6,9,16,31,33,40|8,14,17,18,21,32|11,19,22,29,38,39
6,16,18,29,31,38|8,9,11,19,22,39|14,17,21,32,33,40
6,17,32,33,39,40|8,9,11,14,18,21|15,16,19,20,29,38
6,19,20,29,38,39|8,9,11,14,18,21|15,16,17,32,33,40
1,6,11,19,34,39|2,3,13,14,22,29|8,9,15,16,18,20|17,21,31,32,33,40
1,6,13,31,34,40|8,9,11,18,22,39|14,15,27,29,32,33
1,6,14,16,18,34|2,3,11,13,15,29|8,9,19,20,21,31|17,22,32,33,39,40
1,6,16,19,31,34|2,3,11,13,15,29|8,9,14,18,20,21|17,22,32,33,39,40
1,6,19,21,22,34|2,3,11,13,15,29|8,9,14,16,18,28
1,6,19,32,38,39|2,3,11,13,15,29|8,9,14,16,18,28
1,11,13,15,34,40|6,8,9,16,18,25|19,20,21,29,31,38
1,11,14,19,21,34|2,3,6,13,29,31|8,9,15,16,18,20|17,22,32,33,39,40
1,11,15,16,19,34|2,3,6,13,29,31|8,9,14,18,20,21|17,22,32,33,39,40
1,13,14,22,34,40|6,8,9,16,18,25|11,19,28,29,38,39
1,14,15,19,31,34|2,3,22,29,39,40|6,8,9,16,18,25
1,14,19,21,32,38|2,3,6,13,29,31|8,9,11,18,22,39
1,15,16,19,32,38|2,3,6,13,29,31|8,9,11,18,22,39
2,3,11,13,15,29|6,8,9,16,18,25|17,21,31,32,33,40
2,3,13,14,22,29|6,8,9,16,18,25|17,21,31,32,33,40
2,3,21,29,31,40|6,8,9,16,18,25|11,13,15,17,32,33
2,3,22,29,39,40|6,8,9,16,18,25|11,13,15,17,32,33
6,8,9,16,18,25|11,13,15,17,32,33|19,20,21,29,31,38
6,8,9,16,27,40|11,13,15,17,32,33|14,18,20,21,29,38
6,8,9,18,20,39|11,13,15,17,32,33|16,19,22,25,29,38
6,8,9,18,21,28|11,13,15,17,32,33|16,19,22,25,29,38
6,9,16,25,33,40|8,13,22,27,29,32|11,14,17,19,21,38
6,9,20,33,39,40|8,13,22,27,29,32|11,14,17,19,21,38
6,9,21,28,33,40|8,13,22,27,29,32|11,15,16,17,19,38
6,11,17,19,38,39|8,9,13,22,25,40|14,15,27,29,32,33
6,13,17,31,32,33|8,9,11,18,22,39|14,15,27,29,38,40
6,13,17,31,38,40|8,9,11,18,22,39|14,15,27,29,32,33
6,14,16,17,18,38|8,9,11,19,21,25|13,28,29,31,32,33
6,16,17,19,31,38|8,9,11,18,22,39|14,15,27,29,32,33
6,16,18,25,29,38|8,9,11,19,28,39|13,14,17,22,32,33
6,16,27,29,32,33|8,9,11,18,21,31|13,14,17,22,38,40
6,16,27,29,38,40|8,9,11,18,21,31|13,14,17,22,32,33
6,17,19,21,22,38|8,9,13,28,31,40|14,15,27,29,32,33
6,18,20,29,38,39|8,9,11,19,21,25|13,14,17,22,32,33
6,26,29,33,39,40|8,9,11,18,21,31|14,16,17,19,22,38
8,9,11,19,21,25|13,14,17,22,32,33|15,16,18,20,29,38
8,9,11,19,28,39|13,14,17,22,32,33|15,16,18,20,29,38
8,9,14,15,18,25|11,19,28,29,38,39|17,21,31,32,33,40
8,9,14,16,18,28|11,13,15,17,32,33|19,20,21,29,31,38
8,9,14,18,20,21|11,13,15,17,32,33|16,19,22,25,29,38
8,9,15,16,18,20|11,14,17,19,21,38|13,22,25,29,32,33
8,9,16,19,22,25|11,13,15,17,32,33|14,18,20,21,29,38
8,9,16,19,28,31|11,13,15,17,32,33|14,18,20,21,29,38
8,9,19,20,21,31|11,13,15,17,32,33|14,16,18,28,29,38
8,9,19,20,22,39|11,13,15,17,32,33|14,16,18,28,29,38
8,17,19,21,25,32|9,11,13,14,22,33|15,16,18,20,29,38
8,17,19,28,32,39|9,11,13,14,22,33|15,16,18,20,29,38
1,2,3,13,15,26|9,14,25,27,28,33|10,18,20,21,31,34
1,18,21,26,31,38|2,3,13,17,25,28|10,16,22,27,34,40
1,18,22,26,38,39|2,3,11,17,21,27|10,13,25,28,34,40
1,19,21,25,26,38|2,3,15,17,27,31|10,11,18,28,34,39
1,19,26,28,38,39|2,3,11,17,21,27|10,15,18,25,31,34
1,6,13,20,27,34|8,17,18,21,25,26|10,19,28,32,38,39
1,6,18,26,38,39|2,3,10,13,15,32|9,11,16,27,28,33
1,11,13,22,27,34|8,17,18,21,25,26|10,19,28,32,38,39
1,13,22,27,32,38|6,10,16,18,25,34|17,26,28,33,39,40
1,14,18,21,26,38|2,3,6,16,17,27|9,13,20,25,28,33
1,15,16,18,26,38|2,3,13,17,22,25|9,11,20,21,27,33
1,15,25,27,34,40|2,3,13,17,28,31|10,18,22,32,38,39
1,16,18,25,28,34|2,3,10,13,15,32|8,17,21,26,27,40
1,16,27,28,34,40|2,3,10,13,15,32|8,17,18,21,25,26
1,18,20,21,25,34|2,3,6,16,17,27|10,19,28,32,38,39
1,18,20,28,34,39|2,3,6,16,17,27|10,19,21,25,32,38
1,19,21,26,31,38|2,3,6,16,17,27|9,13,20,25,28,33|10,11,18,22,34,39
1,19,22,26,38,39|2,3,6,16,17,27|9,13,20,25,28,33|10,11,18,21,31,34
1,20,21,27,34,40|2,3,10,13,15,32|8,17,18,26,28,39
2,3,6,16,17,27|9,13,20,25,28,33|10,11,18,21,31,34
2,3,10,13,15,32|6,9,25,27,31,33|8,17,18,26,28,39
2,3,13,17,28,31|6,10,16,18,25,34|9,11,20,21,27,33
2,3,15,25,27,29|6,10,18,20,34,39|13,14,17,26,28,33
2,3,16,27,28,29|6,10,18,20,34,39|13,17,22,26,31,33
2,3,20,21,27,29|6,10,16,18,25,34|13,14,17,26,28,33
8,17,18,21,25,26|9,11,16,27,28,33|10,19,20,22,34,39
8,17,18,26,28,39|9,11,15,25,27,33|10,19,20,21,31,34
8,17,21,26,27,40|9,13,20,25,28,33|10,11,18,22,34,39
10,13,22,25,34,40|11,21,26,27,29,33|17,18,20,28,38,39
10,16,19,22,25,34|11,21,26,27,29,33|17,18,20,28,38,39
10,19,20,22,34,39|11,21,26,27,29,33|16,17,18,25,28,38
1,6,11,13,27,34|2,3,17,21,25,40|10,15,16,18,32,38
1,6,13,27,32,38|2,3,17,21,25,40|10,11,15,16,18,34
1,6,19,26,38,39|2,3,11,21,27,29|9,13,20,22,25,33|10,14,15,18,31,34
1,8,9,10,13,15|2,3,11,21,27,29|16,17,18,22,25,38
1,10,13,15,29,38|2,3,17,21,25,40|6,9,16,20,27,33
1,11,18,21,25,34|2,3,13,14,17,28|6,9,16,20,27,33|10,19,22,32,38,39
1,11,18,28,34,39|2,3,6,13,17,25|9,14,15,20,27,33|10,19,21,31,32,38
1,11,21,27,34,40|2,3,6,13,17,25|10,15,16,18,32,38
1,13,15,26,32,33|2,3,11,21,27,29|6,10,16,18,31,34|17,19,20,28,38,39
1,13,15,26,38,40|2,3,11,21,27,29|6,10,16,18,31,34
1,13,25,28,34,40|2,3,11,21,27,29|6,10,18,32,38,39
1,14,19,21,26,38|2,3,6,13,17,25|9,11,15,27,31,33
1,15,16,19,26,38|2,3,6,13,17,25|9,14,22,27,31,33
1,15,18,25,31,34|2,3,11,21,27,29|8,17,19,26,28,39
1,15,27,31,34,40|2,3,6,13,17,25|10,14,18,21,32,38
1,16,18,22,25,34|2,3,11,21,27,29|6,13,17,26,31,33
1,16,18,28,31,34|2,3,6,13,17,25|9,14,15,20,27,33|10,19,22,32,38,39
1,16,19,25,28,34|2,3,11,21,27,29|6,10,18,32,38,39|13,14,17,22,26,33
1,16,22,27,34,40|2,3,6,13,17,25|10,14,18,21,32,38
1,18,20,21,31,34|2,3,6,13,17,25|9,11,16,22,27,33
1,18,20,22,34,39|2,3,6,13,17,25|9,11,15,27,31,33
1,18,21,22,28,34|2,3,6,13,17,25|9,11,15,27,31,33
1,18,21,25,32,38|2,3,13,14,17,28|6,9,16,20,27,33|10,11,19,22,34,39
1,18,28,32,38,39|2,3,6,13,17,25|9,11,15,27,31,33|10,14,19,20,21,34
1,19,20,21,25,34|2,3,13,14,17,28|6,10,18,32,38,39|9,11,15,27,31,33
1,19,20,28,34,39|2,3,6,13,17,25|9,11,15,27,31,33|10,14,18,21,32,38
1,21,27,32,38,40|2,3,6,13,17,25|10,11,15,16,18,34
2,3,6,13,17,25|9,11,15,27,31,33|10,14,16,18,22,34
2,3,11,21,27,29|6,10,13,25,34,40|8,17,18,22,26,39
2,3,13,14,17,28|6,9,16,20,27,33|10,11,19,21,31,34
2,3,13,15,17,20|6,9,14,25,27,33|10,11,19,21,31,34
2,3,13,17,22,31|6,9,14,25,27,33|10,11,15,16,18,34
2,3,13,25,28,29|6,9,16,20,27,33|8,17,18,21,26,31|10,11,19,22,34,39
2,3,15,27,29,31|6,10,11,18,34,39|8,17,19,21,25,26
2,3,16,22,27,29|6,10,11,18,34,39|8,17,19,21,25,26|9,13,20,28,31,33
2,3,17,21,25,40|6,9,15,27,28,33|10,11,19,22,34,39
2,3,17,28,39,40|6,9,14,25,27,33|10,11,15,16,18,34
6,9,14,25,27,33|8,17,18,21,26,31|10,11,19,22,34,39
6,9,15,27,28,33|8,17,18,21,26,31|10,11,19,22,34,39
6,9,16,20,27,33|8,17,18,21,26,31|10,11,19,22,34,39
6,10,11,18,34,39|8,9,13,20,22,27|16,17,19,25,28,38
6,10,13,25,34,40|8,17,18,21,26,31|9,11,16,22,27,33
6,10,16,18,31,34|8,9,11,13,27,28|17,19,20,21,25,38
6,10,16,19,25,34|8,9,11,13,27,28|17,18,20,21,31,38
6,10,18,32,38,39|8,9,11,13,27,28|17,21,26,31,33,40
6,10,19,20,34,39|8,9,11,13,27,28|15,17,18,25,31,38
6,10,19,21,28,34|8,9,13,20,22,27|15,17,18,25,31,38
6,16,26,27,29,33|10,11,14,18,21,34|13,17,25,28,38,40
8,9,11,13,27,28|10,14,15,18,31,34|17,19,20,21,25,38
8,9,13,20,22,27|10,11,14,18,21,34|16,17,19,25,28,38
8,13,22,26,27,29|10,11,14,18,21,34|16,17,19,25,28,38
8,17,18,21,26,31|9,11,13,25,28,33|10,15,16,19,20,34
8,17,18,22,26,39|9,11,13,25,28,33|10,14,19,20,21,34
8,17,19,21,25,26|9,11,15,27,31,33|10,13,14,28,34,40
8,17,19,26,28,39|9,11,15,27,31,33|10,14,16,18,22,34
9,11,13,25,28,33|10,14,15,18,31,34|16,17,22,27,38,40
9,11,15,27,31,33|10,13,14,28,34,40|16,17,18,22,25,38
9,11,16,22,27,33|10,13,14,28,34,40|15,17,18,25,31,38
9,13,20,22,25,33|10,11,14,18,21,34|15,17,27,31,38,40
9,13,20,28,31,33|10,11,14,18,21,34|16,17,22,27,38,40
9,14,15,20,27,33|10,11,19,21,31,34|13,17,25,28,38,40
9,14,22,27,31,33|10,11,15,16,18,34|13,17,25,28,38,40
10,13,22,31,34,40|11,17,18,21,25,38|14,15,26,27,29,33
10,14,15,18,31,34|11,13,27,28,29,38|17,22,26,33,39,40
10,14,15,19,25,34|11,13,27,28,29,38|17,21,26,31,33,40
10,15,16,19,20,34|11,13,27,28,29,38|17,21,26,31,33,40
1,11,29,30,38,39|2,6,8,13,22,34|3,12,14,16,23,35
2,6,8,13,22,34|3,12,14,16,23,35|20,30,32,38,39,40
2,8,11,13,14,34|3,6,12,21,23,35|16,25,30,32,38,40
2,8,11,34,39,40|3,6,12,21,23,35|13,14,20,30,32,38
2,8,13,14,32,38|3,6,12,21,23,35|11,16,25,30,34,40
2,8,16,31,34,40|3,6,12,21,23,35|13,14,20,30,32,38
2,8,21,22,34,40|3,12,14,16,23,35|6,13,28,30,32,38
2,8,32,38,39,40|3,6,12,21,23,35|11,13,14,20,30,34
1,2,9,11,23,39|3,6,15,31,34,38|8,13,25,26,30,32
1,2,9,16,23,31|3,6,11,21,34,38|8,10,17,30,32,39
1,2,9,21,22,23|3,6,15,31,34,38|8,10,17,30,32,39
1,2,17,23,32,39|3,6,11,21,34,38|8,9,10,16,30,31
1,11,17,30,38,39|2,6,8,15,27,34|3,12,16,23,25,35
1,16,17,30,31,38|2,6,8,15,27,34|3,12,20,23,35,39
1,17,21,22,30,38|2,6,8,15,27,34|3,12,16,23,25,35
2,6,8,15,27,34|3,12,16,23,25,35|10,11,29,30,38,39
2,6,15,25,33,34|3,12,20,23,35,39|8,9,10,16,30,31
2,6,16,28,33,34|3,12,20,23,35,39|8,9,10,21,22,30
2,6,20,21,33,34|3,12,16,23,25,35|8,9,10,11,30,39
2,8,11,13,25,34|3,12,20,23,35,39|10,16,29,30,31,38
2,8,13,20,31,34|3,12,16,23,25,35|10,11,29,30,38,39
2,8,13,22,28,34|3,12,16,23,25,35|10,11,29,30,38,39
2,8,13,25,32,38|3,12,20,23,35,39|6,14,27,28,30,34
2,11,16,31,33,34|3,12,20,23,35,39|6,13,22,26,30,38
2,11,21,22,33,34|3,12,16,23,25,35|8,10,17,30,32,39
2,11,32,33,38,39|3,12,16,23,25,35|6,14,27,28,30,34
2,13,14,23,26,32|3,6,11,21,34,38|8,9,10,16,30,31
2,14,15,28,33,34|3,12,16,23,25,35|6,13,22,26,30,38
2,14,16,20,33,34|3,12,21,23,28,35|6,13,22,26,30,38
2,15,22,31,33,34|3,12,16,23,25,35|8,9,10,11,30,39
2,16,31,32,33,38|3,12,20,23,35,39|6,14,27,28,30,34
2,21,22,32,33,38|3,12,16,23,25,35|6,14,27,28,30,34
2,23,26,32,39,40|3,6,11,21,34,38|8,9,10,16,30,31
1,2,6,9,21,23|3,8,11,32,34,39|10,14,16,29,30,38
1,2,8,29,38,39|3,12,16,23,31,35|6,11,15,27,30,34
1,2,9,14,16,23|3,8,11,32,34,39|6,10,21,29,30,38
1,8,9,20,30,39|2,6,11,21,33,34|3,12,16,23,31,35
1,8,9,21,28,30|2,6,15,31,33,34|3,11,12,23,35,39
1,8,26,29,30,39|2,6,11,21,33,34|3,12,16,23,31,35
1,14,16,17,30,38|2,6,8,13,28,34|3,11,12,23,35,39
1,16,25,29,30,38|2,6,8,13,28,34|3,11,12,23,35,39
1,20,29,30,38,39|2,6,8,13,28,34|3,12,16,23,31,35
1,21,28,29,30,38|2,6,15,31,33,34|3,11,12,23,35,39
2,6,8,13,28,34|3,11,12,23,35,39|10,14,16,29,30,38
2,6,11,21,33,34|3,12,16,23,31,35|13,22,28,30,32,38
2,6,15,31,33,34|3,11,12,23,35,39|8,9,10,14,16,30
2,6,16,22,33,34|3,11,12,23,35,39|8,13,26,30,31,32
2,6,21,32,33,38|3,11,12,23,35,39|8,9,10,14,16,30
2,8,11,13,31,34|3,12,21,22,23,35|6,15,27,30,32,38
2,8,13,14,20,34|3,11,12,23,35,39|6,10,21,29,30,38
2,8,13,31,32,38|3,11,12,23,35,39|6,14,22,27,30,34
2,8,16,25,34,40|3,11,12,23,35,39|6,10,21,29,30,38
2,8,20,34,39,40|3,12,16,23,31,35|6,10,21,29,30,38
2,8,21,28,34,40|3,11,12,23,35,39|6,15,27,30,32,38
2,11,14,16,33,34|3,12,21,22,23,35|6,15,27,30,32,38
2,14,15,22,33,34|3,11,12,23,35,39|6,8,9,10,21,30
2,14,16,32,33,38|3,11,12,23,35,39|6,8,9,10,21,30
2,16,17,23,25,29|3,6,14,15,34,38|8,13,26,30,31,32
2,17,20,23,29,39|3,6,14,15,34,38|8,13,26,30,31,32
2,17,21,23,28,29|3,6,14,15,34,38|8,13,26,30,31,32
2,9,10,21,22,23|3,8,11,26,34,39|25,27,30,31,32,38
1,2,9,16,23,25|3,6,8,21,26,34|10,20,29,30,38,39
1,2,9,20,23,39|3,6,8,21,26,34|10,14,16,17,30,38
1,2,9,21,23,28|3,6,15,25,34,38|8,10,26,29,30,39
1,2,23,26,29,39|3,6,15,25,34,38|8,9,10,21,28,30
1,8,17,26,30,39|2,6,9,10,21,23|3,11,16,31,34,38
1,17,20,30,38,39|2,6,9,10,21,23|3,8,14,16,26,34
2,6,9,10,21,23|3,8,14,16,26,34|15,27,28,30,32,38
2,9,10,14,16,23|3,6,8,21,26,34|15,27,28,30,32,38
2,13,23,26,31,32|3,6,15,25,34,38|8,9,10,20,30,39
1,2,6,21,29,30|8,11,13,14,32,34|12,16,23,31,35,40
1,6,8,21,29,34|2,11,13,14,30,32|12,16,23,31,35,40
1,8,14,16,29,34|2,6,13,22,30,32|11,12,23,35,39,40
2,11,13,14,30,32|6,8,12,21,33,35|9,15,22,23,29,31
2,11,30,32,39,40|6,8,12,21,33,35|9,14,15,23,28,29
2,16,30,31,32,40|6,8,12,21,33,35|9,14,15,23,28,29
1,2,11,29,30,39|6,8,13,28,32,34|9,14,15,17,22,23
1,2,16,29,30,31|6,8,13,28,32,34|9,14,15,17,22,23
1,2,21,22,29,30|6,8,13,28,32,34|9,11,14,16,17,23
1,6,9,21,23,32|8,11,12,33,35,39|14,15,22,34,38,40
1,8,11,29,34,39|2,6,13,28,30,32|9,14,15,17,22,23
1,8,16,29,31,34|2,6,13,28,30,32|9,14,15,17,22,23
1,8,21,22,29,34|2,6,13,28,30,32|9,11,14,16,17,23
2,6,13,28,30,32|8,11,12,33,35,39|9,14,15,17,22,23
2,13,14,20,30,32|6,9,11,17,21,23|8,12,16,31,33,35
2,20,30,32,39,40|6,9,11,17,21,23|8,12,16,31,33,35
2,21,28,30,32,40|6,9,15,17,23,31|8,11,12,33,35,39
6,9,11,17,21,23|8,12,16,31,33,35|14,15,22,34,38,40
6,11,21,32,33,34|8,16,17,29,31,38|12,13,14,20,23,35
6,11,21,34,38,40|8,12,16,31,33,35|9,14,15,17,22,23
6,12,13,23,28,35|8,11,17,29,38,39|14,15,22,32,33,34
6,15,31,32,33,34|8,11,17,29,38,39|12,13,14,20,23,35
6,15,31,34,38,40|8,11,12,33,35,39|9,16,22,23,28,29
6,16,22,32,33,34|8,11,17,29,38,39|12,13,14,20,23,35
6,16,22,34,38,40|8,11,12,33,35,39|9,14,23,25,29,31
8,12,16,31,33,35|9,11,20,23,29,39|14,15,22,34,38,40
1,2,6,17,21,30|8,10,14,16,29,34|11,12,13,23,25,35
1,2,14,16,17,30|6,8,10,21,29,34|11,12,13,23,25,35
1,2,16,25,29,30|6,8,15,27,32,34|9,11,17,21,22,23
1,2,20,29,30,39|6,8,15,27,32,34|9,11,16,17,23,31
1,2,21,28,29,30|6,8,15,27,32,34|9,11,16,17,23,31
1,6,8,9,21,38|2,10,14,16,29,30|11,12,13,23,25,35|15,22,31,32,33,34
1,6,8,17,21,34|2,10,14,16,29,30|11,12,13,23,25,35
1,8,9,14,16,38|2,6,10,21,29,30|11,12,13,23,25,35|15,22,31,32,33,34
1,8,14,16,17,34|2,6,10,21,29,30|11,12,13,23,25,35
1,8,16,25,29,34|2,6,15,27,30,32|9,11,17,21,22,23
1,8,20,29,34,39|2,6,15,27,30,32|9,11,16,17,23,31
1,8,21,28,29,34|2,6,15,27,30,32|9,11,16,17,23,31
1,9,11,23,32,39|2,3,6,14,15,34|8,12,16,25,33,35
1,9,16,23,31,32|2,3,6,14,15,34|8,12,20,33,35,39
1,9,21,22,23,32|2,3,6,14,15,34|8,12,16,25,33,35
2,3,6,14,15,34|8,12,16,25,33,35|9,11,17,21,22,23
2,6,10,21,29,30|8,11,13,25,32,34|9,14,15,17,23,28
2,6,15,27,30,32|8,10,14,16,29,34|9,11,17,21,22,23
2,6,21,26,30,40|8,10,14,16,29,34|9,15,17,22,23,31
2,10,14,16,29,30|6,8,15,27,32,34|9,11,17,21,22,23
2,11,13,25,30,32|6,8,10,21,29,34|9,14,15,17,23,28
2,13,20,30,31,32|6,8,10,21,29,34|9,14,15,17,23,28
2,13,22,28,30,32|6,8,10,21,29,34|9,11,16,17,23,31
2,14,16,26,30,40|6,8,10,21,29,34|9,15,17,22,23,31
6,11,13,22,34,38|8,12,16,25,33,35|9,14,15,17,23,28
6,15,25,32,33,34|8,17,20,29,38,39|12,13,22,23,28,35
6,15,25,34,38,40|8,12,20,33,35,39|9,11,16,17,23,31
6,16,28,32,33,34|8,17,20,29,38,39|11,12,13,23,25,35
6,16,28,34,38,40|8,12,20,33,35,39|9,11,17,21,22,23
6,20,21,32,33,34|8,16,17,25,29,38|12,13,22,23,28,35
6,20,21,34,38,40|8,12,16,25,33,35|9,14,15,17,23,28
8,12,16,25,33,35|9,11,17,21,22,23|14,15,28,34,38,40
8,12,20,33,35,39|9,11,16,17,23,31|14,15,28,34,38,40
8,16,17,25,29,38|11,21,22,32,33,34|12,13,20,23,31,35
8,17,20,29,38,39|11,12,13,23,25,35|14,15,28,32,33,34
8,17,21,28,29,38|11,12,13,23,25,35|14,16,20,32,33,34
1,2,11,17,30,39|6,8,13,22,26,34|9,10,14,16,23,32
1,2,17,21,22,30|6,11,13,28,34,38|9,10,14,16,23,32
1,8,9,11,38,39|2,3,6,15,31,34|12,13,20,23,25,35
1,8,9,16,31,38|2,3,6,11,21,34|12,13,20,23,25,35
1,8,9,21,22,38|2,3,6,15,31,34|11,12,16,23,27,35
1,8,11,17,34,39|2,3,6,21,32,38|12,13,20,23,25,35
1,8,16,17,31,34|2,3,6,21,32,38|12,13,20,23,25,35
1,8,17,21,22,34|2,3,14,16,32,38|12,13,20,23,25,35
1,8,17,32,38,39|2,3,6,11,21,34|12,13,20,23,25,35
2,3,6,11,21,34|8,10,29,32,38,39|9,14,17,23,25,31
2,3,6,15,31,34|8,10,29,32,38,39|9,11,16,17,23,25
2,3,6,16,22,34|8,10,29,32,38,39|9,11,17,21,23,28
2,3,6,21,32,38|8,10,11,29,34,39|9,14,17,23,25,31
2,3,14,16,32,38|6,8,13,22,26,34|9,11,17,20,23,39
2,6,13,22,26,30|8,10,11,29,34,39|9,14,17,23,25,31
2,10,11,29,30,39|6,8,13,22,26,34|9,14,17,23,25,31
2,10,16,29,30,31|6,8,13,22,26,34|9,11,17,20,23,39
2,10,21,22,29,30|6,11,13,28,34,38|9,14,17,23,25,31
2,11,13,14,26,30|6,9,10,21,23,32|15,22,25,34,38,40
