1,2,3,15,18,21|6,13,17,22,27,33|10,19,31,38,39,40
1,2,3,19,31,39|6,10,13,15,18,38|17,21,22,27,33,40
2,13,16,18,32,34|6,7,21,27,29,35|9,17,19,25,30,39
1,9,17,22,25,38|2,3,10,12,15,35|6,20,26,27,29,34
1,9,17,28,31,38|2,3,10,12,15,35|6,20,26,27,29,34
1,6,12,27,35,38|2,3,9,22,25,32|10,14,17,28,29,34
1,12,15,26,33,35|2,3,9,22,25,32|10,14,17,28,29,34
1,2,3,12,15,35|6,9,10,29,31,38|14,17,22,26,34,40
1,10,15,29,32,34|6,9,26,31,38,40|8,12,17,22,27,35
1,15,26,32,34,40|6,9,10,29,31,38|8,12,17,22,27,35
1,17,22,25,29,34|2,3,9,14,28,32|10,12,15,35,38,40
1,17,28,29,31,34|2,3,6,9,25,32|10,12,15,35,38,40
2,3,6,9,25,32|8,12,17,22,27,35|26,28,29,31,34,40
2,3,15,26,29,32|8,12,17,22,27,35|9,11,25,28,34,40
2,3,9,11,15,32|6,8,12,17,27,35|14,26,28,29,34,40
2,3,9,14,22,32|6,8,12,17,27,35|15,20,26,29,34,40
1,6,22,30,33,39|3,14,16,23,25,29|7,8,12,15,21,32
1,2,11,13,16,23|6,7,12,14,21,38|8,10,30,31,39,40
1,2,13,15,22,23|6,7,12,14,21,38|8,10,30,31,39,40
1,2,23,31,39,40|6,7,12,14,21,38|8,10,11,13,16,30
1,11,30,31,33,39|3,14,17,21,22,23|6,7,12,15,16,38
1,21,22,30,31,33|3,11,14,17,23,39|6,7,12,15,16,38
3,11,23,25,29,39|6,7,12,14,21,38|8,10,13,15,22,30
3,14,17,21,22,23|6,7,12,15,16,38|8,10,30,31,39,40
3,15,16,17,22,23|6,7,12,14,21,38|8,10,30,31,39,40
3,16,23,25,29,31|6,7,12,14,21,38|8,10,13,15,22,30
3,20,23,29,31,39|6,7,12,14,21,38|8,10,11,13,16,30
3,21,22,23,25,29|6,7,12,15,16,38|8,10,13,14,30,31
3,22,23,28,29,39|6,7,12,14,21,38|8,10,11,13,16,30
1,2,8,31,33,39|3,6,17,21,23,25|7,12,15,16,22,38
1,2,13,14,23,25|6,7,12,21,31,38|10,15,16,22,30,33
1,2,13,15,23,28|6,7,12,21,31,38|8,10,25,30,39,40
1,2,13,16,20,23|6,7,12,21,31,38|8,10,25,30,39,40
1,2,23,25,39,40|6,7,12,21,31,38|8,10,13,15,28,30
1,3,23,31,32,39|7,11,12,15,21,38|8,10,13,14,25,30
1,8,11,27,30,39|2,6,10,13,15,23|7,12,14,16,31,38
1,8,16,27,30,31|2,6,10,13,15,23|7,11,12,14,38,39
1,8,21,22,27,30|2,6,10,13,15,23|7,11,12,14,38,39
1,11,25,30,33,39|2,6,10,13,15,23|7,12,14,16,31,38
1,16,25,30,31,33|2,6,10,13,15,23|7,11,12,14,38,39
1,20,30,31,33,39|2,6,10,13,15,23|7,12,14,21,22,38
1,21,22,25,30,33|2,6,10,13,15,23|7,11,12,14,38,39
1,21,28,30,31,33|2,6,10,13,15,23|7,8,12,25,32,39
1,22,28,30,33,39|2,6,10,13,15,23|7,12,14,16,31,38
3,6,17,21,23,25|7,11,12,14,38,39|8,10,13,15,28,30
3,6,17,23,28,39|7,11,12,15,21,38|8,10,13,14,25,30
3,11,17,23,31,39|7,12,14,21,22,38|8,10,13,15,28,30
3,14,16,17,23,25|6,7,12,21,31,38|8,10,13,15,28,30
3,14,17,20,23,39|6,7,12,21,31,38|8,10,13,15,28,30
3,14,17,21,23,28|6,7,12,22,38,39|8,10,13,16,20,30
3,15,16,17,23,28|6,7,12,21,31,38|8,10,13,14,25,30
3,15,17,20,21,23|6,7,12,22,38,39|8,10,13,14,25,30
3,20,23,25,29,39|6,7,12,21,31,38|8,10,13,15,28,30
3,21,23,25,28,29|6,7,12,22,38,39|8,10,13,16,20,30
1,2,6,21,23,27|7,8,12,14,26,39|10,15,16,28,30,33
1,2,13,23,25,31|6,7,12,28,38,39|8,10,14,16,27,30
1,2,14,16,23,27|6,7,12,21,25,38|10,11,30,31,33,39
1,8,16,25,27,30|2,10,13,14,23,31|6,7,12,28,38,39
1,8,20,27,30,39|2,10,11,13,16,23|6,7,12,21,25,38
1,8,21,27,28,30|2,10,11,13,16,23|7,12,14,20,38,39
1,20,25,30,33,39|2,10,11,13,16,23|7,8,12,15,21,26
1,21,25,28,30,33|2,10,11,13,16,23|7,8,12,14,26,39
2,8,10,14,33,39|3,16,17,23,25,31|7,12,15,20,21,38
3,11,17,23,25,39|6,8,10,21,27,30|7,12,15,16,28,38
3,16,17,23,25,31|6,7,12,28,38,39|10,15,20,21,30,33
3,17,20,23,31,39|6,7,12,21,25,38|8,10,14,16,27,30
3,17,21,22,23,25|6,7,12,28,38,39|8,10,14,16,27,30
3,17,22,23,28,39|6,7,12,21,25,38|8,10,14,16,27,30
1,3,14,23,26,39|7,12,16,25,31,38|8,10,21,22,27,30
1,2,6,8,21,27|7,11,12,25,32,39|10,13,14,20,30,31
1,2,8,13,25,31|6,7,12,14,21,26|10,22,28,30,39,40
1,2,8,14,16,27|6,10,13,22,25,30|7,12,20,31,32,39
1,2,14,21,28,33|3,8,11,17,25,39|6,7,12,15,16,26
1,2,21,22,31,33|3,8,10,14,32,39|6,7,12,15,16,26
1,3,6,21,31,38|2,8,10,11,13,16|7,12,22,28,32,39
1,3,6,22,38,39|2,8,10,11,13,16|7,12,21,28,31,32
1,3,11,14,38,39|2,6,10,15,16,33|7,12,21,22,25,32
1,3,11,15,21,38|2,8,10,13,14,31|7,12,22,28,32,39
1,3,14,16,31,38|2,8,10,13,15,22|7,11,12,25,32,39
1,3,14,21,22,38|2,6,10,15,16,33|7,11,12,25,32,39
1,3,15,16,22,38|2,6,10,14,21,33|7,11,12,25,32,39
1,6,15,25,27,30|2,8,10,11,13,16|7,12,20,31,32,39
1,6,16,27,28,30|2,8,10,13,14,31|7,11,12,25,32,39
1,6,20,21,27,30|2,8,10,11,13,16|7,12,22,28,32,39
1,11,16,27,30,31|2,6,10,14,21,33|3,8,17,22,28,39
1,11,21,22,27,30|2,6,10,15,16,33|3,8,17,20,31,39
1,13,20,25,30,31|2,6,10,14,21,33|3,8,17,22,28,39
1,13,22,25,28,30|2,6,10,14,21,33|3,8,17,20,31,39
1,14,15,27,28,30|2,8,10,11,13,16|7,12,20,31,32,39
1,14,16,20,27,30|2,8,10,13,15,22|7,11,12,25,32,39
1,15,22,27,30,31|2,6,10,14,21,33|3,8,11,17,25,39
2,6,10,15,16,33|3,8,11,17,25,39|7,12,21,28,31,32
3,8,11,17,25,39|6,7,12,14,21,26|10,13,15,20,22,30
3,8,16,17,25,31|6,7,12,14,21,26|10,11,13,15,28,30
3,8,17,20,31,39|6,7,12,14,21,26|10,11,13,15,28,30
3,8,17,21,22,25|6,7,12,15,16,26|10,13,14,20,30,31
3,8,17,21,28,31|6,7,12,15,16,26|10,11,13,14,25,30
3,8,17,22,28,39|6,7,12,14,21,26|10,11,13,16,20,30
1,2,6,21,31,33|3,8,14,16,17,25|10,11,13,15,22,30
1,2,6,22,33,39|3,8,14,16,17,25|7,12,15,20,21,32
1,2,8,13,14,25|6,7,12,28,32,39|10,15,20,21,30,40
1,2,8,13,15,28|6,7,12,21,25,32|10,11,30,31,39,40
1,2,8,13,16,20|6,7,12,21,25,32|10,11,30,31,39,40
1,2,8,25,39,40|6,10,13,14,28,30|7,12,15,20,21,32
1,2,11,14,33,39|3,6,8,17,21,25|7,12,15,16,28,32
1,2,11,15,21,33|3,6,8,17,28,39|7,12,14,16,25,32
1,2,14,16,31,33|3,6,8,17,21,25|10,11,13,15,22,30
1,2,15,16,22,33|3,6,8,17,21,25|7,11,12,31,32,39
1,3,6,14,21,38|7,11,12,31,32,39|10,15,16,28,30,40
1,3,6,15,16,38|2,8,10,14,39,40|7,12,21,22,31,32
1,6,11,21,27,30|2,8,10,14,39,40|7,12,15,16,28,32
1,6,13,25,28,30|2,8,10,14,39,40|7,12,15,20,21,32
1,6,16,22,27,30|2,8,10,14,39,40|7,12,15,20,21,32
1,11,13,25,30,31|2,8,10,14,39,40|7,12,15,16,28,32
1,11,14,16,27,30|2,6,8,10,13,15|7,12,21,22,31,32
1,13,14,20,25,30|2,8,10,15,21,40|6,7,12,28,32,39
1,13,15,20,28,30|2,8,10,14,39,40|6,7,12,21,25,32
1,13,22,28,30,31|2,8,10,14,39,40|6,7,12,21,25,32
1,14,15,22,27,30|3,6,8,17,21,25|7,11,12,31,32,39
1,20,25,30,39,40|2,6,8,10,13,15|7,12,14,21,28,32
1,21,25,28,30,40|2,6,8,10,13,15|7,11,12,31,32,39
3,6,8,17,21,25|7,11,12,31,32,39|10,15,16,28,30,40
3,6,8,17,28,39|7,12,14,16,25,32|10,11,13,15,22,30
3,8,11,17,31,39|6,7,12,21,25,32|10,15,16,28,30,40
3,8,14,16,17,25|6,7,12,28,32,39|10,11,13,15,22,30
3,8,14,17,20,39|6,7,12,21,25,32|10,11,13,15,22,30
3,8,14,17,21,28|6,10,13,15,20,30|7,11,12,31,32,39
3,8,15,16,17,28|6,7,12,21,25,32|10,11,13,14,30,31
3,8,15,17,20,21|6,7,12,28,32,39|10,11,13,14,30,31
3,8,17,21,22,31|6,7,12,28,32,39|10,14,16,25,30,40
3,8,20,25,29,39|6,10,13,14,28,30|7,12,21,22,31,32
3,8,21,25,28,29|6,10,13,15,20,30|7,11,12,31,32,39
1,2,6,14,21,33|3,8,11,25,29,39|7,12,15,16,22,32
1,2,8,13,14,31|6,7,12,22,32,39|10,11,15,21,30,40
1,2,8,13,15,22|6,7,12,21,31,32|10,11,14,30,39,40
1,2,8,31,39,40|6,10,11,13,15,30|7,12,14,21,22,32
1,6,13,28,30,31|3,8,11,14,17,39|7,12,15,16,22,32
1,11,13,14,25,30|3,6,8,17,21,31|7,12,15,16,22,32
1,11,25,30,39,40|3,6,8,17,21,31|7,12,15,16,22,32
1,13,14,20,30,31|3,6,8,17,22,39|7,11,12,15,21,32
1,13,15,20,22,30|3,6,8,17,21,31|7,11,12,14,32,39
1,16,25,30,31,40|3,6,8,17,22,39|7,11,12,15,21,32
3,6,8,17,21,31|7,11,12,14,32,39|10,15,16,22,30,40
3,6,8,17,22,39|7,11,12,15,21,32|10,14,16,30,31,40
3,8,11,14,17,39|6,7,12,21,31,32|10,15,16,22,30,40
3,8,11,15,17,21|6,7,12,22,32,39|10,14,16,30,31,40
3,8,11,25,29,39|6,7,12,21,31,32|10,15,16,22,30,40
3,8,14,16,17,31|6,7,12,22,32,39|10,11,15,21,30,40
3,8,15,16,17,22|6,7,12,21,31,32|10,11,14,30,39,40
3,8,16,25,29,31|6,7,12,22,32,39|10,11,15,21,30,40
3,8,20,29,31,39|6,10,11,13,15,30|7,12,14,21,22,32
3,8,21,22,25,29|6,10,11,13,15,30|7,12,14,16,31,32
1,2,8,16,25,27|3,6,10,21,31,38|7,12,14,20,26,39
1,2,8,20,27,39|3,6,10,21,31,38|7,12,14,16,25,26
1,2,8,21,27,28|3,6,10,22,38,39|7,12,14,16,25,26
1,2,20,25,33,39|3,6,10,21,31,38|7,12,15,16,26,28
1,3,11,25,38,39|2,6,8,10,21,27|7,12,15,16,26,28
1,3,16,25,31,38|2,6,8,10,21,27|7,12,14,20,26,39
1,3,20,31,38,39|2,6,8,10,21,27|7,12,14,16,25,26
1,3,22,28,38,39|2,6,8,10,21,27|7,12,14,16,25,26
1,16,20,25,27,30|2,6,10,28,33,39|7,12,21,22,26,31
1,2,8,11,27,39|3,6,10,14,21,38|7,12,15,16,22,26
1,2,8,16,27,31|3,6,10,14,21,38|7,12,20,25,32,39
1,2,8,21,22,27|3,6,10,15,16,38|7,11,12,14,26,39
1,2,11,25,33,39|3,6,10,14,21,38|7,12,15,16,22,26
1,2,20,31,33,39|3,6,10,14,21,38|7,12,15,16,22,26
1,2,21,22,25,33|3,6,10,15,16,38|7,11,12,14,26,39
1,2,21,28,31,33|3,6,10,15,16,38|7,11,12,14,26,39
1,3,6,21,25,38|2,8,10,13,15,28|7,11,12,14,26,39
1,3,6,28,38,39|2,8,10,13,14,25|7,11,12,15,21,26
1,3,11,31,38,39|2,8,10,13,14,25|7,12,15,16,22,26
1,3,14,20,38,39|2,6,10,21,31,33|7,12,15,16,22,26
1,3,15,16,28,38|2,6,10,21,31,33|7,11,12,14,26,39
1,3,15,20,21,38|2,6,10,22,33,39|7,12,14,16,26,31
1,11,20,27,30,39|2,6,10,21,31,33|7,12,15,16,22,26
1,11,21,27,28,30|2,6,10,22,33,39|7,12,14,16,26,31
1,14,25,27,30,31|2,6,10,22,33,39|7,11,12,15,21,26
1,15,22,25,27,30|2,6,10,21,31,33|7,11,12,14,26,39
1,16,20,27,30,31|2,6,10,22,33,39|3,8,17,21,25,28
1,16,22,27,28,30|2,6,10,21,31,33|3,8,17,20,25,39
2,6,10,21,31,33|3,8,17,20,25,39|7,12,15,16,22,26
2,6,10,22,33,39|3,8,17,21,25,28|7,12,14,16,26,31
2,10,11,14,33,39|3,8,17,21,25,28|7,12,15,16,22,26
2,10,11,15,21,33|3,8,17,20,25,39|7,12,14,16,26,31
2,10,14,16,31,33|3,8,17,20,25,39|7,11,12,15,21,26
2,10,15,16,22,33|3,8,17,20,25,39|6,7,12,21,26,31
3,8,17,20,25,39|6,7,12,21,26,31|10,11,14,16,27,30
3,8,17,21,25,28|6,7,12,22,26,39|10,11,14,16,27,30
2,9,16,19,23,27|3,8,17,18,34,39|7,11,13,25,33,35
3,8,9,18,38,39|6,7,15,27,33,35|10,13,19,30,31,34
1,13,18,30,31,34|3,8,9,19,38,39|7,16,25,33,35,40
2,9,13,18,23,31|3,8,17,19,34,39|7,16,25,33,35,40
2,9,13,19,23,25|7,8,16,27,35,40|18,26,29,30,33,39
2,18,29,33,38,39|7,8,16,27,35,40|10,13,14,19,30,34
3,8,17,19,34,39|6,7,13,28,33,35|16,18,27,29,30,38
2,9,13,14,18,23|3,29,33,34,39,40|7,8,16,19,25,35
2,9,13,19,23,31|3,8,18,29,34,39|7,21,22,33,35,40
2,9,18,23,39,40|3,13,14,29,33,34|7,8,16,19,25,35
1,3,20,25,30,39|2,7,12,21,28,31|6,10,13,15,23,26
1,3,21,25,28,30|2,7,12,20,31,39|6,10,13,15,23,26
1,8,11,27,38,39|2,7,12,16,25,31|3,10,14,21,28,30
1,8,16,27,31,38|2,7,11,12,25,39|3,10,14,21,28,30
1,8,21,22,27,38|2,7,11,12,25,39|3,10,15,16,28,30
1,8,26,31,33,39|2,7,12,21,22,25|3,10,15,16,28,30
1,11,25,33,38,39|2,3,8,10,15,21|16,17,20,23,27,31
1,16,25,31,33,38|2,3,8,10,14,39|11,17,21,23,27,28
1,20,31,33,38,39|2,3,8,10,15,21|11,16,17,23,25,27
1,21,22,25,33,38|2,3,8,10,14,39|15,17,23,27,28,31
1,21,28,31,33,38|2,3,8,10,14,39|11,16,17,23,25,27
1,22,28,33,38,39|2,3,8,10,15,21|11,16,17,23,25,27
2,7,11,12,25,39|3,10,14,21,28,30|16,17,20,23,27,31
2,7,12,16,25,31|3,6,10,28,30,39|17,20,21,22,23,27
2,7,12,20,31,39|3,6,10,21,25,30|16,17,22,23,27,28
2,7,12,21,22,25|3,6,10,28,30,39|16,17,20,23,27,31
2,7,12,21,28,31|3,10,14,16,25,30|11,17,20,23,27,39
2,7,12,22,28,39|3,6,10,21,25,30|16,17,20,23,27,31
1,8,20,27,38,39|2,7,12,21,25,28|10,11,13,16,23,26
1,8,21,27,28,38|2,7,12,20,25,39|10,11,13,16,23,26
1,3,6,14,21,30|8,11,25,29,33,39|15,16,17,23,28,40
1,3,6,15,16,30|8,11,14,17,33,39|13,22,23,28,29,31
1,3,6,22,30,39|8,14,16,17,25,33|10,15,21,23,32,40
1,3,11,14,30,39|2,6,7,12,15,16|8,17,21,22,31,33
1,3,11,15,21,30|6,8,17,28,33,39|13,20,23,25,29,31
1,3,14,21,22,30|2,6,7,12,15,16|8,11,17,31,33,39
1,3,15,16,22,30|2,6,7,12,14,21|8,11,17,31,33,39
1,8,11,13,16,38|2,6,7,12,14,21|15,22,23,27,29,31
1,8,13,14,31,38|2,6,7,12,15,16|11,17,23,25,39,40
1,8,13,15,22,38|2,6,7,12,14,21|11,16,23,27,29,31
1,8,31,32,33,39|2,6,7,12,14,21|11,13,15,17,23,28
1,8,31,38,39,40|2,6,7,12,14,21|11,13,15,17,23,28
1,13,14,23,25,32|2,6,7,12,15,16|8,11,17,31,33,39
1,13,15,23,28,32|2,6,7,12,14,21|8,11,17,31,33,39
1,13,16,20,23,32|2,6,7,12,14,21|8,11,17,31,33,39
1,23,25,32,39,40|2,6,7,12,14,21|8,15,16,17,28,33
2,6,7,12,14,21|8,11,17,31,33,39|13,22,23,25,28,29
2,6,7,12,15,16|8,11,17,31,33,39|13,22,23,25,28,29
1,3,6,21,25,30|2,7,11,12,14,39|10,13,15,22,23,32
1,3,6,28,30,39|2,7,11,12,15,21|8,16,17,25,31,33
1,3,11,30,31,39|2,7,12,14,21,22|6,8,10,13,15,38
1,3,14,16,25,30|2,6,7,12,21,31|8,17,22,28,33,39
1,3,14,20,30,39|2,6,7,12,21,31|10,11,13,16,23,32
1,3,14,21,28,30|2,6,7,12,22,39|8,16,17,25,31,33
1,3,15,16,28,30|2,6,7,12,21,31|8,10,14,32,33,39
1,3,15,20,21,30|2,6,7,12,22,39|8,16,17,25,31,33
1,3,21,22,30,31|2,7,11,12,14,39|6,8,10,13,15,38
1,6,13,15,23,26|2,7,11,12,14,39|8,16,17,25,31,33
1,6,21,23,27,32|2,7,11,12,14,39|8,16,17,25,31,33
1,6,21,31,33,38|2,7,11,12,14,39|10,13,15,22,23,32
1,6,22,33,38,39|2,7,11,12,15,21|10,13,14,23,31,32
1,8,13,14,25,38|2,6,7,12,21,31|11,20,23,27,29,39
1,8,13,15,28,38|2,6,7,12,21,31|11,14,16,17,23,27
1,8,13,16,20,38|2,6,7,12,21,31|14,15,17,22,23,27
1,8,25,32,33,39|2,6,7,12,21,31|11,14,16,17,23,27
1,8,25,38,39,40|2,6,7,12,21,31|10,11,13,16,23,32
1,10,15,21,23,29|2,6,7,12,22,39|8,16,17,25,31,33
1,11,14,33,38,39|2,6,7,12,21,31|10,13,15,22,23,32
1,11,15,21,33,38|2,6,7,12,22,39|10,13,14,23,31,32
1,13,23,25,31,32|2,6,7,12,22,39|8,10,15,21,38,40
1,14,16,23,27,32|2,6,7,12,21,31|8,11,17,25,33,39
1,14,16,31,33,38|2,6,7,12,22,39|11,21,23,27,28,29
1,14,21,22,33,38|3,6,10,15,16,30|11,13,17,23,25,31
1,15,16,22,33,38|2,6,7,12,21,31|11,20,23,27,29,39
1,15,21,23,26,40|2,6,7,12,22,39|8,16,17,25,31,33
2,6,7,12,21,31|8,10,14,32,33,39|11,16,23,25,27,29
2,6,7,12,22,39|8,10,15,21,32,33|11,13,17,23,25,31
2,7,11,12,14,39|3,6,10,15,16,30|8,17,21,22,25,33
2,7,11,12,15,21|6,13,17,23,25,28|8,10,14,32,33,39
2,7,12,14,16,31|6,8,10,13,15,38|11,20,23,27,29,39
2,7,12,14,21,22|3,6,10,15,16,30|8,11,17,25,33,39
2,7,12,15,16,22|3,6,10,14,21,30|8,11,17,25,33,39
3,6,10,14,21,30|8,11,17,25,33,39|15,23,27,28,29,31
3,6,10,15,16,30|8,11,17,25,33,39|20,21,22,23,27,29
1,2,3,8,31,39|6,10,14,21,33,38|13,17,22,23,25,28
1,3,11,25,30,39|2,7,12,14,21,28|6,10,15,16,33,38
1,3,16,25,30,31|2,6,7,12,28,39|8,10,13,15,22,38
1,3,20,30,31,39|2,6,7,12,21,25|8,10,11,13,16,38|14,15,17,23,27,28
1,3,21,22,25,30|2,6,7,12,28,39|8,10,11,13,16,38
1,3,21,28,30,31|2,7,12,14,16,25|8,10,13,15,22,38
1,3,22,28,30,39|2,6,7,12,21,25|8,10,11,13,16,38
1,6,8,21,27,38|2,7,11,12,31,39|3,10,15,16,22,30
1,6,21,25,33,38|2,7,11,12,31,39|3,10,15,16,22,30
1,6,28,33,38,39|2,7,12,14,16,25|3,10,11,15,21,30
1,8,13,25,31,38|2,6,7,12,28,39|3,10,11,15,21,30|14,16,17,20,23,27
1,8,14,16,27,38|2,6,7,12,21,25|10,13,15,23,28,32
1,8,14,26,33,39|2,6,7,12,21,25|3,10,15,16,22,30
1,8,15,21,26,33|2,6,7,12,28,39|3,10,14,16,30,31
1,11,13,16,23,26|2,6,7,12,21,25|8,10,31,32,33,39
1,11,23,27,32,39|2,6,7,12,21,25|3,10,14,16,30,31
1,11,31,33,38,39|2,6,7,12,21,25|3,10,15,16,22,30
1,13,14,23,26,31|2,6,7,12,21,25|3,10,15,16,22,30
1,13,15,22,23,26|2,6,7,12,21,25|3,10,11,14,30,39
1,14,16,25,33,38|2,6,7,12,28,39|3,10,11,15,21,30
1,14,20,33,38,39|2,6,7,12,21,25|3,10,15,16,22,30
1,14,21,28,33,38|2,7,11,12,31,39|3,10,15,16,22,30
1,15,16,28,33,38|2,6,7,12,21,25|3,10,11,14,30,39
1,15,20,21,33,38|2,6,7,12,28,39|3,10,14,16,30,31
1,16,23,27,31,32|2,6,7,12,21,25|3,10,11,14,30,39
1,21,22,23,27,32|2,6,7,12,28,39|3,10,14,16,30,31
1,21,22,31,33,38|2,6,7,12,28,39|10,13,14,23,25,32
1,23,26,31,39,40|2,6,7,12,21,25|3,10,15,16,22,30
2,6,7,12,21,25|3,10,11,14,30,39|15,17,22,23,27,31
2,6,7,12,28,39|3,10,11,15,21,30|13,17,20,23,25,31
2,7,11,12,31,39|3,10,14,21,22,30|6,15,17,23,25,27
2,7,12,14,20,39|3,6,10,21,30,31|13,17,22,23,25,28
2,7,12,14,21,28|3,6,10,22,30,39|11,16,17,23,27,31
2,7,12,15,16,28|3,6,10,21,30,31|8,17,20,25,33,39
2,7,12,15,20,21|3,6,10,22,30,39|11,16,17,23,27,31
2,7,12,21,22,31|3,10,11,14,30,39|6,15,17,23,25,27
1,16,19,23,27,35|2,7,13,17,29,31|3,9,12,18,30,39
1,9,17,19,23,39|2,16,18,27,29,30|3,6,7,13,22,35
1,13,14,19,34,38|2,16,18,27,29,30|3,7,11,35,39,40
1,19,32,33,34,39|2,13,17,18,30,31|3,7,21,22,35,40
2,3,19,29,38,39|6,17,18,21,33,34|9,13,23,27,32,40
2,13,17,18,30,31|3,7,11,35,39,40|9,16,19,23,27,32
2,13,17,19,25,30|3,7,11,35,39,40|6,9,18,21,33,38
2,16,18,27,29,30|3,6,7,13,22,35|9,11,19,33,38,39
3,6,7,13,22,35|8,16,18,27,29,34|9,11,19,33,38,39
3,7,11,35,39,40|6,9,18,21,33,38|8,13,17,19,25,34
3,7,16,31,35,40|6,9,18,21,33,38|8,13,17,19,25,34
3,7,21,22,35,40|8,9,13,18,31,38|11,17,19,33,34,39
3,17,18,30,32,39|8,9,13,19,25,38|16,27,29,33,34,40
1,9,13,23,27,29|3,7,16,25,35,40|11,17,18,33,34,39
2,16,17,19,27,30|3,6,7,13,28,35|9,10,18,23,29,39
3,6,7,13,28,35|8,9,16,19,27,38|11,17,18,33,34,39
3,7,11,13,31,35|8,9,16,19,27,38|17,18,21,22,33,34
3,7,13,14,20,35|8,9,16,19,27,38|11,17,18,33,34,39
3,7,20,35,39,40|8,9,13,18,25,38|17,19,21,28,33,34
3,7,21,28,35,40|8,9,13,18,25,38|17,19,20,33,34,39
3,9,16,18,25,30|8,13,17,27,34,40|19,26,29,33,38,39
3,9,16,27,30,40|8,13,17,18,25,34|19,26,29,33,38,39
3,9,18,21,28,30|8,13,17,27,34,40|19,26,29,33,38,39
1,9,18,23,29,39|2,13,17,19,30,31|3,6,7,21,35,40
2,13,14,17,18,30|3,6,7,21,35,40|8,16,19,27,29,34
2,13,17,19,30,31|3,6,7,21,35,40|8,9,18,32,33,39
2,13,18,25,29,30|3,6,7,21,35,40|9,14,16,19,33,38
2,16,19,27,29,30|3,6,7,21,35,40|8,9,13,14,18,38
3,6,7,21,35,40|8,9,13,14,18,38|16,19,25,29,33,34
3,7,14,16,35,40|6,9,19,21,33,38|8,13,18,25,29,34
1,13,18,31,34,38|3,6,7,15,27,35|9,10,17,19,23,39
2,16,17,18,27,30|3,7,11,13,25,35|10,19,32,33,34,39
3,6,7,15,27,35|8,9,18,26,33,39|10,13,14,19,34,38
3,7,11,13,25,35|8,9,16,18,27,38|10,19,32,33,34,39
3,7,13,20,31,35|8,9,16,18,27,38|10,19,32,33,34,39
3,7,13,22,28,35|8,9,16,18,27,38|10,19,32,33,34,39
2,6,7,21,27,35|3,9,13,16,26,30|17,18,31,34,38,39
2,7,14,35,39,40|3,9,13,16,30,32|15,18,21,29,34,38
2,7,15,21,35,40|3,9,13,16,30,32|14,18,29,34,38,39
2,9,18,30,31,39|3,7,15,21,32,35|13,16,17,34,38,40
2,9,19,25,30,39|3,7,15,21,32,35|13,16,17,34,38,40
2,9,13,14,27,30|3,7,31,32,35,39|15,17,18,21,34,38
1,2,3,6,21,31|8,10,13,14,25,32|11,17,22,28,33,39
1,2,3,6,22,39|8,10,13,14,25,32|11,17,21,28,31,33
1,2,3,15,16,22|6,8,17,20,21,27|10,11,14,32,33,39
1,6,14,15,27,38|8,10,13,16,20,32|11,17,21,22,25,33
1,8,11,27,32,39|6,10,13,14,22,38|15,16,17,20,28,33
1,8,16,27,31,32|6,10,11,13,15,38|14,17,20,21,28,33
1,8,21,22,27,32|6,10,11,13,15,38|14,16,17,20,25,33
1,8,26,31,39,40|6,10,11,13,15,38|14,16,17,20,25,33
1,11,13,15,28,38|6,8,17,20,21,27|10,14,16,31,32,33
1,11,13,16,20,38|6,8,15,17,25,27|10,14,21,22,32,33
1,11,25,32,33,39|6,8,16,17,27,28|10,14,21,22,38,40
1,11,25,38,39,40|6,8,16,17,27,28|10,14,21,22,32,33
1,13,15,20,22,38|6,8,16,17,27,28|10,11,14,32,33,39
1,16,25,31,32,33|6,8,17,20,21,27|10,11,14,38,39,40
1,16,25,31,38,40|6,8,17,20,21,27|10,11,14,32,33,39
1,20,31,32,33,39|6,8,15,17,25,27|10,14,21,22,38,40
1,20,31,38,39,40|6,8,15,17,25,27|10,14,21,22,32,33
1,21,22,25,32,33|6,8,16,17,27,28|10,11,14,38,39,40
1,21,22,25,38,40|6,8,16,17,27,28|10,11,14,32,33,39
1,21,28,31,32,33|6,8,15,17,25,27|10,11,14,38,39,40
1,21,28,31,38,40|6,8,15,17,25,27|10,11,14,32,33,39
1,22,28,32,33,39|6,8,15,17,25,27|10,14,16,31,38,40
1,22,28,38,39,40|6,8,15,17,25,27|10,14,16,31,32,33
6,10,13,14,22,38|8,11,16,17,27,31|20,21,25,28,29,33
6,10,22,38,39,40|8,11,16,17,27,31|20,21,25,28,29,33
1,2,3,6,14,21|8,10,11,13,16,32|15,25,28,29,31,33
1,2,3,6,15,16|8,10,13,14,31,32|11,20,25,29,33,39
1,6,13,14,28,38|8,10,31,32,39,40|11,15,17,20,21,33
1,6,13,15,20,38|8,10,31,32,39,40|11,14,16,17,25,33
1,6,21,25,38,40|8,10,11,13,16,32|14,15,17,28,31,33
1,6,28,38,39,40|8,10,11,13,16,32|14,15,17,22,25,33
1,8,13,25,31,32|6,10,14,21,38,40|11,15,16,17,28,33
1,11,13,15,22,38|6,10,14,21,32,33|8,16,20,27,29,31
1,14,16,25,38,40|6,8,11,17,21,27|20,22,28,29,33,39
1,14,20,38,39,40|6,8,11,17,21,27|15,25,28,29,31,33
1,14,21,28,38,40|6,8,15,17,27,31|11,20,25,29,33,39
6,10,14,21,38,40|8,11,13,17,25,31|20,22,28,29,33,39
6,10,15,16,38,40|8,11,13,17,25,31|20,22,28,29,33,39
1,6,11,13,15,38|8,10,14,32,39,40|16,22,28,29,31,33
1,6,13,14,22,38|8,10,15,21,32,40|11,16,25,29,31,33
1,6,21,31,38,40|8,11,13,14,17,25|15,16,20,28,29,33
1,6,22,38,39,40|8,11,13,14,17,25|15,16,20,28,29,33
1,11,14,38,39,40|6,8,10,13,15,32|16,22,28,29,31,33
1,14,16,31,38,40|6,8,10,13,15,32|11,21,22,25,29,33
1,14,21,22,38,40|6,8,10,13,15,32|11,16,25,29,31,33
1,2,3,6,21,25|8,10,14,16,27,32|17,20,22,28,33,39
1,2,3,11,31,39|6,8,10,13,15,26|16,17,22,25,28,33
1,2,3,14,16,25|6,8,10,13,15,26|17,20,21,28,31,33
1,2,3,14,20,39|6,8,10,13,15,26|11,17,21,25,28,33
1,2,3,14,21,28|6,8,10,13,15,26|11,17,20,25,33,39
1,2,3,15,16,28|6,8,10,21,27,32|11,17,20,25,33,39
1,2,3,15,20,21|6,10,13,14,28,38|8,11,16,17,25,27
1,2,3,21,22,31|6,8,10,13,15,26|11,17,20,25,33,39
1,6,11,21,27,38|8,10,13,25,31,32|17,20,22,28,33,39
1,6,15,27,31,38|8,10,14,26,39,40|11,17,21,25,28,33
1,8,13,14,25,26|2,3,6,10,15,16|17,20,21,28,31,33
1,8,13,15,26,28|2,3,6,10,14,21|11,17,20,25,33,39
1,8,13,16,20,26|2,3,6,10,14,21|15,17,25,28,31,33
1,8,16,25,27,32|2,3,6,10,14,21|17,20,22,28,33,39
1,8,20,27,32,39|2,3,6,10,14,21|15,17,25,28,31,33
1,8,21,27,28,32|2,3,6,10,15,16|11,17,20,25,33,39
1,11,13,25,31,38|2,3,6,10,14,21|8,16,17,22,27,28
1,11,14,16,27,38|6,8,10,13,15,26|17,20,21,22,25,33
1,11,14,26,33,39|2,3,6,10,15,16|8,17,20,21,22,27
1,11,15,21,26,33|6,10,13,14,28,38|8,16,17,20,27,31
1,13,14,20,25,38|2,3,6,10,15,16|8,11,17,21,27,28
1,13,15,20,28,38|2,3,6,10,14,21|8,11,16,17,25,27
1,13,22,28,31,38|2,3,6,10,14,21|8,11,16,17,25,27
1,14,21,22,26,33|2,3,6,10,15,16|8,11,17,20,27,39
1,15,16,22,26,33|2,3,6,10,14,21|8,11,17,20,27,39
1,20,25,32,33,39|2,3,6,10,14,21|8,15,17,27,28,31
1,20,25,38,39,40|2,3,6,10,14,21|8,15,17,27,28,31
1,21,25,28,32,33|2,3,6,10,15,16|8,11,17,20,27,39
1,21,25,28,38,40|2,3,6,10,15,16|8,11,17,20,27,39
1,6,26,28,33,39|2,3,10,11,15,21|8,16,17,20,25,27
1,11,16,27,31,38|2,3,6,10,22,39|17,20,21,25,28,33
1,11,26,31,33,39|2,3,10,14,21,22|8,15,17,25,27,28
1,14,20,26,33,39|2,3,6,10,21,31|8,15,17,25,27,28
1,14,21,26,28,33|2,3,6,10,22,39|8,16,17,20,25,27
1,15,22,27,31,38|2,3,10,11,14,39|17,20,21,25,28,33
1,21,22,26,31,33|2,3,10,11,14,39|8,15,17,25,27,28
1,7,25,29,35,39|2,9,15,18,21,38|3,13,16,17,32,34
1,9,27,29,30,39|2,15,17,18,21,34|7,13,25,31,32,35
2,9,14,18,38,39|3,13,16,17,32,34|7,10,15,21,29,35
2,9,15,18,21,38|3,13,16,17,32,34|7,10,14,29,35,39
2,9,19,31,38,39|3,13,16,17,32,34|7,10,15,21,29,35
2,14,17,18,34,39|3,9,13,16,32,38|7,10,15,21,29,35
2,15,17,18,21,34|3,9,13,16,32,38|7,10,14,29,35,39
2,17,19,31,34,39|3,9,13,16,32,38|7,10,15,21,29,35
2,18,25,29,34,39|3,9,13,16,32,38|7,15,21,26,35,40
3,13,16,17,32,34|7,10,14,29,35,39|9,15,18,21,26,30
2,18,29,31,34,39|7,13,14,25,32,35|9,15,19,21,26,30
2,9,18,31,38,39|3,13,16,26,29,34|7,21,22,27,32,35
2,9,19,25,38,39|3,13,16,26,29,34|7,21,22,27,32,35
1,12,15,20,23,35|2,6,10,14,30,32|8,9,11,22,31,38
1,12,22,23,31,35|2,6,10,14,30,32|8,9,11,15,20,38
1,11,12,15,23,35|2,6,14,17,20,30|8,22,25,29,32,38
1,2,6,26,30,31|8,9,11,25,28,38|10,12,15,20,23,35
1,2,25,28,30,32|6,8,17,26,31,38|10,12,15,20,23,35
1,8,15,26,32,38|2,11,17,25,28,30|10,12,22,23,31,35
1,12,23,25,28,35|2,10,15,20,30,32|6,8,17,26,31,38
1,2,22,25,30,32|6,8,14,17,26,38|10,11,12,15,23,35
1,2,28,30,31,32|6,8,9,20,25,38|10,11,12,15,23,35
1,8,22,25,32,34|2,11,17,28,30,31|6,9,14,20,23,26
1,8,28,31,32,34|2,6,17,20,25,30|9,11,14,22,23,26
1,12,22,23,25,35|2,6,10,30,31,32|8,9,14,20,28,38
1,12,23,28,31,35|2,6,17,20,25,30|8,10,11,15,32,34
2,6,17,20,25,30|8,9,11,28,31,38|10,12,14,22,23,35
2,11,17,28,30,31|6,8,9,20,25,38|10,12,14,22,23,35
2,17,20,22,30,31|6,8,25,26,29,38|10,11,12,15,23,35
2,20,25,28,29,30|6,8,10,31,32,34|9,11,14,22,23,26
9,14,18,32,38,39|12,13,16,17,33,35|15,19,21,26,29,34
9,15,18,21,32,38|12,13,16,17,33,35|14,19,26,29,34,39
1,6,11,15,26,34|8,10,12,14,25,35|17,22,28,31,32,38
1,6,14,22,26,34|8,10,12,15,28,35|11,17,25,31,32,38
1,6,15,26,32,38|8,10,12,14,25,35|11,17,22,28,31,34
1,11,25,31,32,34|6,14,17,22,26,38|8,10,12,15,28,35
1,22,28,31,32,34|6,11,15,17,26,38|8,10,12,14,25,35
2,13,15,18,32,34|6,7,16,27,29,35|9,17,19,21,25,30
2,13,15,19,32,34|6,7,17,35,39,40|9,18,21,25,29,30
3,9,16,25,33,34|7,8,10,17,35,39|13,26,27,29,30,38
3,9,21,28,33,34|7,8,10,17,35,39|13,26,27,29,30,38
3,16,27,29,34,38|7,8,10,17,35,39|9,13,25,26,30,33
2,9,13,23,27,32|3,17,34,38,39,40|6,7,21,26,33,35
2,8,9,18,38,39|7,16,25,32,33,35|13,20,27,29,30,34
2,8,13,27,29,34|7,16,25,32,33,35|9,18,20,30,38,39
2,8,17,18,34,39|6,7,13,28,35,38|9,16,27,30,32,33
2,9,13,14,33,38|7,8,10,29,35,39|16,17,18,25,30,34
2,9,33,38,39,40|7,8,13,14,26,35|16,17,18,25,30,34
2,13,14,17,33,34|7,8,10,29,35,39|9,16,18,25,30,38
2,13,25,29,33,34|7,8,16,27,32,35|9,18,20,30,38,39
3,8,9,13,31,34|7,16,25,32,33,35|18,26,29,30,38,39
3,13,29,31,34,38|7,8,16,27,32,35|9,26,30,33,39,40
2,8,9,19,38,39|7,16,31,32,33,35|11,13,27,29,30,34
2,8,18,29,34,39|6,7,21,32,33,35|9,13,30,31,38,40
2,9,19,23,32,39|6,7,21,35,38,40|14,16,17,18,30,34
2,29,33,34,39,40|6,9,18,21,30,38|7,8,13,31,32,35
2,7,21,22,33,35|3,9,13,30,31,38|18,23,26,29,34,39
2,8,9,13,27,30|3,6,7,21,35,38|18,23,26,29,34,39
2,9,13,25,30,33|3,6,7,21,35,38|18,23,26,29,34,39
2,6,7,21,33,35|3,9,13,14,30,38|17,18,23,32,34,39
2,7,14,16,33,35|3,9,30,38,39,40|13,23,27,29,32,34
2,7,8,16,27,35|3,9,13,25,30,38|17,19,23,26,34,39
2,7,21,28,33,35|3,9,13,25,30,38|17,19,23,26,34,39
1,13,17,29,30,33|2,9,16,18,23,40|7,8,14,19,25,35
2,8,13,18,29,38|3,9,16,19,23,32|7,14,31,33,35,40
2,9,11,13,19,23|3,8,16,18,29,34|7,14,31,33,35,40
2,13,17,19,23,32|3,8,16,18,29,34|7,14,31,33,35,40
2,13,29,33,38,40|3,9,16,19,23,32|7,8,14,18,31,35
2,16,19,29,33,38|3,9,13,23,32,40|7,8,14,18,31,35
3,8,16,18,29,34|7,14,31,33,35,40|11,13,17,19,30,38
3,9,13,23,32,40|7,8,11,16,18,35|14,19,27,29,30,38
3,16,29,33,34,40|7,8,14,18,31,35|11,13,17,19,30,38
1,2,8,13,19,34|3,9,16,18,23,32|7,14,25,33,35,40
1,3,9,13,23,29|7,8,14,18,25,35|10,16,19,30,34,40
1,11,13,18,30,34|3,8,9,16,19,38|7,14,25,33,35,40
1,13,18,30,32,38|3,8,16,17,19,34|7,14,25,33,35,40
2,8,9,16,18,33|7,12,13,32,34,40|19,27,29,30,31,38
2,8,13,17,19,38|3,9,16,18,23,32|7,14,25,33,35,40
2,9,11,13,18,23|3,8,16,17,19,34|7,14,25,33,35,40
2,13,17,18,23,32|3,8,9,16,19,38|7,14,25,33,35,40
3,9,16,18,23,32|7,8,14,27,35,40|13,17,19,20,30,38
3,13,29,32,33,38|7,8,14,18,25,35|10,16,19,30,34,40
1,2,16,19,33,34|7,8,9,12,13,17|18,27,29,30,31,38
1,13,18,20,30,34|2,9,14,19,23,27|7,25,31,33,35,40
1,14,19,27,30,34|2,8,13,17,18,38|7,25,31,33,35,40
2,9,13,18,20,23|3,16,17,33,34,40|19,25,27,29,30,38
2,9,14,19,23,27|3,8,16,17,18,34|7,11,13,20,33,35
3,8,16,17,18,34|7,11,13,20,33,35|19,25,27,29,30,38
3,9,16,33,38,40|7,8,18,25,31,35|10,11,13,19,30,34
3,13,20,29,33,34|7,8,18,25,31,35|14,17,19,27,30,38
3,16,17,33,34,40|7,8,18,25,31,35|10,13,19,30,32,38
1,2,16,18,33,34|3,9,10,13,23,29|7,8,25,27,35,40
1,19,27,30,31,34|2,16,17,18,33,38|3,9,10,13,23,29
2,16,17,18,33,38|3,9,10,13,23,29|7,8,25,27,35,40
3,9,16,19,23,26|6,7,22,27,33,35|10,11,13,18,30,34
2,10,13,33,34,40|3,9,16,18,23,26|17,19,25,27,30,38
2,7,12,16,18,34|3,9,14,27,30,33|13,17,19,23,26,38
2,10,13,19,30,38|3,7,8,14,27,35|9,16,18,23,26,33
1,2,13,18,30,38|3,7,11,16,33,35|14,17,19,23,27,34
1,2,13,19,30,38|3,6,7,15,33,35|14,18,23,27,29,34
2,16,17,18,30,33|3,7,8,11,13,35|19,23,27,29,31,34
1,6,20,26,33,39|2,3,10,11,14,21|8,17,22,25,27,31
1,6,21,26,28,33|2,3,10,11,15,16|8,17,22,25,27,31
1,8,14,15,26,27|2,3,6,10,11,39|16,17,20,25,28,33
1,11,15,27,31,38|2,3,6,10,21,22|16,17,20,25,28,33
1,11,21,26,31,33|2,3,10,14,16,22|8,15,17,20,25,27
1,11,22,26,33,39|2,3,6,10,16,31|8,14,17,25,27,28
1,14,15,25,26,33|2,3,6,10,11,39|8,16,17,20,27,28
1,14,16,26,28,33|2,3,6,10,11,39|8,15,17,20,25,27
1,14,20,21,26,33|2,3,6,10,11,39|8,17,22,25,27,31
1,14,22,27,31,38|2,3,6,10,11,39|16,17,20,25,28,33
1,15,16,20,26,33|2,3,6,10,11,39|8,14,17,25,27,28
1,16,22,26,31,33|2,3,6,10,11,39|8,14,17,25,27,28
1,2,3,11,21,31|6,8,10,13,14,26|15,17,22,25,28,33
1,2,3,11,22,39|6,8,10,13,14,26|15,17,20,25,31,33
1,2,3,14,15,25|6,8,10,16,27,32|11,17,20,28,33,39
1,2,3,14,16,28|6,8,10,26,39,40|11,17,20,21,25,33
1,2,3,14,20,21|6,8,10,16,27,32|15,17,22,25,28,33
1,2,3,16,22,31|6,8,10,13,14,26|11,17,20,21,25,33
1,6,14,27,31,38|8,10,13,22,25,32|11,17,20,28,33,39
1,6,15,22,27,38|8,10,13,28,31,32|11,17,20,21,25,33
1,8,13,22,26,31|2,3,6,10,14,16|11,17,20,21,25,33
1,8,15,25,27,32|2,3,6,10,14,16|11,17,20,28,33,39
1,8,20,21,27,32|2,3,6,10,14,16|15,17,22,25,28,33
1,8,21,25,26,40|2,3,6,10,14,16|11,17,20,28,33,39
1,8,26,28,39,40|2,3,6,10,14,16|11,17,20,21,25,33
1,11,13,22,25,38|2,3,6,10,14,16|8,15,17,20,27,31
1,11,14,15,27,38|6,8,10,26,39,40|16,17,20,22,25,33
1,11,15,16,26,33|6,8,17,25,27,31|10,14,20,21,38,40
1,13,20,22,31,38|2,3,6,10,14,16|8,11,15,17,25,27
1,20,21,25,32,33|2,3,6,10,14,16|8,15,17,22,27,28
1,20,21,25,38,40|2,3,6,10,14,16|8,15,17,22,27,28
1,20,28,32,33,39|2,3,6,10,14,16|8,11,15,17,25,27
1,20,28,38,39,40|2,3,6,10,14,16|8,11,15,17,25,27
1,2,3,6,14,16|8,10,11,13,15,32|20,21,22,28,29,33
1,6,13,14,20,38|8,10,21,31,32,40|11,16,25,28,29,33
1,6,16,25,38,40|8,10,11,13,15,32|20,21,22,28,29,33
1,6,20,38,39,40|8,10,11,13,15,32|14,25,28,29,31,33
1,6,21,28,38,40|8,10,11,13,15,32|14,16,17,20,22,33
1,8,13,22,25,32|6,10,14,16,38,40|11,20,28,29,33,39
1,8,13,28,31,32|6,10,14,16,38,40|11,20,21,25,29,33
1,14,15,25,38,40|6,8,10,13,31,32|11,20,28,29,33,39
1,14,16,28,38,40|6,8,10,13,31,32|11,20,21,25,29,33
1,14,20,21,38,40|6,8,10,13,31,32|11,16,25,28,29,33
1,2,3,6,11,39|8,10,13,14,28,32|16,17,20,22,31,33
1,2,3,6,16,31|8,10,13,14,28,32|11,17,20,22,33,39
1,2,3,6,21,22|8,10,13,14,28,32|11,15,17,25,31,33
1,2,3,11,14,21|6,8,10,13,25,32|15,17,22,28,31,33
1,2,3,14,15,31|6,8,10,13,25,32|11,17,20,22,33,39
1,2,3,14,16,22|6,8,10,13,25,32|11,17,20,21,31,33
1,6,11,13,25,38|8,10,28,32,39,40|16,17,20,22,31,33
1,8,11,21,27,32|6,10,16,31,38,40|14,15,17,20,25,33
1,8,13,25,28,32|6,10,11,38,39,40|16,17,20,22,31,33
1,8,15,27,31,32|6,10,11,13,14,38|16,20,25,28,29,33
1,8,21,26,31,40|6,10,11,13,14,38|16,20,25,28,29,33
1,8,22,26,39,40|6,10,11,13,14,38|16,20,25,28,29,33
1,11,21,25,32,33|6,8,15,17,27,28|10,14,16,22,38,40
1,11,21,25,38,40|6,8,15,17,27,28|10,14,16,22,32,33
1,11,28,38,39,40|6,8,10,13,25,32|16,17,20,22,31,33
1,15,25,31,32,33|6,8,16,17,20,27|10,11,14,21,38,40
1,15,25,31,38,40|6,8,16,17,20,27|10,11,14,21,32,33
1,16,22,25,32,33|6,8,15,17,27,28|10,11,14,21,38,40
1,16,22,25,38,40|6,8,15,17,27,28|10,11,14,21,32,33
1,16,28,31,38,40|6,8,10,13,25,32|11,17,20,22,33,39
1,20,21,31,32,33|6,8,14,17,25,27|10,11,15,16,38,40
1,20,22,32,33,39|6,8,14,17,25,27|10,11,15,16,38,40
1,20,22,38,39,40|6,8,10,13,25,32|11,16,17,28,31,33
1,21,22,28,32,33|6,8,14,17,25,27|10,11,15,16,38,40
1,10,18,29,34,39|2,3,9,16,27,40|13,17,19,26,31,38
2,3,9,16,27,40|10,12,18,33,35,39|13,17,19,26,31,38
2,3,9,13,25,40|6,15,17,18,27,34|10,12,19,33,35,39
2,3,9,16,18,31|10,12,19,33,35,39|11,13,17,27,34,40
2,3,9,18,21,22|10,12,19,33,35,39|11,13,17,27,34,40
1,12,19,33,35,39|2,3,9,13,14,40|6,15,18,27,29,34
1,12,18,33,35,39|2,3,9,13,31,40|6,15,17,19,27,34
2,3,9,13,31,40|6,15,17,19,27,34|18,26,29,32,33,39
1,12,18,35,38,39|2,3,9,13,31,32|6,17,19,21,26,34
9,11,16,27,34,40|12,13,17,25,33,35|18,26,29,32,38,39
9,14,27,31,34,40|12,13,17,25,33,35|18,26,29,32,38,39
9,15,22,27,34,40|12,13,17,25,33,35|18,26,29,32,38,39
9,19,20,21,28,34|12,13,17,25,33,35|18,26,29,32,38,39
1,16,17,27,29,34|2,3,9,13,25,32|10,12,19,35,38,39
1,19,26,32,34,39|9,10,13,29,31,38|12,16,17,27,33,35
2,3,9,13,25,32|6,17,18,21,26,34|10,12,19,35,38,39
1,12,13,27,35,38|2,3,9,10,29,39|16,17,18,26,31,34
2,3,9,16,27,32|10,12,18,35,38,39|13,17,25,26,34,40
1,12,19,35,38,39|2,3,9,13,14,32|6,18,21,26,29,34
2,3,9,32,39,40|6,18,21,26,29,34|12,13,17,31,33,35
6,9,15,18,25,34|12,13,17,31,33,35|19,26,29,32,38,39
6,9,15,27,34,40|12,13,17,31,33,35|19,26,29,32,38,39
6,9,16,18,28,34|12,13,17,31,33,35|19,26,29,32,38,39
6,9,18,20,21,34|12,13,17,31,33,35|19,26,29,32,38,39
9,11,18,21,22,34|12,13,17,31,33,35|19,26,29,32,38,39
9,11,18,32,38,39|12,13,17,31,33,35|19,21,22,26,29,34
9,14,15,18,28,34|12,13,17,31,33,35|19,26,29,32,38,39
9,14,16,18,20,34|12,13,17,31,33,35|19,26,29,32,38,39
9,18,21,22,32,38|11,19,26,29,34,39|12,13,17,31,33,35
9,19,20,32,38,39|12,13,17,31,33,35|14,16,18,26,29,34
9,19,21,28,32,38|12,13,17,31,33,35|14,16,18,26,29,34
6,19,21,26,29,34|8,12,17,18,35,39|9,13,31,32,38,40
1,2,13,14,19,34|3,8,9,18,32,39|6,7,15,27,35,40
1,2,19,34,39,40|3,9,13,14,32,33|6,7,15,18,25,35
2,6,9,18,21,33|3,13,14,17,34,40|7,11,16,19,25,35
2,8,9,13,19,25|3,11,18,29,34,39|6,7,15,27,35,40
2,9,11,19,33,39|3,13,14,17,34,40|6,7,15,18,25,35
2,9,13,31,33,40|3,6,17,19,21,34|7,14,15,18,28,35
2,9,14,16,18,33|3,6,17,19,21,34|7,11,13,25,35,40
2,9,16,19,31,33|3,11,18,29,34,39|6,7,15,27,35,40
2,9,19,21,22,33|3,11,18,29,34,39|6,7,15,27,35,40
2,13,14,17,19,38|3,8,9,18,32,39|6,7,15,27,35,40
2,13,19,25,29,38|3,8,9,18,32,39|6,7,15,27,35,40
2,17,19,32,33,39|3,9,13,14,38,40|6,7,15,18,25,35
2,17,19,38,39,40|3,9,13,14,32,33|6,7,15,18,25,35
3,8,9,18,32,39|6,7,15,27,35,40|13,14,17,19,26,30
3,9,13,14,32,33|6,7,15,18,25,35|10,17,19,29,30,39
