1,11,18,23,38,39|2,6,7,12,21,33|3,8,10,13,14,30
1,16,18,23,31,38|2,6,7,12,21,33|3,8,10,13,14,30
1,16,19,23,25,38|2,6,7,12,21,33|3,8,10,13,14,30
1,19,20,23,38,39|2,6,7,12,21,33|3,8,10,13,14,30
1,2,3,8,33,39|6,10,18,21,23,38|7,11,12,16,27,30
1,2,3,13,23,31|7,11,12,16,27,30|8,10,33,38,39,40
1,3,8,16,27,30|2,7,11,12,33,39|6,10,18,21,23,38
1,3,20,30,33,39|2,7,8,12,13,25|6,10,18,21,23,38
1,3,21,28,30,33|2,7,8,12,13,25|10,11,19,23,38,39
1,16,18,23,25,38|2,7,11,12,33,39|3,8,10,13,30,31
1,16,23,27,38,40|2,7,8,12,13,25|3,6,10,21,30,33
1,18,20,23,38,39|2,7,8,12,13,25|3,6,10,21,30,33
1,18,21,23,28,38|2,7,8,12,13,25|3,10,14,16,30,33
1,2,10,13,29,33|3,8,9,25,27,40|7,12,16,18,26,32
1,2,13,26,33,40|3,6,10,15,18,34|7,12,17,27,29,31
1,2,16,19,26,33|3,6,10,15,18,34|7,12,17,27,29,31
1,3,14,18,25,34|2,10,11,13,19,38|7,12,17,27,29,31
1,3,14,27,34,40|2,10,11,13,19,38|7,12,16,18,26,32
1,3,15,18,28,34|2,8,17,19,25,27|7,9,10,12,16,40
1,7,9,12,13,20|2,8,17,18,27,31|3,10,11,16,19,34
1,7,12,13,26,29|2,8,17,18,27,31|3,10,11,16,19,34
1,13,18,20,26,30|2,8,17,19,25,27|7,9,10,12,16,40
1,18,25,27,30,32|2,10,11,13,19,38|3,16,17,26,33,40
2,10,11,13,19,38|3,6,9,22,27,33|7,12,16,18,26,32
3,10,11,13,34,40|7,12,16,18,26,32|17,19,20,25,27,30
3,13,20,26,29,33|7,9,10,12,16,40|11,17,18,25,27,30
1,2,8,13,19,26|3,9,25,31,33,40|6,17,18,27,28,30
1,2,11,13,18,38|3,6,10,15,19,34|7,12,14,17,27,29
1,2,13,19,20,38|3,8,9,18,25,31|7,12,14,17,27,29
1,3,11,16,18,34|2,8,17,19,27,31|7,10,12,13,29,32
1,3,13,20,34,40|2,8,14,17,18,27|7,12,16,19,26,32
1,3,14,18,31,34|2,10,13,32,33,40|11,17,19,25,27,30
1,3,15,18,22,34|2,8,17,19,27,31|7,10,12,13,29,32
1,3,15,19,28,34|2,8,10,13,18,32|7,12,14,17,27,29
1,3,16,19,20,34|2,8,10,13,18,32|7,12,14,17,27,29
1,7,9,11,12,13|2,8,14,17,18,27|3,6,10,15,19,34
1,7,12,13,17,32|2,8,18,25,27,29|3,6,10,15,19,34
1,10,13,17,30,40|2,8,18,25,27,29|7,12,16,19,26,32
1,10,16,17,19,30|2,8,18,25,27,29|3,9,11,13,20,33
1,13,19,20,26,30|2,8,14,17,18,27|3,9,25,31,33,40
1,18,27,30,31,32|2,10,16,19,38,40|3,9,11,13,20,33
2,8,10,13,18,32|3,9,25,31,33,40|7,12,14,17,27,29
2,8,14,17,18,27|3,6,10,15,19,34|7,12,13,26,32,40
2,8,18,25,27,29|3,6,10,15,19,34|7,12,13,26,32,40
2,10,13,32,33,40|3,8,9,18,25,31|7,12,14,17,27,29
2,10,16,19,32,33|3,8,9,18,25,31|7,12,14,17,27,29
2,10,16,19,38,40|3,8,9,18,25,31|7,12,14,17,27,29
2,14,17,18,25,33|3,6,10,15,19,34|7,12,13,26,32,40
2,15,17,18,28,33|3,8,9,27,31,40|7,10,12,13,29,32
2,16,17,18,20,33|3,6,10,15,19,34|7,12,13,26,32,40
3,6,10,15,19,34|7,12,13,26,32,40|11,17,18,27,30,31
3,8,9,18,25,31|7,10,12,13,29,32|17,19,22,27,28,30
3,9,11,13,20,33|6,17,18,27,28,30|7,12,16,19,26,32
3,9,25,31,33,40|6,17,18,27,28,30|7,10,12,13,29,32
3,18,25,29,31,38|7,12,13,26,32,40|17,19,22,27,28,30
1,2,16,18,26,33|3,10,13,20,34,40|7,12,17,25,27,29
1,3,16,19,26,38|2,8,17,18,25,27|7,9,10,11,12,13
1,7,9,12,14,27|2,8,10,13,19,26|3,17,18,25,31,38
1,2,8,13,19,32|3,6,9,15,33,40|11,14,18,27,29,30
1,2,16,18,32,33|3,8,9,14,27,40|7,12,13,17,20,29
1,2,16,18,38,40|3,8,9,19,25,31|7,12,13,17,20,29
1,7,9,12,16,40|2,8,10,13,19,32|3,6,15,17,18,38
1,10,16,18,29,30|2,8,14,17,19,27|3,9,15,28,33,40
1,11,13,19,26,30|2,8,18,27,29,31|3,9,14,25,33,40
1,14,18,27,30,32|2,13,17,20,33,40|3,8,9,19,25,31
1,19,27,30,31,32|2,8,13,17,18,20|3,9,14,25,33,40
2,8,14,17,19,27|3,9,15,28,33,40|10,11,13,18,30,32
2,8,18,27,29,31|3,9,14,25,33,40|10,13,19,20,30,32
2,11,16,17,18,33|3,8,9,14,27,40|10,13,19,20,30,32
2,15,17,18,22,33|3,8,9,14,27,40|10,13,19,20,30,32
2,18,25,29,31,33|3,8,9,14,27,40|10,13,19,20,30,32
2,27,29,31,33,40|3,6,15,17,18,38|10,13,19,20,30,32
1,2,13,32,33,40|3,6,15,17,19,38|11,18,27,29,30,31
1,2,16,19,32,33|3,8,9,13,20,40|6,18,27,28,29,30
1,2,16,19,38,40|3,8,9,14,18,31|7,11,12,13,17,29
1,7,12,13,29,32|2,6,15,17,18,33|3,8,9,14,19,25
1,10,13,29,30,40|2,6,15,17,18,33|3,8,9,14,19,25
1,10,16,19,29,30|2,6,15,17,18,33|3,8,9,13,20,40
1,13,18,20,30,32|2,8,19,27,29,31|3,9,11,16,33,40
1,14,19,27,30,32|2,6,15,17,18,33|3,8,9,13,20,40
2,6,15,17,18,33|3,8,9,13,20,40|11,19,25,27,29,30
2,8,11,13,17,18|3,9,14,31,33,40|19,22,27,28,29,30
2,8,13,17,19,20|3,9,11,16,33,40|6,18,27,28,29,30
2,11,13,17,33,40|3,8,9,14,18,31|19,22,27,28,29,30
2,11,16,17,19,33|3,8,9,13,20,40|6,18,27,28,29,30
2,15,18,28,29,33|3,8,9,13,20,40|6,17,19,22,27,30
3,8,9,15,19,28|7,11,12,13,17,29|10,16,18,30,32,40
1,2,3,17,22,40|6,8,9,10,18,20|11,19,26,28,32,33
1,6,10,17,29,33|2,3,11,18,28,32|19,20,22,26,38,40
1,6,17,18,20,38|2,3,10,22,29,40|11,19,26,28,32,33
1,6,17,26,33,40|2,3,11,18,28,32|8,9,10,19,20,22
1,8,9,18,20,28|2,3,6,11,19,26|10,17,22,32,33,40
1,8,17,19,22,26|2,3,11,18,28,32|6,9,10,20,33,40
1,9,20,28,33,40|2,3,6,11,19,26|8,10,17,18,22,32
1,11,17,18,22,38|2,3,19,20,28,32|6,10,26,29,33,40
1,11,17,19,28,38|2,3,10,22,29,40|6,18,20,26,32,33
1,17,19,20,22,38|2,3,11,18,28,32|6,10,26,29,33,40
1,18,20,28,29,38|2,3,6,11,19,26|10,17,22,32,33,40
1,26,28,29,33,40|2,3,18,20,22,32|6,10,11,17,19,38
1,3,16,18,30,32|6,9,19,22,23,27|11,13,17,33,38,40
1,6,15,18,33,34|2,3,8,13,17,40|9,11,14,19,23,27
1,8,11,13,18,34|2,7,12,16,19,32|3,27,29,30,31,40
1,8,13,19,20,34|3,11,16,17,18,30|14,27,29,33,38,40
1,11,13,33,34,40|2,3,8,16,17,19|18,23,27,29,31,32
1,11,16,19,33,34|2,3,8,13,17,40|18,23,27,29,31,32
1,15,19,22,33,34|2,3,8,13,17,40|18,23,27,29,31,32
2,3,8,13,17,40|6,9,19,22,23,27|14,18,25,29,33,38
2,3,8,16,17,19|9,11,13,18,20,23|14,27,29,33,38,40
2,7,12,13,32,40|3,11,16,17,18,30|6,9,19,22,23,27
2,7,12,16,19,32|3,13,17,20,30,40|8,9,14,18,25,33
3,13,17,20,30,40|6,9,19,22,23,27|8,16,18,26,29,33
3,15,17,18,22,30|8,9,14,27,33,40|13,19,20,23,26,29
3,18,25,29,30,31|6,9,19,22,23,27|11,13,17,33,38,40
1,2,7,12,13,29|3,10,16,19,30,32|6,9,18,22,23,27
1,2,13,18,20,30|3,7,12,16,17,29|6,9,19,23,27,28
1,2,14,19,27,30|3,7,12,16,17,29|8,9,18,25,31,33
1,8,13,18,20,34|2,3,16,17,33,40|6,9,19,23,27,28
1,8,14,19,27,34|2,3,13,20,29,33|16,17,18,23,26,40
1,11,16,18,33,34|3,10,13,30,32,40|6,9,19,23,27,28
1,13,19,23,26,32|2,3,8,16,17,18|27,29,31,33,38,40
1,13,20,33,34,40|2,3,8,16,17,18|6,9,19,23,27,28
1,14,18,31,33,34|2,10,11,13,19,30|3,7,12,16,17,29
1,15,18,22,33,34|2,10,11,13,19,30|3,7,12,16,17,29
1,16,19,20,33,34|3,10,13,30,32,40|6,9,18,22,23,27
2,3,16,17,33,40|6,9,18,22,23,27|8,10,11,13,19,34
2,7,12,16,18,32|3,14,17,27,30,40|6,10,15,19,33,34
2,10,11,13,19,30|3,7,12,16,17,29|6,9,18,22,23,27
3,7,12,16,17,29|6,9,18,22,23,27|8,10,11,13,19,34
3,10,13,30,32,40|6,9,18,22,23,27|8,16,17,19,26,33
3,10,16,19,30,32|6,9,18,22,23,27|8,13,17,26,33,40
3,14,17,27,30,40|6,10,15,19,33,34|13,18,20,23,26,29
3,25,27,29,30,40|6,10,15,19,33,34|8,13,17,18,20,38
3,6,15,17,18,30|8,9,13,20,33,40|19,23,27,29,31,32
3,11,16,17,19,30|8,9,13,20,33,40|14,18,23,27,29,32
1,2,3,13,38,40|6,9,18,23,27,28|10,11,16,19,33,34
1,2,3,16,19,38|6,9,18,23,27,28|10,11,13,33,34,40
1,3,10,13,29,30|6,9,18,23,27,28|17,19,25,31,33,38
1,3,13,26,30,40|6,9,18,23,27,28|10,11,16,19,33,34
1,3,16,19,26,30|6,9,18,23,27,28|10,11,13,33,34,40
1,9,10,16,19,23|2,3,11,13,17,33|8,18,25,27,29,38
3,10,16,18,30,32|8,9,25,27,33,40|13,17,19,20,23,26
1,3,7,9,12,16|2,10,13,18,20,30|8,17,19,25,27,38
1,3,16,18,26,30|2,7,10,12,13,29|8,17,19,25,27,38
1,8,9,10,13,33|2,7,12,16,19,26|3,17,25,27,30,40
1,10,13,29,33,38|2,7,12,16,19,26|3,17,25,27,30,40
1,16,19,26,33,38|2,7,10,12,13,29|3,17,25,27,30,40
1,18,25,31,33,34|2,7,10,12,13,29|14,17,19,23,26,27
2,7,12,13,26,40|8,10,14,19,27,34|17,18,25,31,33,38
2,7,12,16,19,26|3,17,25,27,30,40|8,10,13,18,20,34
1,2,3,11,13,25|6,8,10,18,21,26|14,17,20,27,31,33
1,2,3,13,20,31|6,8,10,18,21,26|11,14,17,25,27,33
1,2,3,13,22,28|6,8,10,18,21,26|11,14,17,25,27,33
1,8,16,18,25,26|2,3,6,10,13,22|11,15,17,27,28,33
1,8,18,20,26,39|2,3,6,10,13,22|11,14,17,25,27,33
1,8,18,21,26,28|2,3,6,10,13,22|11,14,17,25,27,33
1,15,18,25,28,38|2,3,6,10,13,22|11,16,17,20,27,33
1,16,18,20,25,38|2,3,6,10,13,22|11,15,17,27,28,33
1,18,20,21,28,38|2,3,6,10,13,22|11,14,17,25,27,33
1,2,3,6,13,28|8,10,14,16,19,26|11,15,17,22,27,33
1,2,3,11,13,31|6,8,10,19,21,26|14,20,25,27,29,33
1,2,3,13,14,20|6,8,10,19,21,26|11,15,17,22,27,33
1,2,3,16,25,40|6,8,10,19,21,26|11,14,17,27,31,33
1,2,3,20,39,40|6,8,10,19,21,26|11,14,17,27,31,33
1,2,3,21,28,40|6,10,15,18,31,38|8,11,13,17,20,27
1,8,11,18,26,39|2,3,6,10,21,40|13,17,20,22,28,33
1,8,13,25,26,40|6,10,11,18,21,38|15,20,27,28,29,33
1,8,16,18,26,31|2,3,6,10,21,40|11,13,17,20,25,33
1,8,16,19,25,26|2,3,6,10,21,40|11,14,17,27,31,33
1,8,18,21,22,26|2,3,10,14,16,40|6,15,17,20,27,33
1,8,19,20,26,39|2,3,6,10,21,40|11,14,17,27,31,33
1,8,19,21,26,28|2,3,10,14,16,40|6,15,17,20,27,33
1,11,16,18,25,38|2,3,6,10,21,40|13,17,20,22,28,33
1,11,16,27,38,40|6,8,10,19,21,26|13,17,20,22,28,33
1,11,18,20,38,39|2,3,6,10,21,40|22,27,28,29,31,33
1,11,18,21,28,38|2,3,10,14,16,40|6,15,17,20,27,33
1,13,20,25,38,40|6,8,10,19,21,26|11,14,17,27,31,33
1,14,18,25,31,38|2,3,6,10,21,40|8,11,13,17,20,27
1,14,27,31,38,40|6,8,10,19,21,26|11,13,17,20,25,33
1,15,18,22,25,38|2,3,6,10,21,40|8,11,13,17,20,27
1,15,18,28,31,38|2,3,6,10,21,40|8,11,13,17,20,27
1,15,19,25,28,38|2,3,6,10,21,40|8,11,13,17,20,27
1,15,22,27,38,40|6,8,10,19,21,26|11,13,17,20,25,33
1,16,18,20,31,38|2,3,6,10,21,40|11,15,17,22,27,33
1,16,18,22,28,38|2,3,6,10,21,40|8,11,13,17,20,27
1,16,19,20,25,38|2,3,6,10,21,40|11,14,17,27,31,33
1,18,20,21,22,38|2,3,10,14,16,40|6,25,27,28,29,33
1,19,20,21,28,38|2,3,10,14,16,40|6,17,22,27,31,33
1,21,22,26,33,40|6,10,15,18,31,38|8,11,13,17,20,27
1,2,3,13,20,25|8,10,11,18,26,39|17,22,27,28,31,33
1,11,14,16,19,38|6,8,15,17,18,25|20,21,28,29,33,40
1,14,15,19,22,38|6,8,16,17,18,28|11,13,20,29,31,33
1,2,3,6,21,40|8,10,11,19,32,39|13,20,22,28,29,33
1,2,3,14,16,40|6,8,10,18,21,32|11,13,20,25,29,33
1,6,15,18,31,38|8,10,11,19,32,39|13,20,22,28,29,33
1,6,16,18,22,38|8,10,11,19,32,39|14,17,25,31,33,40
1,6,16,19,28,38|8,10,13,31,32,40|11,15,22,27,29,33
1,6,19,20,21,38|8,10,13,31,32,40|11,15,22,27,29,33
1,8,16,18,25,32|6,10,14,15,19,38|11,17,20,33,39,40
1,8,16,27,32,40|6,10,14,15,19,38|11,13,20,25,29,33
1,8,18,20,32,39|6,10,14,15,19,38|11,16,17,25,33,40
1,8,18,21,28,32|6,10,14,15,19,38|11,13,20,25,29,33
1,11,13,31,32,33|6,10,14,15,19,38|8,16,17,18,22,28
1,11,14,16,18,38|6,10,21,32,33,40|8,15,17,19,25,28
1,11,16,19,31,38|6,8,10,18,21,32|13,20,22,28,29,33
1,11,19,21,22,38|6,14,27,28,29,33|8,10,13,31,32,40
1,13,14,20,38,40|6,8,10,18,21,32|11,15,22,27,29,33
1,14,15,18,22,38|6,10,21,32,33,40|8,11,13,20,27,29
1,14,15,19,28,38|6,8,10,18,21,32|11,13,20,25,29,33
1,14,16,19,20,38|6,8,10,18,21,32|11,15,22,27,29,33
1,15,19,22,31,38|6,8,10,18,21,32|11,13,14,17,20,33
1,16,25,32,33,40|6,10,14,15,19,38|8,11,13,20,27,29
1,20,32,33,39,40|6,10,14,15,19,38|8,11,16,17,18,25
1,21,28,32,33,40|6,10,14,15,19,38|8,11,13,20,27,29
6,10,14,15,19,38|8,11,13,20,27,29|16,17,22,28,33,40
1,2,3,6,13,22|8,10,11,18,32,39|14,20,27,29,31,33
1,2,3,11,13,14|6,10,15,19,31,38|8,16,17,18,20,25
1,2,3,11,39,40|6,10,13,22,32,33|8,15,17,18,25,28
1,2,3,16,31,40|6,10,11,19,21,38|8,15,17,18,25,28
1,2,3,21,22,40|6,10,14,15,18,38|11,13,17,20,31,33
1,6,15,18,25,38|8,10,19,20,32,39|11,13,17,22,28,33
1,6,15,27,32,33|8,16,17,18,20,25|10,11,13,14,38,40
1,6,16,18,28,38|8,10,13,25,32,40|14,20,27,29,31,33
1,6,18,20,21,38|8,10,13,25,32,40|11,15,27,28,29,33
1,8,11,13,27,32|6,10,14,15,18,38|16,17,20,25,33,40
1,8,13,26,31,40|6,10,11,19,21,38|14,22,27,28,29,33
1,8,14,16,18,26|6,10,11,19,21,38|15,17,25,28,33,40
1,8,19,21,22,26|6,10,14,15,18,38|11,13,17,20,31,33
1,11,13,25,32,33|6,10,14,15,18,38|8,16,17,20,27,40
1,11,13,25,38,40|6,14,17,22,27,33|8,10,16,18,31,32
1,11,16,18,31,38|6,10,13,22,32,33|8,14,17,25,27,40
1,11,16,19,25,38|6,10,13,22,32,33|8,15,17,27,28,40
1,11,18,21,22,38|6,13,17,20,28,33|8,10,16,19,25,32
1,11,19,20,38,39|6,10,13,22,32,33|8,14,17,25,27,40
1,11,19,21,28,38|6,10,13,22,32,33|8,14,17,25,27,40
1,13,20,31,32,33|6,10,11,19,21,38|8,14,17,25,27,40
1,13,20,31,38,40|6,11,15,17,27,33|8,10,16,19,25,32
1,13,22,28,32,33|6,10,11,19,21,38|8,14,17,25,27,40
1,13,22,28,38,40|6,11,15,17,27,33|8,10,16,18,31,32
1,14,15,18,28,38|6,10,13,22,32,33|8,16,17,20,27,40
1,14,16,18,20,38|6,10,13,22,32,33|8,15,17,27,28,40
1,14,16,26,33,40|6,10,11,19,21,38|8,15,17,18,25,28
1,14,19,25,31,38|6,10,13,22,32,33|8,15,17,27,28,40
1,15,18,22,31,38|6,13,17,20,28,33|8,10,16,19,25,32
1,15,19,22,25,38|6,13,17,20,28,33|8,10,11,18,32,39
1,15,19,28,31,38|6,10,13,22,32,33|8,14,17,25,27,40
1,16,19,20,31,38|6,10,13,22,32,33|8,14,17,25,27,40
1,16,19,22,28,38|6,11,15,17,27,33|8,10,13,25,32,40
1,19,20,21,22,38|6,11,15,17,27,33|8,10,13,25,32,40
6,10,13,22,38,40|8,15,17,18,25,28|11,16,20,27,29,33
1,2,6,15,27,33|3,8,10,13,31,32|7,11,12,26,39,40
1,2,8,11,13,27|3,6,10,21,32,33|7,12,16,26,31,40
1,2,11,13,25,33|3,6,10,21,38,40|7,12,14,27,31,32
1,2,13,20,31,33|3,6,10,21,38,40|7,11,12,16,27,32
1,2,13,22,28,33|3,6,10,21,38,40|7,11,12,16,27,32
1,3,6,13,28,38|2,8,10,11,18,39|7,12,14,27,31,32
1,3,8,13,14,26|2,10,11,33,39,40|7,12,15,22,27,32
1,3,8,16,27,32|2,6,10,13,22,33|7,11,12,26,39,40
1,3,8,26,39,40|2,6,10,13,22,33|7,11,12,16,27,32
1,3,11,13,31,38|2,8,10,16,19,25|7,12,15,22,27,32
1,3,13,14,20,38|2,8,10,11,18,39|7,12,15,22,27,32
1,3,16,25,32,33|2,8,10,11,18,39|6,7,12,13,22,26
1,3,16,25,38,40|2,6,10,13,22,33|7,12,14,27,31,32
1,3,20,38,39,40|2,6,10,13,22,33|7,11,12,16,27,32
1,3,21,28,32,33|2,8,10,11,18,39|6,7,12,13,22,26
1,3,21,28,38,40|2,6,10,13,22,33|7,11,12,16,27,32
1,7,11,12,17,39|2,6,10,13,22,33|3,8,25,27,29,31
1,11,13,20,27,30|2,8,10,16,18,31|3,15,17,22,25,33
2,8,10,11,18,39|3,14,17,25,31,33|6,7,12,13,22,26
2,8,10,13,25,40|3,11,17,20,33,39|7,12,14,27,31,32
2,8,10,16,18,31|3,11,17,20,33,39|6,7,12,13,22,26
2,8,10,16,19,25|3,11,17,20,33,39|6,7,12,13,22,26
2,8,10,18,21,22|3,11,16,17,25,33|7,12,14,27,31,32
2,8,10,19,20,39|3,11,16,17,25,33|6,7,12,13,22,26
2,8,10,19,21,28|3,11,16,17,25,33|6,7,12,13,22,26
2,10,11,13,14,33|3,8,15,17,22,27|7,12,16,26,31,40
2,10,11,33,39,40|3,8,13,17,20,25|7,12,14,27,31,32
2,10,16,31,33,40|3,8,13,17,20,25|7,12,15,22,27,32
2,10,21,22,33,40|3,8,11,16,17,27|7,12,13,20,25,32
3,8,11,16,17,27|6,7,12,13,22,26|10,14,18,25,30,31
3,8,14,17,27,31|6,7,12,13,22,26|10,11,16,18,25,30
3,8,25,27,29,31|6,7,12,13,22,26|10,11,18,20,30,39
3,11,16,17,25,33|6,7,12,13,22,26|10,14,27,30,31,40
3,11,17,20,33,39|6,7,12,13,22,26|10,14,18,25,30,31
3,11,17,21,28,33|6,7,12,13,22,26|10,14,18,25,30,31
3,14,17,25,31,33|6,7,12,13,22,26|10,11,16,27,30,40
3,15,17,28,31,33|6,7,12,13,22,26|10,11,16,18,25,30
3,16,17,20,31,33|6,7,12,13,22,26|10,11,18,21,28,30
1,2,8,13,20,27|3,10,11,32,33,39|7,12,16,25,26,40
1,2,11,16,27,33|3,6,10,13,22,38|7,12,20,26,39,40
1,2,14,27,31,33|3,6,10,13,22,38|7,12,16,25,26,40
1,2,15,22,27,33|3,8,10,13,25,32|7,12,20,26,39,40
1,3,6,15,27,38|2,8,10,16,18,25|7,11,12,13,26,31
1,3,6,21,26,33|2,8,10,16,18,25|7,12,15,27,28,32
1,3,8,13,26,31|2,10,16,25,33,40|7,12,15,27,28,32
1,3,13,20,31,38|2,8,10,16,18,25|7,12,15,27,28,32
1,3,13,22,28,38|2,8,10,16,18,25|7,12,20,26,39,40
1,3,14,16,26,33|2,8,10,18,20,39|7,12,15,27,28,32
2,6,10,13,28,33|3,8,14,17,25,27|7,12,20,26,39,40
2,8,10,16,18,25|3,17,20,21,28,33|7,11,12,13,26,31
2,8,10,16,27,40|3,15,17,25,28,33|7,11,12,13,26,31
2,8,10,18,20,39|3,15,17,25,28,33|7,11,12,13,26,31
2,8,10,18,21,28|3,16,17,20,25,33|7,11,12,13,26,31
2,10,11,13,31,33|3,8,14,17,25,27|7,12,20,26,39,40
2,10,13,14,20,33|3,8,15,17,27,28|7,12,16,25,26,40
2,10,16,25,33,40|3,8,15,17,27,28|7,11,12,13,26,31
2,10,20,33,39,40|3,8,14,17,25,27|6,7,12,13,26,28
2,10,21,28,33,40|3,8,14,17,25,27|7,11,12,13,26,31
1,6,15,19,25,30|3,8,11,13,29,31|7,12,14,16,32,40
1,6,19,20,21,30|3,8,11,13,29,31|7,12,14,16,32,40
1,11,19,21,22,30|3,6,8,13,28,29|7,12,14,16,32,40
1,15,19,22,30,31|3,6,8,13,28,29|7,12,14,16,32,40
1,2,6,8,18,21|3,11,16,29,31,33|10,14,15,19,22,30
1,2,8,11,19,39|3,6,14,15,17,33|7,12,16,31,32,40
1,2,8,14,16,18|3,6,15,25,29,33|7,11,12,32,39,40
1,2,8,16,19,31|3,6,14,15,17,33|7,11,12,32,39,40
1,2,8,19,21,22|3,6,14,15,17,33|7,11,12,32,39,40
1,6,15,18,25,30|3,8,11,13,14,17|7,12,16,31,32,40
1,6,16,18,28,30|3,8,11,13,14,17|7,12,21,22,32,40
1,6,18,20,21,30|3,8,11,13,14,17|7,12,16,31,32,40
1,11,18,21,22,30|3,6,8,15,27,29|7,12,16,31,32,40
1,11,19,20,30,39|3,6,8,13,17,22|7,12,16,31,32,40
1,11,19,21,28,30|3,6,8,13,17,22|7,12,16,31,32,40
1,14,15,18,28,30|3,6,8,13,17,22|7,11,12,32,39,40
1,14,16,18,20,30|3,6,8,13,17,22|7,11,12,32,39,40
1,14,19,25,30,31|3,6,8,13,17,22|7,11,12,32,39,40
1,15,18,22,30,31|3,6,16,28,29,33|7,11,12,13,14,32
1,15,19,22,25,30|3,6,16,28,29,33|7,11,12,13,14,32
1,15,19,28,30,31|3,6,8,13,17,22|7,11,12,32,39,40
1,16,19,20,30,31|3,6,8,13,17,22|7,11,12,32,39,40
1,16,19,22,28,30|3,6,8,15,27,29|7,11,12,13,14,32
1,19,20,21,22,30|3,6,8,15,27,29|7,11,12,13,14,32
3,8,11,13,14,17|6,10,15,19,30,31|7,12,21,22,32,40
3,8,11,13,25,29|6,10,14,15,18,30|7,12,16,31,32,40
3,8,13,22,28,29|6,10,11,19,21,30|7,12,16,31,32,40
3,11,21,22,29,33|6,10,14,15,18,30|7,12,16,31,32,40
1,2,6,13,22,33|3,8,11,16,27,29|7,12,20,32,39,40|10,14,15,19,28,30
1,2,8,11,18,39|3,6,15,17,31,33|7,12,13,14,20,32
1,2,8,13,25,40|3,6,11,17,21,33|10,14,15,18,22,30
1,2,8,16,18,31|3,6,11,17,21,33|7,12,13,14,20,32
1,2,8,16,19,25|3,6,11,17,21,33|7,12,13,14,20,32
1,2,8,18,21,22|3,6,15,17,31,33|7,12,13,14,20,32
1,2,8,19,20,39|3,6,11,17,21,33|7,12,16,25,32,40|10,14,15,18,22,30
1,2,8,19,21,28|3,6,15,17,31,33|7,12,13,14,20,32
1,2,11,13,14,33|3,8,15,22,27,29|6,10,16,19,28,30|7,12,20,32,39,40
1,2,11,33,39,40|3,6,8,13,17,28|10,14,15,18,22,30
1,2,16,31,33,40|3,6,8,13,17,28|10,11,19,21,22,30
1,2,21,22,33,40|3,6,8,13,17,28|10,11,14,16,18,30
1,3,6,21,38,40|2,8,10,14,16,19|7,11,12,13,31,32
1,3,14,16,38,40|2,6,8,10,19,21|7,11,12,13,31,32
1,7,11,12,29,39|2,6,8,10,19,21|3,14,15,17,22,33
1,7,12,16,29,31|2,6,8,10,19,21|3,14,15,17,22,33
1,7,12,21,22,29|2,8,10,13,14,40|3,6,15,17,31,33
1,11,16,18,25,30|2,6,8,10,19,21|3,14,15,17,22,33|7,12,20,32,39,40
1,11,16,27,30,40|2,6,8,10,19,21|3,14,15,17,22,33
1,11,18,20,30,39|2,6,8,10,19,21|3,14,15,17,22,33|7,12,16,25,32,40
1,11,18,21,28,30|2,8,10,13,14,40|3,6,15,17,31,33
1,13,20,25,30,40|2,6,8,10,19,21|3,11,14,16,17,33
1,14,18,25,30,31|2,6,8,10,19,21|3,11,20,29,33,39
1,14,27,30,31,40|2,6,8,10,19,21|3,11,16,25,29,33
1,15,18,22,25,30|2,6,8,10,19,21|3,11,14,16,17,33|7,12,20,32,39,40
1,15,18,28,30,31|2,6,8,10,19,21|3,11,14,16,17,33|7,12,20,32,39,40
1,15,19,25,28,30|2,8,10,13,14,40|3,6,11,17,21,33
1,15,22,27,30,40|2,6,8,10,19,21|3,11,14,16,17,33
1,16,18,20,30,31|2,6,8,10,19,21|3,14,15,17,22,33
1,16,18,22,28,30|2,6,8,10,19,21|3,11,20,29,33,39
1,16,19,20,25,30|2,8,10,13,14,40|3,6,11,17,21,33
1,18,20,21,22,30|2,8,10,13,14,40|3,6,15,17,31,33
1,19,20,21,28,30|2,8,10,13,14,40|3,6,15,17,31,33
2,6,8,10,19,21|3,11,14,16,17,33|7,12,20,32,39,40
2,8,10,14,16,19|3,6,11,17,21,33|7,12,20,32,39,40
3,6,8,13,17,28|7,12,16,25,32,40|10,11,19,21,22,30
3,6,11,17,21,33|7,12,13,14,20,32|10,15,19,22,30,31
3,6,15,17,31,33|7,12,13,14,20,32|10,11,19,21,22,30
3,6,16,17,22,33|7,11,12,13,31,32|10,14,15,19,28,30
3,8,11,13,17,31|6,10,15,19,25,30|7,12,20,32,39,40
3,8,11,16,27,29|6,7,12,13,28,32|10,14,15,18,22,30
3,8,13,14,17,20|6,10,11,18,21,30|7,12,16,25,32,40
3,8,14,27,29,31|6,7,12,13,28,32|10,11,19,21,22,30
3,8,15,22,27,29|6,7,12,13,28,32|10,11,14,16,18,30
3,8,16,17,25,40|6,7,12,13,28,32|10,11,19,21,22,30
3,8,17,20,39,40|6,7,12,13,28,32|10,11,14,16,18,30
3,8,17,21,28,40|6,10,15,18,30,31|7,12,13,14,20,32
3,11,14,16,17,33|6,7,12,13,28,32|10,15,19,22,30,31
3,11,16,25,29,33|6,7,12,13,28,32|10,14,15,18,22,30
3,11,20,29,33,39|6,7,12,13,28,32|10,14,15,18,22,30
3,11,21,28,29,33|6,10,15,18,30,31|7,12,13,14,20,32
3,14,15,17,22,33|6,7,12,13,28,32|10,11,16,19,30,31
3,14,25,29,31,33|6,7,12,13,28,32|10,11,19,21,22,30
3,15,22,25,29,33|6,7,12,13,28,32|10,11,14,16,18,30
3,15,28,29,31,33|6,10,11,18,21,30|7,12,13,14,20,32
3,16,20,29,31,33|6,7,12,13,28,32|10,11,19,21,22,30
3,16,22,28,29,33|6,10,11,18,21,30|7,12,13,14,20,32
3,20,21,22,29,33|6,7,12,13,28,32|10,11,14,16,18,30
1,2,8,16,18,25|3,6,17,20,21,33|7,12,13,22,28,32
1,2,8,16,27,40|3,6,15,17,25,33|7,12,13,20,31,32|10,11,18,21,22,30
1,2,8,18,20,39|3,6,15,17,25,33|7,10,12,14,16,29
1,2,8,18,21,28|3,6,15,17,25,33|7,10,12,14,16,29
1,2,11,13,31,33|3,6,8,15,17,27|7,10,12,14,16,29
1,2,13,14,20,33|3,6,8,15,17,27|10,11,16,18,30,31
1,2,16,25,33,40|3,6,8,15,17,27|7,12,13,20,31,32|10,11,18,21,22,30
1,2,20,33,39,40|3,6,8,15,17,27|7,10,12,14,16,29
1,2,21,28,33,40|3,6,8,15,17,27|7,10,12,14,16,29
1,3,6,13,22,38|2,8,10,11,19,39|7,12,14,16,26,40
1,3,11,32,33,39|2,6,8,10,18,21|7,12,14,16,26,40
1,3,11,38,39,40|2,6,8,10,18,21|7,12,13,20,31,32
1,3,16,31,38,40|2,6,8,10,18,21|7,11,12,13,25,32
1,3,21,22,32,33|2,8,10,11,19,39|7,12,14,16,26,40
1,3,21,22,38,40|2,8,10,11,19,39|6,7,12,15,27,32
1,6,7,12,17,21|2,8,10,11,19,39|3,15,25,28,29,33
1,7,12,14,16,17|2,6,8,10,18,21|3,15,25,28,29,33
1,7,12,16,25,29|2,6,8,10,18,21|3,14,15,17,28,33
1,7,12,20,29,39|2,6,8,10,18,21|3,11,16,17,31,33
1,7,12,21,28,29|2,8,10,11,19,39|3,6,15,17,25,33
1,14,25,27,30,40|2,6,8,10,18,21|3,11,16,17,31,33|7,12,13,22,28,32
1,15,18,25,28,30|2,6,10,21,33,40|3,8,13,17,20,31
1,15,27,28,30,40|2,6,8,10,18,21|3,11,16,17,31,33
1,16,18,20,25,30|2,6,10,21,33,40|3,8,13,17,22,28
1,16,20,27,30,40|2,6,8,10,18,21|3,14,15,17,28,33|7,11,12,13,25,32
1,18,20,21,28,30|2,8,10,11,19,39|3,6,15,17,25,33|7,12,14,16,26,40
2,6,8,10,18,21|3,11,16,17,31,33|7,12,13,22,28,32
2,8,10,11,19,39|3,6,15,17,25,33|7,12,13,20,31,32
2,8,10,14,16,18|3,6,15,17,25,33|7,12,13,20,31,32
2,8,10,16,19,31|3,6,15,17,25,33|7,12,13,22,28,32
2,8,10,19,21,22|3,6,15,17,25,33|7,12,13,20,31,32
2,10,14,16,33,40|3,6,8,15,17,27|7,11,12,13,25,32
3,6,16,17,28,33|7,11,12,13,25,32|10,15,18,22,30,31
3,8,14,25,27,29|6,7,12,21,26,40|10,11,16,18,30,31
3,8,15,27,28,29|6,7,12,21,26,40|10,11,16,18,30,31
3,8,16,20,27,29|6,7,12,21,26,40|10,14,15,18,28,30
3,11,17,21,22,33|6,7,12,15,27,32|10,13,20,30,31,40
3,15,25,28,29,33|6,7,12,21,26,40|10,11,16,18,30,31
3,16,20,25,29,33|6,7,12,15,27,32|10,11,18,21,22,30
3,20,21,28,29,33|6,7,12,15,27,32|10,11,13,25,30,40
2,6,7,12,17,33|3,8,18,22,26,30|10,19,23,28,29,38
2,7,12,28,29,33|3,8,18,22,26,30|6,10,17,19,23,38
2,18,20,28,30,33|3,7,8,9,12,22|6,10,17,19,23,38
1,17,19,22,23,38|2,11,18,28,30,33|3,6,7,8,9,12
2,3,6,8,18,38|7,12,17,28,30,40|19,22,23,26,32,33
2,3,18,22,23,32|6,8,19,26,33,38|7,12,17,28,30,40
2,11,18,28,30,33|3,6,7,8,9,12|10,19,22,23,29,38
2,3,6,18,23,32|7,12,17,22,30,40|8,11,19,28,33,34
1,3,15,27,28,30|2,7,12,13,20,25|6,10,18,21,23,26
1,13,20,25,33,38|2,7,11,12,16,27|6,10,18,21,23,26
1,14,27,31,33,38|2,7,12,13,20,25|6,10,18,21,23,26
1,2,3,21,22,33|8,10,11,18,38,39|17,23,25,27,31,40
1,3,11,16,27,30|2,7,12,13,20,31|6,10,19,21,23,26
1,3,13,20,25,30|2,6,7,12,15,27|8,10,11,18,38,39
1,3,14,27,30,31|2,7,11,12,13,25|6,10,19,21,23,26
1,3,15,22,27,30|2,7,11,12,13,25|6,10,19,21,23,26
1,8,11,13,27,38|3,7,12,16,25,32|6,10,19,21,23,26
1,8,13,26,31,33|2,6,7,12,15,27|3,10,16,25,30,40
1,13,23,25,26,40|2,6,7,12,15,27|8,10,11,18,38,39
2,7,11,12,13,25|3,10,20,30,39,40|8,15,17,27,28,33
2,7,12,13,20,31|3,10,16,25,30,40|8,15,17,27,28,33
3,7,12,20,32,39|6,10,13,22,33,38|17,23,25,27,31,40
3,7,12,21,28,32|6,10,13,22,33,38|17,23,25,27,31,40
1,2,3,6,21,33|8,10,11,19,38,39|14,17,23,25,27,40
1,2,3,8,13,31|6,10,21,33,38,40|15,17,18,23,25,28
1,2,3,14,16,33|6,8,10,18,21,38|15,17,23,27,28,40
1,3,6,15,27,30|2,7,11,12,13,31|8,10,14,16,18,38
1,3,11,13,25,30|2,7,12,20,39,40|6,8,10,18,21,38
1,3,13,20,30,31|2,7,12,16,25,40|6,8,10,18,21,38
1,3,13,22,28,30|2,7,12,16,25,40|6,8,10,18,21,38
1,6,13,28,33,38|2,7,12,16,25,40|10,11,18,23,32,39
1,6,18,21,23,26|2,7,11,12,13,31|8,15,17,22,27,33
1,8,10,29,33,39|2,6,7,12,13,28|14,17,23,25,27,40
1,8,13,14,26,33|2,7,12,16,25,40|10,11,18,23,32,39
1,8,16,18,25,38|2,6,7,12,13,28|3,10,11,30,39,40
1,8,16,27,32,33|2,6,7,12,13,28|3,10,11,30,39,40
1,8,16,27,38,40|2,6,7,12,13,28|10,11,18,23,32,39
1,8,18,20,38,39|2,6,7,12,13,28|3,10,16,30,31,40
1,8,18,21,28,38|2,7,11,12,13,31|10,16,19,23,25,32
1,8,26,33,39,40|2,6,7,12,13,28|10,16,18,23,31,32
1,10,13,23,29,31|2,7,12,16,25,40|8,15,17,22,27,33
1,11,13,23,27,32|2,7,12,16,25,40|6,8,10,18,21,38
1,11,13,31,33,38|2,7,12,16,25,40|10,18,21,22,23,32
1,11,19,23,26,39|2,6,7,12,13,28|3,10,16,30,31,40|8,15,17,22,27,33
1,13,14,20,33,38|2,7,12,16,25,40|10,11,18,23,32,39
1,13,23,26,31,40|3,7,11,12,32,39|6,8,10,18,21,38
1,14,16,18,23,26|2,6,7,12,13,28|3,10,11,30,39,40|8,15,17,22,27,33
1,16,19,23,26,31|2,6,7,12,13,28|3,10,11,30,39,40|8,15,17,22,27,33
1,16,25,33,38,40|2,6,7,12,13,28|10,11,18,23,32,39
1,19,21,22,23,26|2,6,7,12,13,28|3,10,11,30,39,40|8,14,17,27,31,33
1,20,33,38,39,40|2,6,7,12,13,28|10,16,18,23,31,32
1,21,28,33,38,40|2,7,11,12,13,31|10,16,19,23,25,32
2,6,7,12,13,28|3,10,11,30,39,40|8,14,17,27,31,33
2,7,11,12,13,31|3,10,21,22,30,40|15,17,18,23,25,28
2,7,12,13,14,20|3,10,11,30,39,40|8,15,17,22,27,33
2,7,12,16,25,40|3,6,10,13,22,30|8,14,17,27,31,33
2,7,12,20,39,40|3,6,10,13,22,30|8,11,16,17,27,33
2,7,12,21,28,40|3,6,10,13,22,30|8,11,16,17,27,33
3,7,11,12,32,39|6,8,10,18,21,38|14,17,23,25,27,40
3,7,12,16,31,32|6,8,10,18,21,38|14,17,23,25,27,40
3,7,12,21,22,32|8,10,11,19,38,39|14,17,23,25,27,40
1,3,6,13,28,30|2,7,11,12,39,40|8,10,14,16,19,38|15,17,18,22,23,25
1,3,11,13,30,31|2,7,12,21,22,40|6,8,15,17,27,33|10,14,16,18,23,32
1,3,13,14,20,30|2,7,11,12,39,40|6,8,10,19,21,38|15,17,18,22,23,25
1,3,16,25,30,40|2,6,7,12,13,22|8,15,27,28,29,33|10,11,19,23,32,39
1,3,20,30,39,40|2,6,7,12,13,22|8,10,14,16,19,38|11,17,18,21,23,28
1,3,21,28,30,40|2,6,7,12,13,22|8,10,14,16,19,38|11,17,18,20,23,39
1,6,13,22,33,38|2,7,11,12,39,40|10,14,16,18,23,32
1,6,19,21,23,26|2,7,11,12,13,14|8,10,32,33,39,40
1,8,11,18,38,39|2,6,7,12,13,22|3,10,14,16,30,40|15,17,19,23,25,28
1,8,13,25,32,33|2,7,11,12,39,40|15,17,18,23,28,31
1,8,13,25,38,40|3,6,7,12,21,32|11,17,18,20,23,39
1,8,16,18,31,38|2,6,7,12,13,22|10,11,19,23,32,39
1,8,16,19,25,38|2,6,7,12,13,22|11,17,18,20,23,39
1,8,18,21,22,38|2,7,11,12,13,14|10,16,19,23,31,32
1,8,19,20,38,39|2,6,7,12,13,22|3,10,14,16,30,40|11,17,18,21,23,28
1,8,19,21,28,38|2,6,7,12,13,22|3,10,14,16,30,40|11,17,18,20,23,39
1,10,13,14,23,29|2,7,11,12,39,40|6,8,15,17,27,33
1,11,13,14,33,38|2,7,12,16,31,40|6,10,18,21,23,32
1,11,33,38,39,40|2,6,7,12,13,22|10,14,16,18,23,32
1,13,14,23,26,40|3,6,7,12,21,32|8,15,27,28,29,33
1,14,16,19,23,26|2,6,7,12,13,22|8,10,32,33,39,40
1,16,18,23,25,32|2,6,7,12,13,22|8,15,27,28,29,33
1,16,31,33,38,40|2,6,7,12,13,22|10,11,19,23,32,39
1,18,20,23,32,39|2,6,7,12,13,22|3,10,14,16,30,40|8,15,27,28,29,33
1,18,21,23,28,32|2,6,7,12,13,22|3,10,14,16,30,40
1,21,22,33,38,40|2,7,11,12,13,14|10,16,19,23,31,32
2,6,7,12,13,22|3,10,14,16,30,40|8,15,27,28,29,33|11,17,18,20,23,39
2,7,11,12,13,14|3,6,10,21,30,40|8,15,27,28,29,33|16,17,18,20,23,31
2,7,11,12,39,40|6,8,10,19,21,38|14,17,18,23,25,31
2,7,12,16,31,40|6,8,10,19,21,38|11,13,20,23,27,29
2,7,12,21,22,40|6,8,15,17,27,33|10,11,19,23,32,39
3,6,7,12,21,32|8,10,13,14,38,40|11,16,17,18,23,25
3,7,12,14,16,32|6,8,10,19,21,38|11,13,20,23,27,29
1,3,6,13,22,30|2,7,12,14,16,40|11,17,19,20,23,39
1,3,11,13,14,30|2,6,7,12,21,40|8,15,22,27,29,33|16,17,19,20,23,31
1,3,11,30,39,40|6,8,13,17,28,33|10,14,16,19,23,32
1,3,21,22,30,40|6,8,13,17,28,33|10,14,16,19,23,32
1,6,8,18,21,38|2,7,12,14,16,40|11,17,19,20,23,39
1,8,11,19,38,39|2,6,7,12,21,40|14,15,17,18,23,28
1,8,13,31,32,33|2,6,7,12,21,40|11,16,17,19,23,25
1,8,14,16,18,38|2,6,7,12,21,40|11,17,19,20,23,39
1,8,16,19,31,38|2,6,7,12,21,40|14,15,17,18,23,28
1,8,19,21,22,38|2,7,12,14,16,40|6,15,17,18,23,25
1,11,18,23,32,39|2,6,7,12,21,40|8,13,14,17,20,33
1,16,18,23,31,32|2,6,7,12,21,40|8,13,14,17,20,33
1,16,19,23,25,32|2,6,7,12,21,40|8,11,13,17,31,33
1,18,21,22,23,32|2,7,12,14,16,40|6,8,13,17,28,33
1,19,20,23,32,39|2,6,7,12,21,40|8,11,13,17,31,33
1,19,21,23,28,32|2,7,12,14,16,40|8,11,13,17,31,33
2,6,7,12,21,40|8,11,13,17,31,33|10,14,16,19,23,32
1,3,6,21,30,40|8,11,13,14,17,33|15,18,22,23,25,29
1,3,14,16,30,40|6,8,13,17,22,33|11,18,20,23,29,39
1,2,6,17,19,23|7,8,9,12,22,40|11,18,28,30,32,33
2,6,10,19,23,29|7,8,9,12,22,40|11,18,28,30,32,33
3,6,8,11,18,34|7,12,22,29,32,33|19,20,28,30,38,40
3,6,8,19,20,34|7,12,22,29,32,33|11,18,28,30,38,40
1,2,17,19,22,23|3,6,8,18,20,34|7,12,28,29,32,33
1,2,18,23,28,29|3,6,20,33,34,40|8,10,17,19,22,30
1,3,6,8,9,33|2,10,19,22,23,29|18,20,28,30,38,40
2,19,22,23,26,40|3,6,8,18,20,34|7,12,28,29,32,33
1,2,17,19,23,28|3,8,18,20,22,34|6,7,12,26,29,33
3,6,18,23,26,32|7,9,11,12,22,33|8,10,17,19,28,30
1,7,12,28,34,40|2,6,10,17,18,23|3,8,19,22,26,38
2,6,10,17,18,23|3,8,19,22,26,38|7,9,11,12,28,33
2,10,17,19,22,23|3,6,8,18,26,38|7,9,11,12,28,33
2,18,20,22,33,38|3,19,23,26,28,32|6,7,10,12,34,40
1,2,11,21,27,33|3,6,10,13,31,38|7,12,26,28,39,40
1,2,15,27,31,33|3,10,13,14,22,38|7,12,21,25,26,40
1,2,16,22,27,33|3,6,10,13,31,38|7,12,21,25,26,40
1,3,6,16,27,38|2,8,10,18,21,25|7,12,13,14,26,28
1,3,6,26,33,39|2,8,10,18,21,25|7,12,16,27,28,32
1,3,13,22,25,38|2,8,10,18,28,39|7,12,20,21,27,32
1,3,14,15,27,38|2,6,10,13,25,33|7,12,26,28,39,40
2,8,10,18,21,25|3,17,20,28,33,39|7,12,13,22,26,31
2,8,10,18,28,39|3,17,20,21,25,33|7,12,13,22,26,31
2,8,10,21,27,40|3,16,17,25,28,33|7,12,13,15,20,26
2,10,13,15,20,33|3,8,16,17,27,28|7,12,21,25,26,40
2,10,13,22,31,33|3,8,15,17,25,27|7,12,26,28,39,40
2,10,21,25,33,40|3,8,16,17,27,28|7,12,13,15,20,26
2,10,28,33,39,40|3,8,15,17,25,27|7,12,13,22,26,31
1,2,6,16,27,33|3,8,13,17,25,28|7,10,12,21,29,31
1,2,8,13,22,27|3,6,10,32,33,39|7,12,21,26,31,40
1,2,13,22,25,33|3,6,10,38,39,40|7,11,12,21,27,32
1,2,13,28,31,33|3,6,10,38,39,40|7,11,12,21,27,32
1,2,14,15,27,33|3,6,10,38,39,40|7,12,13,25,28,32
1,3,6,13,25,38|2,8,10,18,21,31|7,12,16,22,27,32
1,3,8,13,15,26|2,10,21,31,33,40|7,12,16,22,27,32
1,3,8,21,27,32|2,6,10,13,31,33|7,12,22,26,39,40
1,3,13,14,28,38|2,8,10,18,21,31|7,12,16,22,27,32
1,3,13,15,20,38|2,8,10,18,21,31|7,12,16,22,27,32
1,3,21,25,32,33|2,8,10,18,22,39|6,7,12,13,26,31
1,3,21,25,38,40|2,6,10,13,31,33|7,12,16,22,27,32
1,3,28,32,33,39|2,8,10,18,21,31|7,11,12,13,15,26
1,3,28,38,39,40|2,6,10,13,31,33|7,11,12,21,27,32
1,11,13,27,28,30|2,8,10,18,21,31|3,16,17,22,25,33
1,13,20,22,27,30|2,8,10,18,21,31|3,11,17,28,33,39
2,6,10,13,31,33|3,8,11,17,21,27|7,12,22,26,39,40
2,8,10,18,21,31|3,11,17,28,33,39|7,12,13,14,22,26
2,8,10,18,22,39|3,11,17,21,25,33|6,7,12,13,26,31
2,8,10,19,21,25|3,11,17,28,33,39|6,7,12,13,26,31
2,8,10,19,28,39|3,11,17,21,25,33|6,7,12,13,26,31
2,10,11,13,15,33|3,8,16,17,22,27|7,12,21,26,31,40
2,10,21,31,33,40|3,8,13,17,25,28|7,12,16,22,27,32
2,10,22,33,39,40|3,8,11,17,21,27|6,7,12,13,26,31
3,8,11,17,21,27|6,7,12,13,26,31|10,16,18,22,25,30
3,8,16,17,22,27|6,7,12,13,26,31|10,11,18,21,25,30
3,11,17,21,25,33|6,7,12,13,26,31|10,16,22,27,30,40
3,11,17,28,33,39|6,7,12,13,26,31|10,16,18,22,25,30
3,15,17,25,31,33|6,10,11,13,27,30|7,12,22,26,39,40
3,16,17,22,25,33|6,7,12,13,26,31|10,11,18,28,30,39
3,16,17,28,31,33|6,10,11,13,27,30|7,12,22,26,39,40
3,17,20,21,31,33|6,10,11,13,27,30|7,12,22,26,39,40
3,17,20,22,33,39|6,7,12,13,26,31|10,11,18,21,25,30
1,2,6,8,13,27|3,11,17,21,31,33|7,10,12,15,16,29
1,2,6,13,25,33|3,8,14,15,17,27|10,11,18,21,30,31
1,2,8,18,21,25|3,6,17,20,33,39|7,10,12,15,16,29
1,2,8,18,28,39|3,6,16,17,25,33|7,10,12,14,21,29
1,2,8,21,27,40|3,6,16,17,25,33|7,12,13,28,31,32|10,11,18,22,30,39
1,2,13,14,28,33|3,6,8,16,17,27|10,11,18,21,30,31
1,2,13,15,20,33|3,6,8,16,17,27|7,10,12,14,21,29
1,2,13,22,31,33|3,6,8,16,17,27|7,10,12,14,21,29
1,2,21,25,33,40|3,6,8,16,17,27|7,12,13,28,31,32|10,11,18,22,30,39
1,2,28,33,39,40|3,6,8,16,17,27|7,10,12,14,21,29
1,3,6,13,31,38|2,8,10,14,18,21|7,12,15,16,26,40
1,3,11,13,15,38|2,6,8,10,18,39|7,12,14,21,26,40
1,3,13,14,22,38|2,6,8,10,18,39|7,12,15,16,26,40
1,3,21,31,32,33|2,6,8,10,18,39|7,12,15,16,26,40
1,3,21,31,38,40|2,6,8,10,18,39|7,12,13,22,25,32
1,3,22,32,33,39|2,8,10,14,18,21|7,12,15,16,26,40
1,6,7,12,17,39|2,8,10,14,18,21|3,16,25,28,29,33
1,6,13,20,27,30|2,8,10,14,18,21|3,11,17,22,33,39|7,12,15,16,26,40
1,7,12,14,17,21|2,6,8,10,18,39|3,16,25,28,29,33
1,7,12,15,16,17|2,6,8,10,18,39|3,20,21,25,29,33
1,7,12,21,25,29|2,6,8,10,18,39|3,14,16,17,28,33
1,11,13,22,27,30|2,6,8,10,18,39|3,14,15,17,25,33
1,15,25,27,30,40|2,6,8,10,18,39|3,11,17,21,31,33
1,16,18,25,28,30|2,6,10,13,14,33|3,8,20,21,27,29
1,16,27,28,30,40|2,6,8,10,18,39|3,11,17,21,31,33|7,12,13,22,25,32
1,18,20,21,25,30|2,6,10,13,14,33|3,8,16,27,28,29
1,18,20,28,30,39|2,6,10,13,14,33|3,8,15,25,27,29
1,20,21,27,30,40|2,6,8,10,18,39|3,14,15,17,25,33|7,12,13,28,31,32
2,6,8,10,18,39|3,11,17,21,31,33|7,12,13,22,25,32
2,6,10,33,39,40|3,8,13,17,22,25|7,12,14,15,27,32
2,8,10,14,18,21|3,6,16,17,25,33|7,12,13,28,31,32
2,8,10,15,16,18|3,6,17,20,33,39|7,12,13,22,25,32
