2,11,13,19,31,38|3,6,16,18,22,34|7,12,17,32,39,40
2,11,18,32,33,39|3,6,13,28,34,40|10,14,16,17,19,30
2,11,18,38,39,40|3,6,15,19,25,34|7,12,13,14,17,32
2,13,14,19,20,38|3,6,11,18,21,34|7,9,12,16,31,40
2,13,25,32,33,40|3,6,11,18,21,34|10,14,16,17,19,30
2,16,18,31,32,33|3,6,13,28,34,40|10,19,20,29,30,39
2,16,18,31,38,40|3,6,15,19,25,34|7,9,11,12,13,14
2,16,19,25,32,33|3,6,11,18,21,34|10,13,14,17,30,40
2,16,19,25,38,40|3,6,11,18,21,34|7,12,13,14,17,32
2,18,21,22,32,33|3,6,13,28,34,40|10,14,16,17,19,30
2,18,21,22,38,40|3,6,15,19,25,34|7,9,11,12,13,14
2,19,20,32,33,39|3,6,11,18,21,34|7,9,12,16,31,40
2,19,20,38,39,40|3,6,11,18,21,34|7,12,13,14,17,32
2,19,21,28,32,33|3,6,15,18,31,34|7,9,11,12,13,14
2,19,21,28,38,40|3,6,15,18,31,34|7,9,11,12,13,14
3,6,11,18,21,34|7,9,12,16,31,40|10,19,20,29,30,39
3,6,15,18,31,34|7,9,11,12,13,14|10,16,19,25,29,30
3,6,15,19,25,34|7,9,11,12,13,14|10,16,18,29,30,31
3,6,16,18,22,34|7,9,11,12,13,14|10,19,20,29,30,39
3,6,16,19,28,34|7,9,11,12,13,14|10,18,21,22,29,30
3,6,18,21,32,38|7,9,11,12,13,14|10,16,19,25,29,30
3,6,19,20,21,34|7,9,11,12,13,14|10,16,18,29,30,31
3,8,13,17,25,29|7,9,11,12,39,40|14,18,27,30,31,32
3,11,14,16,18,34|6,7,9,12,13,22|10,19,20,29,30,39
3,11,17,29,33,39|6,7,9,12,13,22|14,18,27,30,31,32
3,11,19,21,22,34|7,9,12,16,31,40|13,18,20,25,30,32
3,11,19,32,38,39|6,7,9,12,13,22|10,16,18,29,30,31
3,14,15,18,22,34|6,10,17,19,21,30|7,9,11,12,39,40
3,14,15,19,28,34|6,7,9,12,13,22|10,11,18,29,30,39
3,14,16,18,32,38|6,7,9,12,13,22|10,19,20,29,30,39
3,14,16,19,20,34|6,7,9,12,13,22|10,11,18,29,30,39
3,16,17,29,31,33|6,7,9,12,13,22|11,18,26,30,39,40
3,16,19,31,32,38|6,7,9,12,13,22|10,11,18,29,30,39
3,17,21,22,29,33|6,13,19,26,28,30|7,9,11,12,39,40
3,19,21,22,32,38|7,9,11,12,13,14|10,16,18,29,30,31
2,7,11,19,25,35|3,9,27,30,32,40|14,18,26,29,33,34
2,7,14,18,20,35|3,9,27,30,32,40|19,26,29,31,33,34
2,9,11,19,27,30|3,7,25,32,35,40|14,18,26,29,33,34
1,3,18,25,30,35|2,7,9,17,31,40|12,19,27,29,34,38
2,7,9,17,31,40|3,10,14,18,30,35|12,19,27,29,34,38
1,3,7,14,17,35|2,9,11,18,27,30|19,25,26,29,33,34
1,3,7,25,29,35|2,9,11,18,27,30|14,17,19,26,33,34
1,3,9,27,29,30|2,7,11,18,25,35|14,17,19,26,33,34
2,7,11,18,25,35|3,9,19,26,30,31|17,27,32,33,34,40
2,7,18,22,28,35|3,9,19,26,30,31|17,27,32,33,34,40
2,7,19,20,25,35|3,9,14,18,26,30|17,27,32,33,34,40
2,9,19,20,27,30|3,7,10,14,29,35|17,18,25,32,33,34
2,17,18,27,30,32|3,7,10,14,29,35|9,19,20,25,33,34
1,3,7,14,29,35|2,9,18,25,30,40|17,19,31,32,33,34
1,6,9,21,33,40|2,3,14,16,19,32|8,17,18,20,29,39
1,8,9,14,16,18|2,3,6,19,21,32|11,13,17,29,31,33
1,9,14,16,33,40|2,3,6,19,21,32|8,17,18,20,29,39
2,3,14,16,19,32|6,11,13,18,22,34|17,20,29,33,39,40
1,2,3,13,29,31|6,8,9,10,18,21|11,15,19,22,27,34
1,6,9,13,28,33|2,3,11,18,32,39|10,16,19,29,31,38
1,6,17,18,21,38|2,3,13,25,32,40|8,9,10,11,19,39
1,8,9,16,18,25|2,3,19,20,32,39|10,13,29,31,38,40
1,8,9,16,27,40|2,3,11,18,32,39|6,13,19,22,26,38
1,8,9,18,20,39|2,3,13,25,32,40|6,14,19,27,28,34
1,8,9,18,21,28|2,3,13,25,32,40|6,15,19,20,27,34
1,8,18,26,29,39|2,3,13,25,32,40|6,14,19,27,28,34
1,9,11,13,31,33|2,3,16,19,25,32|6,10,18,21,29,38
1,9,13,14,20,33|2,3,11,18,32,39|6,19,22,27,31,34
1,9,16,25,33,40|2,3,11,18,32,39|6,13,19,22,26,38
1,9,20,33,39,40|2,3,16,18,31,32|6,13,19,22,26,38
1,9,21,28,33,40|2,3,11,18,32,39|6,13,19,22,26,38
1,11,17,19,38,39|2,3,13,25,32,40|6,8,9,10,18,21
1,13,14,26,29,33|2,3,11,18,32,39|6,15,19,20,27,34
1,13,17,31,32,33|6,8,9,10,18,21|11,15,19,22,27,34
1,13,17,31,38,40|2,3,11,18,32,39|6,14,19,27,28,34
1,14,16,17,18,38|2,3,13,25,32,40|6,15,19,20,27,34
1,16,17,19,31,38|2,3,11,18,32,39|6,9,10,21,33,40
1,16,18,25,29,38|2,3,19,20,32,39|6,9,10,21,33,40
1,16,27,29,32,33|6,8,9,10,18,21|11,13,14,19,26,38
1,16,27,29,38,40|2,3,11,18,32,39|8,9,10,19,21,22
1,17,19,21,22,38|2,3,11,18,32,39|8,9,10,13,31,40
1,18,20,29,38,39|2,3,13,25,32,40|6,14,19,27,28,34
1,18,21,28,29,38|2,3,13,25,32,40|6,15,19,20,27,34
1,26,29,33,39,40|2,3,16,18,31,32|6,14,19,27,28,34
2,3,11,18,32,39|6,9,10,21,33,40|8,13,17,20,27,29
2,3,13,25,32,40|6,8,9,10,18,21|11,14,19,27,31,34
2,3,16,18,31,32|6,9,10,21,33,40|8,13,17,20,27,29
2,3,16,19,25,32|6,8,9,10,18,21|14,17,27,29,31,33
2,3,18,21,22,32|6,14,19,27,28,34|8,9,10,13,31,40
2,3,19,20,32,39|6,8,9,10,18,21|11,16,17,27,29,33
2,3,19,21,28,32|6,11,15,18,27,34|8,9,10,13,31,40
6,8,9,10,18,21|11,13,14,19,26,38|15,17,22,27,29,33
6,11,15,18,27,34|8,9,10,13,31,40|19,21,22,26,32,33
6,13,18,20,28,34|8,9,10,11,19,39|14,17,27,29,31,33
6,14,18,22,27,34|8,9,10,11,19,39|13,17,20,25,29,33
6,15,18,27,32,38|8,9,10,11,19,39|13,17,20,25,29,33
6,15,19,20,27,34|8,9,10,13,31,40|14,16,18,26,32,33
6,18,21,26,38,40|8,9,10,11,19,39|13,17,20,25,29,33
6,19,22,27,31,34|8,9,10,14,16,18|13,17,20,25,29,33
8,9,10,11,19,39|13,17,20,25,29,33|14,16,18,26,38,40
8,9,10,13,31,40|11,15,19,22,27,34|14,16,18,26,32,33
8,9,10,14,16,18|11,13,19,20,25,34|15,17,22,27,29,33
8,13,18,26,31,32|9,10,14,16,33,40|11,15,19,22,27,34
9,10,14,16,33,40|11,13,18,20,31,34|15,19,22,27,32,38
10,13,29,31,32,33|11,15,19,22,27,34|14,16,18,26,38,40
10,13,29,31,38,40|11,15,19,22,27,34|14,16,18,26,32,33
11,13,14,19,26,38|15,17,22,27,29,33|16,18,20,25,34,40
11,15,19,22,27,34|13,17,20,25,29,33|14,16,18,26,38,40
1,2,3,13,14,29|6,8,9,10,19,21|11,16,18,25,34,40
1,2,3,29,39,40|6,8,9,10,19,21|11,13,14,18,20,34
1,6,9,13,22,33|2,3,11,19,32,39|14,18,25,31,34,40
1,8,9,11,18,39|2,3,13,31,32,40|6,10,19,21,29,38
1,8,9,13,25,40|2,3,6,18,21,32|10,14,16,19,29,38
1,8,9,16,18,31|2,3,11,19,32,39|6,15,17,27,29,33
1,8,9,16,19,25|2,3,6,18,21,32|10,13,14,29,38,40
1,8,9,18,21,22|2,3,11,19,32,39|6,15,17,27,29,33
1,8,9,19,20,39|2,3,6,18,21,32|10,13,14,29,38,40
1,8,9,19,21,28|2,3,13,31,32,40|6,15,17,27,29,33
1,9,11,13,14,33|2,3,6,18,21,32|15,19,25,28,34,40
1,9,11,33,39,40|2,3,6,18,21,32|10,14,16,19,29,38
1,9,16,31,33,40|2,3,6,18,21,32|8,11,13,17,27,29
1,11,18,29,38,39|2,3,13,31,32,40|6,8,9,10,19,21
1,13,14,17,32,33|6,8,9,10,19,21|11,16,18,25,34,40
1,13,25,29,32,33|6,8,9,10,19,21|11,18,20,34,39,40
1,13,25,29,38,40|2,3,6,18,21,32|8,9,10,14,16,19
1,16,18,29,31,38|2,3,11,19,32,39|8,9,10,13,14,40
1,16,19,25,29,38|2,3,6,18,21,32|8,9,10,13,14,40
1,17,32,33,39,40|6,8,9,10,19,21|11,13,14,18,20,34
1,18,21,22,29,38|2,3,11,19,32,39|8,9,10,13,14,40
1,19,20,29,38,39|2,3,6,18,21,32|8,9,10,13,14,40
2,3,14,16,18,32|6,8,9,10,19,21|11,13,17,25,29,33
8,9,10,14,16,19|11,13,17,25,29,33|15,18,28,31,34,40
8,11,13,17,27,29|14,16,19,26,32,33|15,18,22,25,34,40
1,2,3,13,14,17|6,15,18,20,27,34|8,9,10,16,19,25
1,2,3,13,25,29|6,10,17,19,21,38|11,14,18,27,31,34
1,2,3,17,39,40|6,9,10,13,22,33|8,16,19,26,27,32
1,6,9,15,27,33|2,3,10,13,14,29|11,18,26,38,39,40
1,6,10,19,21,34|2,3,13,14,26,40|11,16,18,27,32,38
1,8,9,11,13,27|2,3,6,19,21,26|10,16,18,29,31,38
1,8,13,17,27,32|2,3,6,19,21,26|9,10,11,33,39,40
1,8,17,19,26,39|2,3,10,13,14,29|6,15,18,20,27,34
1,9,11,13,25,33|2,3,6,19,21,26|8,10,17,18,32,39
1,9,13,20,31,33|2,3,6,19,21,26|8,10,17,18,32,39
1,9,13,22,28,33|2,3,6,19,21,26|8,10,17,18,32,39
1,10,13,14,34,40|2,3,6,19,21,26|11,16,18,27,32,38
1,10,14,16,19,34|2,3,18,20,32,39|15,17,27,28,29,33
1,11,13,27,29,38|2,3,6,19,21,26|8,9,10,16,18,31
1,11,17,18,38,39|2,3,6,19,21,26|8,9,10,13,25,40
1,13,17,25,32,33|2,3,6,19,21,26|8,9,10,11,18,39
1,13,17,25,38,40|2,3,6,19,21,26|8,9,10,11,18,39
1,13,26,29,31,33|2,3,16,18,25,32|6,10,17,19,21,38
1,16,17,18,31,38|2,3,6,19,21,26|8,9,10,13,25,40
1,16,17,19,25,38|2,3,10,13,14,29|6,15,18,20,27,34
1,17,18,21,22,38|2,3,10,13,14,29|6,19,27,28,31,34
1,17,19,20,38,39|2,3,10,13,14,29|6,18,22,27,31,34
1,17,19,21,28,38|2,3,10,13,14,29|6,15,18,20,27,34
2,3,6,19,21,26|8,9,10,11,18,39|13,20,27,32,38,40
2,3,10,13,14,29|6,15,18,20,27,34|16,19,25,26,32,33
2,3,10,29,39,40|6,13,18,22,26,38|11,14,19,25,27,34
2,3,13,14,26,40|6,10,17,19,21,38|11,15,18,22,27,34
2,3,16,18,25,32|6,9,10,13,22,33|11,15,19,27,28,34
2,3,18,20,32,39|6,9,10,13,22,33|11,14,19,25,27,34
2,3,18,21,28,32|6,9,10,13,22,33|11,14,19,25,27,34
6,13,18,22,26,38|8,9,10,16,19,25|15,17,27,28,29,33
6,13,19,26,28,38|8,9,10,11,18,39|14,17,25,27,29,33
6,14,18,27,28,34|8,9,10,13,25,40|19,20,26,32,33,39
6,15,18,20,27,34|8,9,10,13,25,40|19,21,26,28,32,33
6,18,22,27,31,34|8,9,10,13,25,40|19,20,26,32,33,39
6,19,27,28,31,34|8,9,10,11,18,39|13,25,26,32,33,40
8,9,10,11,18,39|13,14,19,20,26,38|15,17,27,28,29,33
8,9,10,13,25,40|11,14,18,27,31,34|19,20,26,32,33,39
8,9,10,16,18,31|11,13,20,27,34,40|19,21,26,28,32,33
8,9,10,16,19,25|11,13,14,18,26,38|15,17,27,28,29,33
8,9,10,18,21,22|11,13,19,26,31,38|14,17,25,27,29,33
8,9,10,19,20,39|11,13,14,18,26,38|15,17,27,28,29,33
8,9,10,19,21,28|11,13,14,18,26,38|16,17,20,27,29,33
8,13,18,25,26,32|9,10,11,33,39,40|14,19,20,27,31,34
9,10,16,31,33,40|11,13,14,18,26,38|15,19,20,22,27,34
10,11,18,29,38,39|13,25,26,32,33,40|14,19,20,27,31,34
10,13,14,17,32,33|11,15,18,22,27,34|16,19,25,26,38,40
10,13,14,17,38,40|11,15,18,22,27,34|16,19,25,26,32,33
10,13,25,29,32,33|11,14,18,27,31,34|19,20,26,38,39,40
10,13,25,29,38,40|11,14,18,27,31,34|19,20,26,32,33,39
10,16,18,29,31,38|11,13,20,27,34,40|19,21,26,28,32,33
10,16,19,25,29,38|11,13,20,27,34,40|18,21,22,26,32,33
10,17,32,33,39,40|11,13,14,18,26,38|15,19,20,22,27,34
10,18,21,22,29,38|11,13,20,27,34,40|16,19,25,26,32,33
10,19,20,29,38,39|11,14,18,27,31,34|13,25,26,32,33,40
1,2,3,13,17,31|6,15,19,26,27,38|8,9,10,16,18,25
1,2,3,16,27,29|6,9,10,13,28,33|18,20,26,38,39,40
1,8,9,13,20,27|2,3,6,18,21,26|10,11,17,19,38,39
1,8,17,18,26,39|2,3,10,13,29,31|6,19,25,27,28,34
1,9,11,16,27,33|2,3,6,18,21,26|10,13,17,31,38,40
1,9,13,20,25,33|2,3,6,18,21,26|10,11,17,19,38,39
1,9,14,27,31,33|2,3,6,18,21,26|10,11,17,19,38,39
1,9,15,22,27,33|2,3,6,18,21,26|10,11,17,19,38,39
1,10,11,19,34,39|2,3,6,18,21,26|17,25,27,29,31,33
1,10,17,29,33,39|2,3,6,18,21,26|11,19,25,27,31,34
1,10,19,21,22,34|2,3,11,13,27,32|16,18,25,26,38,40
1,10,19,32,38,39|2,3,6,18,21,26|17,25,27,29,31,33
1,13,20,27,29,38|2,3,6,18,21,26|9,10,16,25,33,40
1,13,25,26,29,33|6,10,17,18,21,38|15,19,20,27,28,34
1,16,17,18,25,38|2,3,10,13,29,31|15,19,20,27,28,34
1,16,17,27,38,40|2,3,6,18,21,26|9,10,11,13,31,33
1,17,18,20,38,39|2,3,10,13,29,31|6,19,25,27,28,34
1,17,18,21,28,38|2,3,10,13,29,31|14,19,20,25,27,34
1,17,26,33,39,40|2,3,10,13,29,31|6,18,22,25,27,34
2,3,11,19,26,39|6,9,10,13,28,33|14,18,20,27,31,34
2,3,13,26,31,40|6,10,17,18,21,38|14,19,20,25,27,34
2,3,14,16,18,26|6,9,10,13,28,33|11,19,25,27,31,34
2,3,16,19,26,31|6,9,10,13,28,33|11,14,18,25,27,34
2,3,19,21,22,26|6,9,10,13,28,33|11,14,18,25,27,34
9,10,16,25,33,40|11,13,18,26,31,38|15,19,20,27,28,34
9,10,21,28,33,40|11,13,18,26,31,38|14,19,20,25,27,34
1,9,14,25,27,33|2,3,10,17,39,40|13,18,20,26,31,38
2,9,19,23,27,32|3,18,29,31,34,38|7,14,26,33,35,40
3,8,9,18,31,34|7,10,14,29,33,35|17,19,27,30,32,38
1,7,12,13,25,34|2,10,17,18,23,39|3,16,27,32,33,38
2,16,19,23,26,27|3,8,9,10,33,39|7,12,13,17,25,38
1,3,9,13,23,25|2,8,16,18,27,38|7,12,26,29,33,39
1,7,12,13,31,34|2,8,16,18,27,38|3,9,10,23,39,40
1,10,19,30,38,39|2,13,18,23,26,31|3,6,15,27,33,34
2,8,16,18,27,38|3,9,10,13,14,23|7,12,26,29,33,39
2,8,18,26,33,39|3,9,10,13,14,23|7,12,16,27,29,38
3,9,10,13,14,23|7,12,16,27,29,38|18,20,26,30,33,39
3,9,10,23,39,40|7,12,13,17,31,38|8,16,18,26,27,30
3,18,23,26,32,39|7,8,9,12,16,27|10,13,17,30,31,33
1,2,13,23,27,29|3,8,16,18,25,34|7,9,11,12,33,39
1,2,17,18,23,39|3,6,13,28,33,34|8,16,19,26,27,30
1,3,8,9,33,39|2,13,14,18,23,26|15,19,27,28,30,38
1,3,9,13,23,31|2,8,16,19,27,38|7,12,17,32,33,39
2,8,13,18,25,38|3,16,17,23,27,29|7,9,11,12,33,39
2,8,13,27,38,40|3,19,23,26,32,39|7,9,12,16,31,33
2,8,19,26,33,39|3,16,17,23,27,29|13,18,20,25,30,38
2,10,18,23,29,39|3,6,13,28,33,34|8,16,19,26,27,30
2,13,14,18,23,26|3,8,16,27,34,40|7,9,11,12,33,39
2,13,19,23,26,31|3,8,16,18,25,34|7,9,11,12,33,39
2,16,18,23,27,32|3,6,13,28,33,34|7,12,17,38,39,40
2,16,18,31,33,38|3,19,23,26,32,39|7,8,9,12,13,25
2,18,23,26,39,40|3,6,13,28,33,34|14,19,25,27,30,38
3,6,13,28,33,34|7,12,17,38,39,40|8,16,19,26,27,30
3,8,16,18,25,34|7,9,11,12,33,39|13,20,27,30,38,40
3,8,16,27,34,40|7,9,11,12,33,39|13,18,20,25,30,38
3,8,18,20,34,39|7,9,12,16,31,33|14,19,25,27,30,38
3,8,18,21,28,34|7,9,11,12,33,39|13,20,27,30,38,40
3,11,13,31,33,34|7,12,17,38,39,40|8,16,19,26,27,30
3,13,14,20,33,34|7,12,17,38,39,40|8,16,19,26,27,30
3,16,17,23,27,29|7,8,9,12,13,25|11,18,26,30,33,39
3,19,23,26,32,39|7,8,9,12,13,25|11,16,18,27,30,38
3,20,33,34,39,40|7,8,9,12,13,25|11,16,18,27,30,38
3,21,28,33,34,40|7,8,9,12,13,25|11,16,18,27,30,38
1,3,9,13,14,23|2,6,18,21,33,38|8,10,17,19,30,39
1,3,9,23,39,40|2,6,18,21,33,38|8,13,19,25,26,30
1,13,17,30,31,33|2,10,19,23,29,39|3,8,18,21,22,34
2,13,14,19,23,26|3,8,11,18,34,39|6,7,9,12,21,33
2,13,18,23,25,32|3,8,19,20,34,39|6,7,9,12,21,33
2,13,23,27,32,40|3,8,11,18,34,39|6,7,9,12,21,33
3,8,11,18,34,39|6,7,9,12,21,33|13,19,20,25,30,38
3,8,13,25,34,40|6,7,9,12,21,33|11,16,19,27,30,38
3,8,16,18,31,34|6,7,9,12,21,33|11,13,27,30,38,40
3,8,16,19,25,34|6,7,9,12,21,33|11,13,27,30,38,40
3,8,18,21,22,34|7,9,12,14,16,33|11,13,27,30,38,40
3,8,19,20,34,39|6,7,9,12,21,33|11,13,18,25,30,38
3,8,19,21,28,34|6,15,18,27,30,38|7,9,12,14,16,33
3,11,33,34,39,40|6,15,18,27,30,38|7,8,9,12,13,31
3,13,17,23,25,29|6,7,9,12,21,33|11,16,19,27,30,38
3,21,22,33,34,40|6,15,18,27,30,38|7,8,9,12,13,31
1,2,18,23,29,39|3,6,21,33,34,40|7,8,9,12,13,14
2,8,18,32,33,39|3,13,17,23,29,31|6,15,19,27,30,38
2,8,18,38,39,40|3,13,17,23,29,31|6,19,21,26,30,33
2,13,19,23,25,32|3,6,8,18,21,34|7,12,29,38,39,40
3,6,8,18,21,34|7,12,13,14,29,38|16,27,30,32,33,40
3,8,13,31,34,40|6,15,19,27,30,38|7,12,29,32,33,39
3,8,14,16,18,34|6,15,19,27,30,38|7,12,29,32,33,39
3,8,16,19,31,34|6,13,18,28,30,38|7,12,29,32,33,39
3,8,19,21,22,34|6,13,18,28,30,38|7,12,29,32,33,39
3,13,17,23,29,31|6,15,19,27,30,38|7,8,9,12,39,40
1,2,19,23,29,39|3,8,13,14,34,40|16,18,30,31,32,33
2,8,13,14,19,38|3,17,23,29,39,40|16,18,30,31,32,33
2,8,19,32,33,39|3,13,14,17,23,29|16,18,30,31,38,40
2,8,19,38,39,40|3,13,14,17,23,29|16,18,30,31,32,33
1,2,18,27,32,34|3,9,19,26,31,38|7,10,17,25,35,40
2,18,20,27,29,34|3,9,14,19,26,38|7,10,17,31,35,40
1,3,19,25,35,38|2,12,18,27,29,34|7,9,14,17,26,40
1,7,11,27,29,35|2,9,14,19,26,33|3,17,18,31,32,34
1,7,17,25,35,40|2,8,9,18,27,32|3,19,26,29,31,34
2,8,9,18,27,32|3,19,26,29,31,34|7,10,14,17,35,40
2,9,14,19,26,33|3,17,18,31,32,34|7,10,25,29,35,40
2,9,18,25,32,33|3,19,26,29,31,34|7,10,14,17,35,40
2,11,18,27,29,34|3,9,19,25,32,38|7,10,14,17,35,40
2,18,27,29,32,38|3,9,11,19,25,34|7,10,14,17,35,40
2,19,20,27,29,34|3,9,18,31,32,38|7,10,14,17,35,40
3,9,19,22,28,34|7,10,14,17,35,40|18,26,27,29,30,32
3,14,18,26,29,34|7,20,27,32,35,40|9,10,17,19,30,31
3,17,18,31,32,34|6,7,19,26,28,35|9,10,27,29,30,40
3,17,19,25,32,34|6,7,18,22,26,35|9,10,27,29,30,40
3,19,26,29,31,34|7,10,14,17,35,40|9,18,20,27,30,32
1,3,14,18,35,38|2,12,19,27,29,34|7,9,17,25,32,40
1,2,10,19,30,39|3,7,9,12,16,31|6,18,21,26,33,38
1,3,13,17,25,30|2,7,12,16,27,29|6,18,21,26,33,38|9,10,19,20,23,39
1,9,11,13,23,27|2,3,8,19,26,39|15,18,25,28,33,34
1,13,17,23,27,32|2,3,8,19,26,39|15,18,25,28,33,34
1,13,17,31,33,38|2,3,8,19,26,39|9,10,18,21,22,23
1,16,27,29,33,38|2,3,8,19,26,39|9,10,13,23,25,40
1,17,19,23,26,39|2,3,8,13,27,32|15,18,25,28,33,34
2,3,8,13,27,32|6,18,21,26,33,38|9,10,16,19,23,25
2,3,8,19,26,39|9,10,13,23,25,40|18,20,21,28,33,34
2,3,11,18,38,39|8,9,10,13,31,33|16,19,23,26,27,32
2,3,13,25,38,40|8,15,18,27,28,34|9,10,19,20,23,39
2,3,18,21,22,38|8,9,10,13,31,33|16,19,23,26,27,32
2,7,12,13,17,31|3,11,18,26,30,39|9,10,16,19,23,25|15,27,28,33,34,40
2,7,12,16,27,29|3,10,13,14,17,30|6,18,21,26,33,38
2,14,18,25,27,30|3,7,9,11,12,39|10,13,29,31,33,38
2,15,18,27,28,30|3,7,9,11,12,39|8,13,19,25,26,38
2,16,18,20,27,30|3,7,9,11,12,39|8,13,19,25,26,38
2,19,25,27,30,31|3,7,9,11,12,39|6,18,21,26,33,38
3,7,9,11,12,39|6,18,21,26,33,38|8,19,25,27,31,34
3,7,9,12,16,31|6,18,21,26,33,38|10,13,23,27,29,32
3,7,9,12,21,22|8,10,17,19,38,39|13,18,23,25,26,32|15,27,28,33,34,40
3,7,12,17,32,39|6,18,21,26,33,38|8,19,25,27,31,34
3,10,13,14,17,30|6,18,21,26,33,38|8,19,25,27,31,34
3,10,17,30,39,40|6,18,21,26,33,38|8,19,25,27,31,34
3,13,20,27,30,32|6,18,21,26,33,38|9,10,16,19,23,25
3,13,25,26,30,40|8,10,17,19,38,39|18,20,21,28,33,34
3,16,18,26,30,31|8,10,17,19,38,39|14,25,27,33,34,40
8,10,17,19,38,39|13,18,23,25,26,32|15,27,28,33,34,40
8,13,18,26,31,38|9,10,16,19,23,25|15,27,28,33,34,40
8,13,19,25,26,38|9,10,11,18,23,39|15,27,28,33,34,40
8,14,18,25,27,34|9,10,19,20,23,39|13,26,31,33,38,40
8,15,18,27,28,34|9,10,13,23,25,40|11,19,26,33,38,39
8,16,18,20,27,34|9,10,13,23,25,40|11,19,26,33,38,39
1,2,10,18,30,39|3,7,9,12,16,25|8,13,26,27,32,33
1,13,17,25,33,38|2,3,8,18,26,39|9,10,16,23,27,40
2,7,12,13,17,25|3,10,16,27,29,30|11,18,26,33,38,39
2,18,25,27,30,31|3,7,9,12,20,39|10,13,14,17,33,38
1,3,13,14,17,30|6,8,15,18,27,34|16,19,25,32,33,38
1,3,13,25,29,30|6,8,15,18,27,34|9,10,14,16,19,23
1,3,17,30,39,40|2,7,12,13,29,31|6,8,15,18,27,34|9,10,14,16,19,23
1,8,9,13,31,33|2,3,6,19,21,38|10,18,23,29,32,39
1,9,11,18,23,39|2,3,6,19,21,38|8,16,17,27,29,33
1,9,13,23,25,40|2,3,6,19,21,38|8,16,17,27,29,33
1,9,16,18,23,31|2,3,6,19,21,38|8,11,13,27,34,40
1,9,16,19,23,25|2,3,8,18,32,39|6,15,27,33,34,40
1,9,18,21,22,23|2,3,13,14,32,33|8,10,19,29,38,39
1,9,19,20,23,39|2,3,13,14,32,33|6,8,15,18,27,34
1,9,19,21,23,28|2,3,8,18,32,39|6,15,27,33,34,40
1,13,23,27,29,32|2,3,6,19,21,38|11,16,18,31,33,34
1,13,29,31,33,38|2,3,8,18,32,39|6,9,10,19,21,23
1,17,18,23,32,39|2,3,6,19,21,38|8,11,13,27,34,40
1,19,23,26,29,39|2,3,13,14,32,33|6,8,15,18,27,34
2,3,8,18,32,39|6,9,10,19,21,23|11,13,25,33,34,40
2,3,32,33,39,40|6,8,15,18,27,34|9,10,14,16,19,23
2,6,15,18,27,30|3,7,12,29,32,39|8,13,14,19,26,38
2,7,12,13,29,31|3,6,19,21,26,30|11,18,32,33,38,39
2,11,13,18,25,30|3,7,12,29,32,39|6,9,10,19,21,23
2,11,13,27,30,40|3,7,12,29,32,39|6,9,10,19,21,23|14,15,18,28,33,34
2,11,16,19,27,30|3,7,12,29,32,39|6,15,18,25,33,34|9,10,13,14,23,40
2,13,18,20,30,31|3,7,12,29,32,39|6,9,10,19,21,23
2,13,18,22,28,30|3,7,12,29,32,39|6,9,10,19,21,23
2,13,19,20,25,30|3,7,12,29,32,39|6,8,15,18,27,34
2,14,19,27,30,31|3,7,12,29,32,39|6,15,18,25,33,34
2,15,19,22,27,30|3,7,12,29,32,39|6,16,18,28,33,34|9,10,13,14,23,40
3,7,12,29,32,39|6,8,15,18,27,34|9,10,13,14,23,40
3,10,13,14,29,30|6,8,15,18,27,34|16,19,25,32,33,38
3,10,29,30,39,40|6,8,15,18,27,34|13,19,23,26,31,32
3,13,14,26,30,40|6,8,15,18,27,34|16,19,25,32,33,38
3,14,16,19,26,30|6,8,15,18,27,34|13,25,32,33,38,40
3,16,18,25,30,32|6,9,10,19,21,23|8,11,13,27,34,40
3,16,27,30,32,40|6,9,10,19,21,23|8,11,13,18,25,34
3,18,20,30,32,39|6,9,10,19,21,23|8,11,13,27,34,40
3,18,21,28,30,32|6,15,27,33,34,40|8,10,19,29,38,39
6,8,15,18,27,34|9,10,13,14,23,40|16,19,25,32,33,38
6,15,27,33,34,40|8,10,19,29,38,39|13,14,18,23,26,32
8,11,13,27,34,40|9,10,14,16,19,23|18,21,22,32,33,38
8,11,16,19,27,34|9,10,13,14,23,40|18,21,22,32,33,38
8,13,27,32,38,40|9,10,14,16,19,23|11,18,21,22,33,34
8,15,19,22,27,34|9,10,13,14,23,40|11,18,32,33,38,39
8,16,19,27,32,38|9,10,13,14,23,40|11,18,21,22,33,34
8,19,26,38,39,40|11,13,17,23,27,29|14,15,18,28,33,34
1,2,3,29,33,39|6,9,10,18,21,23|8,13,19,26,31,38
1,3,13,17,30,31|6,9,10,18,21,23|8,14,19,25,27,34
1,3,16,27,29,30|2,7,12,13,14,17|6,9,10,18,21,23|15,19,25,28,33,34
1,8,9,13,25,33|2,3,6,18,21,38|10,17,19,23,32,39
1,8,13,27,29,38|2,7,12,17,39,40|3,6,18,21,26,30|9,10,16,19,23,31
1,8,17,18,38,39|2,3,13,31,32,33|9,10,19,21,22,23
1,9,16,18,23,25|2,3,11,19,38,39|8,13,20,27,34,40
1,9,16,23,27,40|2,3,6,18,21,38|15,19,25,28,33,34
1,9,18,20,23,39|2,3,13,31,32,33|8,14,19,25,27,34
1,9,18,21,23,28|2,3,11,19,38,39|8,13,20,27,34,40
1,13,14,17,33,38|2,11,16,18,27,30|3,6,7,9,12,21
1,13,25,29,33,38|2,7,12,17,39,40|3,6,18,21,26,30|8,15,19,27,28,34
1,17,33,38,39,40|2,7,12,13,25,29|3,6,18,21,26,30|8,15,19,27,28,34
1,18,23,26,29,39|2,3,13,31,32,33|8,14,19,25,27,34
2,3,11,19,38,39|6,9,10,18,21,23|8,13,20,27,34,40
2,3,13,31,32,33|6,9,10,18,21,23|8,14,19,25,27,34
2,3,13,31,38,40|6,9,10,18,21,23|8,14,19,25,27,34
2,3,14,16,18,38|8,9,10,33,39,40|13,17,20,23,27,29
2,3,16,19,31,38|6,9,10,18,21,23|8,13,20,27,34,40
2,7,12,13,14,17|3,6,18,21,26,30|8,9,10,33,39,40
2,7,12,13,25,29|3,6,18,21,26,30|8,9,10,33,39,40
2,7,12,17,39,40|3,6,18,21,26,30|8,9,10,13,14,33
2,11,16,18,27,30|3,6,7,9,12,21|8,13,19,26,31,38
2,13,18,20,25,30|3,6,7,9,12,21|8,15,19,27,28,34|10,29,33,38,39,40
2,13,20,27,30,40|3,6,7,9,12,21|8,10,18,29,38,39|15,19,25,28,33,34
2,14,18,27,30,31|3,6,7,9,12,21|10,17,19,23,32,39|13,20,25,33,34,40
2,14,19,25,27,30|3,6,7,9,12,21|8,10,18,29,38,39
2,15,18,22,27,30|3,6,7,9,12,21|8,13,19,26,31,38
2,15,19,27,28,30|3,6,7,9,12,21|8,10,18,29,38,39|13,20,25,33,34,40
2,16,19,20,27,30|3,6,7,9,12,21|8,10,18,29,38,39
3,6,7,9,12,21|8,10,18,29,38,39|11,16,27,33,34,40|13,19,23,25,26,32
3,7,9,12,14,16|6,19,21,26,33,38|8,13,18,20,25,34
3,10,13,29,30,31|6,19,21,26,33,38|8,11,16,18,27,34
3,11,13,27,30,32|6,9,10,18,21,23|14,16,19,26,33,38
3,11,19,26,30,39|6,9,10,18,21,23|8,13,20,27,34,40
3,13,26,30,31,40|6,9,10,18,21,23|8,14,19,25,27,34
3,14,16,18,26,30|8,9,10,33,39,40|13,17,20,23,27,29
3,16,19,26,30,31|6,9,10,18,21,23|8,13,20,27,34,40
6,9,10,18,21,23|8,13,19,26,31,38|11,16,27,33,34,40
6,19,21,26,33,38|8,11,16,18,27,34|9,10,13,23,31,40
8,10,18,29,38,39|11,16,27,33,34,40|13,19,23,25,26,32
8,13,14,18,26,38|9,10,11,19,23,39|15,22,27,33,34,40
8,13,18,20,25,34|9,10,11,19,23,39|16,27,32,33,38,40
8,13,19,26,31,38|9,10,14,16,18,23|15,22,27,33,34,40
8,13,20,27,34,40|9,10,11,19,23,39|16,18,25,32,33,38
8,14,19,25,27,34|9,10,13,23,31,40|18,20,32,33,38,39
8,15,18,22,27,34|9,10,11,19,23,39|13,14,26,33,38,40
8,15,19,27,28,34|9,10,13,23,31,40|16,18,25,32,33,38
8,16,18,27,32,38|9,10,11,19,23,39|13,20,25,33,34,40
8,16,19,20,27,34|9,10,13,23,31,40|18,21,28,32,33,38
1,3,13,14,29,30|6,11,19,21,33,34|8,18,32,38,39,40
1,3,29,30,39,40|6,8,13,18,22,34|14,16,19,32,33,38
3,19,21,22,30,32|6,14,15,18,33,34|13,17,23,25,29,40
1,3,13,29,30,31|6,8,15,19,27,34|14,16,18,32,33,38
1,6,9,18,21,23|2,3,8,19,32,39|11,13,31,33,34,40
1,8,9,13,14,33|2,6,15,19,27,30|16,17,18,23,25,29
1,8,18,29,38,39|2,6,15,19,27,30|11,13,31,33,34,40
1,9,13,23,31,40|2,3,8,19,32,39|6,11,18,21,33,34
1,9,14,16,18,23|2,3,8,19,32,39|6,13,28,33,34,40
2,3,8,19,32,39|6,11,18,21,33,34|16,17,23,27,29,40
2,7,12,13,14,29|3,11,18,30,32,39|6,8,15,19,27,34
2,7,12,29,39,40|3,16,18,30,31,32|6,8,15,19,27,34
2,11,13,19,25,30|6,15,18,31,33,34|16,17,23,27,29,40
2,13,19,20,30,31|6,11,18,21,33,34|16,17,23,27,29,40
2,13,19,22,28,30|6,11,18,21,33,34|16,17,23,27,29,40
3,13,25,30,32,40|6,8,15,19,27,34|17,18,20,23,29,39
3,19,20,30,32,39|6,8,13,18,28,34|16,17,23,27,29,40
3,19,21,28,30,32|6,15,18,31,33,34|16,17,23,27,29,40
6,8,15,19,27,34|13,31,32,33,38,40|16,17,18,23,25,29
6,11,18,21,33,34|8,13,19,25,32,38|16,17,23,27,29,40
6,15,18,31,33,34|8,13,19,25,32,38|16,17,23,27,29,40
6,15,19,25,33,34|8,13,18,31,32,38|16,17,23,27,29,40
6,18,21,32,33,38|8,11,13,19,25,34|16,17,23,27,29,40
6,19,20,21,33,34|8,13,18,31,32,38|16,17,23,27,29,40
8,13,18,31,32,38|11,19,21,22,33,34|16,17,23,27,29,40
6,11,16,26,29,34|8,12,15,17,25,35|9,14,22,31,32,38
6,14,26,29,31,34|8,12,15,17,25,35|9,11,16,22,32,38
6,16,26,29,32,38|8,12,15,17,25,35|9,11,14,22,31,34
1,8,12,13,17,35|2,3,9,11,16,29|6,15,19,26,32,34
1,9,14,31,34,40|2,3,16,17,29,32|12,15,18,22,35,38
1,9,15,22,34,40|2,3,16,17,29,32|12,14,18,31,35,38
1,16,17,32,34,40|2,3,9,14,29,31|12,15,18,22,35,38
2,3,9,11,16,29|6,15,19,26,32,34|12,13,20,35,38,40
2,3,9,14,29,31|6,15,19,26,32,34|11,12,16,18,35,38
6,15,19,26,32,34|8,10,12,13,29,35|9,11,16,17,38,40
1,9,10,16,29,38|2,3,12,14,27,35|15,18,26,28,32,34
1,9,16,26,38,40|2,3,12,14,27,35|10,11,13,17,32,34
1,16,17,26,34,40|2,3,12,14,27,35|9,10,11,13,32,38
1,25,27,29,32,34|2,3,9,15,17,28|12,13,20,26,33,35
2,3,9,15,17,28|10,14,27,29,32,34|12,13,20,26,33,35
9,10,15,28,34,40|12,13,20,26,33,35|17,25,27,29,32,38
9,11,25,27,29,38|10,12,16,17,33,35|15,18,26,28,32,34
1,2,3,9,16,32|6,17,27,28,29,34|11,12,13,26,33,35
1,8,9,13,26,32|6,17,27,28,29,34|12,18,25,31,35,38
2,3,9,11,16,17|10,13,20,29,32,34|12,18,25,31,35,38
2,3,9,15,17,22|10,13,20,29,32,34|12,18,25,31,35,38
2,3,9,25,29,31|8,10,12,13,17,35|11,16,18,26,32,34
6,9,15,17,26,33|10,13,20,29,32,34|12,18,25,31,35,38
6,9,27,28,29,38|8,10,12,13,17,35|11,16,18,26,32,34
6,17,27,28,29,34|9,10,16,32,38,40|11,12,13,26,33,35
8,9,14,26,27,29|10,16,17,32,34,40|12,18,25,31,35,38
8,10,12,13,17,35|9,11,27,29,31,38|14,19,25,26,32,34
9,10,15,22,34,40|11,12,13,26,33,35|17,27,29,31,32,38
9,10,16,32,38,40|11,12,13,26,33,35|14,17,20,27,29,34
9,14,20,27,29,38|10,16,17,32,34,40|11,12,13,26,33,35
9,15,26,28,29,33|10,16,17,32,34,40|12,18,25,31,35,38
1,9,11,13,32,38|6,17,22,27,29,34|8,12,16,18,26,35
1,9,14,25,34,40|2,3,11,12,13,35|16,17,26,29,32,33
1,9,15,28,34,40|2,3,11,12,13,35|14,17,27,29,32,38
1,9,16,20,34,40|2,3,11,12,13,35|14,17,27,29,32,38
1,11,13,17,32,34|2,3,9,14,25,29|8,12,16,18,26,35
1,12,16,17,33,35|2,3,9,14,25,29|6,15,18,26,32,34
1,14,27,29,32,34|2,3,6,9,15,17|8,12,16,18,26,35
1,16,26,29,34,40|2,3,6,9,15,17|12,14,18,25,35,38
2,3,6,9,15,17|8,12,16,18,26,35|10,11,13,29,32,34
2,3,9,16,20,29|6,15,18,26,32,34|12,14,27,35,38,40
2,3,11,12,13,35|6,9,10,15,34,40|14,17,27,29,32,38
6,9,10,15,34,40|8,12,16,18,26,35|14,17,27,29,32,38
6,15,18,26,32,34|8,9,10,16,17,29|12,14,27,35,38,40
8,9,10,16,17,29|11,13,26,32,34,40|12,14,18,25,35,38
8,9,16,17,26,40|10,11,13,29,32,34|12,14,18,25,35,38
1,9,11,13,30,32|2,8,12,16,18,35|3,6,15,17,29,34
2,6,15,18,32,34|7,11,14,25,29,35|9,16,17,20,30,40
2,11,13,32,34,40|3,6,9,15,29,38|12,14,18,25,30,35
2,11,16,19,32,34|3,6,9,15,29,38|12,14,18,25,30,35
2,14,19,31,32,34|3,6,9,15,29,38|12,16,18,20,30,35
2,15,19,22,32,34|6,7,28,29,31,35|9,14,17,25,30,40
1,2,8,9,13,32|3,11,16,17,29,34|12,18,25,30,31,35
1,2,11,13,29,34|3,8,9,16,17,32|12,18,25,30,31,35
1,3,16,29,32,34|2,6,9,15,17,33|12,18,25,30,31,35
1,13,26,29,30,32|2,6,9,15,17,33|3,12,16,35,38,40
2,11,16,18,32,34|3,9,14,29,31,38|6,7,15,17,20,35
2,13,20,32,34,40|3,9,11,16,29,38|6,7,14,17,28,35
2,14,18,31,32,34|3,9,11,16,29,38|6,7,15,17,20,35
2,14,19,25,32,34|3,9,11,16,29,38|6,7,15,17,20,35
2,15,18,22,32,34|3,9,11,16,29,38|6,7,14,17,28,35
2,15,19,28,32,34|3,9,11,16,29,38|6,7,17,22,31,35
2,16,19,20,32,34|3,9,14,29,31,38|7,11,15,17,22,35
1,2,13,17,20,34|3,12,14,27,35,38|9,10,16,26,30,40
1,2,13,26,29,38|3,6,9,10,15,34|7,17,20,25,31,35
1,2,27,29,31,34|3,8,9,16,17,26|7,10,14,25,32,35
1,3,16,26,29,34|2,8,9,17,27,31|7,10,14,25,32,35
1,9,10,16,17,30|2,12,27,31,33,35|3,11,13,26,32,34
1,9,13,20,26,30|2,10,16,17,34,40|3,12,14,27,35,38
1,9,25,27,30,32|2,10,13,20,29,34|3,12,16,26,33,35
2,9,10,16,38,40|3,11,13,26,32,34|7,17,20,25,31,35
2,11,16,18,26,34|3,9,14,17,25,38|7,10,15,28,32,35
2,13,20,26,34,40|3,9,14,17,25,38|7,10,15,28,32,35
2,14,18,26,31,34|3,9,15,17,28,38|7,10,16,20,32,35
2,14,19,25,26,34|3,9,15,17,28,38|7,10,16,20,32,35
2,15,18,22,26,34|3,9,14,17,25,38|7,10,16,20,32,35
2,15,19,26,28,34|3,9,14,17,25,38|7,10,16,20,32,35
2,16,18,26,32,38|3,6,9,10,15,34|7,17,20,25,31,35
2,16,19,20,26,34|3,9,14,17,25,38|7,10,15,28,32,35
1,2,9,16,38,40|3,14,17,25,29,34|6,7,10,15,32,35
1,2,13,20,29,34|3,6,9,15,17,38|12,25,27,30,35,40
1,2,16,17,34,40|3,9,14,25,29,38|6,7,10,15,32,35
1,3,6,9,15,34|2,8,13,17,26,29|12,25,27,30,35,40
1,7,14,25,32,35|2,6,15,19,26,34|3,9,16,20,29,38
1,7,16,20,32,35|2,6,15,19,26,34|3,9,14,25,29,38
1,9,10,16,29,30|2,6,15,19,26,34|3,11,12,13,35,38
1,9,14,27,30,32|2,6,15,19,26,34|3,11,12,13,35,38
1,9,16,26,30,40|2,12,13,20,33,35|3,14,17,25,29,34
2,6,15,19,26,34|3,9,14,25,29,38|7,11,16,17,20,35
2,14,27,32,34,40|3,6,9,15,17,38|7,20,25,29,31,35
2,15,18,28,32,34|3,8,9,16,26,29|6,7,17,22,25,35
2,16,18,20,32,34|3,6,9,15,17,38|7,22,25,28,29,35
1,2,12,13,17,34|3,6,22,27,35,38|7,9,11,16,26,32
2,10,12,13,29,34|3,6,22,27,35,38|7,9,11,16,26,32
1,2,9,11,13,38|3,10,16,29,32,34|6,7,17,25,28,35
1,2,11,13,17,34|3,9,25,29,31,38|7,10,15,22,32,35
1,3,9,11,16,34|2,10,13,29,32,38|6,7,17,25,28,35
1,3,9,14,31,34|2,10,13,29,32,38|6,7,17,25,28,35
1,3,9,15,22,34|2,10,13,29,32,38|6,7,17,25,28,35
1,3,9,16,32,38|2,6,15,18,26,34|7,11,17,25,31,35
1,6,7,15,26,35|2,8,9,10,13,32|3,17,25,29,31,34
1,7,25,31,32,35|2,6,15,18,26,34|3,9,11,16,17,38
1,9,11,13,26,30|2,12,14,27,33,35|3,10,16,29,32,34
1,9,27,30,31,32|2,6,15,18,26,34|3,12,13,20,35,38
1,10,12,13,30,35|2,6,15,18,26,34|3,9,11,16,17,38
2,6,15,18,26,34|3,9,11,16,17,38|7,10,14,31,32,35
2,11,13,26,34,40|3,9,14,17,31,38|7,10,15,22,32,35
2,11,16,19,26,34|3,9,14,17,31,38|7,10,15,22,32,35
2,12,14,27,33,35|3,9,11,16,17,38|10,13,26,29,30,32
2,14,19,26,31,34|3,9,11,16,17,38|7,10,15,22,32,35
2,15,19,22,26,34|3,9,11,16,17,38|7,10,14,31,32,35
2,18,25,31,32,34|3,8,12,13,26,35|6,9,17,27,28,30
1,10,19,23,34,39|2,3,13,31,33,38|7,12,16,17,27,30
2,3,19,23,32,39|7,12,13,14,17,30|8,16,18,31,33,34
6,15,19,23,27,34|7,12,13,14,17,30|8,18,32,33,38,39
7,12,17,30,39,40|8,16,18,31,33,34|13,19,23,25,32,38
1,9,13,23,31,33|2,3,8,19,38,39|7,12,16,27,29,30
2,3,8,19,38,39|6,15,18,23,27,34|7,12,13,17,30,31
2,3,18,23,32,39|7,12,13,17,30,31|8,16,27,33,34,40
2,3,8,18,38,39|7,12,13,17,25,30|15,19,23,27,28,34
2,3,33,38,39,40|7,12,13,17,25,30|11,16,18,23,27,34
2,6,9,11,16,30|8,14,15,17,32,34|12,20,21,23,29,35
2,6,16,17,30,32|8,9,11,14,15,34|12,20,21,23,29,35
2,9,11,14,15,30|6,8,16,17,32,34|12,20,21,23,29,35
2,14,15,17,30,32|6,8,9,11,16,34|12,20,21,23,29,35
2,20,21,29,30,32|6,8,9,11,16,34|12,14,15,17,23,35
1,6,16,32,34,38|2,9,11,15,25,30|12,17,20,21,23,35
1,14,15,32,34,38|2,6,9,25,30,31|12,16,17,23,28,35
2,6,9,25,30,31|8,11,21,26,29,34|12,16,17,23,28,35
2,11,21,26,29,30|6,8,9,25,31,34|12,16,17,23,28,35
2,16,22,26,29,30|6,8,9,25,31,34|12,17,20,21,23,35
1,12,21,23,32,35|2,6,9,14,25,30|11,15,29,31,34,38
2,9,11,16,22,30|6,14,25,29,34,38|12,15,17,23,31,35
2,9,14,15,20,30|6,8,16,26,29,34|11,12,17,21,23,35
2,9,14,22,30,31|6,8,16,26,29,34|11,12,17,21,23,35
2,14,15,26,29,30|6,8,9,16,20,34|11,12,17,21,23,35
1,12,21,23,26,35|2,9,25,28,30,31|6,10,16,32,34,38
2,6,16,17,26,30|8,9,14,25,28,34|10,12,21,23,32,35
2,9,14,25,28,30|6,8,16,17,26,34|10,12,21,23,32,35
2,9,15,20,25,30|6,8,16,17,26,34|10,12,21,23,32,35
2,9,16,20,28,30|6,14,17,25,34,38|10,12,21,23,32,35
2,9,22,25,30,31|6,8,16,17,26,34|10,12,21,23,32,35
2,14,15,17,26,30|8,9,16,20,28,34|10,12,21,23,32,35
2,15,25,26,29,30|6,16,17,20,34,38|10,12,21,23,32,35
2,16,26,28,29,30|6,14,17,25,34,38|10,12,21,23,32,35
2,7,25,33,35,40|3,9,18,30,31,38|17,19,23,27,32,34
2,9,18,25,30,33|3,7,31,35,38,40|17,19,23,27,32,34
1,7,8,15,32,35|2,6,14,19,34,38|9,22,25,29,30,33
1,9,15,30,32,33|2,6,14,19,34,38|7,8,22,25,29,35
2,6,14,19,34,38|7,8,11,15,17,35|9,22,25,29,30,33
2,9,15,17,23,40|6,14,19,26,30,34|7,8,22,25,29,35
2,6,18,23,25,35|7,14,28,29,32,34|9,12,15,17,30,33
2,6,23,27,35,40|7,14,28,29,32,34|9,12,15,17,30,33
2,14,18,23,28,35|6,7,25,29,32,34|9,12,15,17,30,33
1,6,7,14,35,38|2,8,9,15,17,33|18,22,25,30,32,34
2,6,9,23,27,29|3,15,32,34,38,40|7,8,14,17,28,35
2,6,14,18,34,38|3,9,15,17,23,32|7,8,25,28,29,35
2,6,19,31,34,38|3,9,15,17,23,32|7,8,25,28,29,35
2,14,19,22,34,38|3,9,15,17,23,32|6,12,27,30,33,35
1,6,7,31,35,38|2,8,15,19,26,34|9,17,22,25,30,33
1,7,11,15,35,38|2,9,22,23,27,29|6,18,26,30,31,34
1,7,14,22,35,38|2,8,15,19,26,34|9,17,28,30,31,33
2,6,18,31,34,38|3,9,15,23,26,29|7,8,17,22,25,35
2,6,19,25,34,38|3,9,15,23,26,29|7,8,17,28,31,35
2,9,22,23,27,29|3,12,15,33,35,38|6,18,26,30,31,34
2,14,18,22,34,38|3,9,15,23,26,29|7,8,17,28,31,35
2,14,19,28,34,38|3,9,15,23,26,29|7,8,17,22,25,35
3,9,15,23,26,29|7,8,17,22,25,35|27,28,30,32,34,40
1,2,9,15,33,38|6,10,27,29,30,34|7,8,17,25,28,35
1,7,14,28,35,38|2,6,9,17,23,27|15,18,20,26,30,34
1,7,15,20,35,38|2,6,9,17,23,27|14,18,26,28,30,34
1,7,22,31,35,38|2,6,9,17,23,27|14,18,26,28,30,34
2,8,15,18,26,34|6,7,10,14,35,38|9,17,25,28,30,33
2,9,23,27,28,29|6,7,10,14,35,38|15,18,20,26,30,34
2,15,26,33,34,40|6,7,10,14,35,38|8,9,17,27,28,30
2,22,27,32,33,34|3,9,15,17,23,26|6,7,10,31,35,38
2,9,19,25,30,33|3,7,14,35,38,40|18,23,27,29,32,34
2,19,27,29,30,38|3,7,14,32,33,35|9,18,23,25,34,40
2,3,15,32,33,34|6,7,10,30,31,35|9,22,23,27,29,38
1,3,19,21,34,38|2,9,15,18,23,27|7,13,20,28,33,35
3,9,19,21,23,26|6,7,27,31,33,35|10,13,18,22,30,34
2,6,9,13,18,23|3,21,29,33,34,40|7,8,15,19,25,35
2,9,13,19,22,23|3,8,18,21,29,34|7,15,31,33,35,40
2,9,18,21,23,40|3,6,13,29,33,34|7,8,15,19,25,35
3,21,29,33,34,40|6,13,17,18,30,38|7,8,15,19,25,35
1,13,18,22,30,34|3,8,9,19,21,38|7,15,25,33,35,40
2,9,13,18,22,23|3,8,17,19,21,34|7,15,25,33,35,40
2,18,21,29,33,38|6,10,13,19,30,34|7,8,15,27,35,40
3,8,17,19,21,34|6,7,13,20,33,35|15,18,27,29,30,38
3,8,9,18,21,38|6,7,14,27,33,35|10,13,19,22,30,34
