2,6,11,16,18,34|3,8,9,14,15,17|10,13,22,29,30,32
2,6,13,20,34,40|3,8,9,14,15,17|11,19,21,26,30,32
2,6,14,18,31,34|3,8,9,15,25,29|11,19,21,26,30,32
2,6,14,19,25,34|3,8,9,16,28,29|13,22,26,30,32,40
2,6,15,18,22,34|3,8,9,16,28,29|11,19,21,26,30,32
2,6,15,19,28,34|3,8,9,20,21,29|13,22,26,30,32,40
2,6,16,19,20,34|3,8,9,14,15,17|10,13,22,29,30,32
2,8,13,17,28,29|3,6,12,16,33,35|9,10,14,15,30,40
2,11,13,22,34,40|3,6,8,9,16,17|14,15,18,26,30,32
2,11,14,15,18,34|3,6,8,9,16,17|10,13,22,29,30,32
2,11,15,19,31,34|3,6,8,9,16,17|10,13,22,29,30,32
2,11,17,21,29,33|3,8,12,13,22,35|6,9,10,16,30,40
2,14,15,19,20,34|3,6,8,9,16,17|10,13,22,29,30,32
2,16,17,22,29,33|3,6,11,13,32,34|9,10,14,15,30,40
2,6,12,16,18,34|3,8,11,13,28,35|7,9,14,15,20,32
2,12,13,22,34,40|3,6,8,14,27,35|7,9,11,15,31,32
2,12,15,19,31,34|3,6,8,14,27,35|7,9,11,16,22,32
2,12,16,19,22,34|3,6,8,14,27,35|7,9,11,15,31,32
2,12,17,21,29,33|3,6,8,14,27,35|7,9,11,15,31,32
3,8,11,13,28,35|6,7,9,14,25,32|12,15,17,27,29,30
3,8,13,20,22,35|6,7,9,14,25,32|12,15,17,27,29,30
3,11,16,22,33,35|6,7,9,14,25,32|12,15,17,27,29,30
1,2,8,9,15,27|3,6,11,13,26,34|7,10,14,22,31,35
1,2,9,15,25,33|3,6,11,13,26,34|7,10,14,22,31,35
1,2,9,16,28,33|3,6,11,13,26,34|7,10,14,15,20,35
1,2,9,20,21,33|3,6,11,13,26,34|7,10,14,22,31,35|17,25,27,28,29,30
1,2,13,17,22,38|3,6,27,31,32,34|7,9,12,14,15,26
1,2,15,27,29,38|3,6,11,13,26,34|7,10,14,22,31,35
1,2,21,26,29,33|3,6,27,31,32,34|7,10,11,16,22,35
1,3,9,11,21,38|2,6,25,27,34,40|7,10,14,15,20,35
1,3,9,15,31,38|2,6,25,27,34,40|7,10,11,16,22,35
1,3,9,16,22,38|2,6,25,27,34,40|7,10,11,15,31,35
1,6,9,25,27,30|2,10,13,22,29,38|3,11,21,26,34,40
1,7,14,25,28,35|2,6,9,10,16,33|3,11,15,27,32,34
1,7,15,20,25,35|2,6,9,10,16,33|3,11,21,26,34,40
1,7,16,20,28,35|2,6,25,27,34,40|3,8,9,10,21,32
1,7,22,25,31,35|2,6,9,10,16,33|3,11,15,27,32,34
1,9,14,27,28,30|2,6,16,18,26,38|3,10,11,21,29,34
1,9,15,20,27,30|2,6,16,18,26,38|3,10,11,21,29,34
1,9,22,27,30,31|2,6,16,18,26,38|3,10,11,21,29,34
1,13,17,22,26,30|2,6,9,10,16,33|3,11,15,27,32,34
1,15,26,27,29,30|2,6,9,10,16,33|3,13,20,28,32,34
2,6,16,18,26,38|3,8,9,10,21,32|17,25,27,28,29,30
2,9,10,14,15,33|3,6,11,13,26,34|17,25,27,28,29,30
2,10,13,22,29,38|3,6,27,31,32,34|7,9,12,14,15,26
2,11,19,21,26,38|3,6,27,31,32,34|7,10,14,15,20,35
2,13,22,26,38,40|3,6,27,31,32,34|7,10,14,15,20,35
2,14,15,18,26,38|3,6,27,31,32,34|7,10,11,16,22,35
2,14,18,25,28,34|3,6,13,26,32,38|7,10,11,15,31,35
2,14,27,28,34,40|3,6,13,26,32,38|7,10,11,15,31,35
2,15,18,20,25,34|3,6,13,26,32,38|7,10,11,16,22,35
2,15,19,26,31,38|3,8,9,10,21,32|17,25,27,28,29,30
2,15,20,27,34,40|3,6,13,26,32,38|7,10,11,16,22,35
2,16,18,20,28,34|3,6,13,26,32,38|7,10,11,15,31,35
2,16,19,22,26,38|3,6,27,31,32,34|7,10,14,15,20,35
2,18,22,25,31,34|3,6,13,26,32,38|7,10,14,15,20,35
2,19,25,28,31,34|3,6,13,26,32,38|7,10,11,16,22,35
2,22,27,31,34,40|3,6,13,26,32,38|7,10,14,15,20,35
3,6,11,13,26,34|7,10,14,15,20,35|17,25,27,28,29,30
3,6,13,26,32,38|7,10,11,15,31,35|17,25,27,28,29,30
1,2,6,13,17,38|3,8,12,15,27,35|9,10,16,28,30,40
1,2,8,9,13,28|3,6,10,16,29,34|15,18,25,26,30,32
1,2,9,11,21,33|3,6,10,16,29,34|15,18,25,26,30,32
1,2,9,15,31,33|3,6,10,16,29,34|18,20,21,26,30,32
1,2,9,16,22,33|3,6,14,27,32,34|10,21,26,29,30,40
1,2,13,28,29,38|3,6,14,27,32,34|9,10,15,25,30,40
1,2,17,21,38,40|3,6,10,16,29,34|7,9,12,15,25,32
1,3,6,9,16,38|2,8,18,21,26,32|7,10,11,14,15,35|17,22,25,27,29,30
1,3,6,16,17,34|2,8,9,10,21,40|15,18,25,26,30,32
1,3,9,14,15,38|2,6,13,26,32,33|17,22,25,27,29,30
1,3,14,15,17,34|2,6,8,9,10,13|7,12,21,26,29,32
1,3,15,25,29,34|2,6,8,9,10,13|16,18,26,28,30,32
1,3,16,28,29,34|2,6,8,9,10,13|15,18,25,26,30,32
1,3,20,21,29,34|2,6,8,9,10,13|15,18,25,26,30,32
1,6,7,25,31,35|2,8,9,10,21,40|3,11,13,28,32,34
1,6,9,27,30,31|2,8,18,21,26,32|3,10,14,15,29,34
1,6,13,17,26,30|2,8,9,10,21,40|3,12,15,25,33,35
1,7,11,15,25,35|2,6,8,9,10,13|3,16,17,28,29,38|18,20,21,26,30,32
1,7,11,16,28,35|2,6,8,9,10,13|3,14,15,26,34,40|17,22,25,27,29,30
1,7,11,20,21,35|2,6,8,9,10,13|3,14,15,26,34,40|17,22,25,27,29,30
1,7,14,22,25,35|2,6,8,9,10,13|3,16,17,28,29,38|15,26,27,30,32,40
1,7,14,28,31,35|2,6,8,9,10,13|3,15,17,25,29,38|18,20,21,26,30,32
1,7,15,20,31,35|2,6,8,9,10,13|3,16,17,28,29,38
1,7,15,22,28,35|2,6,8,9,10,13|3,17,20,21,29,38
1,7,16,20,22,35|2,6,8,9,10,13|3,14,15,26,34,40|17,27,28,29,30,31
1,9,11,15,27,30|2,6,10,13,29,38|3,12,16,28,33,35
1,9,13,20,28,30|2,6,16,19,26,38|3,8,12,15,27,35
1,9,14,22,27,30|2,6,10,13,29,38|3,12,15,25,33,35
1,10,17,21,29,30|2,6,13,26,32,33|3,8,12,15,27,35
1,13,26,28,29,30|2,6,18,25,31,34|3,8,9,17,20,21|7,10,11,14,15,35
1,15,17,27,30,32|2,6,8,9,10,13|3,12,16,28,33,35
1,17,21,26,30,40|2,6,8,9,10,13|3,12,15,25,33,35
2,6,8,9,10,13|3,12,15,25,33,35|16,18,26,28,30,32
2,6,10,13,29,38|3,8,9,15,17,25|16,18,26,28,30,32
2,6,18,25,31,34|3,8,9,16,17,28|7,10,11,14,15,35
2,6,27,31,34,40|3,8,9,15,17,25|7,12,21,26,29,32
2,11,15,18,25,34|3,8,9,16,17,28|6,7,10,14,31,35
2,11,15,27,34,40|3,8,9,16,17,28|6,7,10,14,31,35|18,20,21,26,30,32
2,11,16,18,28,34|3,8,9,15,17,25|6,7,10,14,31,35
2,11,18,20,21,34|3,8,9,15,17,25|6,7,10,14,31,35
2,13,20,28,34,40|3,8,9,15,17,25|6,7,10,11,16,35
2,14,15,19,26,38|3,6,10,16,29,34|7,9,12,20,21,32
2,14,18,22,25,34|3,8,9,16,17,28|6,10,13,26,29,30
2,14,18,28,31,34|3,8,9,15,17,25|6,7,10,11,16,35
2,14,19,25,28,34|3,8,9,17,20,21|6,7,10,11,16,35|15,26,27,30,32,40
2,14,22,27,34,40|3,8,9,15,17,25|6,7,10,11,16,35|18,20,21,26,30,32
2,15,18,20,31,34|3,8,9,16,17,28|6,10,13,26,29,30
2,15,18,22,28,34|3,8,9,17,20,21|6,7,10,11,16,35
2,15,19,20,25,34|3,8,9,16,17,28|6,7,10,14,31,35
2,16,18,20,22,34|3,8,9,15,17,25|6,7,10,14,31,35
2,16,18,28,32,38|3,8,9,15,17,25|6,7,10,14,31,35
2,16,19,20,28,34|3,8,9,15,17,25|6,7,10,14,31,35
2,19,22,25,31,34|3,8,9,16,17,28|6,10,13,26,29,30
3,6,16,26,34,40|7,9,12,15,25,32|17,27,28,29,30,31
3,8,9,15,17,25|6,7,10,11,16,35|18,20,21,26,30,32
3,8,9,16,17,28|6,7,10,14,31,35|15,18,25,26,30,32
3,8,9,17,20,21|6,7,10,11,16,35|15,18,25,26,30,32
3,11,13,28,32,34|6,7,10,14,31,35|17,22,25,27,29,30
3,13,20,22,32,34|6,7,10,11,16,35|17,27,28,29,30,31
3,14,15,26,34,40|6,7,10,11,16,35|17,22,25,27,29,30
3,15,17,25,29,38|6,7,10,11,16,35|18,20,21,26,30,32
3,16,17,28,29,38|6,7,10,14,31,35|15,18,25,26,30,32
3,17,20,21,29,38|6,7,10,11,16,35|15,18,25,26,30,32
1,2,9,12,21,33|3,6,8,25,27,35|7,14,15,17,26,32
1,9,12,15,27,30|3,14,25,28,33,35|6,7,16,17,26,32
2,12,15,18,25,34|3,8,14,27,28,35|6,7,9,11,16,26
2,12,15,27,34,40|3,14,25,28,33,35|6,7,9,11,16,26
2,12,16,18,28,34|3,6,8,25,27,35|7,9,11,14,15,26
2,12,18,20,21,34|3,6,8,25,27,35|7,9,11,14,15,26
1,2,15,17,27,38|3,11,13,26,28,34|7,10,22,25,31,35
1,2,13,17,28,38|3,6,25,27,32,34|7,9,11,12,21,26
1,3,9,20,21,38|2,13,26,28,32,33|6,7,10,25,31,35
1,7,25,28,31,35|2,6,10,13,17,38|3,15,20,27,32,34
1,9,22,25,27,30|2,6,10,13,17,38|3,16,26,28,34,40
1,9,27,28,30,31|2,6,10,13,17,38|3,15,25,26,34,40
1,13,17,26,28,30|2,9,10,11,21,33|3,6,25,27,32,34
2,6,10,13,17,38|3,14,27,28,32,34|7,9,11,12,21,26
2,10,13,28,29,38|3,6,25,27,32,34|7,9,11,12,21,26
2,16,18,22,26,38|3,6,25,27,32,34|7,10,11,20,21,35
2,16,19,26,28,38|3,6,25,27,32,34|7,10,11,20,21,35
2,18,25,28,31,34|3,6,9,10,16,38|7,12,17,21,26,32
2,22,25,27,34,40|3,6,9,10,16,38|7,12,17,21,26,32
2,27,28,31,34,40|3,6,9,10,16,38|7,12,17,21,26,32
2,3,18,22,23,31|7,10,12,15,30,40|8,19,25,28,33,38
2,3,19,22,23,25|7,10,12,15,30,40|8,18,28,31,33,38
2,3,19,23,28,31|7,10,12,15,30,40|8,18,22,25,33,38
1,7,12,15,30,40|2,3,6,14,18,23|8,19,22,31,33,38
1,2,3,8,17,22|6,10,20,29,33,38|11,18,23,26,28,32
1,6,17,20,33,38|2,3,8,10,22,29|11,18,23,26,28,32
1,10,17,22,23,29|2,3,11,28,32,33|6,8,18,20,26,38
1,2,8,28,29,33|3,6,23,26,32,40|11,18,20,22,30,38
1,3,23,28,29,32|2,6,8,18,20,38|11,22,26,30,33,40
1,20,28,29,30,33|2,6,11,19,23,26|7,8,12,17,22,32
1,2,6,17,23,40|7,8,12,28,29,32|11,19,20,22,30,38
1,7,11,12,22,34|2,6,8,10,17,33|3,23,26,28,32,40
1,6,10,30,38,40|2,11,19,22,23,26|7,8,12,17,28,32
2,6,10,17,23,40|3,11,22,32,33,38|8,19,20,26,28,30
2,6,19,20,23,26|3,11,22,32,33,38|8,10,17,28,30,40
3,10,22,23,29,32|6,7,11,12,17,38|8,19,20,26,28,30
1,3,6,8,10,34|2,11,18,23,26,28|7,12,17,20,22,38
1,3,8,17,28,38|2,18,20,22,23,26|6,7,10,11,12,34
1,7,12,20,22,34|2,10,17,23,28,40|3,6,11,26,33,38
2,14,17,18,30,33|3,7,8,31,35,40|11,19,23,27,29,34
2,8,17,19,27,30|3,6,7,22,33,35|9,18,23,25,38,40
2,17,18,30,31,33|3,7,8,25,35,40|19,20,23,27,29,34
1,9,23,27,29,33|2,7,12,14,18,34|3,17,19,25,30,38
1,14,18,33,34,38|2,3,9,19,23,25|7,12,17,27,29,30
1,2,3,21,31,32|6,8,13,17,25,26|9,11,20,28,33,39
1,2,3,22,32,39|6,8,9,25,27,31|10,14,16,28,34,40
1,6,8,9,10,39|2,3,11,17,21,31|13,20,25,28,29,38
1,6,10,29,38,39|2,3,11,17,21,31|8,9,13,20,25,28
1,6,11,16,27,34|2,3,14,15,17,25|9,20,21,22,28,33
1,6,13,14,26,38|2,3,11,17,21,31|8,9,15,22,27,28
1,6,13,20,25,34|2,3,11,17,21,31|8,9,15,22,27,28
1,6,14,27,31,34|2,3,11,17,22,39|8,9,13,20,25,28
1,6,15,22,27,34|2,3,11,17,21,31|8,9,13,20,25,28
1,6,16,27,32,38|2,3,11,17,21,31|8,9,13,20,25,28
1,6,26,32,33,39|2,3,11,17,21,31|8,9,13,20,25,28
1,6,26,38,39,40|2,3,11,17,21,31|8,9,13,20,25,28
1,8,9,10,14,21|2,3,6,16,17,25|11,26,28,29,33,39
1,8,9,10,15,16|2,3,6,17,20,39|11,21,25,26,29,33
1,10,14,21,29,38|2,3,6,16,17,25|8,9,15,20,27,31
1,10,15,16,29,38|2,3,6,17,20,39|8,9,14,22,25,27
1,11,13,22,25,34|2,3,6,17,20,39|8,9,14,27,28,31
1,11,13,28,31,34|2,3,6,16,17,25|10,22,32,38,39,40
1,11,14,15,27,34|2,3,6,16,17,25|9,20,21,22,28,33
1,13,14,20,28,34|2,3,6,16,17,25|8,11,21,26,27,29|10,22,32,38,39,40
1,13,20,22,31,34|2,3,6,16,17,25|8,11,21,26,27,29
1,13,22,25,32,38|2,3,6,17,20,39|8,9,11,16,27,28
1,13,28,31,32,38|2,3,6,16,17,25|8,9,11,20,21,27
1,14,15,27,32,38|2,3,6,16,17,25|9,11,20,28,33,39
1,14,21,26,32,33|2,3,6,16,17,25|8,9,15,20,27,31|10,11,22,34,39,40
1,14,21,26,38,40|2,3,6,16,17,25|8,9,15,20,27,31
1,15,16,26,32,33|2,3,6,17,20,39|8,9,14,22,25,27|10,11,21,31,34,40
1,15,16,26,38,40|2,3,6,17,20,39|8,9,14,22,25,27
1,16,25,28,34,40|2,3,6,17,20,39|8,11,21,26,27,29|10,13,14,22,32,38
1,20,21,25,34,40|2,3,11,17,22,39|6,10,13,31,32,38
1,20,28,34,39,40|2,3,6,16,17,25|8,11,21,26,27,29|10,13,14,22,32,38
2,3,6,16,17,25|8,9,11,20,21,27|10,13,14,22,32,38
2,3,6,17,20,39|8,9,11,15,25,27|10,13,14,22,32,38|16,26,28,29,31,33
2,3,6,17,21,28|8,9,11,15,25,27|10,13,14,22,32,38
2,3,11,17,21,31|6,10,13,14,20,34|8,9,15,22,27,28
2,3,11,17,22,39|6,8,9,25,27,31|10,14,16,28,34,40
2,3,14,15,17,25|6,10,11,13,31,34|8,9,16,20,22,27
2,3,14,16,17,28|6,8,9,25,27,31|10,11,13,15,32,38|20,22,26,29,33,39
2,3,14,17,20,21|6,8,9,25,27,31|10,11,13,15,32,38
2,3,15,16,17,20|6,8,9,25,27,31|10,11,13,14,22,34
2,3,16,17,22,31|6,10,13,14,20,34|8,9,11,15,25,27
2,3,16,25,28,29|6,10,11,13,31,34|8,17,20,21,27,32
2,3,20,21,25,29|6,10,11,13,31,34|8,9,15,22,27,28
2,3,20,28,29,39|6,8,9,25,27,31|10,11,13,14,22,34
6,8,9,25,27,31|10,11,13,14,22,34|17,20,28,32,33,39
6,8,13,17,25,26|9,11,20,28,33,39|10,16,22,31,34,40
6,10,11,13,31,34|8,9,14,22,25,27|17,20,28,32,33,39
6,10,13,14,20,34|8,9,11,15,25,27|16,26,28,29,31,33
6,10,13,31,32,38|8,9,11,15,25,27|14,16,17,22,26,33
6,10,16,25,34,40|8,9,11,20,21,27|14,15,17,26,31,33
6,10,20,34,39,40|8,9,11,15,25,27|14,16,17,22,26,33
6,10,21,28,34,40|8,9,11,15,25,27|13,17,20,22,31,38
6,11,17,26,33,39|8,9,13,20,25,28|10,16,22,31,34,40
6,14,17,27,31,38|8,9,13,20,25,28|10,11,22,34,39,40
6,15,17,22,27,38|8,9,13,20,25,28|10,11,21,31,34,40
6,16,17,26,31,33|8,9,11,15,25,27|10,13,14,22,32,38
6,17,21,22,26,33|8,9,11,15,25,27|10,14,16,28,34,40
6,25,27,29,31,38|8,13,14,17,26,28|10,11,22,34,39,40
8,9,11,15,25,27|10,13,14,22,32,38|16,26,28,29,31,33
8,9,11,16,27,28|10,13,14,22,32,38|15,25,26,29,31,33
8,9,11,20,21,27|10,13,14,22,32,38|15,25,26,29,31,33
8,9,13,20,25,28|10,11,21,31,34,40|14,16,17,22,26,33
8,9,14,22,25,27|10,11,13,15,32,38|16,26,28,29,31,33
8,9,14,27,28,31|10,11,13,15,32,38|16,22,25,26,29,33
8,9,15,20,27,31|10,11,13,14,22,34|16,17,25,28,32,33
8,11,21,26,27,29|9,14,25,28,31,33|10,15,16,20,34,40
8,13,14,17,26,28|9,11,20,21,25,33|10,16,22,31,34,40
8,13,15,17,20,26|9,11,16,25,28,33|10,21,31,32,38,40
8,13,17,22,26,31|9,11,16,25,28,33|10,14,20,21,34,40
8,15,17,25,27,32|9,11,20,28,33,39|10,16,22,31,34,40
8,15,26,27,29,31|9,11,16,25,28,33|10,13,14,22,32,38
8,17,21,25,26,40|9,11,20,28,33,39|10,13,14,22,32,38
8,17,26,28,39,40|9,11,20,21,25,33|10,13,14,22,32,38
10,11,13,14,22,34|15,20,27,29,31,38|16,17,25,28,32,33
10,11,21,31,34,40|13,14,17,20,28,38|16,22,25,26,29,33
10,11,22,34,39,40|13,14,17,20,28,38|15,25,26,29,31,33
10,14,15,25,34,40|11,13,17,28,31,38|20,22,26,29,33,39
10,14,16,28,34,40|11,13,17,22,25,38|20,21,26,29,31,33
10,14,20,21,34,40|11,13,17,22,25,38|16,26,28,29,31,33
1,2,3,21,25,32|6,8,16,17,26,27|10,11,13,14,28,34
1,2,3,28,32,39|6,8,16,17,26,27|10,11,13,15,20,34
1,6,13,26,31,38|2,3,10,14,21,32|8,9,15,20,25,27
1,6,14,25,27,34|2,3,10,15,16,32|8,13,17,26,28,31
1,6,15,27,28,34|2,3,10,14,21,32|8,13,17,22,25,26
1,6,16,20,27,34|2,3,10,14,21,32|8,13,17,22,25,26
1,8,9,10,21,31|2,3,11,17,28,39|15,20,25,27,29,38
1,8,9,10,22,39|2,3,11,17,21,25|16,20,27,28,29,38
1,10,21,29,31,38|2,3,11,17,28,39|8,9,15,20,25,27
1,10,22,29,38,39|2,3,11,17,21,25|8,9,16,20,27,28
1,11,13,15,26,38|2,3,6,10,32,39|8,9,14,25,27,28
1,11,13,25,28,34|2,3,6,10,32,39|8,14,15,17,26,27
1,11,15,27,31,34|2,3,6,10,32,39|8,13,17,22,25,26
1,11,16,22,27,34|2,3,6,10,32,39|8,13,17,26,28,31
1,11,21,27,32,38|2,3,15,17,25,31|6,10,13,22,28,34
1,13,14,22,26,38|2,3,6,10,32,39|8,9,15,20,25,27
1,13,20,22,25,34|2,3,6,10,32,39|8,14,15,17,26,27
1,13,20,28,31,34|2,3,6,10,32,39|8,14,15,17,26,27
1,14,15,20,27,34|2,3,6,10,32,39|8,13,17,22,25,26
1,14,22,27,31,34|2,3,6,10,32,39|9,16,20,25,28,33
1,15,27,31,32,38|2,3,11,17,21,25|6,10,13,22,28,34
1,16,22,27,32,38|2,3,11,17,21,25|6,10,13,20,31,34
1,21,26,31,32,33|2,3,11,17,28,39|8,9,15,20,25,27
1,21,26,31,38,40|2,3,6,10,32,39|8,9,14,25,27,28
1,22,26,32,33,39|2,3,11,17,21,25|6,10,13,20,31,34
1,22,26,38,39,40|2,3,10,14,21,32|8,9,15,20,25,27
2,3,6,10,32,39|8,9,14,25,27,28|11,17,21,26,31,33
2,3,10,15,16,32|6,14,17,25,27,38|20,26,28,29,33,39
2,3,11,17,21,25|6,10,13,20,31,34|8,16,26,27,28,29
2,3,11,17,28,39|6,10,13,20,31,34|8,15,25,26,27,29
2,3,15,17,25,31|6,10,13,22,28,34|8,20,21,26,27,29
2,3,16,17,28,31|6,10,11,13,25,34|8,20,21,26,27,29
2,3,17,20,21,31|6,10,11,13,25,34|8,16,26,27,28,29
2,3,17,20,22,39|6,10,11,13,25,34|8,16,26,27,28,29
6,10,13,20,31,34|8,9,14,25,27,28|11,17,22,26,33,39
6,10,13,22,28,34|8,9,15,20,25,27|11,17,21,26,31,33
6,10,13,25,32,38|8,9,16,20,27,28|11,17,21,26,31,33
6,15,17,27,28,38|10,11,13,22,31,34|20,21,25,26,29,33
6,17,20,26,33,39|8,9,14,25,27,28|10,11,13,22,31,34
6,17,21,26,28,33|8,9,15,20,25,27|10,11,13,22,31,34
8,9,14,25,27,28|10,11,13,15,20,34|16,17,22,26,31,33
8,9,15,20,25,27|10,11,13,14,28,34|16,17,22,26,31,33
8,9,16,20,27,28|10,11,13,22,31,34|14,15,17,25,26,33
8,9,22,25,27,31|10,11,13,14,28,34|15,16,17,20,26,33
8,10,13,15,26,32|9,16,20,25,28,33|14,17,22,27,31,38
8,14,15,17,26,27|9,16,20,25,28,33|10,11,13,22,31,34
10,11,13,14,28,34|15,16,17,20,26,33|22,25,27,29,31,38
10,11,13,15,20,34|14,16,17,26,28,33|22,25,27,29,31,38
10,11,13,22,31,34|14,15,17,20,27,38|16,25,26,28,29,33
10,13,14,20,22,34|11,15,17,27,31,38|16,25,26,28,29,33
10,15,25,31,34,40|11,16,17,22,27,38|20,26,28,29,33,39
10,16,22,25,34,40|11,15,17,27,31,38|20,26,28,29,33,39
10,16,28,31,34,40|11,17,22,26,33,39|15,20,25,27,29,38
1,2,3,14,21,26|6,10,11,16,27,34|13,17,20,25,28,38
1,2,3,15,16,26|6,10,13,20,25,34|14,17,27,28,31,38
1,8,21,26,27,32|2,3,16,17,25,28|10,13,20,22,31,34
1,11,15,25,27,34|2,3,10,21,31,32|17,20,22,26,33,39
1,11,16,27,28,34|2,3,10,21,31,32|17,20,22,26,33,39
1,11,20,21,27,34|2,3,10,22,32,39|8,13,17,25,26,28
1,13,20,25,28,34|2,3,10,21,31,32|8,16,17,22,26,27
1,13,22,26,31,38|2,3,16,17,25,28|10,11,14,15,27,34
1,14,22,25,27,34|2,3,10,21,31,32|11,17,26,28,33,39
1,14,27,28,31,34|2,3,10,22,32,39|11,17,21,25,26,33
1,15,20,27,31,34|2,3,10,22,32,39|8,13,17,25,26,28
1,16,20,22,27,34|2,3,10,21,31,32|8,13,17,25,26,28
1,21,25,26,32,33|2,3,17,20,28,39|6,10,11,16,27,34
1,26,28,32,33,39|2,3,17,20,21,25|6,10,11,16,27,34
1,6,11,13,14,34|8,9,15,25,31,40|20,22,29,32,33,39
1,6,13,14,32,38|2,3,11,15,16,29|8,9,20,21,31,40
1,6,16,31,34,40|2,3,11,14,21,29|8,13,15,17,20,32
1,6,21,22,34,40|2,3,11,15,16,29|8,13,14,17,28,32
1,11,14,21,34,40|2,3,6,16,29,31|8,13,15,17,20,32
1,11,15,16,34,40|2,3,6,21,22,29|8,13,14,17,28,32
1,14,16,22,34,40|2,3,6,11,29,39|8,13,15,17,20,32
1,15,16,32,38,40|2,3,6,11,29,39|8,9,13,14,20,22
6,8,9,11,13,25|14,15,17,31,32,33|20,22,29,38,39,40
6,8,9,13,20,31|11,14,17,21,32,33|16,22,25,29,38,40
6,8,9,13,22,28|11,14,17,21,32,33|15,25,29,31,38,40
6,8,13,17,25,32|9,11,14,15,31,33|20,22,29,38,39,40
6,9,11,16,31,33|8,13,14,17,28,32|20,22,29,38,39,40
6,9,11,21,22,33|8,13,14,17,28,32|15,25,29,31,38,40
6,11,13,14,17,38|8,9,15,25,31,40|20,22,29,32,33,39
6,11,17,32,33,39|8,9,13,14,20,22|15,25,29,31,38,40
6,11,17,38,39,40|8,9,13,14,20,22|15,25,29,31,32,33
6,13,20,29,31,38|8,9,11,21,25,40|14,16,17,22,32,33
6,13,22,28,29,38|8,9,11,21,25,40|14,15,17,31,32,33
6,16,17,31,32,33|8,9,11,13,14,28|20,22,29,38,39,40
6,16,17,31,38,40|8,9,11,13,14,28|20,22,29,32,33,39
6,17,21,22,32,33|8,9,11,13,14,28|15,25,29,31,38,40
6,17,21,22,38,40|8,9,11,13,14,28|15,25,29,31,32,33
1,2,3,6,32,39|8,9,11,13,25,28|10,14,15,31,34,40
1,2,3,14,21,32|6,8,9,15,27,28|11,13,17,22,31,38
1,2,3,15,16,32|6,8,9,14,25,27|11,13,17,22,31,38
1,6,13,20,31,34|2,3,11,14,17,21|10,15,16,32,38,40
1,6,13,22,28,34|2,3,11,14,17,21|10,15,16,32,38,40
1,6,13,25,32,38|2,3,11,14,17,21|9,15,22,28,31,33
1,8,13,15,26,32|2,3,6,11,17,39|9,14,16,20,28,33
1,11,13,15,20,34|2,3,6,16,17,31|10,14,21,32,38,40
1,11,13,22,31,34|6,8,9,14,25,27|10,15,16,32,38,40
1,11,21,25,34,40|2,3,6,16,17,31|8,9,14,15,20,27
1,11,28,34,39,40|2,3,6,16,17,31|8,9,13,20,22,25
1,13,14,20,22,34|2,3,6,11,17,39|10,15,16,32,38,40
1,13,14,28,32,38|2,3,6,11,17,39|9,16,20,22,31,33
1,13,15,20,32,38|2,3,6,11,17,39|8,9,14,22,27,31
1,13,22,31,32,38|2,3,6,11,17,39|8,9,14,15,20,27
1,15,25,31,34,40|2,3,6,11,17,39|9,14,16,20,28,33
1,16,22,25,34,40|2,3,6,11,17,39|8,9,13,20,28,31
1,16,28,31,34,40|2,3,6,11,17,39|8,9,13,20,22,25
1,20,21,31,34,40|2,3,6,11,17,39|8,13,22,25,26,29
1,20,22,34,39,40|2,3,6,16,17,31|8,9,11,13,25,28
1,21,22,28,34,40|2,3,6,11,17,39|8,9,14,15,20,27
1,21,25,32,38,40|2,3,6,11,17,39|8,9,13,20,28,31
1,28,32,38,39,40|2,3,6,16,17,31|8,9,13,20,22,25
2,3,6,11,17,39|8,9,13,20,22,25|10,14,15,31,34,40
2,3,6,16,17,31|8,9,11,13,25,28|10,14,21,32,38,40
2,3,6,17,21,22|8,9,11,13,25,28|10,14,15,31,34,40
2,3,11,14,17,21|6,8,9,15,27,28|13,20,22,25,29,38
2,3,11,15,16,17|6,8,9,14,25,27|13,20,28,29,31,38
2,3,11,21,25,29|6,8,9,15,27,28|10,14,16,22,34,40
2,3,11,28,29,39|6,8,9,14,25,27|10,15,16,32,38,40
2,3,14,15,17,31|6,8,9,16,20,27|11,13,25,28,29,38
2,3,14,16,17,22|6,8,9,15,27,28|11,21,26,29,31,33
2,3,15,25,29,31|6,8,9,16,20,27|10,11,14,21,34,40
2,3,16,22,25,29|6,8,9,15,27,28|10,11,14,21,34,40
2,3,16,28,29,31|6,8,9,14,25,27|11,13,15,17,20,38
2,3,20,21,29,31|6,8,9,14,25,27|10,11,15,16,34,40
2,3,20,22,29,39|6,8,9,14,25,27|10,11,15,16,34,40
2,3,21,22,28,29|6,8,9,14,25,27|10,11,15,16,34,40
6,8,9,14,25,27|10,11,15,16,34,40|13,20,28,29,31,38
6,8,9,15,27,28|10,11,14,21,34,40|13,20,22,25,29,38
6,8,9,16,20,27|10,11,14,21,34,40|15,17,25,31,32,33
6,8,13,17,26,31|9,11,16,22,25,33|10,14,21,32,38,40
6,8,16,26,27,29|9,11,15,25,31,33|10,14,21,32,38,40
6,10,11,34,39,40|8,9,13,20,22,25|14,16,26,28,29,33
6,10,16,31,34,40|8,9,11,13,25,28|14,15,20,27,29,38
6,10,21,22,34,40|8,9,11,13,25,28|14,15,20,27,29,38
6,10,32,38,39,40|8,9,11,13,25,28|14,20,21,26,29,33
6,11,13,17,25,38|8,9,14,15,20,27|16,22,26,29,31,33
6,13,17,20,31,38|8,9,11,16,22,27|14,15,25,26,29,33
6,13,17,22,28,38|8,9,11,15,27,31|14,20,21,26,29,33
6,14,25,27,29,38|8,9,13,20,28,31|10,11,15,16,34,40
6,15,27,28,29,38|8,9,13,20,22,25|10,11,14,21,34,40
6,16,20,27,29,38|8,9,11,13,25,28|10,14,15,31,34,40
6,16,25,26,29,33|8,9,11,15,27,31|10,14,21,32,38,40
6,20,26,29,33,39|8,9,11,13,25,28|10,14,15,31,34,40
6,21,26,28,29,33|8,9,11,15,27,31|10,14,16,22,34,40
8,9,11,13,25,28|10,14,15,31,34,40|17,20,22,32,33,39
8,9,13,20,22,25|10,11,14,21,34,40|16,17,28,31,32,33
8,9,13,20,28,31|10,11,14,21,34,40|16,17,22,25,32,33
8,13,17,25,28,32|9,11,20,21,31,33|10,14,16,22,34,40
8,13,22,25,26,29|9,11,16,28,31,33|10,14,21,32,38,40
8,13,26,28,29,31|9,11,16,22,25,33|10,14,21,32,38,40
8,14,15,26,27,29|9,11,16,22,25,33|17,20,21,31,38,40
8,17,21,26,31,40|9,11,16,22,25,33|14,15,20,27,29,38
10,11,14,21,34,40|13,20,22,25,29,38|16,17,28,31,32,33
10,14,15,31,34,40|11,13,25,28,29,38|17,20,22,32,33,39
1,6,11,13,31,34|2,3,14,15,25,29|8,9,20,28,39,40
1,6,13,14,20,34|2,3,11,21,29,31|8,9,16,25,28,40
1,6,13,31,32,38|2,3,11,22,29,39|8,9,16,25,28,40
1,6,16,25,34,40|2,3,11,21,29,31|8,9,13,14,20,28
1,6,20,34,39,40|2,3,11,21,29,31|8,13,17,22,25,32
1,6,21,28,34,40|2,3,11,22,29,39|8,14,15,17,27,32
1,11,13,14,22,34|2,3,6,16,25,29|8,9,20,28,39,40
1,11,13,15,32,38|2,3,6,14,16,17|8,9,20,21,25,40
1,11,21,31,34,40|2,3,6,14,16,17|8,13,15,20,26,29
1,11,22,34,39,40|2,3,6,14,16,17|8,13,15,20,26,29
1,13,14,22,32,38|2,3,6,16,25,29|8,9,20,28,39,40
1,14,15,25,34,40|2,3,6,20,29,39|8,9,11,13,28,31
1,14,16,28,34,40|2,3,6,20,29,39|8,9,11,13,22,25
1,14,20,21,34,40|2,3,6,16,25,29|8,9,11,13,28,31
1,15,16,20,34,40|2,3,6,21,28,29|8,9,11,13,22,25
1,16,22,31,34,40|2,3,6,20,29,39|8,9,11,14,15,27
1,21,31,32,38,40|2,3,6,14,16,17|8,9,11,13,22,25
1,22,32,38,39,40|2,3,6,14,16,17|8,9,11,13,28,31
2,3,6,14,16,17|8,9,11,13,22,25|20,28,29,32,33,39
2,3,6,16,25,29|8,9,11,13,28,31|14,17,20,21,32,33
2,3,6,20,29,39|8,9,11,13,22,25|14,16,17,28,32,33
2,3,6,21,28,29|8,9,11,13,22,25|15,16,17,20,32,33
2,3,11,21,29,31|6,8,9,13,20,25|14,16,17,28,32,33
2,3,11,22,29,39|6,8,9,13,20,25|14,16,17,28,32,33
2,3,14,16,28,29|6,8,9,13,20,25|11,17,21,31,32,33
2,3,15,16,20,29|6,8,9,14,27,31|11,17,22,32,33,39
6,8,9,13,20,25|11,14,15,27,29,38|16,17,22,31,32,33
6,8,9,14,27,31|11,13,22,25,29,38|15,16,17,20,32,33
6,8,9,15,22,27|11,13,28,29,31,38|14,17,20,21,32,33
6,8,16,17,27,32|9,11,14,15,25,33|13,20,22,29,31,38
6,8,17,26,39,40|9,11,14,15,25,33|13,20,22,29,31,38
6,10,14,16,34,40|8,9,11,13,22,25|20,28,29,32,33,39
6,11,26,29,33,39|8,9,13,14,20,28|16,17,22,31,38,40
6,13,20,25,29,38|8,9,11,14,15,27|16,17,22,31,32,33
6,14,27,29,31,38|8,9,11,13,22,25|15,16,17,20,32,33
6,15,22,27,29,38|8,9,11,13,28,31|14,17,20,21,32,33
6,16,26,29,31,33|8,9,11,13,22,25|14,17,20,21,38,40
6,17,20,38,39,40|8,9,11,13,22,25|14,15,26,29,31,33
6,17,21,28,38,40|8,9,11,13,22,25|14,15,26,29,31,33
6,21,22,26,29,33|8,9,11,13,28,31|14,15,17,25,38,40
8,14,15,17,27,32|9,11,16,22,31,33|20,21,25,29,38,40
8,20,21,27,29,32|9,11,14,15,25,33|16,17,22,31,38,40
1,6,9,11,16,34|2,3,12,14,15,35|8,17,21,26,29,32
1,6,9,16,32,38|2,3,12,14,15,35|11,17,20,21,29,34
1,6,16,17,32,34|2,3,12,14,15,35|8,9,11,21,26,29
1,8,12,17,21,35|6,9,25,29,31,38|14,15,26,32,34,40
1,9,11,14,15,34|2,3,6,12,16,35|8,17,21,26,29,32
1,9,14,15,32,38|2,3,6,12,16,35|11,17,20,21,29,34
1,14,15,17,32,34|2,3,6,12,16,35|8,9,11,21,26,29
1,20,21,29,32,34|2,3,6,12,16,35|9,11,14,15,17,38
6,9,11,16,17,38|8,10,12,21,29,35|14,15,26,32,34,40
6,10,16,29,32,34|8,12,21,26,35,40|9,11,14,15,17,38
6,16,26,32,34,40|8,10,12,21,29,35|9,11,14,15,17,38
1,6,9,16,20,34|2,3,11,12,21,35|14,15,17,26,29,38
1,6,16,26,29,34|2,3,11,12,21,35|9,14,15,17,20,38
1,9,11,21,32,38|2,3,12,15,31,35|14,17,25,28,29,34
1,9,14,15,20,34|2,3,11,12,21,35|6,16,17,26,29,38
1,9,14,22,31,34|2,3,11,12,21,35|6,16,17,26,29,38
1,9,15,31,32,38|2,3,11,12,21,35|14,17,25,28,29,34
1,9,16,22,32,38|2,3,11,12,21,35|14,17,25,28,29,34
1,11,17,21,32,34|2,3,12,15,31,35|8,9,16,26,28,29
1,14,15,26,29,34|2,3,11,12,21,35|6,9,16,17,20,38
1,15,17,31,32,34|2,3,11,12,21,35|8,9,16,26,28,29
1,16,17,22,32,34|2,3,11,12,21,35|8,9,15,25,26,29
2,3,11,12,21,35|6,8,9,16,17,26|10,15,29,31,32,34
2,3,12,15,31,35|6,8,9,16,17,26|10,11,21,29,32,34
2,3,12,16,22,35|6,9,14,17,25,38|10,11,21,29,32,34
6,8,9,16,17,26|10,11,21,29,32,34|12,13,20,22,35,38
6,9,14,17,25,38|8,12,13,22,26,35|10,11,21,29,32,34
6,9,15,17,28,38|8,12,13,22,26,35|10,11,21,29,32,34
6,9,16,17,20,38|8,12,13,22,26,35|10,11,21,29,32,34
8,9,14,15,17,26|10,11,21,29,32,34|12,13,20,22,35,38
1,6,9,25,31,34|2,3,12,16,28,35|11,17,21,26,29,38
1,9,11,20,21,34|2,3,12,15,25,35|16,17,22,26,29,38
1,9,14,22,25,34|2,3,12,16,28,35|11,17,21,26,29,38
1,9,14,28,31,34|2,3,12,15,25,35|11,17,21,26,29,38
1,9,15,20,31,34|2,3,12,16,28,35|11,17,21,26,29,38
1,9,16,20,22,34|2,3,12,15,25,35|11,17,21,26,29,38
1,11,21,26,29,34|2,3,12,15,25,35|6,9,10,16,32,38
1,15,26,29,31,34|2,3,12,16,28,35|9,11,17,20,21,38
1,16,22,26,29,34|2,3,12,15,25,35|9,11,17,20,21,38
1,21,26,29,32,38|2,3,12,15,25,35|6,9,10,11,16,34
2,3,12,16,28,35|6,9,10,14,31,34|11,17,21,26,29,38
2,3,12,20,21,35|6,9,10,11,16,34|15,17,26,29,31,38
6,9,17,25,31,38|8,12,13,26,28,35|10,20,21,29,32,34
6,12,27,31,35,38|8,9,11,17,21,26|10,15,25,29,32,34
6,13,20,26,32,34|8,10,12,17,21,35|9,25,28,29,31,38
8,9,11,17,21,26|10,15,25,29,32,34|12,13,20,28,35,38
8,9,15,17,26,31|10,16,28,29,32,34|12,14,22,27,35,38
8,9,16,17,22,26|10,15,25,29,32,34|12,13,20,28,35,38
8,10,12,17,21,35|9,25,28,29,31,38|11,13,22,26,32,34
9,10,14,15,32,38|11,12,21,26,33,35|17,25,28,29,31,34
9,11,17,20,21,38|10,15,25,29,32,34|12,16,22,26,33,35
9,14,17,22,25,38|10,16,28,29,32,34|11,12,21,26,33,35
9,14,17,28,31,38|10,15,25,29,32,34|11,12,21,26,33,35
9,15,17,20,31,38|10,16,28,29,32,34|11,12,21,26,33,35
9,16,17,20,22,38|10,15,25,29,32,34|11,12,21,26,33,35
9,25,28,29,31,38|10,14,15,17,32,34|11,12,21,26,33,35
1,2,8,9,21,32|3,6,12,16,35,38|15,17,26,29,30,31
1,2,11,21,29,34|3,6,12,16,35,38|9,10,14,15,30,32
1,2,15,29,31,34|3,6,12,16,35,38|9,11,17,20,21,30
1,2,16,22,29,34|3,12,14,15,35,38|6,9,17,25,30,31
1,21,26,29,30,32|2,8,9,15,17,31|3,6,12,16,35,38
2,6,13,20,32,34|3,12,14,15,35,38|9,11,16,17,28,30
2,11,13,22,32,34|3,6,12,16,35,38|9,14,17,28,30,31
2,15,25,32,34,40|3,6,12,16,35,38|9,11,17,20,21,30
2,16,28,32,34,40|3,12,14,15,35,38|6,9,17,25,30,31
2,20,21,32,34,40|3,6,12,16,35,38|9,11,15,17,25,30
1,2,6,16,29,34|3,8,12,21,32,35|9,11,15,17,30,31
1,2,14,15,29,34|3,8,12,21,32,35|6,9,16,17,20,30
1,2,9,20,21,38|3,15,26,31,32,34|12,25,27,28,30,35
2,6,9,10,16,38|3,11,21,26,32,34|12,25,27,28,30,35
2,9,10,14,15,38|3,11,21,26,32,34|12,25,27,28,30,35
1,2,9,11,21,38|3,6,16,26,32,34|12,22,25,27,30,35
1,2,9,15,31,38|3,6,16,26,32,34|12,22,25,27,30,35
1,2,11,17,21,34|3,12,15,25,35,38|9,10,16,28,30,32
1,2,15,17,31,34|3,8,12,21,26,35|9,10,16,28,30,32
1,2,16,17,22,34|3,8,12,21,26,35|9,10,15,25,30,32
1,9,11,21,26,30|2,6,27,31,32,34|3,12,15,25,35,38
1,9,15,26,30,31|2,10,11,21,29,34|3,12,16,28,35,38
1,9,16,22,26,30|2,6,27,31,32,34|3,12,15,25,35,38
1,17,21,26,30,32|2,10,15,29,31,34|3,12,16,28,35,38
2,6,11,13,26,34|3,12,15,25,35,38|9,10,16,28,30,32
2,10,16,22,29,34|3,8,12,21,26,35|9,17,25,28,30,31
2,11,15,27,32,34|3,8,12,21,26,35|9,17,25,28,30,31
2,11,21,26,34,40|3,12,15,25,35,38|9,10,16,28,30,32
2,14,22,27,32,34|3,8,12,21,26,35|9,17,25,28,30,31
2,15,26,31,34,40|3,12,16,28,35,38|9,10,20,21,30,32
2,16,22,26,34,40|3,12,15,25,35,38|9,10,20,21,30,32
1,2,6,16,17,34|3,11,12,21,35,38|9,10,15,30,31,32
1,2,14,15,17,34|3,11,12,21,35,38|9,10,16,22,30,32
1,2,15,25,29,34|3,11,12,21,35,38|9,10,16,22,30,32
1,2,16,28,29,34|3,11,12,21,35,38|9,10,15,30,31,32
1,2,20,21,29,34|3,12,15,31,35,38|9,10,16,22,30,32
1,9,14,15,26,30|2,6,10,16,29,34|3,11,12,21,35,38
2,6,10,16,29,34|3,11,12,21,35,38|9,14,17,25,28,30
2,6,14,27,32,34|3,11,12,21,35,38|9,15,17,20,25,30
2,6,16,26,34,40|3,11,12,21,35,38|9,10,15,30,31,32
2,8,17,21,26,29|3,12,15,31,35,38|9,10,16,22,30,32
2,10,14,15,29,34|3,11,12,21,35,38|9,16,17,20,28,30
2,11,13,28,32,34|3,12,15,31,35,38|17,20,21,26,29,30
2,13,20,22,32,34|3,11,12,21,35,38|9,14,17,25,28,30
2,14,15,26,34,40|3,11,12,21,35,38|9,10,16,22,30,32
1,2,6,16,27,38|3,8,17,21,26,31|10,13,25,28,30,32
1,2,6,26,33,39|3,10,11,14,21,34|15,17,20,25,27,30
1,2,13,22,25,38|3,6,10,11,34,39|7,12,21,26,31,32|16,17,20,27,28,30
1,2,13,28,31,38|3,6,10,11,34,39|15,17,20,25,27,30
1,2,14,15,27,38|3,6,10,11,34,39|7,12,21,26,31,32
1,2,14,21,26,33|3,6,10,11,34,39|15,17,20,25,27,30
1,2,15,16,26,33|3,6,10,11,34,39|14,17,25,27,28,30
1,3,11,21,25,34|2,6,10,13,31,38|7,12,22,26,32,39|16,17,20,27,28,30
1,3,11,28,34,39|2,6,10,13,31,38|15,17,20,25,27,30
1,3,15,25,31,34|2,8,16,17,27,28|7,12,22,26,32,39
1,3,16,28,31,34|2,8,15,17,25,27|7,12,22,26,32,39
1,3,20,21,31,34|2,8,15,17,25,27|7,12,22,26,32,39
1,3,20,22,34,39|2,6,10,13,31,38|14,17,25,27,28,30
1,3,21,22,28,34|2,6,10,13,31,38|15,17,20,25,27,30
1,3,21,25,32,38|2,8,16,17,27,28|6,10,13,26,30,31
1,3,28,32,38,39|2,8,15,17,25,27|6,10,13,26,30,31
1,13,22,25,26,30|2,8,16,17,27,28|3,6,10,11,34,39
1,13,26,28,30,31|2,8,15,17,25,27|3,6,10,11,34,39
2,8,15,17,25,27|3,6,10,11,34,39|7,12,21,26,31,32
2,8,16,17,27,28|3,6,10,11,34,39|7,12,21,26,31,32
2,16,17,25,28,33|3,6,10,11,34,39|7,12,21,26,31,32
3,6,10,11,34,39|7,12,21,26,31,32|14,17,25,27,28,30
3,6,10,16,31,34|7,12,22,26,32,39|14,17,25,27,28,30
3,10,11,14,21,34|7,12,22,26,32,39|15,17,20,25,27,30
3,10,11,15,16,34|7,12,21,26,31,32|14,17,25,27,28,30
3,10,14,15,31,34|7,12,22,26,32,39|16,17,20,27,28,30
3,10,14,16,22,34|7,12,21,26,31,32|15,17,20,25,27,30
1,2,6,13,25,38|3,8,9,20,28,39|7,12,14,21,26,32
1,2,8,13,15,26|3,6,10,14,16,34|11,17,20,21,27,30
1,2,8,21,27,32|3,6,10,14,16,34|13,17,20,25,28,30
1,2,13,15,20,38|3,6,8,17,26,39|25,27,28,29,30,31
1,2,13,22,31,38|3,6,8,17,26,39|10,14,15,27,30,32
1,2,21,25,38,40|3,6,8,17,26,39|10,13,28,30,31,32
1,2,28,32,33,39|3,6,10,14,16,34|11,15,17,25,27,30
1,2,28,38,39,40|3,6,10,14,16,34|11,15,17,25,27,30
1,3,6,16,25,34|2,8,11,17,21,27|10,13,28,30,31,32
1,3,6,20,34,39|2,8,11,17,21,27|7,12,15,16,26,32
1,3,6,21,28,34|2,8,15,17,27,31|10,13,22,25,30,32
1,3,11,21,31,34|2,6,10,13,14,38|7,12,15,16,26,32
1,3,11,22,34,39|2,6,10,13,14,38|7,12,15,16,26,32|25,27,28,29,30,31
1,3,14,15,25,34|2,6,10,32,33,39|11,16,17,27,28,30
1,3,14,16,28,34|2,6,10,32,33,39|11,15,17,25,27,30
1,3,14,20,21,34|2,6,10,32,33,39|11,15,17,25,27,30
1,3,15,16,20,34|2,6,10,13,14,38|25,27,28,29,30,31
1,3,16,22,31,34|2,6,10,13,14,38|11,15,17,25,27,30
1,3,21,31,32,38|2,8,13,17,25,28|6,10,26,30,39,40
1,3,22,32,38,39|2,8,11,17,21,27|6,10,13,14,26,30
1,6,10,17,30,39|3,8,9,16,25,28|7,12,14,21,26,32
1,6,13,25,26,30|2,8,11,17,21,27|3,20,28,29,38,39
1,10,14,17,21,30|3,8,9,16,25,28|6,7,12,26,32,39
1,10,15,16,17,30|3,8,9,20,21,25|6,7,12,26,32,39
1,10,21,25,29,30|2,8,15,17,27,31|6,7,12,26,32,39
1,10,28,29,30,39|2,8,11,17,21,27|7,12,15,16,26,32
1,13,14,26,28,30|2,6,10,32,33,39|3,8,9,20,21,25
1,13,15,20,26,30|2,6,10,32,33,39|3,8,9,16,25,28
1,13,22,26,30,31|2,6,10,32,33,39|3,8,9,16,25,28
1,15,25,27,30,32|2,6,10,13,14,38|3,8,9,20,28,39
1,16,27,28,30,32|2,6,10,13,14,38|3,8,9,20,21,25
1,20,21,27,30,32|2,6,10,13,14,38|3,8,9,16,25,28
1,21,25,26,30,40|2,6,10,13,14,38|3,8,9,20,28,39
1,26,28,30,39,40|2,6,10,13,14,38|3,8,9,20,21,25
2,6,10,13,14,38|3,8,9,16,25,28|11,17,20,21,27,30
2,6,10,32,33,39|3,8,9,16,25,28|11,17,20,21,27,30
2,6,10,38,39,40|3,8,9,16,25,28|7,12,14,21,26,32|15,17,20,27,30,31
2,8,16,17,22,27|3,20,21,25,29,38|6,7,12,26,32,39
2,10,14,21,32,33|3,6,8,17,26,39|25,27,28,29,30,31
2,10,14,21,38,40|3,6,8,17,26,39|25,27,28,29,30,31
2,10,15,16,32,33|3,6,8,17,26,39|25,27,28,29,30,31
2,10,15,16,38,40|3,6,8,17,26,39|25,27,28,29,30,31
2,16,17,22,25,33|3,8,9,20,28,39|6,10,13,14,26,30
2,16,17,28,31,33|3,8,9,20,21,25|6,7,12,26,32,39
2,17,20,22,33,39|3,6,10,14,16,34|25,27,28,29,30,31
3,6,17,20,38,39|7,12,14,21,26,32|25,27,28,29,30,31
3,8,9,16,25,28|6,7,12,26,32,39|11,17,20,21,27,30
3,8,9,20,21,25|6,7,12,26,32,39|11,16,17,27,28,30
3,14,17,20,21,38|6,7,12,26,32,39|25,27,28,29,30,31
3,15,16,17,20,38|6,7,12,26,32,39|25,27,28,29,30,31
3,16,25,28,29,38|6,7,12,26,32,39|11,17,20,21,27,30
3,20,21,25,29,38|6,7,12,26,32,39|11,16,17,27,28,30
1,2,11,21,27,38|3,6,10,16,25,34|7,12,26,28,32,39
1,2,15,27,31,38|3,6,10,16,25,34|7,12,26,28,32,39
1,2,16,22,27,38|3,6,10,20,34,39|7,12,21,25,26,32
1,2,8,13,15,32|3,6,11,29,38,39|16,17,22,25,30,40
1,21,25,30,32,40|2,6,8,13,17,31|3,11,15,16,29,38
1,28,30,32,39,40|2,6,8,13,17,31|3,11,14,21,29,38
2,6,8,13,17,31|3,11,14,21,29,38|10,15,16,30,32,40
2,6,16,25,29,33|3,8,9,11,14,21|17,20,22,30,39,40
2,6,20,29,33,39|3,8,9,11,14,21|10,15,16,30,32,40
2,6,21,28,29,33|3,8,9,11,15,16|13,14,17,20,22,30
2,8,11,13,15,17|3,6,16,29,31,38|10,14,21,30,32,40
2,8,13,14,17,22|3,6,11,29,38,39|10,15,16,30,32,40
2,11,22,29,33,39|3,6,8,9,16,31|10,14,21,30,32,40
2,14,15,25,29,33|3,6,8,9,11,39|16,17,28,30,31,40
2,14,16,28,29,33|3,6,8,9,11,39|15,17,25,30,31,40
2,14,20,21,29,33|3,6,8,9,11,39|10,15,16,30,32,40
