3,14,17,22,27,30|6,10,11,13,33,34|9,18,23,25,28,31
3,22,25,27,29,30|6,10,11,13,33,34|15,17,18,23,26,31
3,27,28,29,30,31|6,10,11,13,33,34|15,17,19,23,25,26
6,25,27,29,33,38|8,10,11,18,21,34|13,17,23,26,28,40
8,10,13,28,34,40|11,17,18,21,23,26|15,20,27,29,33,38
8,10,15,18,31,34|9,22,23,25,27,40|11,13,17,28,33,38
8,10,15,19,25,34|9,23,27,28,31,40|13,17,20,22,33,38
1,2,3,13,22,38|8,9,27,28,31,33|10,19,21,23,26,32
1,2,7,12,17,21|3,10,13,28,30,32|8,9,22,25,27,33
1,3,13,22,26,30|2,7,10,12,21,29|6,17,27,31,33,38
1,6,27,31,33,34|2,7,10,12,21,29|15,17,18,23,25,26
1,8,9,10,21,33|2,6,7,12,13,26|3,14,17,27,28,30
1,13,20,28,33,34|2,3,8,15,17,27|10,19,21,23,26,32
1,15,27,32,33,38|2,6,7,12,13,26|8,10,16,18,28,34
2,6,7,12,13,26|3,14,17,27,28,30|8,10,15,18,25,34
2,7,12,15,27,32|6,10,13,20,33,34|16,17,18,23,26,28
2,7,12,21,26,40|3,6,17,25,27,30|8,10,16,18,28,34
1,3,10,17,21,30|2,7,12,13,22,26|8,9,25,27,28,33
1,9,10,13,23,28|3,7,12,21,26,32|6,17,25,27,33,38
1,2,6,14,21,30|8,11,29,31,38,39|15,16,17,22,23,32
1,2,6,15,16,30|8,11,29,31,38,39|14,17,21,22,23,32
1,2,6,21,30,31|8,11,14,17,38,39|9,15,16,20,22,23
1,2,6,22,30,39|8,11,15,17,21,38|9,14,16,20,23,31
1,2,11,14,30,39|6,8,17,21,31,38|9,15,16,20,22,23
1,2,11,15,21,30|6,8,17,22,38,39|9,14,16,20,23,31
1,2,14,16,30,31|6,8,17,22,38,39|9,11,15,20,21,23
1,2,14,21,22,30|6,9,11,23,28,39|8,16,25,29,31,38
1,2,15,16,22,30|6,8,17,21,31,38|9,11,14,20,23,39
1,2,6,21,25,30|8,11,17,31,38,39|9,15,16,20,23,28
1,2,6,28,30,39|8,14,16,17,25,38|9,20,21,22,23,31
1,2,11,30,31,39|6,8,10,14,21,34|9,15,16,20,23,28
1,2,14,16,25,30|6,8,17,28,38,39|9,20,21,22,23,31
1,2,14,20,30,39|6,8,10,15,16,34|9,11,21,22,23,25
1,2,14,21,28,30|6,8,10,15,16,34|9,11,20,23,31,39
1,2,15,16,28,30|6,8,10,14,21,34|9,11,20,23,31,39
1,2,15,20,21,30|6,8,17,28,38,39|9,11,16,23,25,31
1,2,21,22,30,31|6,8,10,15,16,34|11,17,23,25,32,39
1,8,11,31,34,39|2,6,10,14,21,30|9,15,16,20,23,28
1,8,14,20,34,39|2,6,10,15,16,30|9,11,21,22,23,25
1,8,14,21,28,34|2,6,10,15,16,30|9,11,20,23,31,39
1,8,15,16,28,34|2,6,10,14,21,30|9,11,20,23,31,39
1,8,21,22,31,34|2,6,10,15,16,30|11,17,23,25,32,39
1,8,31,32,38,39|2,6,10,14,21,30|9,15,16,20,23,28
2,6,10,14,21,30|8,11,17,31,38,39|9,15,16,20,23,28
2,6,10,15,16,30|8,11,17,31,38,39|9,14,20,21,23,28
1,2,11,25,30,39|6,8,10,21,31,34|15,16,17,22,23,26
1,2,16,25,30,31|6,8,10,22,34,39|11,15,17,21,23,26
1,2,20,30,31,39|8,10,11,15,21,34|9,16,22,23,25,28
1,8,11,25,34,39|2,6,10,21,30,31|15,16,17,22,23,26
1,8,16,25,31,34|2,6,10,22,30,39|11,15,17,21,23,26
1,8,20,31,34,39|2,10,11,15,21,30|9,16,22,23,25,28
1,8,25,32,38,39|2,6,10,21,30,31|15,16,17,22,23,26
1,15,21,23,26,32|2,6,10,22,30,39|8,16,17,25,31,38
1,2,6,13,32,33|3,8,9,15,25,40|7,11,12,17,21,29
1,2,6,13,38,40|3,8,15,27,29,32|11,16,17,18,28,30
1,2,6,16,19,38|3,8,9,11,13,22|7,12,15,17,29,31
1,2,8,18,21,32|3,6,9,11,16,33|7,12,15,17,29,31
1,2,14,15,19,38|3,6,8,9,13,20|7,11,12,17,21,29
1,2,21,32,33,40|3,6,8,9,13,20|7,12,15,17,29,31
1,3,6,16,34,40|2,8,11,17,18,21|10,15,19,30,31,32
1,3,14,15,34,40|2,6,11,13,17,33|10,16,19,22,30,32
1,6,13,26,30,40|2,8,11,17,18,21|3,15,25,29,32,33
1,6,16,19,26,30|2,8,11,17,18,21|3,15,25,29,32,33
1,7,12,21,29,32|2,6,11,13,17,33|3,8,9,15,25,40
1,14,15,19,26,30|2,6,11,13,17,33|3,8,9,16,28,40
1,15,18,25,30,32|2,6,11,13,17,33|3,8,9,16,28,40
1,16,18,28,30,32|2,6,11,13,17,33|3,8,9,15,25,40
1,18,20,21,30,32|2,6,11,13,17,33|3,8,9,15,25,40
2,6,11,13,17,33|3,8,9,15,25,40|10,16,19,22,30,32
2,6,14,27,29,33|3,8,9,11,13,22|10,15,19,30,31,32
2,8,11,17,18,21|3,6,9,14,31,33|10,13,22,30,32,40
2,8,13,17,28,40|3,6,9,11,16,33|10,14,15,18,30,32
2,8,15,17,18,31|3,6,9,11,16,33|10,13,22,30,32,40
2,8,15,17,19,25|3,6,9,11,16,33|10,13,22,30,32,40
2,8,16,17,18,22|3,6,9,14,31,33|10,11,19,21,30,32
2,8,16,17,19,28|3,6,9,14,31,33|10,13,22,30,32,40
2,8,17,19,20,21|3,6,9,11,16,33|10,13,22,30,32,40
2,11,13,28,29,33|3,6,16,17,38,40|10,14,15,18,30,32
2,11,17,21,33,40|3,6,8,9,13,20|10,14,15,18,30,32
2,13,20,22,29,33|3,6,16,17,38,40|10,11,19,21,30,32
2,15,17,31,33,40|3,6,8,9,13,20|10,11,19,21,30,32
2,16,17,22,33,40|3,6,8,9,13,20|10,11,19,21,30,32
3,6,8,9,13,20|7,11,12,17,21,29|10,14,15,18,30,32
3,6,9,11,16,33|7,12,15,17,29,31|10,13,22,30,32,40
3,6,9,14,31,33|7,11,12,17,21,29|10,13,22,30,32,40
3,8,9,11,13,22|6,10,16,18,30,32|7,12,15,17,29,31
3,8,9,15,25,40|6,10,16,18,30,32|7,11,12,17,21,29
3,8,9,20,21,40|6,10,16,18,30,32|7,12,15,17,29,31
1,2,6,16,18,38|3,8,9,11,13,28|7,12,15,17,25,29|10,19,20,21,30,32
1,2,11,19,21,38|3,6,8,9,14,27|7,12,15,17,25,29|10,13,28,30,32,40
1,2,13,22,32,33|3,6,8,9,14,27|7,12,15,17,25,29
1,2,13,22,38,40|3,6,8,9,14,27|7,12,15,17,25,29|10,11,18,21,30,32
1,2,14,15,18,38|3,6,9,16,20,33|10,13,28,30,32,40
1,2,15,19,31,38|3,6,8,9,14,27|7,12,16,17,28,29|10,11,18,21,30,32
1,2,16,19,22,38|3,6,8,9,14,27|7,12,15,17,25,29|10,11,18,21,30,32
1,3,6,11,13,34|2,8,10,19,21,32|7,12,15,17,25,29
1,3,11,21,34,40|2,6,13,17,20,33|10,15,18,30,31,32
1,3,15,31,34,40|2,6,13,17,20,33|10,11,18,21,30,32
1,3,16,22,34,40|2,6,13,17,20,33|10,11,18,21,30,32
1,6,7,9,12,16|2,8,10,19,21,32|3,11,13,28,29,38|15,17,18,20,25,30
1,6,16,18,26,30|2,8,10,19,21,32|3,9,11,15,31,33
1,7,9,12,14,15|2,6,13,17,20,33|10,11,18,21,30,32
1,10,13,22,29,30|2,8,15,17,18,25|3,6,9,16,20,33
2,6,27,29,31,33|3,8,9,11,13,28|10,15,19,25,30,32
2,8,10,19,21,32|3,6,9,14,25,33|7,12,16,17,28,29
2,8,15,17,18,25|3,6,9,16,20,33|10,13,28,30,32,40
2,8,15,17,27,40|3,6,9,14,25,33|10,11,18,21,30,32
2,8,16,17,18,28|3,6,9,14,25,33|10,19,20,21,30,32
2,8,17,18,20,21|3,6,9,14,25,33|10,13,28,30,32,40
2,11,13,17,22,33|3,6,8,9,14,27|10,15,18,30,31,32
2,11,15,27,29,33|3,8,9,13,20,22|10,16,19,28,30,32
2,13,20,28,29,33|3,6,8,9,14,27|10,11,18,21,30,32
2,14,22,27,29,33|3,6,11,13,17,38|10,15,18,30,31,32
2,15,17,25,33,40|3,6,8,9,14,27|10,11,18,21,30,32
2,16,17,28,33,40|3,6,8,9,14,27|10,11,18,21,30,32
2,17,20,21,33,40|3,6,8,9,14,27|10,15,18,30,31,32
3,6,8,9,14,27|7,12,15,17,25,29|10,11,18,21,30,32
3,6,9,14,25,33|7,12,16,17,28,29|10,11,18,21,30,32
3,6,9,15,28,33|7,12,17,20,21,29|10,16,18,22,30,32
3,6,9,16,20,33|7,12,15,17,25,29|10,11,18,21,30,32
1,2,8,19,21,32|3,6,11,13,29,38|14,15,17,18,20,30
1,11,18,21,30,32|2,6,13,20,29,33|3,8,9,15,31,40
1,15,18,30,31,32|2,6,13,20,29,33|3,8,9,11,21,40
1,15,19,25,30,32|2,6,8,16,17,18|3,11,21,29,38,40
1,16,18,22,30,32|2,6,13,20,29,33|3,8,9,11,21,40
1,16,19,28,30,32|2,6,13,20,29,33|3,8,9,11,21,40
1,19,20,21,30,32|2,6,8,16,17,18|3,15,29,31,38,40
2,6,13,20,29,33|3,8,9,11,21,40|10,14,15,19,30,32
2,11,13,22,29,33|3,8,9,15,31,40|6,10,16,19,30,32
2,14,15,17,33,40|3,6,8,9,11,13|16,18,20,28,29,30
2,15,25,29,33,40|3,6,8,9,11,13|14,17,18,22,30,31
2,16,28,29,33,40|3,6,8,9,11,13|10,14,15,19,30,32
2,20,21,29,33,40|3,6,8,9,11,13|10,14,15,19,30,32
3,8,9,11,21,40|6,7,12,16,17,29|10,14,15,19,30,32
1,2,13,22,26,33|3,6,17,27,31,38|7,9,10,11,12,21
1,3,6,13,26,38|2,14,17,27,28,33|7,9,10,11,12,21
1,3,8,9,10,21|2,6,17,25,27,33|7,12,13,26,28,32
1,3,10,21,29,38|2,6,17,25,27,33|7,12,13,26,28,32
1,3,13,20,28,34|2,6,17,25,27,33|7,9,10,11,12,21
1,3,21,26,38,40|2,6,17,25,27,33|7,9,10,12,15,31
2,10,11,18,21,38|3,8,9,22,25,27|7,12,13,26,28,32
2,10,15,18,31,38|3,8,9,22,25,27|7,12,13,26,28,32
2,10,19,20,21,38|3,8,9,22,25,27|7,12,13,26,28,32
1,2,8,19,21,26|3,6,9,25,31,33|10,15,27,30,32,40
1,2,11,18,21,38|3,6,8,9,27,31|10,14,15,19,26,30
1,2,13,28,32,33|3,6,8,9,27,31|10,14,15,19,26,30
1,2,13,28,38,40|3,6,8,9,27,31|7,10,12,21,29,32
1,2,15,18,31,38|3,6,8,13,17,26|7,10,12,21,29,32
1,2,15,19,25,38|3,6,8,9,27,31|7,10,12,21,29,32
1,2,16,18,22,38|3,6,8,9,27,31|7,10,12,21,29,32
1,2,16,19,28,38|3,6,8,9,27,31|7,10,12,21,29,32
1,2,19,20,21,38|3,6,8,9,27,31|10,15,18,25,30,32
1,3,6,13,20,34|2,8,10,18,21,32|17,22,25,27,30,40
1,3,11,13,22,34|2,6,10,16,19,38|7,12,21,26,32,40|17,18,25,28,30,31
1,3,20,21,34,40|2,6,10,13,32,33|17,18,25,28,30,31
1,6,10,13,17,30|2,14,27,28,29,33|7,12,21,26,32,40
1,7,9,11,12,21|2,6,10,13,32,33|3,14,22,27,29,38|17,18,25,28,30,31
1,7,9,12,15,31|2,6,10,13,32,33|3,8,17,21,26,40
1,7,9,12,16,22|2,6,10,13,32,33|3,8,17,21,26,40
1,7,12,17,21,32|2,6,10,13,38,40|3,8,9,11,15,27
1,10,13,28,29,30|2,6,14,17,27,33|7,12,21,26,32,40
1,10,17,21,30,40|2,6,25,27,29,33|3,8,9,13,20,28
1,11,18,21,26,30|2,6,10,13,32,33|3,8,9,14,22,27
1,13,26,28,30,40|2,6,10,16,19,38|3,8,9,11,15,27
1,15,18,26,30,31|2,6,10,13,32,33|3,8,9,14,22,27
1,15,19,25,26,30|2,6,10,13,32,33|3,8,9,14,22,27
1,16,18,22,26,30|2,6,10,13,32,33|3,8,9,11,15,27
1,16,19,26,28,30|2,6,10,13,32,33|3,8,9,11,15,27
1,19,20,21,26,30|2,6,10,13,32,33|3,8,9,11,15,27
2,6,10,13,32,33|3,8,9,11,15,27|17,18,25,28,30,31
2,6,10,13,38,40|3,8,9,11,15,27|17,18,25,28,30,31
2,6,10,16,19,38|3,8,9,11,15,27|7,12,21,26,32,40|17,18,25,28,30,31
2,6,14,17,27,33|3,8,9,13,20,28|7,10,12,21,29,32
2,6,25,27,29,33|3,8,9,13,20,28|7,12,21,26,32,40
2,10,14,15,19,38|3,6,8,9,27,31|7,12,21,26,32,40
2,11,13,17,28,33|3,6,8,9,27,31|7,10,12,21,29,32
2,13,17,20,22,33|3,6,8,9,27,31|7,10,12,21,29,32
2,14,27,28,29,33|3,6,8,13,17,26|10,15,18,25,30,32
2,15,20,27,29,33|3,6,8,13,17,26|10,16,18,28,30,32
2,22,27,29,31,33|3,6,8,13,17,26|10,15,18,25,30,32
3,8,9,11,15,27|6,7,12,13,26,32|17,18,25,28,30,31
3,8,9,14,22,27|6,7,12,13,26,32|17,18,25,28,30,31
3,9,11,15,25,33|6,7,12,13,26,32|17,27,28,30,31,40
3,9,11,16,28,33|6,7,12,13,26,32|17,22,25,27,30,40
3,9,11,20,21,33|6,7,12,13,26,32|17,18,25,28,30,31
3,9,14,22,25,33|6,7,12,13,26,32|17,27,28,30,31,40
3,9,14,28,31,33|6,7,12,13,26,32|17,22,25,27,30,40
3,9,15,20,31,33|6,7,12,13,26,32|17,22,25,27,30,40
3,9,16,20,22,33|6,7,12,13,26,32|17,18,25,28,30,31
3,10,14,15,34,40|6,7,12,13,26,32|17,18,25,28,30,31
3,11,15,27,29,38|6,7,12,13,26,32|17,18,25,28,30,31
3,14,22,27,29,38|6,7,12,13,26,32|17,18,25,28,30,31
1,2,8,18,21,26|3,6,10,11,13,34|17,25,27,28,30,40
1,2,10,21,29,33|3,6,8,9,25,27|7,12,13,22,26,32
1,2,16,18,28,38|3,6,8,9,25,27|7,12,13,22,26,32
1,2,18,20,21,38|3,6,8,9,25,27|7,12,13,22,26,32
1,3,6,14,27,34|2,10,11,19,21,38|7,12,13,22,26,32
1,3,13,20,22,34|2,6,10,16,18,38|17,25,27,28,30,40
1,3,13,28,32,38|2,6,17,27,31,33|7,9,10,12,14,15
1,7,9,12,15,25|2,6,10,16,18,38|3,8,13,17,22,26
1,7,9,12,16,28|2,6,17,27,31,33|3,10,11,21,34,40
1,7,9,12,20,21|2,6,10,16,18,38|3,8,13,17,22,26
1,7,12,21,26,29|2,6,10,16,18,38|3,8,9,14,27,28
1,15,18,25,26,30|2,6,17,27,31,33|3,10,11,21,34,40
1,15,26,27,30,40|2,6,10,16,18,38|3,9,14,25,28,33
1,16,18,26,28,30|2,6,17,27,31,33|3,10,11,21,34,40
1,18,20,21,26,30|2,6,17,27,31,33|3,10,16,22,34,40
2,6,10,16,18,38|3,8,9,14,27,28|7,12,13,22,26,32
2,6,17,27,31,33|3,10,11,21,34,40|7,12,13,22,26,32
2,10,11,19,21,38|3,6,8,9,25,27|7,12,13,22,26,32
2,10,14,15,18,38|3,6,8,9,25,27|7,12,13,22,26,32
2,10,15,19,31,38|3,6,8,9,25,27|7,12,13,22,26,32
2,13,17,20,28,33|3,6,8,9,25,27|10,11,19,21,26,30
3,20,21,26,29,33|6,7,9,10,12,16|17,25,27,28,30,40
1,2,3,6,13,26|9,11,22,25,27,33|10,14,18,28,31,34
1,2,3,21,26,40|6,9,20,25,27,33|10,11,16,18,28,34
1,11,18,21,26,38|2,3,6,17,27,31|10,13,20,28,34,40
1,13,26,28,32,33|2,3,6,17,27,31|10,11,15,18,25,34
1,13,26,28,38,40|2,3,6,17,27,31|10,11,15,18,25,34
1,15,18,26,31,38|2,3,10,13,22,32|6,9,20,25,27,33
1,15,19,25,26,38|2,3,6,17,27,31|10,11,16,18,28,34
1,16,18,22,26,38|2,3,6,17,27,31|10,13,20,28,34,40
1,16,19,26,28,38|2,3,6,17,27,31|10,11,15,18,25,34
1,18,25,28,31,34|2,3,10,13,22,32|6,14,17,26,27,33
1,19,20,21,26,38|2,3,6,17,27,31|10,11,15,18,25,34
1,22,25,27,34,40|2,3,13,17,20,28|6,10,16,19,26,38
2,3,13,17,20,28|6,10,16,19,26,38|9,11,22,25,27,33
1,2,3,13,28,32|6,9,11,25,27,33|8,17,18,20,21,26
1,6,16,18,26,38|2,3,10,21,32,40|9,11,14,27,28,33
1,6,25,27,34,40|2,3,11,13,17,28|8,10,19,21,26,32
1,9,10,14,15,33|2,3,6,25,27,29|8,16,17,18,26,28
1,11,19,21,26,38|2,3,6,10,13,32|8,9,25,27,28,40
1,13,22,26,32,33|2,3,6,14,17,27|10,11,15,18,31,34
1,13,22,26,38,40|2,3,6,14,17,27|10,11,15,18,31,34
1,14,15,18,26,38|2,3,6,10,13,32|8,9,25,27,28,40
1,14,18,25,28,34|2,3,6,10,13,32|8,15,17,26,27,40
1,14,27,28,34,40|2,3,6,10,13,32|8,15,17,18,25,26
1,15,18,20,25,34|2,3,6,10,13,32|9,11,14,27,28,33
1,15,19,26,31,38|2,3,6,10,13,32|8,9,25,27,28,40
1,15,20,27,34,40|2,3,6,10,13,32|8,16,17,18,26,28
1,16,18,20,28,34|2,3,6,10,13,32|8,15,17,26,27,40
1,16,19,22,26,38|2,3,6,10,13,32|8,9,25,27,28,40
1,18,22,25,31,34|2,3,6,10,13,32|8,15,17,26,27,40
1,19,25,28,31,34|2,3,6,10,13,32|8,15,17,26,27,40
1,22,27,31,34,40|2,3,6,10,13,32|8,15,17,18,25,26
2,3,6,25,27,29|8,10,19,21,26,32|16,17,18,20,28,38
2,3,10,21,32,40|6,9,11,25,27,33|8,16,17,18,26,28
2,3,11,13,17,28|6,9,20,27,31,33|8,10,19,21,26,32
2,3,13,17,20,22|6,9,11,25,27,33|8,10,19,21,26,32
2,3,14,27,28,29|6,10,16,18,20,34|11,13,17,22,26,33
2,3,15,20,27,29|6,10,14,18,25,34|11,13,17,22,26,33
2,3,22,27,29,31|6,10,14,18,25,34|16,17,26,28,33,40
6,9,11,25,27,33|8,10,19,21,26,32|16,17,18,20,28,38
6,9,20,27,31,33|8,10,19,21,26,32|14,17,18,25,28,38
6,9,22,27,28,33|8,10,19,21,26,32|15,17,18,20,25,38
6,10,16,18,20,34|8,9,25,27,28,40|11,13,17,22,26,33
6,13,17,20,26,33|8,9,25,27,28,40|10,11,15,18,31,34
6,26,27,29,31,33|10,11,13,28,34,40|15,17,18,20,25,38
8,10,19,21,26,32|9,11,14,27,28,33|15,17,18,20,25,38
8,15,17,18,25,26|9,11,14,27,28,33|10,13,20,22,34,40
8,16,17,18,26,28|9,11,15,20,27,33|10,14,19,22,25,34
8,17,18,20,21,26|9,11,14,27,28,33|10,15,19,25,32,38
10,11,13,28,34,40|14,22,26,27,29,33|15,17,18,20,25,38
10,11,15,19,25,34|13,20,26,28,29,33|17,22,27,31,38,40
10,11,16,19,28,34|14,22,26,27,29,33|15,17,18,20,25,38
10,13,20,22,34,40|11,15,26,27,29,33|14,17,18,25,28,38
10,14,15,18,20,34|11,13,17,22,26,33|25,27,28,29,38,40
10,14,19,22,25,34|11,15,26,27,29,33|16,17,18,20,28,38
10,15,19,20,31,34|11,13,17,22,26,33|25,27,28,29,38,40
10,16,19,20,22,34|11,15,26,27,29,33|14,17,18,25,28,38
1,2,3,13,22,32|6,9,11,27,31,33|8,15,17,19,25,26
1,6,8,9,10,13|2,3,11,15,27,29|14,17,18,22,25,38
1,6,10,13,29,38|2,3,15,17,25,40|9,11,14,22,27,33
1,6,13,26,32,33|2,3,11,15,27,29|8,9,18,25,28,31
1,6,13,26,38,40|2,3,11,15,27,29|8,9,18,25,28,31
1,6,16,19,26,38|2,3,11,13,17,22|8,9,18,25,28,31
1,6,27,31,34,40|2,3,11,13,17,22|10,14,15,18,32,38
1,8,9,10,21,40|2,3,6,13,17,20|18,25,28,29,31,38
1,8,18,21,26,32|2,3,6,13,17,20|9,11,14,22,27,33
1,10,21,29,32,33|2,3,6,13,17,20|8,9,18,25,28,31
1,10,21,29,38,40|2,3,6,13,17,20|8,9,18,25,28,31
1,11,15,18,25,34|2,3,6,13,17,20|8,9,27,28,31,40|10,16,19,22,32,38
1,11,15,27,34,40|2,3,6,13,17,20|8,9,18,25,28,31|10,16,19,22,32,38
1,11,16,18,28,34|2,3,6,13,17,20|8,9,22,25,27,40|10,15,19,31,32,38
1,11,18,20,21,34|2,3,6,27,29,31|8,13,17,26,28,40|10,16,19,22,32,38
1,13,20,28,34,40|2,3,6,27,29,31|8,11,17,18,21,26|10,16,19,22,32,38
1,14,15,19,26,38|2,3,6,13,17,20|8,9,18,25,28,31
1,14,18,22,25,34|2,3,6,13,17,20|8,9,27,28,31,40|10,11,19,21,32,38
1,14,18,28,31,34|2,3,6,13,17,20|8,9,22,25,27,40|10,11,19,21,32,38
1,14,22,27,34,40|2,3,6,13,17,20|8,9,18,25,28,31|10,11,19,21,32,38
1,15,18,20,31,34|2,3,11,13,17,22|6,14,26,27,29,33
1,15,18,22,28,34|2,3,6,13,17,20|10,11,19,21,32,38
1,15,18,25,32,38|2,3,6,13,17,20|8,9,27,28,31,40|10,11,16,19,22,34
1,15,19,20,25,34|2,3,6,27,29,31|8,11,17,18,21,26|10,13,22,32,38,40
1,15,27,32,38,40|2,3,6,13,17,20|8,9,18,25,28,31|10,11,16,19,22,34
1,16,18,20,22,34|2,3,6,27,29,31|8,13,17,26,28,40|10,11,19,21,32,38
1,16,18,28,32,38|2,3,6,13,17,20|8,9,22,25,27,40|10,11,15,19,31,34
1,16,19,20,28,34|2,3,6,27,29,31|8,11,17,18,21,26|10,13,22,32,38,40
1,18,20,21,32,38|2,3,6,27,29,31|8,13,17,26,28,40|10,11,16,19,22,34
1,19,22,25,31,34|2,3,6,13,17,20|10,14,15,18,32,38
1,21,26,32,33,40|2,3,6,13,17,20|8,9,18,25,28,31|10,11,16,19,22,34
2,3,6,13,17,20|8,9,18,25,28,31|10,11,16,19,22,34
2,3,6,27,29,31|8,11,17,18,21,26|10,13,22,32,38,40
2,3,11,13,17,22|6,9,14,20,27,33|10,15,19,31,32,38
2,3,11,15,27,29|6,10,13,20,34,40|8,9,18,25,28,31
2,3,13,20,28,29|6,9,11,27,31,33|8,15,17,19,25,26
2,3,14,22,27,29|6,10,11,16,18,34|8,13,17,26,28,40
2,3,15,17,25,40|6,9,11,27,31,33|10,16,19,22,32,38
2,3,16,17,28,40|6,9,11,27,31,33|10,14,15,18,32,38
2,3,17,20,21,40|6,9,11,27,31,33|10,14,15,18,32,38
6,10,11,16,18,34|8,9,22,25,27,40|13,17,20,28,32,33
6,10,13,20,34,40|8,9,18,25,28,31|11,15,17,27,32,33
6,10,14,18,31,34|8,9,22,25,27,40|11,13,26,28,29,33
6,10,14,19,25,34|8,9,27,28,31,40|11,17,18,20,21,38
6,10,15,19,28,34|8,9,22,25,27,40|11,17,18,20,21,38
6,10,16,18,32,38|8,9,22,25,27,40|11,13,26,28,29,33
6,10,16,19,20,34|8,9,18,25,28,31|11,15,17,27,32,33
6,11,13,17,26,33|8,9,18,25,28,31|10,14,15,19,20,34
6,14,26,27,29,33|8,9,18,25,28,31|10,11,13,22,34,40
8,9,22,25,27,40|10,11,14,15,18,34|13,17,20,28,32,33
8,9,27,28,31,40|10,11,14,15,18,34|13,20,22,26,29,33
8,11,17,18,21,26|9,25,28,31,33,40|10,14,15,19,20,34
8,13,17,26,28,40|9,11,14,22,27,33|10,15,19,31,32,38
8,15,17,18,26,31|9,11,13,20,28,33|10,16,19,22,32,38
8,16,17,18,22,26|9,11,13,20,28,33|10,15,19,31,32,38
8,17,19,20,21,26|9,11,14,22,27,33|18,25,28,29,31,38
10,11,14,15,18,34|13,17,20,28,32,33|22,25,27,29,38,40
10,11,15,19,31,34|13,17,20,28,32,33|22,25,27,29,38,40
1,6,11,16,18,34|2,3,14,15,17,40|8,9,19,22,25,31|13,20,28,29,32,33
1,6,13,20,34,40|8,9,11,15,18,25|14,17,19,22,31,38
1,6,14,18,31,34|2,3,11,13,22,29|8,9,15,19,20,25|16,17,28,32,33,40
1,6,14,19,25,34|2,3,11,13,22,29|8,9,15,18,20,31|16,17,28,32,33,40
1,6,15,19,28,34|2,3,11,13,22,29|8,17,18,20,21,32
1,6,16,18,32,38|2,3,11,13,22,29|8,9,14,19,25,28
1,6,16,19,20,34|2,3,11,13,22,29|8,9,14,18,28,31|15,17,25,32,33,40
1,11,13,22,34,40|6,8,9,18,25,31|14,15,17,19,20,38
1,11,14,15,18,34|2,3,6,13,20,29|8,9,19,22,25,31|16,17,28,32,33,40
1,11,15,19,31,34|2,3,6,13,20,29|8,9,14,18,22,25|16,17,28,32,33,40
1,11,16,19,22,34|2,3,6,13,20,29|8,9,14,18,28,31|15,17,25,32,33,40
1,11,19,21,32,38|2,3,6,13,20,29|8,9,14,18,22,25
1,14,15,18,32,38|2,3,6,13,20,29|8,9,19,22,25,31
1,14,15,19,20,34|2,3,6,16,17,40|8,11,18,21,26,29
1,14,19,22,31,34|2,3,6,13,20,29|8,9,11,15,18,25|16,17,28,32,33,40
1,15,19,31,32,38|2,3,6,13,20,29|8,9,11,16,18,28
1,16,19,22,32,38|2,3,6,13,20,29|8,9,11,15,18,25
2,3,6,13,20,29|8,9,11,15,18,25|14,17,19,22,31,38
2,3,6,16,17,40|8,9,11,15,18,25|13,20,28,29,32,33
2,3,11,13,22,29|6,8,9,18,25,31|14,15,17,19,20,38
2,3,14,15,17,40|6,8,9,18,25,31|13,20,28,29,32,33
2,3,16,28,29,40|6,8,9,18,25,31|11,13,17,22,32,33
2,3,20,21,29,40|6,8,9,18,25,31|11,13,17,22,32,33
6,8,9,18,25,31|11,13,17,22,32,33|16,19,20,28,29,38
6,8,9,27,31,40|11,13,17,22,32,33|14,19,25,28,29,38
6,8,16,17,19,26|9,11,15,25,33,40|14,18,28,29,31,38
6,9,25,31,33,40|8,11,18,21,26,29|14,15,17,19,20,38
6,11,16,17,18,38|8,9,13,20,28,40|14,22,27,29,32,33
6,13,17,20,32,33|8,9,11,15,18,25|14,22,27,29,38,40
6,13,17,20,38,40|8,9,11,15,18,25|14,22,27,29,32,33
6,14,17,18,31,38|8,9,11,15,27,40|13,20,28,29,32,33
6,14,17,19,25,38|8,9,11,15,27,40|13,20,28,29,32,33
6,15,17,19,28,38|8,9,11,18,20,21|14,22,27,29,32,33
6,16,17,19,20,38|8,9,11,15,18,25|14,22,27,29,32,33
8,9,11,15,18,25|13,20,28,29,32,33|14,17,19,22,31,38
8,9,11,15,27,40|13,20,28,29,32,33|14,17,19,22,31,38
8,9,14,18,22,25|11,15,17,19,31,38|13,20,28,29,32,33
8,9,14,18,28,31|11,13,17,22,32,33|15,19,20,25,29,38
8,9,14,19,25,28|11,13,17,22,32,33|15,18,20,29,31,38
8,9,14,22,27,40|11,15,17,19,31,38|13,20,28,29,32,33
8,9,15,18,20,31|11,13,17,22,32,33|14,19,25,28,29,38
8,9,15,19,20,25|11,13,17,22,32,33|14,18,28,29,31,38
8,9,19,22,25,31|11,14,15,17,18,38|13,20,28,29,32,33
1,2,3,6,13,32|8,9,14,18,25,28|11,17,19,20,21,38
1,2,3,21,32,40|6,8,16,17,18,26|9,11,13,20,22,33|19,25,28,29,31,38
1,6,14,18,25,34|2,3,11,13,28,29|8,9,15,20,27,40
1,6,14,27,34,40|2,3,11,13,28,29|8,9,15,18,20,25
1,6,15,18,28,34|2,3,11,17,21,40|22,27,29,31,32,33
1,6,16,18,20,34|2,3,11,13,28,29|8,9,22,27,31,40|10,14,15,19,32,38
1,6,19,25,31,34|2,3,11,13,28,29|8,9,15,20,27,40
1,8,19,21,26,32|2,3,6,11,13,17|9,14,25,28,33,40
1,11,13,28,34,40|2,3,6,14,27,29|8,9,15,18,20,25
1,11,15,18,31,34|2,3,6,14,27,29|8,13,17,22,26,40
1,11,15,19,25,34|2,3,6,14,27,29|8,9,16,18,20,28
1,11,16,18,22,34|2,3,6,14,27,29|8,9,19,25,28,31
1,11,16,19,28,34|2,3,6,14,27,29|8,9,15,18,20,25
1,11,18,21,32,38|2,3,6,14,27,29|8,9,19,25,28,31
1,11,19,20,21,34|2,3,6,14,27,29|8,9,18,22,25,31
1,13,20,22,34,40|2,3,6,14,27,29|8,9,19,25,28,31
1,13,28,32,38,40|2,3,6,14,27,29|8,9,15,18,20,25
1,14,15,18,20,34|2,3,6,11,13,17|8,9,19,25,28,31
1,14,18,22,31,34|2,3,6,11,13,17|8,9,15,20,27,40
1,14,19,22,25,34|2,3,6,11,13,17|8,9,15,20,27,40
1,14,19,28,31,34|2,3,6,11,13,17|8,9,15,18,20,25
1,15,17,25,29,33|6,10,11,13,34,40|8,9,16,18,20,28
1,15,18,31,32,38|2,3,6,11,13,17|8,9,14,27,28,40
1,15,19,20,31,34|2,3,6,11,13,17|8,9,14,18,25,28
1,15,19,22,28,34|2,3,6,11,13,17|8,18,20,21,26,29
1,15,19,25,32,38|2,3,6,11,13,17|8,9,14,27,28,40
1,16,17,28,29,33|6,8,9,25,27,40|10,11,14,15,19,34
1,16,18,22,32,38|2,3,6,11,13,17|8,9,14,27,28,40
1,16,19,20,22,34|2,3,6,11,13,17|8,9,14,18,25,28
1,16,19,28,32,38|2,3,6,11,13,17|8,9,15,18,20,25
1,17,20,21,29,33|6,8,9,25,27,40|10,11,14,15,19,34
1,19,20,21,32,38|2,3,6,11,13,17|8,9,14,18,25,28
2,3,6,11,13,17|8,9,14,18,25,28|15,20,27,29,32,33
2,3,6,14,27,29|8,9,15,18,20,25|11,13,17,28,32,33
2,3,11,13,28,29|6,8,9,25,27,40|10,14,15,19,32,38
2,3,11,17,21,40|6,10,14,19,31,34|8,9,15,18,20,25
2,3,13,20,22,29|6,8,9,25,27,40|10,11,14,15,19,34
2,3,15,17,31,40|6,9,11,14,27,33|8,16,18,26,28,29
2,3,16,17,22,40|6,9,11,14,27,33|8,15,18,25,26,29
6,8,9,25,27,40|10,11,14,15,19,34|13,17,20,22,32,33
6,8,16,17,18,26|9,11,13,20,22,33|10,14,15,19,32,38
6,10,11,13,34,40|8,9,14,18,25,28|15,17,19,20,31,38
6,10,11,16,19,34|8,9,14,18,25,28|13,17,20,22,32,33
6,10,14,19,31,34|8,9,15,18,20,25|11,13,17,28,32,33
6,10,15,19,22,34|8,9,14,18,25,28|20,21,26,29,33,40
6,10,16,19,32,38|8,9,14,18,25,28|11,13,22,26,29,33
6,14,17,18,25,38|8,9,15,20,27,40|11,13,22,26,29,33
6,14,17,27,38,40|8,9,15,18,20,25|11,13,22,26,29,33
6,16,17,18,20,38|8,9,14,27,28,40|11,13,22,26,29,33
6,17,19,25,31,38|8,9,14,27,28,40|11,13,22,26,29,33
6,25,27,29,32,33|8,9,16,18,20,28|10,11,14,15,19,34
6,25,27,29,38,40|8,9,16,18,20,28|10,11,14,15,19,34
8,9,14,18,25,28|11,13,22,26,29,33|15,17,19,20,31,38
8,9,14,27,28,40|11,13,22,26,29,33|15,17,19,20,31,38
8,9,15,18,20,25|11,13,17,28,32,33|22,27,29,31,38,40
8,9,15,20,27,40|11,13,17,28,32,33|18,22,25,29,31,38
8,9,16,18,20,28|10,11,14,15,19,34|22,27,29,31,32,33
8,9,18,22,25,31|10,11,14,15,19,34|16,26,28,29,33,40
8,9,22,27,31,40|10,11,14,15,19,34|16,18,20,28,29,38
8,13,17,22,26,40|10,11,14,15,19,34|16,18,20,28,29,38
8,14,15,17,18,26|9,11,13,20,22,33|19,25,28,29,31,38
8,15,17,19,26,31|9,11,13,20,22,33|14,18,25,28,29,38
8,15,18,25,26,29|9,11,13,20,22,33|14,17,19,28,31,38
8,15,26,27,29,40|9,11,13,20,22,33|14,17,19,28,31,38
8,16,18,26,28,29|9,11,13,20,22,33|10,14,15,19,32,38
9,16,20,28,33,40|10,11,14,15,19,34|18,22,25,29,31,38
9,22,25,31,33,40|10,11,14,15,19,34|16,18,20,28,29,38
1,6,14,19,31,34|2,3,11,21,29,40|8,16,17,18,22,32
1,6,16,19,32,38|2,3,11,21,29,40|8,9,14,15,18,20
2,3,6,11,13,29|8,9,14,15,18,20|16,17,22,32,33,40
6,8,9,15,18,28|11,17,21,32,33,40|14,19,22,25,29,38
6,9,14,25,33,40|8,11,17,18,21,32|15,19,20,29,31,38
6,9,15,28,33,40|8,11,17,18,21,32|14,19,22,25,29,38
6,9,16,20,33,40|8,11,17,18,21,32|14,19,22,25,29,38
6,15,18,28,29,38|8,9,11,19,20,21|16,17,22,32,33,40
1,6,16,25,28,34|8,11,17,26,31,39|10,14,21,22,32,38
1,6,20,21,25,34|8,11,17,26,31,39|10,15,16,22,32,38
1,6,20,28,34,39|8,14,16,17,25,26|10,11,15,21,32,38
1,11,16,25,31,34|6,8,17,26,28,39|10,14,21,22,32,38
1,11,20,31,34,39|6,8,17,21,25,26|10,15,16,22,32,38
1,11,21,22,25,34|6,8,17,26,28,39|10,14,16,31,32,38
1,11,21,28,31,34|6,10,22,32,38,39|8,14,16,17,25,26
1,11,22,28,34,39|6,8,17,21,25,26|10,14,16,31,32,38
1,11,25,32,38,39|6,10,14,16,28,34|8,15,17,20,21,26
1,14,16,20,25,34|6,8,17,26,28,39|10,11,15,21,32,38
1,15,16,20,28,34|6,8,17,21,25,26|10,11,14,32,38,39
1,16,22,28,31,34|6,8,17,21,25,26|10,11,14,32,38,39
1,16,25,31,32,38|6,8,17,26,28,39|10,11,14,21,22,34
1,20,31,32,38,39|6,8,17,21,25,26|10,11,15,16,22,34
1,21,22,25,32,38|6,8,17,26,28,39|10,11,14,16,31,34
1,21,28,31,32,38|6,10,11,22,34,39|8,14,16,17,25,26
1,22,28,32,38,39|6,8,17,21,25,26|10,11,14,16,31,34
1,8,14,26,32,39|6,10,11,15,16,34|20,21,22,25,29,38
1,8,15,21,26,32|6,10,14,16,22,34|11,20,25,29,38,39
1,11,14,16,25,34|6,8,17,21,26,31|20,22,28,29,38,39
1,11,14,20,34,39|6,8,17,21,26,31|16,22,25,28,29,38
1,11,14,21,28,34|6,8,17,22,26,39|16,20,25,29,31,38
1,14,16,20,31,34|6,8,17,22,26,39|11,21,25,28,29,38
1,14,16,22,28,34|6,8,17,21,26,31|11,20,25,29,38,39
1,14,20,21,22,34|6,10,15,16,32,38|8,11,25,26,29,39
2,8,13,14,31,34|3,12,15,21,23,35|25,30,32,38,39,40
2,8,13,16,32,38|3,12,14,23,35,39|21,22,25,30,34,40
2,8,31,34,39,40|3,12,15,21,23,35|13,14,25,30,32,38
2,8,13,14,25,34|3,12,23,31,35,39|6,21,27,30,32,38
2,8,13,15,28,34|3,12,23,31,35,39|6,21,27,30,32,38
2,8,13,16,20,34|3,12,23,31,35,39|6,21,27,30,32,38
2,11,15,21,33,34|3,12,23,31,35,39|14,16,27,30,32,38
2,14,21,22,33,34|3,12,23,31,35,39|6,13,15,26,30,38
2,15,16,22,33,34|3,12,23,31,35,39|6,21,27,30,32,38
2,15,21,32,33,38|3,12,23,31,35,39|6,13,25,28,30,34
2,6,8,21,27,34|3,12,23,25,35,39|11,13,16,26,30,38
2,8,14,16,27,34|3,12,23,25,35,39|13,15,22,26,30,38
2,14,21,28,33,34|3,12,23,25,35,39|11,13,16,26,30,38
2,15,16,28,33,34|3,12,23,25,35,39|13,14,26,30,31,38
2,15,20,21,33,34|3,12,23,25,35,39|11,13,16,26,30,38
2,21,22,31,33,34|3,12,23,25,35,39|11,13,16,26,30,38
1,6,11,27,32,34|2,3,9,14,20,22|26,28,29,31,38,40
1,6,26,31,34,40|2,3,9,11,14,28|20,22,27,29,32,38
1,8,9,10,15,32|2,3,6,26,29,31|11,17,25,28,34,40
1,8,9,17,22,25|2,3,6,26,29,31|10,11,12,15,33,35
1,8,9,17,28,31|2,3,11,15,26,29|6,10,25,32,34,40
1,8,12,22,27,35|2,3,6,9,11,25|10,14,28,32,34,40
1,10,11,15,29,34|2,3,6,9,20,31|14,17,22,26,32,33
1,10,15,29,32,38|2,3,6,9,11,25|17,20,28,31,34,40
1,11,15,26,34,40|2,3,6,9,20,31|10,12,14,22,33,35
1,12,22,25,33,35|2,3,6,9,20,31|10,11,15,17,29,38
1,12,28,31,33,35|2,3,6,9,11,25|8,22,26,27,29,32
1,15,26,32,38,40|2,3,6,9,11,25|10,12,14,22,33,35
1,17,22,25,29,38|2,3,6,9,20,31|10,11,12,15,33,35
1,17,28,29,31,38|2,3,6,9,11,25|10,12,14,22,33,35
1,25,28,32,34,40|2,3,6,9,20,31|10,11,12,15,33,35
2,3,6,9,11,25|8,22,26,27,29,32|17,20,28,31,34,40
2,3,6,9,20,31|8,22,26,27,29,32|10,11,12,15,33,35
2,3,9,11,14,28|6,10,12,31,33,35|8,22,26,27,29,32
2,3,9,11,15,20|6,10,12,31,33,35|8,22,26,27,29,32
2,3,9,14,20,22|6,10,12,31,33,35|11,15,17,26,38,40
6,10,12,31,33,35|8,9,11,27,28,32|14,17,22,26,38,40
8,9,20,22,27,32|10,11,12,15,33,35|26,28,29,31,38,40
8,9,26,28,31,40|10,11,12,15,33,35|20,22,27,29,32,38
1,6,8,12,27,35|2,3,9,11,14,22|15,20,26,29,32,33
1,6,10,14,29,34|2,3,11,15,17,32|8,9,22,26,31,40
1,6,12,25,33,35|2,3,9,11,14,22|15,20,26,29,38,40
1,6,14,26,34,40|2,3,11,15,17,32|8,9,10,22,29,31
1,8,9,17,22,31|2,3,6,14,26,29|10,11,15,32,34,40
1,8,15,17,26,29|2,3,6,9,11,31|10,14,22,32,34,40
1,12,14,28,33,35|2,3,6,9,11,31|15,20,26,29,38,40
1,12,15,20,33,35|2,3,6,9,11,31|10,14,22,32,34,40
1,12,22,31,33,35|2,3,6,9,14,20|10,11,15,32,34,40
1,15,17,20,29,38|2,3,6,9,11,31|10,14,22,32,34,40
1,17,22,29,31,38|2,3,6,9,14,20|10,11,15,32,34,40
6,10,12,14,33,35|8,9,11,22,27,32|15,20,26,29,38,40
1,10,14,17,22,34|2,3,9,11,25,28|6,20,26,27,29,38
1,11,27,28,32,34|2,3,6,17,26,31|10,12,22,25,33,35
2,3,9,11,25,28|6,10,26,31,34,40|17,20,22,27,32,38
2,3,9,20,22,25|6,10,11,27,32,34|17,26,28,31,38,40
2,3,9,20,28,31|6,10,11,27,32,34|17,22,25,26,38,40
1,6,10,14,17,34|2,3,9,11,22,25|8,26,27,28,29,32
1,6,10,25,29,34|2,3,9,11,28,31|15,17,20,26,32,33
1,6,20,27,32,34|2,3,9,11,22,25|8,10,15,17,26,29
1,6,25,26,34,40|2,3,9,11,28,31|10,12,15,20,33,35
1,8,9,17,25,28|2,3,15,20,26,29|10,12,22,31,33,35
1,8,12,27,28,35|2,3,6,9,20,25|10,17,22,29,31,38
1,10,14,28,29,34|2,3,6,9,20,25|11,17,22,27,32,38
1,10,22,29,31,34|2,3,6,9,20,25|14,17,26,28,32,33
1,11,22,27,32,34|2,3,6,9,20,25|8,10,15,17,26,29
1,14,26,28,34,40|2,3,6,9,20,25|10,12,22,31,33,35
1,15,20,26,34,40|2,3,9,11,22,25|6,8,10,12,27,35
1,17,25,28,29,38|2,3,9,20,22,31|6,8,10,12,27,35
1,22,26,31,34,40|2,3,6,9,20,25|10,12,14,28,33,35
2,3,9,11,22,25|6,8,10,12,27,35|14,17,26,28,32,33
2,3,9,11,28,31|6,8,10,12,27,35|15,17,20,26,32,33
2,3,9,14,20,28|6,8,10,12,27,35|17,22,26,31,32,33
2,3,9,20,22,31|6,8,10,12,27,35|14,17,26,28,32,33
2,3,17,22,25,32|6,8,9,11,26,27|10,12,14,28,33,35
2,3,17,28,31,32|6,8,9,11,26,27|10,12,15,20,33,35
6,8,17,26,27,32|9,20,25,28,38,40|10,12,22,31,33,35
6,10,12,25,33,35|8,9,20,27,28,32|17,22,26,31,38,40
6,17,25,26,38,40|8,9,20,27,28,32|10,12,22,31,33,35
8,9,25,26,28,40|10,12,15,20,33,35|11,17,22,27,32,38
1,6,12,31,33,35|2,3,14,28,29,32|8,9,11,15,26,40
1,11,12,15,33,35|2,3,6,14,17,32|20,22,25,29,34,40
1,12,14,22,33,35|2,3,6,25,29,32|8,9,11,15,26,40
1,2,14,17,38,39|3,6,15,16,26,34|9,10,21,22,30,31
1,2,25,29,38,39|3,6,14,21,26,34|9,10,15,16,28,30
1,9,21,25,28,30|2,6,13,15,26,38|3,20,31,32,34,39
2,6,13,15,26,38|3,11,25,32,34,39|9,10,14,21,28,30
2,13,25,31,32,38|3,6,14,21,26,34|9,10,15,16,28,30
2,14,26,38,39,40|3,16,25,31,32,34|9,10,15,20,21,30
2,6,15,25,27,34|3,14,26,32,38,39|9,10,21,28,30,31
2,6,16,27,28,34|3,14,26,32,38,39|9,10,21,22,25,30
2,6,20,21,27,34|3,14,26,32,38,39|9,10,16,25,30,31
2,11,13,16,26,38|3,20,25,32,34,39|9,10,21,28,30,31
2,11,16,27,31,34|3,14,26,32,38,39|9,10,21,22,25,30
2,11,21,22,27,34|3,14,26,32,38,39|9,10,16,25,30,31
2,13,15,22,26,38|3,20,25,32,34,39|9,10,21,28,30,31
2,14,16,20,27,34|3,15,21,26,32,38|9,10,11,25,30,39
2,21,22,27,32,38|3,11,14,26,34,39|9,10,16,25,30,31
1,9,14,16,25,30|2,6,13,15,20,34|3,8,12,31,35,39
1,9,14,21,28,30|2,6,13,15,20,34|3,8,12,31,35,39
1,9,15,20,21,30|2,6,13,14,28,34|3,8,12,31,35,39
1,15,21,26,29,30|2,6,13,14,28,34|3,8,12,31,35,39
2,6,13,15,20,34|3,8,12,31,35,39|17,21,25,28,29,30
2,6,21,25,34,40|3,8,12,31,35,39|11,13,16,26,30,32
2,11,13,15,22,34|3,8,12,31,35,39|6,9,10,14,21,30
2,11,13,16,32,38|3,8,12,31,35,39|6,9,10,14,21,30
2,13,15,22,32,38|3,8,12,31,35,39|6,9,10,14,21,30
2,14,16,25,34,40|3,8,12,31,35,39|13,15,22,26,30,32
2,14,21,28,34,40|3,8,12,31,35,39|6,9,10,15,16,30
2,15,16,28,34,40|3,8,12,31,35,39|6,9,10,14,21,30
2,15,20,21,34,40|3,8,12,31,35,39|11,13,16,26,30,32
1,2,29,31,38,39|3,6,21,25,32,34|9,10,15,16,22,30
2,6,13,28,31,34|3,8,12,25,35,39|9,10,11,15,21,30
2,6,14,15,27,34|3,8,12,25,35,39|13,16,20,26,30,32
2,11,13,15,28,34|3,8,12,25,35,39|6,9,10,21,30,31
2,11,13,16,20,34|3,8,12,25,35,39|6,9,10,21,30,31
2,13,14,20,31,34|3,8,12,25,35,39|9,10,11,15,21,30
2,13,14,22,28,34|3,8,12,25,35,39|6,9,10,21,30,31
2,13,15,20,22,34|3,8,12,25,35,39|6,9,10,21,30,31
2,13,15,28,32,38|3,8,12,25,35,39|6,9,10,21,30,31
2,13,16,20,32,38|3,8,12,25,35,39|6,9,10,21,30,31
2,21,28,31,34,40|3,8,12,25,35,39|9,10,15,16,22,30
1,9,15,16,22,30|2,6,21,31,34,40|3,8,12,14,35,39
2,6,11,13,15,34|3,8,12,14,35,39|16,17,25,29,30,31
2,6,13,14,22,34|3,8,12,15,21,35|11,17,25,29,30,39
2,6,13,15,32,38|3,8,12,14,35,39|16,17,25,29,30,31
2,6,22,34,39,40|3,8,12,15,21,35|16,17,25,29,30,31
2,11,14,34,39,40|3,8,12,15,21,35|16,17,25,29,30,31
2,11,15,21,34,40|3,8,12,14,35,39|16,17,25,29,30,31
2,14,16,31,34,40|3,8,12,15,21,35|11,17,25,29,30,39
2,14,32,38,39,40|3,8,12,15,21,35|16,17,25,29,30,31
2,15,16,22,34,40|3,8,12,14,35,39|17,21,28,29,30,31
2,15,21,32,38,40|3,8,12,14,35,39|16,17,25,29,30,31
1,2,29,30,31,39|6,11,13,15,34,38|9,14,17,21,22,23
1,8,29,31,34,39|2,13,14,25,30,32|9,11,15,17,21,23
1,9,15,21,23,32|6,13,14,22,34,38|8,12,31,33,35,39
2,13,14,25,30,32|6,9,17,21,23,31|15,16,22,34,38,40
2,13,15,28,30,32|6,9,17,21,23,31|11,14,34,38,39,40
2,13,16,20,30,32|6,9,17,21,23,31|11,14,34,38,39,40
6,11,13,15,34,38|8,12,31,33,35,39|9,14,17,21,22,23
6,13,14,22,34,38|8,12,31,33,35,39|9,11,15,17,21,23
8,17,29,31,38,39|11,15,21,32,33,34|12,13,14,23,25,35
1,2,15,21,29,30|8,11,13,16,32,34|12,23,31,35,39,40
1,8,15,21,29,34|2,11,13,16,30,32|12,23,31,35,39,40
6,15,16,34,38,40|8,12,14,33,35,39|9,21,22,23,29,31
1,2,17,30,31,39|6,13,22,25,34,38|9,10,15,21,23,32
2,3,6,21,31,34|8,13,16,26,32,38|9,11,17,23,25,39
2,3,6,22,34,39|8,13,16,26,32,38|9,17,21,23,28,31
2,3,11,14,34,39|8,13,16,26,32,38|9,17,21,22,23,25
2,3,11,15,21,34|8,13,16,26,32,38|9,17,20,23,31,39
2,3,14,21,22,34|8,13,16,26,32,38|9,11,17,23,25,39
2,3,14,32,38,39|6,15,16,26,33,34|9,17,21,22,23,25
2,11,13,16,26,30|6,14,15,27,34,38|9,17,20,23,31,39
2,11,27,30,32,39|6,13,22,25,34,38|9,17,21,23,28,31
2,13,14,26,30,31|8,11,27,32,34,39|9,17,21,22,23,25
2,21,22,27,30,32|6,13,28,31,34,38|9,11,17,23,25,39
2,26,30,31,39,40|6,13,22,25,34,38|9,10,15,21,23,32
3,14,26,30,32,39|6,13,22,25,34,38|9,17,21,23,28,31
3,15,21,26,30,32|6,13,22,25,34,38|9,17,20,23,31,39
1,2,14,17,30,39|6,8,13,15,26,34|9,21,23,25,28,29
1,2,15,17,21,30|6,13,14,28,34,38|8,12,25,33,35,39
1,2,25,29,30,39|6,8,13,15,26,34|9,14,17,21,23,28
1,8,9,14,38,39|2,3,6,15,16,34|12,13,23,25,31,35
1,8,9,15,21,38|2,10,14,29,30,39|12,13,23,25,31,35
1,8,14,17,34,39|2,6,13,15,26,30|9,21,23,25,28,29
1,8,15,17,21,34|2,10,14,29,30,39|12,13,23,25,31,35
