1,8,15,34,39,40|3,14,21,25,29,30|6,9,13,16,20,23
1,8,16,21,34,40|3,6,14,17,30,39|9,11,13,15,23,31
3,6,25,29,30,39|8,9,11,16,21,33|13,15,17,23,31,32
3,14,21,25,29,30|6,8,9,31,33,39|13,16,17,22,23,32
3,15,16,25,29,30|6,8,9,31,33,39|11,13,17,21,23,32
3,15,20,29,30,39|6,8,13,16,17,38|9,14,21,23,25,40
3,15,21,28,29,30|6,8,9,31,33,39|13,16,17,22,23,32
3,22,29,30,31,39|6,8,13,16,17,38|9,14,21,23,25,40
1,2,13,16,22,30|6,8,9,25,33,39|21,23,27,29,31,32
1,3,15,30,32,39|6,9,13,23,25,31|8,14,21,27,29,38
1,3,16,21,30,32|6,8,9,25,33,39|13,15,23,26,29,31
1,6,14,33,34,39|3,11,16,17,21,30|9,13,15,20,23,31
1,6,15,21,33,34|3,14,17,22,30,39|9,11,13,16,23,28
1,8,11,13,21,34|3,6,17,30,31,39|15,16,25,29,33,38
1,8,13,15,31,34|3,11,16,17,21,30|6,25,29,33,38,39
1,8,13,16,22,34|3,6,17,30,31,39|14,21,25,29,33,38
1,14,15,16,33,34|3,6,17,30,31,39|9,11,13,20,21,23
3,6,17,30,31,39|8,9,14,21,25,33|13,16,22,23,26,29
3,11,15,17,30,39|6,9,13,23,25,31|8,14,21,27,29,38
3,11,16,17,21,30|6,8,9,25,33,39|13,15,23,26,29,31
3,14,17,21,30,31|6,8,9,25,33,39|13,16,22,23,26,29
3,14,17,22,30,39|6,9,13,23,25,31|8,15,16,27,29,38
3,15,16,17,30,31|6,8,9,25,33,39|11,13,21,23,26,29
3,22,25,29,30,39|6,9,14,16,23,27|8,11,13,17,21,38
3,28,29,30,31,39|6,9,14,16,23,27|8,11,13,17,21,38
1,2,3,15,38,39|8,10,13,16,28,34|9,11,21,23,25,27
1,2,3,16,21,38|6,10,31,33,34,39|13,15,17,23,25,26
1,3,15,26,30,39|8,10,13,16,28,34|9,11,21,23,25,27
1,8,13,21,26,38|3,17,25,28,30,39|10,15,16,31,33,34
1,21,25,31,33,34|2,10,13,16,28,30|8,17,22,27,38,39
1,22,25,33,34,39|2,10,13,16,28,30|8,17,21,27,31,38
2,6,11,19,23,39|7,8,12,14,21,29|15,16,20,30,33,40
2,6,16,19,23,31|7,8,12,14,21,29|11,22,30,33,39,40
2,11,14,19,21,23|6,7,8,12,29,39|15,16,20,30,33,40
2,11,15,16,19,23|6,7,8,12,29,39|14,20,21,30,33,40
2,14,16,19,22,23|6,7,8,12,29,39|11,21,30,31,33,40
3,6,13,14,23,32|7,8,12,15,16,29|11,21,30,31,33,40
3,15,16,23,32,40|6,7,8,12,29,39|11,13,14,22,30,33
2,11,15,16,18,23|3,6,8,13,14,38|20,21,30,31,33,40
2,11,19,21,23,31|3,6,8,13,14,38|16,22,25,30,33,40
2,11,19,22,23,39|3,6,8,13,14,38|15,25,30,31,33,40
2,15,16,19,20,23|3,6,8,13,14,38|11,21,25,30,33,40
2,16,19,22,23,31|3,6,8,13,14,38|11,21,25,30,33,40
3,6,13,23,31,32|7,8,12,22,29,39|11,21,25,30,33,40
3,11,13,15,23,32|7,8,12,21,29,31|16,22,25,30,33,40
3,13,14,22,23,32|7,8,12,21,29,31|11,28,30,33,39,40
2,6,16,18,23,25|3,8,11,13,15,38|20,28,30,33,39,40
2,6,18,20,23,39|3,8,11,13,15,38|16,25,28,30,33,40
2,11,18,21,23,31|3,6,14,16,33,38|7,8,12,28,29,39
2,11,18,22,23,39|3,6,8,13,31,38|16,25,28,30,33,40
2,11,19,21,23,25|3,6,8,13,31,38|20,28,30,33,39,40
2,11,19,23,28,39|3,6,8,13,31,38|20,21,25,30,33,40
2,13,22,23,25,40|3,6,14,16,33,38|7,8,12,28,29,39
2,13,23,28,31,40|3,6,14,16,33,38|7,8,12,21,25,29
2,14,15,18,23,25|3,6,8,13,31,38|20,28,30,33,39,40
2,14,16,18,23,28|3,6,8,13,31,38|20,21,25,30,33,40
2,14,18,20,21,23|3,6,8,13,31,38|16,25,28,30,33,40
2,15,19,23,25,31|3,6,14,16,33,38|7,8,12,28,29,39
2,16,18,22,23,31|3,8,11,13,15,38|20,21,25,30,33,40
2,16,19,22,23,25|3,6,8,13,31,38|11,14,15,27,30,33
2,16,19,23,28,31|3,8,11,13,15,38|20,21,25,30,33,40
2,19,20,21,23,31|3,6,14,16,33,38|7,8,12,28,29,39
2,19,20,22,23,39|3,6,8,13,31,38|11,14,15,27,30,33
2,19,21,22,23,28|3,6,8,13,31,38|11,14,15,27,30,33
3,6,13,23,25,32|7,8,12,14,17,21|20,28,30,33,39,40
3,13,14,23,28,32|6,7,8,12,17,39|20,21,25,30,33,40
3,13,15,20,23,32|6,7,8,12,17,39|16,25,28,30,33,40
3,13,22,23,31,32|6,7,8,12,17,39|11,14,15,27,30,33
3,21,23,25,32,40|6,7,8,12,17,39|11,13,28,30,31,33
1,8,10,13,15,30|2,11,18,21,23,25|3,6,16,31,33,38
2,11,18,21,23,25|3,6,16,31,33,38|7,8,12,17,22,39
2,11,18,23,28,39|3,6,8,13,25,38|14,15,20,27,30,33
2,13,23,25,28,40|3,6,11,33,38,39|7,8,12,17,21,31
2,15,18,23,25,31|3,6,11,33,38,39|8,13,20,22,27,30
2,16,18,22,23,25|3,6,11,33,38,39|7,8,12,17,21,31
2,16,18,23,28,31|3,6,8,13,25,38|14,15,20,27,30,33
2,16,19,23,25,28|3,6,11,33,38,39|7,8,12,17,21,31
2,18,20,21,23,31|3,6,8,13,25,38|11,16,22,27,30,33
2,18,20,22,23,39|3,6,8,13,25,38|11,15,27,30,31,33
2,18,21,22,23,28|3,6,8,13,25,38|11,15,27,30,31,33
2,19,20,23,28,39|3,6,8,13,25,38|11,15,27,30,31,33
3,6,10,23,29,39|7,8,12,17,21,31|11,13,25,28,30,33
3,6,13,14,23,26|7,8,12,17,21,31|11,16,22,27,30,33
3,6,16,23,27,32|7,8,12,17,21,31|11,13,25,28,30,33
3,6,23,26,39,40|7,8,12,17,21,31|11,13,25,28,30,33
3,10,14,21,23,29|6,15,27,28,30,33|7,8,12,17,22,39
3,10,15,16,23,29|6,14,25,27,30,33|7,8,12,17,21,31
3,13,22,23,25,32|6,15,27,28,30,33|7,8,12,17,21,31
3,13,23,28,31,32|6,14,25,27,30,33|7,8,12,17,22,39
3,14,15,23,27,32|7,8,12,17,21,31|11,13,25,28,30,33
3,14,21,23,26,40|6,15,27,28,30,33|7,8,12,17,22,39
3,15,16,23,26,40|6,14,25,27,30,33|7,8,12,17,21,31
1,6,7,12,38,39|2,8,11,21,27,33|3,13,14,22,23,26
1,6,10,30,33,39|2,11,13,22,23,27|7,8,12,17,21,25
1,7,12,14,21,38|2,6,13,20,23,27|3,8,15,16,26,33
1,7,12,15,16,38|2,6,13,20,23,27|3,8,14,21,26,33
1,10,14,21,30,33|2,6,13,20,23,27|7,8,12,17,28,39
1,10,15,16,30,33|2,6,13,20,23,27|7,8,12,17,21,25
3,6,13,23,26,31|7,8,12,17,21,25|11,16,27,28,30,33
3,10,21,23,29,31|7,8,12,17,28,39|11,15,25,27,30,33
3,11,13,15,23,26|6,25,27,30,31,33|7,8,12,17,28,39
3,13,14,22,23,26|6,25,27,30,31,33|7,8,12,17,28,39
3,21,23,26,31,40|7,8,12,17,28,39|11,15,25,27,30,33
1,7,12,21,31,38|2,8,15,25,27,33|3,6,10,17,23,39
1,7,12,22,38,39|2,8,15,25,27,33|3,10,14,17,21,23
2,13,20,23,27,28|3,8,21,25,26,33|6,7,10,12,38,39
2,10,18,23,25,35|3,8,9,12,27,34|7,17,26,29,31,38
2,10,23,27,35,40|3,9,12,25,33,34|7,17,26,29,31,38
1,2,9,23,27,29|3,17,31,32,33,34|7,8,25,26,35,40
1,2,14,18,34,38|6,7,22,26,33,35|8,9,10,27,29,30
1,2,19,31,34,38|6,7,22,26,33,35|8,9,10,27,29,30
2,9,14,18,23,26|3,17,31,32,33,34|7,8,10,25,29,35
2,11,27,29,33,34|7,8,10,14,17,35|9,18,20,25,30,38
3,6,9,28,33,34|7,8,10,14,17,35|18,25,26,29,30,38
3,9,11,31,33,34|7,8,10,14,17,35|18,25,26,29,30,38
3,9,14,20,33,34|7,8,10,25,29,35|17,19,26,30,31,38
3,17,31,32,33,34|7,8,10,25,29,35|9,20,27,30,38,40
3,17,31,34,38,40|6,7,22,26,33,35|8,9,10,27,29,30
2,10,19,23,25,35|3,9,12,31,33,34|7,14,17,26,29,38
1,2,14,19,34,38|3,9,17,23,25,29|7,8,11,27,32,35
2,8,9,18,31,38|3,12,23,27,29,35|17,19,20,25,30,34
2,8,9,19,25,38|3,12,23,27,29,35|10,14,18,30,32,34
2,9,14,19,23,26|3,8,27,29,32,34|7,11,25,35,38,40
2,9,18,23,25,32|3,14,17,34,38,40|7,8,10,29,31,35
2,9,23,27,32,40|7,8,10,29,31,35|11,17,18,25,30,34
2,17,31,33,34,40|3,12,23,27,29,35|8,9,19,25,26,30
3,6,9,22,33,34|7,8,10,29,31,35|14,17,19,26,30,38
3,8,9,25,34,40|7,20,31,32,33,35|14,17,19,26,30,38
3,9,11,14,33,34|7,8,10,29,31,35|17,18,25,30,32,38
3,9,14,32,33,38|7,8,10,29,31,35|11,17,18,25,30,34
3,14,17,32,33,34|7,8,10,29,31,35|9,11,18,25,30,38
3,14,17,34,38,40|7,8,10,29,31,35|9,11,27,30,32,33
3,25,29,32,33,34|7,8,26,31,35,40|9,18,22,28,30,38
1,2,23,27,35,40|3,9,12,14,33,34|7,17,25,29,32,38
1,7,9,14,32,38|2,10,19,23,31,35|12,17,18,25,30,34
1,7,14,17,32,34|2,10,19,23,31,35|9,12,18,25,30,38
1,7,25,29,32,34|2,10,14,18,23,35|9,12,27,30,38,40
2,10,19,23,31,35|3,9,12,14,33,34|7,17,25,29,32,38
3,9,12,14,33,34|7,17,25,29,32,38|8,10,27,30,35,40
1,9,14,17,30,33|2,8,18,25,29,34|6,7,28,35,38,40
1,9,25,29,30,33|2,8,14,17,18,34|6,7,28,35,38,40
2,8,9,19,31,38|6,7,28,32,33,35|14,17,18,20,30,34
2,8,14,17,18,34|6,7,28,32,33,35|9,11,19,25,30,38
2,8,17,19,31,34|6,7,28,32,33,35|9,14,18,20,30,38
2,8,18,25,29,34|6,7,28,32,33,35|9,19,20,30,31,38
2,8,27,29,34,40|6,7,28,32,33,35|9,11,18,30,31,38
2,9,18,23,31,32|6,7,28,35,38,40|11,17,19,25,30,34
3,8,9,31,34,40|6,7,28,32,33,35|14,18,26,29,30,38
3,29,31,32,33,34|6,7,28,35,38,40|8,9,14,18,26,30
3,29,31,34,38,40|6,7,28,32,33,35|8,9,14,18,26,30
1,2,18,23,31,35|6,7,9,28,29,38|12,17,19,25,30,34
1,2,19,23,25,35|6,7,9,28,29,38|12,17,18,30,31,34
2,10,14,19,23,35|6,7,9,28,29,38|12,17,18,30,31,34
1,9,29,30,31,33|2,8,14,17,19,34|6,7,22,35,38,40
1,19,30,31,32,34|3,9,14,17,23,29|6,7,22,35,38,40
2,8,9,14,19,38|6,7,22,32,33,35|11,18,25,29,30,34
2,8,18,29,31,34|6,7,22,32,33,35|9,14,19,20,30,38
2,8,19,25,29,34|6,7,22,32,33,35|9,11,14,18,30,38
2,9,14,18,23,32|6,7,22,35,38,40|11,17,19,30,31,34
1,2,14,18,23,35|6,7,9,22,29,38|12,17,19,30,31,34
1,2,19,23,31,35|6,7,9,22,29,38|12,14,17,18,30,34
1,6,10,15,32,33|2,3,11,25,31,40|8,14,18,22,26,28
1,6,17,22,25,33|2,3,15,20,28,40|8,10,11,14,27,29
1,8,11,14,17,27|2,3,6,25,28,40|10,15,20,22,29,33
1,8,11,25,27,29|2,3,15,20,28,40|6,10,14,17,22,33
1,11,14,17,25,33|2,3,15,20,28,40|6,8,10,22,27,29
1,11,15,17,28,33|2,3,14,20,25,40|6,8,10,22,27,29
1,15,17,20,22,33|2,3,6,25,28,40|8,10,11,14,27,29
2,3,22,28,31,40|6,10,11,15,17,33|8,14,19,20,25,26
1,10,14,31,32,33|2,3,6,11,22,27|8,15,18,20,26,28
1,10,14,31,38,40|2,3,6,11,22,27|8,15,18,20,26,28
1,10,15,22,38,40|6,8,18,25,26,28|11,20,27,31,32,33
1,8,17,25,31,40|6,10,14,28,29,33|11,15,18,20,22,38
1,11,25,29,31,33|2,3,14,22,28,40|6,8,15,18,20,26
1,14,20,25,29,33|2,3,6,28,31,40|8,11,15,18,22,26
1,15,20,28,29,33|2,3,6,22,25,40|8,11,14,18,26,31
1,22,28,29,31,33|2,3,11,14,25,40|6,8,15,18,20,26
1,6,22,25,29,33|2,3,11,14,31,40|8,15,18,20,28,32
1,6,28,29,31,33|2,3,11,15,22,40|8,14,18,20,25,32
1,11,14,25,29,33|2,3,6,15,20,40|8,18,22,28,31,32
1,11,15,28,29,33|2,3,6,22,31,40|8,14,18,20,25,32
1,14,20,29,31,33|2,3,11,15,22,40|6,8,18,25,28,32
1,14,22,28,29,33|2,3,6,15,20,40|8,11,18,25,31,32
1,15,20,22,29,33|2,3,6,14,28,40|8,11,18,25,31,32
2,3,6,16,23,27|7,10,12,14,21,30|8,13,25,28,33,38
2,3,8,21,25,33|6,7,10,12,30,39|11,13,22,23,27,38
2,3,8,28,33,39|6,13,20,23,27,38|7,10,12,14,21,30
2,3,13,22,23,25|6,7,10,12,30,39|8,11,21,27,33,38
2,3,13,23,28,31|6,7,10,12,30,39|8,11,21,27,33,38
2,3,14,15,23,27|6,7,10,12,30,39|8,13,25,28,33,38
1,7,12,21,30,31|2,3,6,13,23,25|8,14,15,27,33,38
1,7,12,22,30,39|2,3,6,13,23,25|8,14,15,27,33,38
1,6,7,12,30,39|2,3,8,14,21,33|13,22,23,25,38,40
1,7,12,14,21,30|2,3,6,8,33,39|13,22,23,25,38,40
1,7,12,15,16,30|2,3,6,8,33,39|11,18,21,23,31,38
3,15,18,29,34,39|7,13,16,28,35,40|9,14,19,21,27,30
3,16,18,21,29,34|6,7,19,25,35,39|9,13,15,27,30,40
2,9,16,18,21,33|3,15,17,19,34,39|6,7,13,14,27,35
1,3,27,30,32,34|2,7,20,25,33,35|9,18,23,26,31,38
2,7,20,25,33,35|3,9,11,27,30,38|17,18,23,26,31,34
7,17,25,26,29,30|8,9,12,27,33,34|10,18,23,31,35,38
1,7,10,14,30,35|2,3,8,27,29,34|9,19,23,26,31,38
2,3,9,14,33,38|7,11,20,27,30,35|17,19,23,26,31,34
2,3,14,17,33,34|7,11,20,27,30,35|9,19,23,26,31,38
2,3,25,29,33,34|7,11,20,27,30,35|9,14,18,23,26,38
2,7,11,25,33,35|3,20,27,29,30,34|9,14,18,23,26,38
2,7,22,28,33,35|3,20,27,29,30,34|9,14,18,23,26,38
2,9,11,27,30,33|3,6,7,28,35,38|14,17,18,23,26,34
2,17,18,25,30,38|3,7,8,14,26,35|9,20,23,27,34,40
2,17,27,30,32,33|3,6,7,28,35,38|9,18,20,23,25,34
2,17,27,30,38,40|3,7,8,14,26,35|9,18,20,23,25,34
1,3,8,27,30,35|2,7,17,29,31,38|9,12,18,23,25,34
1,18,23,25,35,38|2,7,8,9,17,31|3,12,27,29,30,34
2,7,17,29,31,38|3,10,14,30,33,35|9,12,18,23,25,34
2,6,7,28,33,35|3,8,9,27,30,32|14,17,19,23,26,34
2,7,11,31,33,35|3,8,9,27,30,32|14,17,19,23,26,34
2,7,14,20,33,35|3,8,9,27,30,32|18,23,26,29,31,34
2,17,18,30,31,38|3,7,8,25,32,35|9,11,23,27,34,40
1,2,14,18,30,34|3,7,8,31,32,35|9,17,23,25,29,33
2,3,14,29,33,34|7,20,25,30,35,40|9,18,23,31,32,38
2,6,7,22,33,35|3,9,30,31,38,40|14,18,23,26,29,34
2,7,8,25,35,40|3,9,30,31,32,33|14,18,23,26,29,34
2,7,11,14,33,35|3,9,30,31,38,40|17,19,23,25,32,34
2,9,25,30,33,40|3,7,8,31,32,35|14,18,23,26,29,34
2,14,17,18,30,38|3,7,8,31,32,35|9,11,19,23,25,34
2,18,25,29,30,38|3,7,8,31,32,35|9,19,22,23,28,34
2,27,29,30,38,40|3,7,8,31,32,35|6,9,18,23,28,34
2,18,29,30,31,38|3,7,8,14,32,35|6,9,19,23,28,34
2,19,25,29,30,38|3,7,8,14,32,35|6,9,18,22,23,34
1,2,6,10,15,33|3,8,11,13,20,26|7,12,17,22,28,31
1,3,8,10,16,32|2,6,11,27,28,33|7,12,14,17,20,25
1,3,8,17,25,31|2,6,11,27,28,33|7,10,12,15,22,32
1,7,12,25,31,32|2,6,11,27,28,33|3,8,10,15,17,22
2,8,20,25,27,40|3,6,14,26,28,33|7,10,11,12,16,32
1,2,8,10,16,40|3,6,11,15,26,33|7,12,14,17,20,31
1,3,8,15,17,28|2,6,11,22,27,33|7,12,20,25,29,31
1,7,12,14,25,32|2,6,11,22,27,33|3,8,10,15,28,29
1,7,12,15,28,32|2,6,11,22,27,33|3,8,10,14,25,29
1,7,12,16,20,32|2,6,11,22,27,33|3,8,10,14,25,29
1,10,15,28,30,40|2,6,11,22,27,33|7,12,14,17,20,31
2,8,18,20,25,31|3,6,11,15,26,33|7,12,14,17,22,28
2,8,18,22,25,28|3,6,11,15,26,33|7,12,14,17,20,31
2,8,20,27,31,40|3,6,11,15,26,33|7,12,14,17,22,28
2,8,22,27,28,40|3,6,11,15,26,33|7,12,14,17,20,31
1,2,10,11,16,33|3,6,8,22,26,27|7,12,17,20,25,31
1,2,10,15,22,33|3,6,11,27,28,38|7,12,17,20,25,31
1,3,6,10,15,38|2,11,20,27,31,33|7,12,17,22,25,28
1,7,11,12,16,26|2,6,20,27,28,33|3,8,10,14,17,25
1,7,12,15,22,26|2,6,20,27,28,33|3,8,10,14,17,25
3,8,14,25,32,40|6,7,12,15,20,29|11,19,22,28,30,31
3,8,15,28,32,40|6,7,12,22,29,31|11,14,19,20,25,30
1,7,11,12,16,32|2,6,8,18,25,28|3,14,20,31,38,40
1,7,12,14,31,32|2,6,8,18,25,28|3,11,16,20,38,40
1,7,12,15,22,32|2,6,8,18,25,28|3,11,16,20,38,40
1,10,11,16,30,40|2,6,8,18,25,28|3,14,20,31,32,33
1,10,14,30,31,40|2,6,8,18,25,28|3,11,16,20,32,33
1,10,15,22,30,40|2,6,8,18,25,28|3,11,16,20,32,33
2,8,11,18,25,31|3,14,22,28,32,33|6,7,12,15,17,20
2,8,11,27,31,40|3,6,22,25,32,33|7,12,15,20,28,29
2,8,14,18,20,25|3,6,28,31,32,33|7,11,12,15,17,22
2,8,15,18,20,28|3,6,22,25,32,33|7,11,12,14,17,31
2,8,18,22,28,31|3,11,14,25,32,33|6,7,12,15,17,20
2,11,25,31,33,40|3,6,8,22,27,32|7,12,15,20,28,29
2,15,20,28,33,40|3,6,8,22,27,32|7,11,12,14,17,31
2,22,28,31,33,40|3,8,10,11,16,29|6,7,12,15,17,20
3,8,10,14,29,31|6,7,12,15,17,20|11,18,22,25,28,30
3,8,10,15,22,29|6,7,12,14,17,28|11,18,20,25,30,31
3,8,14,26,31,40|6,7,12,15,17,20|11,18,22,25,28,30
3,8,15,22,26,40|6,7,12,14,17,28|11,18,20,25,30,31
1,3,6,8,15,17|2,11,14,25,33,40|19,20,22,28,30,31
1,6,7,12,15,32|2,8,11,14,18,25|19,20,22,28,30,31
2,6,8,19,25,28|3,11,14,31,32,33|7,12,15,20,22,29
2,8,11,19,25,31|3,6,14,28,32,33|7,12,15,20,22,29
2,8,14,19,20,25|3,6,22,31,32,33|7,11,12,15,28,29
2,8,15,19,20,28|3,6,22,31,32,33|7,11,12,14,25,29
2,8,19,22,28,31|3,6,15,20,32,33|7,11,12,14,25,29
2,11,14,25,33,40|3,6,8,10,15,29|19,20,22,28,30,31
2,14,20,31,33,40|3,6,8,10,15,29|11,19,22,25,28,30
2,14,22,28,33,40|3,6,8,10,15,29|11,19,20,25,30,31
3,6,8,15,26,40|7,11,12,14,25,29|19,20,22,28,30,31
3,8,25,31,32,40|6,7,11,12,15,17|14,18,20,22,28,30
2,6,9,10,25,30|8,12,27,28,35,38|15,20,26,32,33,34
2,9,10,15,20,30|6,8,26,27,32,34|12,25,28,33,35,38
2,9,10,22,30,31|6,8,26,27,32,34|12,25,28,33,35,38
1,2,6,9,25,30|8,12,15,26,33,35|28,31,32,34,38,40
1,2,15,26,29,30|6,8,9,10,14,34|12,22,23,27,32,35
1,6,14,17,34,38|3,12,22,25,30,35|9,15,20,23,26,29
1,8,9,15,20,34|2,17,25,28,29,30|12,22,23,27,32,35
1,8,9,22,31,34|2,17,25,28,29,30|12,15,20,33,35,38
1,8,15,26,29,34|2,6,9,10,14,30|12,22,23,27,32,35
1,15,20,29,34,38|2,6,9,10,14,30|12,22,23,27,32,35
1,22,29,31,34,38|2,6,9,10,14,30|8,12,15,26,33,35
2,6,9,10,14,30|8,12,15,26,33,35|22,25,32,34,38,40
2,17,25,28,29,30|6,8,9,10,14,34|12,15,20,33,35,38
6,10,14,29,34,38|8,12,15,26,33,35|9,17,22,23,25,32
1,2,9,22,25,30|6,10,29,31,34,38|12,23,27,28,32,35
1,2,9,28,30,31|6,11,27,32,34,38|10,12,15,17,23,35
1,6,17,31,34,38|2,9,10,11,15,30|12,23,27,28,32,35
1,8,9,22,25,34|2,10,15,17,30,32|12,28,31,33,35,38
1,8,9,28,31,34|2,10,15,17,30,32|12,22,25,33,35,38
1,9,15,23,26,32|3,12,25,28,30,35|6,10,29,31,34,38
1,11,15,17,34,38|2,6,9,10,30,31|12,23,27,28,32,35
1,14,17,22,34,38|2,6,9,10,30,31|12,23,27,28,32,35
1,22,25,29,34,38|2,6,9,10,30,31|12,23,27,28,32,35
2,3,14,28,32,34|6,9,17,23,26,31|8,12,22,27,35,38
2,3,15,20,32,34|6,9,17,23,26,31|8,12,22,27,35,38
2,6,9,10,30,31|8,12,22,27,35,38|11,15,26,32,33,34
2,9,10,11,15,30|6,26,31,32,33,34|8,12,22,27,35,38
8,10,15,17,32,34|9,22,23,25,26,29|12,28,31,33,35,38
1,2,6,9,30,31|8,10,15,29,32,34|12,14,22,33,35,38
1,2,9,11,15,30|6,12,23,27,32,35|8,17,22,25,29,34
1,2,9,14,22,30|6,12,23,27,32,35|8,17,28,29,31,34
1,2,15,17,30,32|6,9,23,26,29,31|12,14,22,33,35,38
1,6,8,9,31,34|2,10,15,29,30,32|12,14,22,33,35,38
1,6,29,31,34,38|2,3,8,12,15,35|9,14,17,23,28,32
1,8,9,11,15,34|2,17,22,25,29,30|6,12,23,27,32,35
1,8,9,14,22,34|2,10,15,29,30,32|6,12,31,33,35,38
1,8,15,17,32,34|3,6,12,25,30,35|9,14,22,23,26,29
1,11,15,29,34,38|3,6,12,25,30,35|9,14,17,23,28,32
1,12,15,17,23,35|2,3,6,14,32,34|8,9,22,25,29,38
1,14,22,29,34,38|2,3,8,12,15,35|6,9,17,23,25,32
1,2,13,19,23,26|3,8,9,14,27,33|7,12,15,18,28,34
1,3,13,32,33,38|2,14,17,18,23,27|7,12,19,25,31,34
2,8,10,13,19,38|3,9,18,23,25,31|7,12,14,27,34,40
2,10,13,18,23,32|3,8,9,14,27,33|7,12,19,25,31,34
3,8,9,14,27,33|7,12,15,18,28,34|10,13,19,20,30,38
3,9,18,23,25,31|7,12,14,27,34,40|8,10,13,19,26,30
3,9,23,27,31,40|7,12,14,18,25,34|8,10,13,19,26,30
3,14,27,29,33,38|7,12,15,18,28,34|8,10,13,19,26,30
1,3,13,20,33,34|2,17,18,23,27,31|7,12,16,19,26,38
1,10,13,17,30,33|3,9,23,25,27,40|7,12,16,19,26,38
1,19,25,27,30,38|3,8,10,16,18,34|7,12,13,26,32,33
2,17,19,23,25,27|3,8,10,16,18,34|7,12,13,26,32,33
3,8,13,17,26,33|7,12,18,25,31,34|10,14,19,27,30,38
1,2,8,13,19,38|3,9,11,16,18,23|14,17,27,30,33,40
1,2,13,18,23,32|3,8,16,17,19,38|25,27,29,30,33,40
1,3,8,13,34,40|2,14,18,23,27,29|7,12,16,19,32,38
1,3,8,16,19,34|2,11,13,17,18,23|25,27,29,30,33,40
1,3,13,17,23,29|6,7,12,15,18,34|10,16,19,30,32,33
2,8,16,17,18,33|3,9,13,20,23,40|7,12,14,19,31,34
2,11,13,17,18,23|7,12,14,19,31,34|25,27,29,30,33,40
2,13,17,19,20,23|6,7,12,15,18,34|25,27,29,30,33,40
2,14,18,23,27,29|3,8,9,11,13,33|7,12,15,19,22,34
2,19,23,27,29,31|3,8,9,11,13,33|6,7,12,15,18,34
3,8,9,11,13,33|6,7,12,15,18,34|10,16,19,30,38,40
3,8,13,17,32,33|6,7,12,15,18,34|10,16,19,30,38,40
3,8,13,17,38,40|6,7,12,15,18,34|10,16,19,30,32,33
3,8,16,17,19,38|6,7,12,15,18,34|10,13,30,32,33,40
3,9,11,16,18,23|7,12,13,32,38,40|8,17,19,27,30,31
3,9,13,20,23,40|6,7,12,15,18,34|8,17,19,27,30,31
3,9,14,18,23,31|7,11,12,13,34,40|10,16,19,30,32,33
3,9,14,19,23,25|6,7,12,15,18,34|10,13,30,32,33,40
3,9,15,18,22,23|7,11,12,13,34,40|8,17,19,27,30,31
3,9,15,19,23,28|7,11,12,13,34,40|8,14,17,18,27,30
3,9,16,19,20,23|6,7,12,15,18,34|10,13,30,32,33,40
3,11,13,29,33,38|6,7,12,15,18,34|8,17,19,27,30,31
3,13,23,26,29,40|6,7,12,15,18,34|8,17,19,27,30,31
3,16,19,23,26,29|6,7,12,15,18,34|10,13,30,32,33,40
1,2,8,13,18,38|3,9,14,23,27,40|7,12,15,19,28,34
1,2,13,33,38,40|3,9,14,18,23,25|7,12,15,19,28,34
1,2,16,19,33,38|3,9,14,18,23,25|7,12,13,20,34,40
1,3,8,16,18,34|2,10,13,19,23,32|17,27,30,31,33,40
1,3,16,33,34,40|2,10,13,19,23,32|8,17,18,27,30,31
1,7,8,9,12,13|2,14,17,19,23,27|10,16,18,30,32,33
1,7,12,13,29,38|2,14,17,19,23,27|10,16,18,30,32,33
1,10,13,29,30,33|2,14,17,19,23,27|7,11,12,16,18,34
1,13,26,30,33,40|2,14,17,19,23,27|7,11,12,16,18,34
2,14,17,19,23,27|3,8,9,13,20,33|7,11,12,16,18,34
2,18,23,27,29,31|3,8,9,13,20,33|7,12,14,19,25,34
2,19,23,25,27,29|3,8,9,13,20,33|7,11,12,16,18,34
3,9,15,18,23,28|7,12,13,20,34,40|8,17,19,25,27,30
3,9,16,18,20,23|7,12,14,19,25,34|17,27,30,31,33,40
3,13,20,29,33,38|7,11,12,16,18,34|8,17,19,25,27,30
3,16,18,23,26,29|7,12,13,20,34,40|8,17,19,25,27,30
2,13,18,20,23,29|3,8,9,16,33,40|6,7,12,15,19,34
3,8,16,18,29,38|6,7,12,15,19,34|13,17,20,30,33,40
3,9,11,13,23,40|6,7,12,15,19,34|8,18,27,29,30,31
3,13,17,23,32,40|6,7,12,15,19,34|8,18,27,29,30,31
3,16,29,33,38,40|6,7,12,15,19,34|8,13,17,18,20,30
1,6,17,30,31,34|2,9,22,23,25,29|3,8,12,15,35,38
1,14,17,22,30,34|2,9,23,28,29,31|3,8,12,15,35,38
1,22,25,29,30,34|2,6,9,17,23,31|3,8,12,15,35,38
2,6,9,17,23,31|3,8,12,15,35,38|10,14,22,29,30,34
2,9,11,15,17,23|3,6,14,32,34,38|8,12,22,27,30,35
2,9,14,17,22,23|3,8,12,15,35,38|6,10,29,30,31,34
2,9,22,23,25,29|3,6,14,32,34,38|12,28,30,31,33,35
2,9,23,28,29,31|3,6,14,32,34,38|8,12,22,27,30,35
2,6,14,34,38,40|3,12,15,23,32,35|8,9,17,22,30,31
2,8,22,27,32,34|3,12,15,23,26,35|6,9,10,30,31,38
2,22,25,32,33,34|3,12,15,23,26,35|6,9,10,30,31,38
2,28,31,32,33,34|3,12,15,23,26,35|9,10,14,22,30,38
1,8,9,15,26,30|2,6,12,23,27,35|3,14,22,32,34,38
2,6,9,17,23,25|3,11,15,32,34,38|8,12,27,28,30,35
2,6,12,23,27,35|3,11,15,32,34,38|8,9,17,25,28,30
2,9,15,17,20,23|3,6,31,32,34,38|8,12,27,28,30,35
2,9,17,22,23,31|3,11,15,32,34,38|8,12,27,28,30,35
2,15,17,23,26,29|3,6,31,32,34,38|8,12,27,28,30,35
1,19,23,27,31,34|2,7,12,16,18,38|3,10,13,30,32,33
2,10,16,18,30,33|3,7,11,12,13,34|17,19,23,27,31,38
1,3,16,18,30,38|2,7,12,13,32,33|8,9,19,23,25,27
1,13,18,20,23,34|2,7,12,16,19,38|3,27,29,30,31,33
2,3,8,13,17,33|7,12,16,19,26,30|18,23,27,29,31,38
2,7,12,16,19,38|3,13,17,20,30,33|8,9,18,23,27,31
2,8,10,13,18,30|3,7,12,16,34,40|14,17,19,23,27,38
1,6,9,14,20,34|2,3,11,12,15,35|17,22,25,29,32,38
1,6,9,31,32,38|2,3,11,12,15,35|14,17,20,28,29,34
1,6,14,26,29,34|2,3,11,12,15,35|8,9,17,22,25,32
1,6,17,31,32,34|2,3,11,12,15,35|8,9,14,26,28,29
1,9,11,15,32,38|2,3,6,12,31,35|14,17,20,28,29,34
1,11,15,17,32,34|2,3,6,12,31,35|8,9,14,26,28,29
1,14,17,22,32,34|2,3,6,12,31,35|8,9,15,20,26,29
1,28,29,31,32,34|2,3,11,12,15,35|6,8,9,14,17,26
6,8,9,14,17,26|10,11,15,29,32,34|12,22,25,35,38,40
1,6,9,20,31,34|2,3,12,14,28,35|11,15,17,26,29,38
1,6,26,29,31,34|2,3,12,14,28,35|9,11,15,17,20,38
1,8,9,15,26,32|2,3,6,12,25,35|17,20,28,29,31,34
1,9,11,15,20,34|2,3,6,12,25,35|14,17,22,26,29,38
1,9,14,20,22,34|2,3,6,12,25,35|11,15,17,26,29,38
1,11,15,26,29,34|2,3,6,12,25,35|9,14,17,20,22,38
1,14,22,26,29,34|2,3,6,12,25,35|9,11,15,17,20,38
1,15,17,20,32,34|2,3,6,12,25,35|8,9,26,28,29,31
1,25,28,29,32,34|2,3,12,15,20,35|6,8,9,17,26,31
2,3,6,12,25,35|8,9,11,15,17,26|10,14,28,29,32,34
2,3,12,14,28,35|6,8,9,17,26,31|10,15,20,29,32,34
2,3,12,15,20,35|6,8,9,17,26,31|10,14,28,29,32,34
2,3,12,22,31,35|6,9,10,11,14,34|17,25,28,29,32,38
6,9,10,14,32,38|11,12,15,26,33,35|17,20,22,25,29,34
6,11,12,27,35,38|8,9,14,17,22,26|10,15,20,29,32,34
6,25,26,32,34,40|8,10,12,15,17,35|9,20,28,29,31,38
8,9,14,17,22,26|10,15,20,29,32,34|12,25,28,35,38,40
8,10,12,15,17,35|9,11,25,28,29,38|22,26,31,32,34,40
1,6,9,14,26,38|2,3,12,22,25,35|10,11,15,17,32,34
1,6,14,17,26,34|2,3,12,22,25,35|9,10,11,15,32,38
1,6,25,26,29,34|2,3,12,28,31,35|9,10,11,15,32,38
1,9,11,22,25,34|2,3,12,28,31,35|15,17,20,26,29,38
1,9,11,28,31,34|2,3,12,22,25,35|15,17,20,26,29,38
1,9,22,25,32,38|2,3,12,28,31,35|6,10,14,26,29,34
1,9,28,31,32,38|2,3,12,22,25,35|6,10,14,26,29,34
1,14,26,28,29,34|2,3,12,22,25,35|6,9,10,31,32,38
1,15,20,26,29,34|2,3,12,22,25,35|6,9,10,31,32,38
2,3,12,22,25,35|6,9,10,11,31,34|14,17,26,28,29,38
6,8,9,17,25,26|10,28,29,31,32,34|11,12,22,27,35,38
6,10,17,31,32,34|8,9,25,26,28,29|11,12,22,27,35,38
6,12,20,27,35,38|8,9,14,17,26,28|10,22,25,29,32,34
9,11,17,22,25,38|10,28,29,31,32,34|12,15,20,26,33,35
9,11,17,28,31,38|10,22,25,29,32,34|12,15,20,26,33,35
9,20,25,28,29,38|10,11,15,17,32,34|12,22,26,31,33,35
1,6,9,26,31,38|2,3,12,25,28,35|10,15,17,20,32,34
1,6,17,26,31,34|2,3,12,25,28,35|9,10,15,20,32,38
1,9,11,15,26,38|2,3,12,25,28,35|10,17,22,31,32,34
1,9,14,22,26,38|2,3,12,25,28,35|10,15,17,20,32,34
1,11,15,17,26,34|2,3,12,25,28,35|9,10,22,31,32,38
1,14,17,22,26,34|2,3,12,25,28,35|9,10,15,20,32,38
1,15,17,26,32,38|2,3,12,25,28,35|6,9,10,20,31,34
1,6,14,17,32,34|8,9,11,15,26,29|12,22,31,35,38,40
1,2,6,17,31,34|3,8,12,15,26,35|9,10,14,28,30,32
1,2,9,11,15,38|3,6,14,26,32,34|12,20,22,27,30,35
1,2,11,15,17,34|3,6,12,25,35,38|9,10,14,28,30,32
1,2,14,17,22,34|3,6,12,25,35,38|9,10,15,20,30,32
1,2,22,25,29,34|3,8,12,15,26,35|9,10,14,28,30,32
1,2,28,29,31,34|3,6,12,25,35,38|9,10,15,20,30,32
1,9,11,15,26,30|2,6,10,29,31,34|3,12,14,28,35,38
1,9,14,22,26,30|2,6,10,29,31,34|3,12,15,20,35,38
1,9,25,28,30,32|2,6,10,29,31,34|3,8,12,15,26,35
1,15,17,26,30,32|2,6,10,29,31,34|3,12,14,28,35,38
2,6,10,29,31,34|3,8,12,15,26,35|9,11,17,25,28,30
2,6,11,27,32,34|3,8,12,15,26,35|9,17,20,22,25,30
2,6,26,31,34,40|3,12,14,28,35,38|9,10,15,20,30,32
2,8,9,10,15,32|3,6,12,25,35,38|17,26,28,29,30,31
2,8,9,17,22,25|3,6,14,26,32,34|11,12,27,28,30,35
2,8,9,17,28,31|3,6,12,25,35,38|10,15,26,29,30,32
2,8,12,22,27,35|3,6,14,26,32,34|9,11,17,25,28,30
2,10,11,15,29,34|3,6,12,25,35,38|9,17,20,28,30,31
2,10,14,22,29,34|3,6,12,25,35,38|9,17,20,28,30,31
2,11,15,26,34,40|3,6,12,25,35,38|9,10,14,28,30,32
2,12,22,25,33,35|3,6,14,26,32,34|9,17,20,28,30,31
2,12,28,31,33,35|3,6,14,26,32,34|9,17,20,22,25,30
2,14,22,26,34,40|3,6,12,25,35,38|9,10,15,20,30,32
2,17,22,25,29,38|3,6,14,26,32,34|11,12,27,28,30,35
2,17,28,29,31,38|3,6,14,26,32,34|12,20,22,27,30,35
1,2,6,14,17,34|3,11,12,15,35,38|9,20,25,28,29,30
1,2,6,25,29,34|3,11,12,15,35,38|9,10,14,22,30,32
1,2,14,28,29,34|3,6,12,31,35,38|9,10,11,15,30,32
1,2,15,20,29,34|3,6,12,31,35,38|9,10,14,22,30,32
1,2,22,29,31,34|3,11,12,15,35,38|6,9,17,20,25,30
2,6,10,14,29,34|3,11,12,15,35,38|9,17,20,22,30,31
2,6,14,26,34,40|3,11,12,15,35,38|9,17,20,22,30,31
2,8,15,17,26,29|3,6,12,31,35,38|9,10,14,22,30,32
2,22,25,32,34,40|3,6,12,31,35,38|9,14,17,20,28,30
2,28,31,32,34,40|3,11,12,15,35,38|6,9,17,20,25,30
2,20,22,27,32,34|3,12,25,28,35,38|6,9,10,26,30,31
1,2,6,9,25,38|3,11,15,26,32,34|12,20,27,28,30,35
1,2,9,22,31,38|3,11,15,26,32,34|12,20,27,28,30,35
1,2,15,17,20,34|3,12,22,25,35,38|6,9,10,14,26,30
1,9,15,20,26,30|2,6,10,14,17,34|3,12,22,25,35,38
2,6,9,10,14,38|3,11,15,26,32,34|12,20,27,28,30,35
2,11,22,27,32,34|3,12,28,31,35,38|6,9,10,14,26,30
2,15,20,26,34,40|3,12,22,25,35,38|9,10,28,30,31,32
2,15,20,32,34,40|3,6,12,14,35,38|9,11,17,22,30,31
2,22,31,32,34,40|3,6,12,14,35,38|9,11,15,17,20,30
1,3,8,13,25,38|2,10,11,18,23,39|6,7,12,21,26,33
1,3,21,22,33,38|2,10,11,18,23,39|7,8,12,13,26,31
1,3,23,26,39,40|2,8,10,13,31,33|6,7,12,15,27,38
1,3,8,16,27,38|2,10,18,20,23,39|7,12,21,22,26,33
1,3,8,26,33,39|2,10,16,18,23,25|7,12,14,27,31,38
1,2,8,13,31,33|3,11,16,23,27,29|7,12,21,22,38,40
1,2,11,18,23,39|3,8,16,17,31,33|6,7,12,13,22,38
1,2,16,18,23,31|3,8,11,17,33,39|6,7,12,13,22,38
1,2,16,19,23,25|3,8,11,17,33,39|6,7,12,13,22,38
1,2,18,21,22,23|3,8,11,17,33,39|7,12,16,31,38,40
1,2,19,20,23,39|3,8,16,17,31,33|6,7,12,13,22,38
1,2,19,21,23,28|3,8,11,17,33,39|6,7,12,13,22,38
1,3,8,13,14,38|2,6,10,19,21,23|7,11,12,32,33,39
1,3,8,32,33,39|2,6,10,19,21,23|7,11,12,13,14,38
1,3,8,38,39,40|2,6,10,19,21,23|7,12,16,31,32,33
1,3,13,23,31,32|7,11,12,38,39,40|8,10,16,19,25,30
1,8,11,13,27,30|2,6,10,19,21,23|7,12,16,31,32,33
1,11,13,25,30,33|2,6,10,19,21,23|7,12,16,31,38,40
1,13,20,30,31,33|2,6,10,19,21,23|7,11,12,38,39,40
1,13,22,28,30,33|2,6,10,19,21,23|7,11,12,38,39,40
2,6,10,19,21,23|3,8,11,17,33,39|7,12,16,31,38,40
2,10,14,16,19,23|3,8,11,17,33,39|6,7,12,13,22,38
3,6,13,17,23,28|7,11,12,32,33,39|8,10,16,18,30,31
3,11,13,17,23,31|7,12,21,22,32,33|8,10,16,19,25,30
3,11,16,23,27,29|6,7,12,13,22,38|8,10,19,20,30,39
3,13,14,17,20,23|7,11,12,32,33,39|8,10,16,18,30,31
3,13,20,23,25,29|7,11,12,32,33,39|8,10,16,18,30,31
3,14,23,27,29,31|6,7,12,13,22,38|8,10,11,18,30,39
3,15,22,23,27,29|7,8,12,13,25,32|10,11,30,33,39,40
3,16,17,23,25,40|6,7,12,13,22,38|8,10,11,18,30,39
3,17,20,23,39,40|6,7,12,13,22,38|8,10,16,18,30,31
3,17,21,23,28,40|6,7,12,13,22,38|8,10,11,18,30,39
1,2,8,13,25,33|3,6,15,17,23,27|7,12,20,38,39,40
1,2,16,18,23,25|3,8,17,20,33,39|6,7,12,13,28,38
1,2,16,23,27,40|3,8,17,20,33,39|6,7,12,13,28,38
1,2,18,20,23,39|3,8,16,17,25,33|6,7,12,13,28,38
1,2,18,21,23,28|3,8,16,17,25,33|7,11,12,13,31,38
1,3,6,21,33,38|2,10,11,19,23,39|7,8,12,13,14,26
1,3,8,13,31,38|2,6,10,18,21,23|7,12,16,25,32,33
1,3,14,16,33,38|2,6,10,18,21,23|7,8,12,26,39,40
2,6,10,18,21,23|3,8,16,17,25,33|7,11,12,13,31,38
2,8,10,13,14,33|3,6,15,17,23,27|7,12,16,25,38,40
2,8,10,33,39,40|3,6,15,17,23,27|7,11,12,13,31,38
2,10,11,19,23,39|3,8,16,17,25,33|6,7,12,13,28,38
2,10,14,16,18,23|3,8,17,20,33,39|6,7,12,13,28,38
2,10,16,19,23,31|3,8,17,20,33,39|6,7,12,13,28,38
2,10,19,21,22,23|3,8,16,17,25,33|6,7,12,13,28,38
3,14,23,25,27,29|6,7,12,13,28,38|8,10,18,20,30,39
3,15,23,27,28,29|7,8,12,13,14,26|10,16,25,30,33,40
1,2,11,19,23,39|3,6,8,17,21,33|7,12,14,16,38,40
1,3,13,14,23,32|6,7,12,21,38,40|8,10,11,19,30,39
1,7,8,12,29,39|3,6,13,17,22,23|10,14,16,30,33,40
1,8,18,20,30,39|3,6,13,17,22,23|7,12,14,16,32,33
1,8,18,21,28,30|3,6,13,17,22,23|7,12,14,16,32,33
1,11,13,30,31,33|3,6,15,23,27,29|7,12,14,16,38,40
3,6,13,17,22,23|7,12,14,16,32,33|8,10,11,19,30,39
3,6,15,23,27,29|7,8,12,13,31,32|10,14,16,30,33,40
3,11,13,14,17,23|6,7,12,21,32,33|8,10,16,19,30,31
3,11,13,23,25,29|6,7,12,21,32,33|8,10,14,16,18,30
3,11,17,23,39,40|6,7,12,21,32,33|8,10,14,16,18,30
3,13,20,23,29,31|6,7,12,21,32,33|8,10,11,19,30,39
3,13,22,23,28,29|6,7,12,21,32,33|8,10,11,19,30,39
3,16,17,23,31,40|6,7,12,21,32,33|8,10,11,19,30,39
1,13,15,27,34,40|2,3,16,17,18,21|9,19,25,28,33,39
1,13,15,18,31,34|2,3,16,17,19,21|6,9,27,33,39,40
1,13,16,18,22,34|2,3,15,17,19,39|9,14,21,27,33,40
1,2,10,19,22,30|3,6,7,9,12,20|8,18,26,28,32,33
1,17,28,33,38,40|2,3,6,8,18,26|9,10,19,20,22,23
1,2,3,22,29,33|6,8,10,17,19,38|18,23,26,28,32,40
1,2,6,10,19,30|3,7,12,28,29,32|8,18,22,26,38,40
1,6,17,19,23,26|2,3,8,18,28,32|10,22,29,33,38,40
1,8,17,18,22,38|2,3,28,32,33,40|6,9,10,19,20,23
1,9,11,18,23,28|2,3,6,8,19,26|10,22,29,33,38,40
1,17,18,23,28,32|2,3,6,8,19,26|10,22,29,33,38,40
1,17,22,33,38,40|2,3,6,8,19,26|10,18,23,28,29,32
1,19,23,26,28,29|2,3,6,11,18,38|8,9,10,22,33,40
2,7,12,17,22,40|3,6,11,18,26,30|8,10,19,28,29,38
3,7,12,28,29,32|6,8,10,17,19,38|11,18,20,22,33,34
1,8,9,28,33,40|2,3,6,11,19,38|10,18,22,23,29,32
1,8,17,19,22,38|2,7,12,28,29,40|6,11,18,20,33,34
1,8,18,28,29,38|2,3,22,32,33,40|6,9,10,11,19,23
1,9,11,18,22,23|2,3,8,19,28,32|6,10,29,33,38,40
1,9,11,19,23,28|2,3,8,18,22,32|6,10,29,33,38,40
1,9,19,20,22,23|2,6,7,12,17,40|3,11,18,28,30,32
1,17,19,23,28,32|3,10,22,29,30,40|6,11,18,20,33,34
1,19,22,23,26,29|2,6,7,12,17,40|3,11,18,28,30,32
1,28,29,33,38,40|2,3,8,18,22,32|6,9,10,11,19,23
2,6,7,12,17,40|3,11,18,28,30,32|8,10,19,22,29,38
2,18,20,28,30,40|3,7,12,22,29,32|6,9,10,11,19,23
1,2,3,16,18,32|6,9,27,28,33,40|8,13,17,19,20,26
1,8,9,10,13,40|2,3,11,16,17,18|19,20,27,29,31,38
1,8,9,10,16,19|2,3,13,17,20,40|6,18,27,28,29,38
1,8,13,18,26,32|2,3,14,17,19,25|6,9,27,28,33,40
1,10,13,29,32,33|2,3,11,16,17,18|8,9,19,20,27,31
1,10,13,29,38,40|2,3,11,16,17,18|8,9,19,20,27,31
1,10,16,19,29,38|2,3,13,17,20,40|6,8,9,18,27,28
1,11,13,18,20,34|2,3,14,17,19,25|6,9,27,28,33,40
1,11,14,19,27,34|2,3,13,17,20,40|6,9,18,25,28,33
1,13,18,20,32,38|2,3,14,17,19,25|6,9,27,28,33,40
1,13,26,32,33,40|2,3,11,16,17,18|8,9,19,20,27,31
1,16,19,26,32,33|2,3,13,17,20,40|6,8,9,18,27,28
2,3,13,17,20,40|6,8,9,18,27,28|19,25,26,29,31,33
2,3,14,17,18,31|6,9,27,28,33,40|10,11,13,19,32,38
2,3,15,17,18,22|6,9,27,28,33,40|10,11,13,19,32,38
2,3,18,25,29,31|6,9,27,28,33,40|8,13,17,19,20,26
2,3,27,29,31,40|6,9,18,25,28,33|8,13,17,19,20,26
1,6,18,22,27,34|2,3,10,13,32,40|14,17,19,25,26,33
1,6,19,27,28,34|2,3,10,13,32,40|9,18,20,25,31,33
1,11,13,19,26,38|2,3,14,17,18,25|9,20,27,31,33,40
1,11,14,18,27,34|2,3,10,13,32,40|15,17,19,26,28,33
1,11,19,27,31,34|2,3,10,13,32,40|9,18,22,25,28,33
1,14,19,20,27,34|2,3,10,13,32,40|9,18,22,25,28,33
1,16,18,26,32,33|2,3,14,17,27,40|10,11,13,19,20,34
2,3,14,17,18,25|8,10,13,19,26,32|9,20,27,31,33,40
2,3,14,17,27,40|8,10,13,19,26,32|9,18,20,25,31,33
2,3,16,17,18,20|8,10,13,19,26,32|9,11,25,27,33,40
1,2,3,13,32,40|6,8,9,18,22,27|14,19,25,26,29,33
1,2,3,16,19,32|6,8,9,18,22,27|13,20,26,29,33,40
1,8,13,19,26,32|2,3,6,15,17,18|9,11,14,27,33,40
1,11,13,18,32,38|2,3,14,17,19,31|6,9,22,27,33,40
1,11,13,19,20,34|2,3,6,15,17,18|25,27,29,32,33,40
1,13,17,20,29,33|6,8,9,18,22,27|10,11,16,19,34,40
1,13,19,20,32,38|2,3,6,15,17,18|9,11,14,27,33,40
2,3,6,15,17,18|8,9,11,19,27,31|13,20,26,29,33,40
2,3,11,13,17,40|6,8,9,18,22,27|14,19,25,26,29,33
2,3,11,16,17,19|6,8,9,18,22,27|13,20,26,29,33,40
2,3,14,17,19,31|6,8,9,18,22,27|13,20,26,29,33,40
2,3,14,27,29,40|6,9,18,22,25,33|8,11,13,17,19,26
2,3,15,18,28,29|6,9,22,27,33,40|8,11,13,17,19,26
2,3,6,15,17,19|8,9,11,13,18,20|27,29,31,32,33,40
2,3,11,16,18,29|6,8,9,19,22,27|13,17,20,32,33,40
2,3,13,20,29,40|6,8,9,19,22,27|11,16,17,18,32,33
2,3,14,18,29,31|6,8,9,19,22,27|13,17,20,32,33,40
1,3,6,9,20,33|2,8,10,17,19,22|7,12,26,28,29,40
1,3,6,26,29,33|2,8,10,17,19,22|7,9,12,20,28,40
1,3,9,11,22,33|2,6,8,10,17,18|7,12,26,28,29,40
1,7,12,17,28,29|2,6,11,18,26,33|3,8,9,10,22,40
1,2,8,17,18,22|3,6,10,29,32,33|7,9,11,12,28,40
1,2,8,17,19,28|3,6,10,29,32,33|7,9,12,20,22,40
1,2,17,22,33,40|3,6,8,18,26,32|10,19,20,28,29,30
1,3,6,9,11,33|2,8,10,18,22,29|7,12,17,28,32,40
1,3,6,17,32,33|2,8,10,18,22,29|7,9,11,12,28,40
1,3,8,9,28,40|2,6,11,19,26,33|10,18,20,22,29,30
1,3,28,29,32,33|2,6,8,10,17,19|7,9,12,20,22,40
1,6,10,18,30,32|2,8,19,26,28,40|3,17,20,22,29,33
1,17,19,20,28,30|2,8,10,18,22,29|3,6,26,32,33,40
1,2,8,18,28,29|3,6,11,19,20,34|7,12,17,22,32,40
1,3,8,9,22,40|2,6,18,20,32,33|10,11,19,28,29,30
1,3,8,13,25,30|2,6,7,12,21,33|10,14,16,19,23,38
1,3,11,30,33,39|2,7,8,12,13,31|6,10,19,21,23,38
1,3,21,22,30,33|2,7,8,12,13,31|10,14,16,19,23,38
