13,17,28,29,31,33|14,15,19,27,32,38|16,18,22,25,34,40
13,18,22,31,32,38|14,15,17,27,29,33|16,19,25,28,34,40
13,19,20,22,31,34|14,15,17,27,29,33|18,21,25,32,38,40
13,19,22,25,32,38|14,15,17,27,29,33|16,18,28,31,34,40
13,19,28,31,32,38|14,15,17,27,29,33|16,18,22,25,34,40
1,6,8,9,13,27|2,3,18,21,31,32|10,19,22,29,38,39
1,6,9,13,25,33|2,3,18,21,31,32|10,19,22,29,38,39
1,6,13,27,29,38|2,3,18,21,31,32|8,9,10,19,22,39
1,6,17,18,38,39|2,3,19,21,25,32|9,10,15,16,33,40
1,8,9,18,21,25|2,3,19,28,32,39|6,13,20,27,34,40
1,8,9,18,28,39|2,3,19,21,25,32|6,13,20,27,34,40
1,8,9,21,27,40|2,3,18,22,32,39|6,13,19,26,31,38
1,9,13,14,28,33|2,3,18,21,31,32|6,16,19,20,27,34
1,9,13,15,20,33|2,3,18,21,31,32|6,14,19,25,27,34
1,9,13,22,31,33|2,3,19,21,25,32|6,10,18,29,38,39
1,9,21,25,33,40|2,3,18,22,32,39|6,13,19,26,31,38
1,9,28,33,39,40|2,3,18,21,31,32|6,14,19,25,27,34
1,13,15,26,29,33|2,3,18,21,31,32|6,14,19,25,27,34
1,14,17,18,21,38|2,3,19,28,32,39|6,13,20,27,34,40
1,15,16,17,18,38|2,3,19,21,25,32|6,9,10,13,14,33
1,17,19,21,31,38|2,3,18,22,32,39|6,9,10,13,14,33
1,17,19,22,38,39|2,3,18,21,31,32|6,9,10,13,14,33
1,18,21,25,29,38|2,3,19,28,32,39|6,9,10,13,14,33
1,18,28,29,38,39|2,3,19,21,25,32|6,9,10,13,14,33
1,21,27,29,32,33|6,8,9,10,18,39|11,13,15,19,26,38
1,21,27,29,38,40|2,3,18,22,32,39|6,9,10,13,14,33
2,3,18,21,31,32|6,9,10,13,14,33|11,16,19,22,27,34
2,3,18,22,32,39|6,9,10,13,14,33|11,15,19,27,31,34
2,3,19,21,25,32|6,8,9,10,18,39|11,13,22,27,34,40
2,3,19,28,32,39|6,9,10,13,14,33|15,16,18,26,38,40
6,8,9,10,18,39|11,13,15,19,26,38|16,17,22,27,29,33
6,11,16,18,27,34|8,9,10,19,21,31|13,17,25,28,29,33
6,13,14,18,26,38|8,9,10,19,21,31|16,17,22,27,29,33
6,13,18,20,25,34|8,9,10,19,21,31|16,17,22,27,29,33
6,13,19,26,31,38|8,9,10,14,18,21|16,17,22,27,29,33
6,13,20,27,34,40|8,9,10,14,18,21|19,22,26,32,33,39
6,14,18,27,31,34|8,9,10,19,22,39|13,17,25,28,29,33
6,15,18,22,27,34|8,9,10,19,21,31|13,17,25,28,29,33
6,16,18,27,32,38|8,9,10,19,21,31|13,17,25,28,29,33
6,16,19,20,27,34|8,9,10,14,18,21|13,17,25,28,29,33
6,18,26,32,33,39|8,9,10,19,21,31|11,13,22,27,34,40
6,18,26,38,39,40|8,9,10,19,21,31|13,17,25,28,29,33
8,9,10,14,18,21|11,13,15,19,26,38|16,17,22,27,29,33
11,13,15,19,26,38|16,17,22,27,29,33|18,20,21,25,34,40
11,14,15,18,27,34|13,17,25,28,29,33|19,21,26,31,38,40
11,15,19,27,31,34|13,17,25,28,29,33|14,18,21,26,38,40
11,16,19,22,27,34|13,17,25,28,29,33|14,18,21,26,38,40
11,17,21,27,29,33|13,14,18,20,28,34|19,22,26,38,39,40
13,14,18,20,28,34|15,17,27,29,31,33|19,22,26,38,39,40
13,14,19,22,26,38|15,17,27,29,31,33|16,18,25,28,34,40
1,2,3,21,27,29|6,9,10,13,25,33|18,26,28,38,39,40
1,6,13,17,27,38|2,3,14,18,21,26|9,10,28,33,39,40
1,8,9,13,27,28|2,3,6,18,26,39|10,17,19,21,31,38
1,9,13,25,28,33|2,3,6,18,26,39|10,17,19,21,31,38
1,9,16,22,27,33|2,3,6,18,26,39|10,17,19,21,31,38
1,13,27,28,29,38|2,3,6,18,26,39|9,10,21,25,33,40
1,17,18,21,25,38|2,3,13,22,27,32|9,10,28,33,39,40
1,17,18,28,38,39|2,3,13,22,27,32|9,10,21,25,33,40
1,17,21,27,38,40|2,3,6,18,26,39|9,10,13,14,28,33
1,2,3,13,15,17|6,14,18,25,27,34|8,9,10,19,28,39
1,6,9,16,27,33|2,3,10,13,15,29|18,21,26,31,38,40
1,6,10,19,34,39|2,3,13,15,26,40|11,18,21,27,32,38
1,8,9,13,22,27|2,3,6,19,26,39|10,18,21,29,31,38
1,9,13,22,25,33|2,3,6,19,26,39|10,18,21,29,31,38
1,9,13,28,31,33|2,3,6,19,26,39|11,16,18,22,27,34
1,9,14,15,27,33|2,3,6,19,26,39|10,18,21,29,31,38
1,10,13,15,34,40|2,3,6,19,26,39|11,18,21,27,32,38
1,10,14,19,21,34|2,3,6,13,27,32|18,22,26,38,39,40
1,10,15,16,19,34|2,3,6,13,27,32|18,21,26,31,38,40
1,13,22,27,29,38|2,3,6,19,26,39|8,9,10,18,21,31
1,17,18,21,31,38|2,3,6,13,27,32|8,9,10,19,28,39
1,17,18,22,38,39|2,3,6,13,27,32|8,9,10,19,21,25
1,17,19,21,25,38|2,3,6,13,27,32|8,9,10,18,22,39
1,17,19,28,38,39|2,3,6,13,27,32|8,9,10,18,21,31
2,3,6,13,27,32|8,9,10,18,21,31|19,26,28,38,39,40
2,3,6,19,26,39|8,9,10,18,21,31|11,13,27,28,34,40
2,3,10,13,15,29|6,14,18,25,27,34|19,26,28,32,33,39
2,3,13,15,26,40|6,10,17,19,38,39|11,16,18,22,27,34
2,3,14,19,21,26|6,9,10,13,31,33|11,16,18,22,27,34
2,3,15,16,19,26|6,9,10,13,31,33|11,18,21,27,32,38
2,3,18,21,25,32|6,9,10,13,31,33|11,16,19,27,28,34
2,3,18,28,32,39|6,9,10,13,31,33|11,15,19,25,27,34
6,13,18,26,31,38|8,9,10,19,21,25|16,17,27,28,29,33
6,13,19,25,26,38|8,9,10,18,21,31|16,17,27,28,29,33
8,9,10,18,22,39|11,13,27,28,34,40|19,21,25,26,32,33
8,9,10,19,21,25|11,13,15,18,26,38|16,17,27,28,29,33
8,9,10,19,28,39|11,13,15,18,26,38|17,20,21,27,29,33
9,10,11,13,15,33|14,18,22,27,31,34|19,21,25,26,38,40
9,10,13,14,22,33|11,15,18,27,31,34|19,21,25,26,38,40
9,10,21,31,33,40|11,13,15,18,26,38|14,19,22,25,27,34
9,10,22,33,39,40|11,13,15,18,26,38|14,19,27,28,31,34
10,13,15,17,32,33|11,16,18,22,27,34|19,21,25,26,38,40
10,13,15,17,38,40|11,16,18,22,27,34|19,21,25,26,32,33
10,18,22,29,38,39|11,13,27,28,34,40|19,21,25,26,32,33
10,19,21,25,29,38|11,13,27,28,34,40|18,22,26,32,33,39
1,9,15,25,27,33|2,3,18,21,26,31|10,17,19,28,38,39
1,2,6,18,30,34|3,7,8,22,32,35|9,17,23,28,29,33
2,3,6,29,33,34|7,20,28,30,35,40|9,18,22,23,32,38
2,6,7,11,33,35|3,9,22,30,38,40|17,19,23,28,32,34
2,6,17,18,30,38|3,7,8,22,32,35|9,11,19,23,28,34
2,7,8,28,35,40|3,9,22,30,32,33|6,18,23,26,29,34
2,9,28,30,33,40|3,7,8,22,32,35|6,18,23,26,29,34
2,7,17,22,29,38|3,6,10,30,33,35|9,12,18,23,28,34
2,6,7,20,33,35|3,9,28,30,38,40|18,22,23,26,29,34
2,7,11,22,33,35|3,9,28,30,38,40|6,17,19,23,26,34
1,6,7,10,30,35|2,3,28,29,33,34|9,19,22,23,26,38
3,9,13,15,23,31|7,12,16,21,34,40|22,27,29,30,33,39
3,9,13,16,22,23|7,12,15,34,39,40|21,27,29,30,31,33
3,6,9,23,27,39|7,12,13,15,25,34|10,16,18,21,30,38
2,6,7,12,34,39|3,17,21,30,31,38|9,15,16,23,26,33
2,7,12,14,21,34|3,17,22,30,38,39|9,15,16,23,26,33
2,7,12,15,16,34|3,17,21,30,31,38|6,9,23,26,33,39
2,8,13,15,27,29|3,6,9,14,33,39|10,16,19,21,30,32
2,8,16,17,18,21|3,6,9,14,33,39|13,15,20,27,29,30
2,16,17,21,33,40|3,8,9,13,15,31|18,25,28,29,30,39
2,13,15,29,31,33|3,8,9,16,21,40|6,17,19,25,30,39
2,13,16,22,29,33|3,8,9,15,39,40|14,17,18,21,30,31
1,3,13,16,22,34|2,21,27,29,31,33|17,18,25,28,30,39
1,7,9,12,15,39|2,13,16,17,28,33|3,14,21,27,29,38
1,15,18,26,30,39|2,13,16,17,28,33|3,8,9,14,21,27
1,16,18,21,26,30|2,8,13,15,17,27|3,6,9,25,33,39
1,2,15,19,38,39|3,8,9,13,16,28|17,18,21,25,30,31
1,2,16,19,21,38|3,6,9,31,33,39|11,13,15,17,27,30
1,3,6,13,16,34|2,14,21,27,29,33|10,15,18,30,32,39
1,3,13,14,15,34|2,6,27,29,33,39|10,16,18,21,30,32
1,16,19,21,26,30|2,6,27,29,33,39|3,8,9,13,15,25
2,6,27,29,33,39|3,8,9,13,15,25|10,16,18,21,30,32
2,14,21,27,29,33|3,6,13,16,17,38|10,15,18,30,32,39
2,15,16,27,29,33|3,8,9,13,20,21|17,18,22,25,30,39
1,2,13,15,27,38|3,9,25,28,33,39|10,16,18,21,26,30
1,13,15,26,27,30|2,10,16,18,21,38|3,9,25,28,33,39
1,3,13,15,25,34|2,6,17,27,33,39|10,16,19,21,26,30
1,2,18,28,32,34|3,6,9,10,29,38|7,20,22,26,35,40
1,3,6,9,17,38|2,10,19,22,32,34|7,11,26,28,35,40
1,3,9,28,29,38|2,6,10,18,32,34|7,20,22,26,35,40
2,9,11,18,28,38|3,6,10,17,29,34|7,20,22,26,35,40
2,9,18,20,22,38|3,6,10,17,29,34|7,11,26,28,35,40
2,11,17,18,28,34|3,6,9,10,29,38|7,20,22,26,35,40
2,17,18,20,22,34|3,6,9,10,29,38|7,11,26,28,35,40
2,18,22,26,29,38|3,9,20,28,34,40|6,7,10,11,17,35
1,2,6,9,17,33|3,22,26,29,34,40|10,12,19,28,30,35
1,2,19,28,32,34|3,12,17,22,33,35|6,9,18,20,26,30
1,3,17,22,29,34|2,6,8,9,18,26|10,12,19,28,30,35
2,6,17,18,20,34|3,9,28,32,38,40|7,10,11,22,29,35
2,8,9,19,22,26|3,17,28,32,34,40|6,7,10,20,29,35
2,9,11,18,22,38|3,17,28,32,34,40|6,7,10,20,29,35
2,11,17,18,22,34|3,9,28,32,38,40|6,7,10,20,29,35
2,17,18,22,32,38|3,9,11,28,34,40|6,7,10,20,29,35
3,9,11,28,34,40|6,7,10,20,29,35|17,18,22,26,30,32
1,3,28,35,38,40|2,12,17,18,22,34|6,7,9,20,26,29
2,12,17,19,28,34|3,6,10,32,33,35|7,9,11,22,26,29
1,2,6,18,32,34|3,8,9,17,28,29|10,12,19,22,30,35
1,2,19,22,32,34|3,6,12,17,33,35|9,10,28,29,30,40
1,3,6,9,29,38|2,11,17,19,22,34|7,20,28,32,35,40
1,3,6,17,29,34|2,8,9,18,28,32|10,12,19,22,30,35
1,7,11,28,29,35|2,6,8,9,19,26|3,17,22,32,34,40
1,12,18,28,30,35|2,6,8,9,19,26|3,17,22,32,34,40
2,6,9,11,18,38|3,12,28,29,33,35|17,19,22,26,30,32
2,9,11,19,22,38|3,6,12,17,33,35|18,26,28,29,30,32
2,18,28,29,32,38|3,6,9,20,34,40|10,12,19,22,30,35
1,2,8,18,28,35|3,9,12,22,34,40|6,7,17,26,29,32
1,3,22,35,38,40|2,6,12,17,18,34|7,9,20,28,29,32
1,18,20,28,30,35|2,9,12,19,22,38|6,7,17,26,29,32
3,9,12,22,34,40|6,7,17,26,29,32|10,11,19,28,30,35
1,12,18,22,30,35|2,6,9,11,19,38|3,28,29,32,34,40
1,19,20,28,30,35|2,12,18,22,29,34|6,7,9,11,17,32
2,7,17,22,29,32|3,6,10,30,35,40|8,9,12,19,28,34
1,3,9,22,29,30|2,6,7,20,35,40|8,17,19,28,32,34
1,6,9,29,33,38|2,7,11,22,35,40|8,17,19,28,32,34
1,6,17,29,33,34|2,7,11,22,35,40|8,9,19,28,32,38
1,6,19,32,34,38|2,7,11,22,35,40|8,9,17,28,29,33
2,9,11,18,22,30|6,26,29,33,34,40|12,17,19,23,28,35
6,8,18,26,29,34|9,22,32,33,38,40|12,17,19,23,28,35
6,26,29,33,34,40|8,9,18,22,32,38|12,17,19,23,28,35
1,3,9,17,22,30|2,7,20,28,35,40|6,10,19,32,34,38
2,7,20,28,35,40|3,9,10,22,29,30|6,8,17,18,26,34
2,17,19,22,26,30|3,7,11,28,32,35|6,9,10,29,33,38
2,7,9,20,28,29|6,10,19,23,26,35|12,17,18,22,34,38
1,3,6,9,17,30|2,7,11,28,35,40|8,18,22,26,29,34
1,3,9,28,29,30|2,7,20,22,35,40|6,8,17,19,26,34
1,19,22,32,34,38|2,7,11,28,35,40|3,6,9,10,29,30
2,7,20,22,35,40|3,6,9,10,29,30|8,17,18,28,32,34
2,9,11,18,28,30|3,6,7,20,32,35|22,26,29,33,34,40
2,18,22,26,29,30|3,6,7,20,32,35|9,11,28,33,34,40
1,2,6,7,9,32|3,10,22,30,35,40|12,18,28,29,34,38
1,6,18,23,26,35|2,7,9,11,28,29|12,17,19,22,34,38
1,19,22,23,26,35|2,6,7,9,11,17|12,18,28,29,34,38
2,6,7,9,11,17|3,10,22,30,35,40|12,18,28,29,34,38
2,7,9,11,28,29|3,10,22,30,35,40|6,12,17,18,34,38
1,2,8,13,15,34|3,9,21,23,31,32|16,22,27,29,30,38
1,13,22,30,31,34|2,9,21,23,25,40|7,8,11,28,35,39
1,28,30,34,39,40|2,6,9,13,23,25|7,8,20,21,31,35
2,6,9,13,23,25|3,8,14,17,21,34|15,27,29,30,31,38
2,8,9,21,31,33|6,7,12,32,34,39|13,14,17,28,30,38
2,8,13,15,17,38|3,9,21,23,31,32|6,10,30,34,39,40
2,9,13,14,23,28|3,6,8,17,34,39|11,21,27,29,30,38
2,9,13,15,20,23|3,6,8,17,34,39|11,21,27,29,30,38
2,9,13,22,23,31|3,6,8,17,34,39|11,21,27,29,30,38
2,9,21,23,25,40|3,6,8,17,34,39|15,27,29,30,31,38
2,9,23,28,39,40|3,8,14,17,21,34|15,27,29,30,31,38
2,13,15,23,26,29|3,6,8,9,38,39|7,12,14,21,32,34
2,21,23,27,29,32|3,6,8,9,38,39|10,15,16,30,34,40
3,8,9,15,16,38|6,7,12,32,34,39|21,26,29,30,31,33
3,9,21,23,31,32|6,10,13,14,30,34|7,8,11,28,35,39
3,9,22,23,32,39|6,10,13,14,30,34|7,8,11,21,25,35
1,3,21,23,31,35|6,7,16,25,32,34|9,12,28,30,33,39
1,3,22,23,35,39|6,7,16,25,32,34|8,9,12,21,27,30
1,13,22,25,30,34|2,6,9,16,23,27|7,8,20,28,35,39
1,13,28,30,31,34|2,6,9,16,23,27|7,8,20,21,25,35
1,14,15,27,30,34|2,6,17,33,38,39|3,9,21,23,25,32
2,6,9,16,23,27|3,8,17,21,31,34|10,13,15,30,32,38
2,6,17,33,38,39|3,9,21,23,25,32|10,11,13,15,30,34
2,8,21,27,29,38|3,9,23,28,32,39|6,10,13,30,31,34
2,9,13,22,23,25|3,8,17,21,31,34|16,27,28,29,30,38
2,9,13,23,28,31|3,8,17,22,34,39|15,25,27,29,30,38
2,9,14,15,23,27|3,8,17,21,31,34|26,28,29,30,33,39
2,14,17,21,33,38|3,9,23,28,32,39|6,10,13,30,31,34
2,15,16,17,33,38|3,9,21,23,25,32|6,10,13,30,31,34|7,8,20,28,35,39
3,9,21,23,25,32|6,10,13,30,31,34|7,8,20,28,35,39
3,9,23,28,32,39|6,10,13,30,31,34|7,8,20,21,25,35
2,6,9,23,39,40|3,8,14,21,29,34|15,16,17,30,32,33
2,9,14,21,23,40|3,6,8,29,34,39|15,16,17,30,32,33
2,9,15,16,23,40|3,6,8,29,34,39|14,17,21,30,32,33
1,22,30,34,39,40|2,6,9,13,23,31|7,8,14,15,25,35
2,6,29,33,38,39|3,9,14,21,23,32|7,8,15,16,20,35
2,9,11,13,15,23|3,8,21,29,31,34|17,22,30,32,33,39
2,9,21,23,31,40|3,8,22,29,34,39|11,13,15,17,30,38
2,9,22,23,39,40|3,8,21,29,31,34|11,13,15,17,30,38
2,13,15,17,23,32|3,8,21,29,31,34|6,9,16,25,30,33
2,14,21,29,33,38|3,6,9,23,32,39|7,8,15,16,20,35
2,15,16,29,33,38|3,6,9,23,32,39|7,8,11,21,31,35
3,6,9,23,32,39|7,8,11,21,31,35|13,14,17,22,30,38
3,9,14,21,23,32|6,7,8,16,25,35|11,13,15,17,30,38
3,9,15,16,23,32|6,7,8,20,35,39|13,14,17,22,30,38
1,3,6,23,35,39|7,11,14,21,32,34|12,13,15,17,30,38
1,3,14,21,23,35|6,7,11,32,34,39|12,13,15,17,30,38
1,3,15,16,23,35|6,7,11,32,34,39|9,12,21,30,31,33
1,2,21,31,33,34|3,6,9,23,26,39|13,17,25,28,30,38
1,3,14,21,34,38|2,9,13,23,25,28|17,22,26,30,33,39
1,3,15,16,34,38|2,9,11,21,23,27|17,22,26,30,33,39
1,13,15,26,30,38|2,9,11,21,23,27|3,8,17,28,34,39
1,21,27,30,32,38|2,8,10,13,15,34|3,6,9,23,26,39
2,8,10,13,15,34|3,6,9,23,26,39|11,17,21,27,30,38
2,13,15,17,23,26|3,8,9,21,25,38|7,12,28,32,34,39
2,17,21,23,27,32|3,8,9,28,38,39|6,10,13,25,30,34
2,17,21,31,33,38|3,6,9,23,26,39|10,13,14,28,30,34
2,17,22,33,38,39|3,9,14,21,23,26|6,10,13,25,30,34
3,6,9,23,26,39|7,12,21,25,32,34|15,17,27,30,31,38
1,12,21,27,30,34|3,10,22,23,35,39|7,15,16,26,32,38
3,10,22,23,35,39|6,7,16,26,31,34|12,17,21,27,30,38
1,2,21,25,33,34|3,9,22,23,26,39|16,17,27,28,30,38
1,2,28,33,34,39|3,9,21,23,26,31|15,17,25,27,30,38
1,3,21,31,34,38|2,9,15,23,25,27|17,26,28,30,33,39
1,15,25,27,30,34|2,17,28,33,38,39|3,9,21,23,26,31
1,16,27,28,30,34|2,17,21,25,33,38|3,9,22,23,26,39
2,6,10,33,34,39|3,9,21,23,26,31|15,17,25,27,30,38
2,8,17,21,27,38|3,9,22,23,26,39|10,13,28,30,31,34
2,10,14,21,33,34|3,9,22,23,26,39|15,17,25,27,30,38
2,17,21,25,33,38|3,9,22,23,26,39|6,10,16,27,30,34
2,17,28,33,38,39|3,9,21,23,26,31|6,10,16,27,30,34
1,2,6,19,34,38|3,9,17,23,28,29|7,8,22,26,35,40
1,6,19,26,30,34|2,8,9,18,22,38|7,11,28,32,33,35
2,6,9,19,23,26|3,28,29,32,33,34|7,20,22,35,38,40
2,9,18,23,28,32|3,6,17,34,38,40|7,8,10,22,29,35
3,6,9,11,33,34|7,8,10,22,29,35|17,18,28,30,32,38
3,6,9,32,33,38|7,8,10,22,29,35|11,17,18,28,30,34
3,6,17,32,33,34|7,8,10,22,29,35|9,11,18,28,30,38
3,8,9,28,34,40|6,17,19,26,30,38|7,20,22,32,33,35
3,9,17,23,28,29|6,10,18,30,32,34|7,8,22,26,35,40
1,6,7,9,32,38|2,10,19,22,23,35|12,17,18,28,30,34
1,6,7,17,32,34|2,10,19,22,23,35|9,12,18,28,30,38
2,10,19,22,23,35|3,6,9,12,33,34|7,17,28,29,32,38
1,2,19,22,34,38|6,7,8,10,17,35|9,26,28,30,33,40
2,6,9,18,23,26|3,17,22,32,33,34|7,8,10,28,29,35
3,6,9,20,33,34|7,8,10,28,29,35|17,19,22,26,30,38
3,9,11,22,33,34|6,7,8,10,17,35|18,26,28,29,30,38
2,10,19,23,28,35|3,9,12,22,33,34|6,7,17,26,29,38
1,2,6,18,23,35|7,8,9,28,29,32|12,17,19,22,30,34
1,2,19,22,23,35|6,7,8,9,17,32|12,18,28,29,30,34
1,6,9,17,30,33|2,8,18,28,29,34|7,11,22,35,38,40
1,9,28,29,30,33|2,6,8,17,18,34|7,11,22,35,38,40
2,9,18,22,23,32|6,7,8,10,29,35|11,17,19,28,30,34
3,22,29,32,33,34|6,7,8,26,35,40|9,11,19,28,30,38
1,2,18,22,23,35|6,7,8,9,26,29|12,17,19,28,30,34
1,2,19,23,28,35|6,7,8,9,26,29|12,17,18,22,30,34
1,2,15,18,30,39|6,9,13,14,23,27|16,17,21,33,38,40
1,2,16,18,21,30|6,9,13,14,23,27|15,17,33,38,39,40
1,6,13,16,33,34|3,14,21,27,29,30|8,15,17,18,38,39
1,8,15,18,34,39|2,3,16,21,29,33|6,9,13,14,23,27
1,8,16,18,21,34|2,3,15,29,33,39|6,9,13,14,23,27
1,13,14,15,33,34|3,6,27,29,30,39|8,16,17,18,21,38
2,3,15,29,33,39|6,9,13,14,23,27|8,16,17,18,21,38
2,3,16,21,29,33|6,9,13,14,23,27|8,15,17,18,38,39
1,8,15,19,34,39|3,6,13,16,17,30|9,14,18,21,23,31
1,8,16,19,21,34|3,13,14,15,17,30|6,9,18,23,31,39
3,13,15,25,29,30|6,9,18,23,31,39|8,16,17,19,21,38
1,8,13,15,27,34|2,3,16,17,21,33|9,18,23,25,28,39
1,13,15,25,33,34|2,10,16,18,21,30|9,23,27,28,39,40
1,13,16,28,33,34|2,10,15,18,30,39|9,21,23,25,27,40
2,3,15,17,33,39|6,9,13,23,25,27|8,10,16,18,21,34
2,3,16,17,21,33|6,9,13,23,25,27|8,10,15,18,34,39
3,14,17,21,27,30|6,10,13,16,33,34|9,18,23,25,28,39
3,21,25,27,29,30|6,10,13,16,33,34|15,17,18,23,26,39
8,13,15,17,27,38|9,18,23,25,28,39|10,16,21,33,34,40
1,13,15,31,33,34|2,10,16,19,21,30|9,18,22,23,25,39
1,13,16,22,33,34|2,10,15,19,30,39|9,18,21,23,25,31
3,21,27,29,30,31|8,10,15,19,34,39|13,16,17,22,33,38
8,10,13,21,34,40|9,18,22,23,25,39|15,16,27,29,33,38
1,13,21,26,32,33|2,3,22,27,29,39|10,15,16,18,31,34
1,13,21,26,38,40|2,3,22,27,29,39|10,15,16,18,31,34
1,15,19,26,38,39|2,3,13,16,17,28|9,11,21,27,31,33
1,16,19,21,26,38|2,3,13,15,17,25|6,9,20,27,33,39
1,18,21,25,31,34|2,3,13,16,17,28|6,9,20,27,33,39
1,18,22,25,34,39|2,3,13,16,17,28|9,11,21,27,31,33
1,18,28,31,34,39|2,3,13,15,17,25|9,14,20,21,27,33
1,19,25,28,34,39|2,3,13,17,20,21|9,16,22,27,31,33
1,22,27,34,39,40|2,3,13,15,17,25|10,16,18,21,32,38
2,3,13,15,17,25|6,9,20,27,33,39|10,11,16,18,21,34
2,3,13,16,17,28|6,9,20,27,33,39|10,14,18,21,31,34
2,3,13,17,20,21|6,9,16,25,27,33|10,11,15,18,34,39
2,3,21,27,29,31|6,10,19,25,34,39|13,16,17,22,26,33
2,3,22,27,29,39|9,13,25,28,31,33|10,11,16,18,21,34
9,15,16,20,27,33|10,14,18,21,31,34|17,19,25,28,38,39
10,13,15,25,34,40|14,21,26,27,29,33|17,18,28,31,38,39
10,13,16,28,34,40|14,21,26,27,29,33|17,18,22,25,38,39
10,13,20,21,34,40|15,16,26,27,29,33|17,18,22,25,38,39
1,15,18,26,38,39|2,3,10,13,21,32|9,16,22,25,27,33
1,6,14,18,34,39|2,3,11,13,21,29|8,9,15,16,27,40
1,6,15,18,21,34|2,3,13,16,22,29|8,9,19,28,31,39
1,6,19,31,34,39|2,3,11,13,21,29|8,9,15,16,18,25
1,11,13,21,34,40|6,8,9,18,25,39|15,16,17,19,31,38
1,11,15,19,34,39|2,3,13,16,22,29|8,9,14,18,21,25
1,11,16,19,21,34|2,3,13,15,29,31|6,8,9,18,25,39
1,13,15,31,34,40|6,8,9,18,25,39|11,16,17,19,21,38
1,13,16,22,34,40|6,8,9,18,25,39|14,17,19,21,31,38
1,14,15,16,18,34|2,3,11,13,21,29|6,8,9,27,39,40
1,14,19,21,31,34|2,3,13,16,22,29|6,8,9,18,25,39
1,14,19,22,34,39|2,3,11,13,21,29|8,9,15,16,18,25
1,15,16,19,31,34|2,3,11,13,21,29|6,8,9,18,25,39
1,16,19,21,32,38|2,3,13,15,29,31|6,8,9,18,25,39
2,3,11,13,21,29|6,8,9,18,25,39|15,16,17,19,31,38
2,3,13,15,29,31|6,8,9,18,25,39|11,16,17,19,21,38
2,3,13,16,22,29|6,8,9,18,25,39|14,17,19,21,31,38
6,8,9,13,14,27|11,15,17,19,38,39|16,21,26,29,33,40
6,8,9,18,25,39|11,13,17,21,32,33|15,16,27,29,38,40
6,8,9,27,39,40|11,13,17,21,32,33|15,16,18,25,29,38
6,9,13,14,25,33|8,15,18,26,29,39|11,16,17,19,21,38
6,9,13,15,28,33|8,16,18,21,26,29|14,17,19,22,38,39
6,9,13,16,20,33|8,15,18,26,29,39|14,17,19,21,31,38
6,13,16,26,29,33|8,9,14,18,21,25|11,15,17,19,38,39
6,17,19,31,38,39|8,9,14,18,21,25|15,16,27,29,32,33
6,18,25,29,38,39|8,9,14,21,27,40|13,15,17,31,32,33
6,27,29,32,33,39|8,9,14,18,21,25|13,15,17,31,38,40
6,27,29,38,39,40|8,9,14,18,21,25|13,15,17,31,32,33
8,9,14,18,28,39|11,13,17,21,32,33|15,16,27,29,38,40
8,9,15,16,18,25|11,13,17,21,32,33|19,28,29,31,38,39
8,9,15,16,27,40|11,13,17,21,32,33|14,18,28,29,38,39
8,9,18,22,31,39|11,13,17,21,32,33|15,16,27,29,38,40
8,9,19,22,25,39|11,13,17,21,32,33|15,16,27,29,38,40
8,9,19,28,31,39|11,13,17,21,32,33|15,16,18,25,29,38
8,15,18,26,29,39|9,11,13,16,22,33|14,17,19,21,31,38
8,16,18,21,26,29|9,11,13,15,31,33|14,17,19,22,38,39
1,6,13,16,34,40|8,9,11,15,18,39|14,19,21,25,29,38
1,6,15,19,21,34|8,9,13,16,28,40|14,18,22,29,38,39
1,13,14,15,34,40|6,8,9,18,31,39|16,19,20,21,29,38
1,14,15,16,19,34|6,8,9,18,31,39|13,20,21,29,32,33
2,3,13,14,15,29|6,8,9,18,31,39|16,17,21,32,33,40
2,3,16,21,29,40|6,8,9,18,31,39|13,14,15,17,32,33
6,8,9,18,31,39|13,14,15,17,32,33|16,19,20,21,29,38
6,8,9,19,25,39|11,16,18,21,29,38|13,14,15,17,32,33
6,9,11,13,16,33|8,15,17,18,32,39|14,19,21,25,29,38
6,9,13,14,31,33|8,15,17,18,32,39|16,19,20,21,29,38
6,9,13,15,22,33|8,16,17,18,21,32|14,19,28,29,38,39
6,13,16,17,32,33|8,9,11,15,18,39|14,19,21,25,29,38
6,14,17,19,38,39|8,9,11,16,18,21|13,15,25,29,32,33
6,19,25,29,38,39|8,9,11,16,18,21|13,14,15,17,32,33
8,9,11,16,18,21|13,14,15,17,32,33|19,22,29,31,38,39
8,9,19,22,31,39|11,16,18,21,29,38|13,14,15,17,32,33
8,16,17,18,21,32|9,11,13,14,15,33|19,22,29,31,38,39
1,2,3,13,21,32|6,9,11,27,33,39|10,14,15,16,18,34
1,6,13,14,27,34|8,9,18,25,28,39|10,16,17,21,29,33
1,6,18,25,34,39|2,3,11,13,17,21|9,14,15,27,31,33
1,14,18,21,25,34|2,3,6,27,29,39|9,13,16,20,28,33
1,14,18,28,34,39|2,3,11,13,17,21|6,9,16,27,31,33
1,14,21,27,34,40|2,3,13,15,17,31|8,9,18,25,28,39
1,15,16,18,25,34|2,3,6,27,29,39|10,13,21,32,38,40
1,15,16,27,34,40|2,3,11,13,17,21|8,9,18,25,28,39
1,15,18,20,34,39|2,3,11,13,17,21|6,9,16,27,31,33
1,15,18,21,28,34|2,3,6,27,29,39|9,13,22,25,31,33
1,16,18,20,21,34|2,3,6,27,29,39|9,13,14,25,28,33
1,19,21,25,31,34|2,3,6,27,29,39|9,13,16,20,28,33
1,19,22,25,34,39|2,3,11,13,17,21|6,9,16,27,31,33
1,19,28,31,34,39|2,3,11,13,17,21|9,14,16,22,27,33
2,3,6,27,29,39|8,16,17,18,21,26|9,13,14,25,28,33
2,3,11,13,17,21|6,9,16,27,31,33|10,14,19,22,34,39
2,3,13,15,17,31|6,9,11,27,33,39|10,16,19,21,32,38
2,3,13,16,17,22|6,9,11,27,33,39|10,14,19,21,31,34
2,3,14,21,27,29|6,10,19,31,34,39|9,13,15,20,25,33
2,3,15,16,27,29|6,10,14,18,34,39|9,13,22,25,31,33
6,8,9,13,25,27|10,11,15,19,34,39|16,17,18,20,21,38
6,9,11,27,33,39|8,16,17,18,21,26|10,13,15,31,34,40
6,9,16,27,31,33|8,15,17,18,26,39|10,11,13,21,34,40
6,10,14,18,34,39|8,9,13,15,20,27|16,17,21,26,33,40
6,10,15,18,21,34|8,9,13,14,27,28|17,19,22,25,38,39
6,10,19,31,34,39|8,9,13,14,27,28|15,16,17,18,25,38
6,13,14,17,27,38|8,9,18,25,28,39|10,11,16,19,21,34
6,13,16,17,26,33|8,9,18,25,28,39|10,14,19,21,31,34
6,13,25,27,29,38|8,15,17,18,26,39|10,11,16,19,21,34
6,17,18,25,38,39|8,9,13,14,27,28|10,11,16,19,21,34
6,17,27,38,39,40|9,13,14,25,28,33|10,11,16,19,21,34
8,9,13,14,27,28|10,11,15,19,34,39|16,17,18,20,21,38
8,9,13,15,20,27|10,11,16,19,21,34|14,17,18,28,38,39
8,9,13,22,27,31|10,11,15,19,34,39|14,17,18,21,25,38
8,9,18,25,28,39|10,11,13,21,34,40|15,16,17,27,32,33
8,9,21,25,27,40|10,11,15,19,34,39|13,16,26,28,29,33
8,9,27,28,39,40|10,11,16,19,21,34|13,14,15,17,26,33
8,13,15,26,27,29|9,25,28,33,39,40|10,11,16,19,21,34
8,15,17,18,26,39|9,11,14,21,27,33|10,13,16,22,34,40
8,16,17,18,21,26|9,13,14,25,28,33|10,11,15,19,34,39
9,11,14,21,27,33|10,13,15,31,34,40|17,19,22,25,38,39
9,13,14,25,28,33|10,11,15,19,34,39|16,17,18,20,21,38
9,13,15,20,25,33|10,11,16,19,21,34|14,17,18,28,38,39
9,13,16,20,28,33|10,11,15,19,34,39|14,17,18,21,25,38
9,13,22,25,31,33|10,11,15,19,34,39|14,17,21,27,38,40
9,14,15,27,31,33|10,11,13,21,34,40|17,19,22,25,38,39
9,14,16,22,27,33|10,11,13,21,34,40|15,17,18,20,38,39
9,25,28,33,39,40|10,11,16,19,21,34|13,15,20,27,29,38
10,11,15,19,34,39|13,14,27,28,29,38|16,17,21,26,33,40
10,11,16,19,21,34|13,14,15,17,26,33|18,25,28,29,38,39
10,13,15,31,34,40|14,17,18,21,25,38|27,28,29,32,33,39
10,13,16,22,34,40|14,17,18,21,25,38|27,28,29,32,33,39
10,14,15,16,18,34|13,20,21,26,29,33|17,19,22,25,38,39
10,14,19,22,34,39|13,15,20,27,29,38|16,17,21,26,33,40
1,6,19,25,34,39|2,3,13,14,15,17|8,9,21,27,31,40
1,11,15,18,34,39|2,3,6,13,16,17|8,9,21,27,31,40
1,11,16,18,21,34|2,3,13,14,15,17|8,9,19,25,28,39
1,13,15,25,34,40|6,9,14,16,27,33|17,19,22,31,38,39
1,13,20,21,34,40|6,9,14,16,27,33|8,15,17,19,26,39
1,14,18,21,31,34|2,3,6,13,16,17|8,9,19,25,28,39
1,14,18,22,34,39|2,3,6,13,16,17|8,9,21,27,31,40
1,14,19,21,25,34|2,3,6,13,16,17|8,9,18,28,31,39
1,14,19,28,34,39|2,3,6,13,16,17|8,9,18,21,25,31
1,15,16,18,31,34|2,3,13,20,21,29|6,17,19,25,38,39
1,15,16,19,25,34|2,3,13,20,21,29|6,17,18,31,38,39
1,15,18,21,22,34|2,3,6,13,16,17|8,9,19,25,28,39
1,15,18,32,38,39|2,3,6,13,16,17|8,9,21,27,31,40
1,15,19,20,34,39|2,3,6,13,16,17|8,9,18,21,25,31
1,15,19,21,28,34|2,3,6,13,16,17|8,9,18,22,25,39
1,16,18,21,32,38|2,3,13,14,15,17|8,9,19,25,28,39
1,16,19,20,21,34|2,3,13,14,15,17|8,9,18,22,25,39
2,3,6,13,16,17|8,9,18,21,25,31|22,27,29,32,33,39
2,3,13,14,15,17|8,9,18,21,25,31|22,27,29,32,33,39
2,3,13,15,25,29|6,9,14,16,27,33|17,19,22,31,38,39
2,3,13,16,28,29|6,10,14,19,34,39|8,9,18,21,25,31
2,3,13,20,21,29|6,9,14,16,27,33|8,15,17,19,26,39
2,3,16,17,21,40|6,8,9,13,27,31|18,22,25,29,38,39
6,8,9,13,27,31|10,14,15,16,19,34|18,22,25,29,38,39
6,10,13,16,34,40|8,9,18,21,25,31|14,17,19,28,38,39
6,10,14,19,34,39|8,9,11,13,15,27|18,21,25,29,31,38
6,10,15,19,21,34|8,9,13,14,22,27|18,28,29,31,38,39
6,13,27,29,31,38|8,9,18,22,25,39|10,14,15,16,19,34
8,9,18,21,25,31|10,13,14,15,34,40|22,27,29,32,33,39
8,9,18,22,25,39|10,13,14,15,34,40|16,17,19,20,21,38
8,9,18,28,31,39|10,13,14,15,34,40|16,17,19,20,21,38
8,9,19,25,28,39|10,13,14,15,34,40|11,16,17,18,21,38
8,9,21,27,31,40|10,14,15,16,19,34|18,22,25,29,38,39
8,9,22,27,39,40|10,14,15,16,19,34|11,13,21,26,29,33
8,13,17,21,26,40|10,14,15,16,19,34|18,22,25,29,38,39
8,15,17,19,26,39|9,11,13,16,28,33|18,21,25,29,31,38
8,16,17,19,21,26|9,11,13,15,25,33|18,28,29,31,38,39
9,11,13,20,21,33|10,14,15,16,19,34|18,22,25,29,38,39
10,13,14,15,34,40|11,16,17,18,21,38|22,27,29,32,33,39
1,8,18,21,22,29|2,3,6,14,15,19|11,13,31,32,33,40
1,21,22,29,33,40|2,3,6,14,15,19|8,11,13,18,31,32
1,6,8,17,18,21|2,3,11,13,14,40|15,19,22,25,32,33
1,6,13,28,29,33|2,3,11,14,16,19|15,18,22,31,38,40
1,6,17,21,33,40|2,3,11,14,16,19|8,13,18,20,31,32
1,8,11,17,19,39|2,3,6,13,22,40|14,15,18,28,32,33
1,8,13,17,31,40|2,3,6,11,19,21|14,15,18,28,32,33
1,8,14,16,17,18|2,3,6,11,19,21|13,20,31,32,33,40
1,8,16,17,19,31|2,3,6,13,22,40|14,15,18,28,32,33
1,8,16,18,25,29|2,3,6,11,19,21|13,20,31,32,33,40
1,8,16,27,29,40|2,3,6,11,19,21|14,15,18,28,32,33
1,8,17,19,21,22|2,3,6,14,15,18|11,13,25,32,33,40
1,8,18,20,29,39|2,3,6,11,19,21|13,22,28,32,33,40
1,8,18,21,28,29|2,3,6,13,22,40|11,16,19,25,32,33
1,11,13,29,31,33|2,3,6,14,15,18|8,19,21,22,26,40
1,13,14,20,29,33|2,3,6,11,19,21|15,18,22,31,38,40
1,14,16,17,33,40|2,3,6,11,19,21|8,13,18,20,31,32
1,16,25,29,33,40|2,3,6,11,19,21|8,13,18,20,31,32
1,20,29,33,39,40|2,3,6,11,19,21|8,13,18,22,28,32
1,21,28,29,33,40|2,3,6,14,15,18|8,11,16,19,27,32
2,3,6,11,19,21|8,10,13,29,31,40|14,15,18,28,32,33
2,3,6,13,22,40|8,10,11,19,29,39|14,15,18,28,32,33
2,3,6,14,15,18|8,10,11,19,29,39|13,20,31,32,33,40
2,3,6,15,19,31|8,10,14,16,18,29|11,13,25,32,33,40
2,3,6,16,19,22|8,10,13,29,31,40|14,15,18,28,32,33
2,3,11,13,14,40|6,8,10,18,21,29|15,19,22,25,32,33
2,3,11,14,16,19|6,8,10,18,21,29|13,20,31,32,33,40
2,3,14,15,19,22|6,8,10,18,21,29|11,13,25,32,33,40
1,6,13,17,22,33|2,3,11,14,16,18|8,10,19,20,29,39
1,6,15,27,29,33|2,3,11,13,31,40|8,10,14,16,17,19
1,8,11,13,27,29|2,3,6,15,18,31|16,19,20,25,32,33
1,8,11,17,18,39|2,3,6,13,28,40|14,15,19,22,26,33
1,8,13,17,25,40|2,3,6,11,18,21|14,15,19,22,26,33
1,8,16,17,18,31|2,3,6,13,28,40|14,15,19,22,26,33
1,8,16,17,19,25|2,3,6,11,18,21|14,27,31,32,33,40
1,8,17,18,21,22|2,3,6,13,28,40|11,14,16,19,26,33
1,8,17,19,20,39|2,3,6,11,18,21|10,16,29,31,33,40
1,8,17,19,21,28|2,3,6,15,18,31|10,11,13,14,29,33
1,11,13,14,17,33|2,3,6,15,18,31|8,10,16,19,25,29
1,11,13,25,29,33|2,3,6,15,18,31|8,10,14,16,17,19
1,11,17,33,39,40|2,3,6,15,18,31|8,10,16,19,25,29
1,13,20,29,31,33|2,3,6,11,18,21|8,10,14,16,17,19
1,13,22,28,29,33|2,3,6,11,18,21|8,10,14,16,17,19
1,16,17,31,33,40|2,3,6,11,18,21|8,10,19,20,29,39
1,17,21,22,33,40|2,3,6,15,18,31|8,10,16,19,25,29
2,3,6,11,18,21|8,10,13,14,17,40|15,19,25,28,32,33
2,3,6,13,28,40|8,10,11,18,29,39|14,15,19,22,26,33
2,3,6,15,18,31|8,10,13,14,17,40|16,19,20,25,32,33
2,3,6,15,19,25|8,10,11,18,29,39|14,27,31,32,33,40
2,3,6,16,18,22|8,10,13,14,17,40|15,19,25,28,32,33
2,3,6,16,19,28|8,10,11,18,29,39|13,20,25,32,33,40
2,3,6,19,20,21|8,10,11,18,29,39|14,27,31,32,33,40
2,3,11,13,31,40|6,8,10,17,19,21|15,18,22,25,32,33
2,3,11,14,16,18|6,8,10,17,19,21|13,20,25,32,33,40
2,3,11,19,21,22|6,14,15,18,26,33|8,10,13,25,29,40
2,3,13,14,20,40|6,8,10,17,19,21|11,16,18,25,32,33
2,3,14,15,18,22|6,8,10,17,19,21|11,16,27,32,33,40
2,3,14,15,19,28|6,8,13,18,22,26|10,11,29,33,39,40
2,3,14,16,19,20|6,8,13,18,22,26|10,11,29,33,39,40
6,8,10,17,19,21|11,13,14,18,20,38|15,22,27,32,33,40
6,10,13,22,29,33|8,11,16,18,27,32|15,19,25,28,38,40
6,11,13,18,28,38|8,10,14,16,17,19|15,22,27,32,33,40
6,11,15,19,27,38|8,10,13,14,17,40|16,18,20,31,32,33
6,13,19,20,28,38|8,10,11,18,29,39|14,27,31,32,33,40
6,14,19,22,27,38|8,10,11,18,29,39|13,20,25,32,33,40
8,10,16,19,25,29|11,13,14,18,20,38|15,22,27,32,33,40
8,10,19,21,28,29|11,13,14,18,20,38|15,22,27,32,33,40
8,15,18,22,27,32|10,11,13,14,29,33|16,19,20,25,38,40
8,15,19,27,28,32|10,11,13,14,29,33|16,18,20,31,38,40
8,16,19,20,27,32|10,11,13,14,29,33|15,18,22,25,38,40
1,8,10,19,32,39|2,3,6,15,18,25|11,13,26,31,33,40
1,8,13,20,27,29|2,3,6,15,18,25|10,14,16,17,33,40
1,8,16,17,18,25|2,3,6,15,27,40|10,11,13,29,31,33
1,8,16,17,27,40|2,3,6,15,18,25|10,11,13,29,31,33
1,8,17,18,20,39|2,3,6,15,27,40|10,11,13,29,31,33
1,8,17,18,21,28|2,3,6,15,27,40|10,11,13,29,31,33
1,11,13,17,31,33|2,3,6,15,18,25|8,10,16,27,29,40
1,11,16,27,29,33|2,3,6,15,18,25|8,10,13,17,31,40
1,13,14,17,20,33|2,3,6,15,18,25|8,10,16,27,29,40
1,13,20,25,29,33|2,3,6,15,27,40|8,10,11,17,19,39
1,14,27,29,31,33|2,3,6,15,18,25|8,10,11,17,19,39
1,15,22,27,29,33|2,3,6,16,18,28|8,10,11,17,19,39
1,16,17,25,33,40|2,3,6,18,20,21|8,13,19,22,26,28
1,17,20,33,39,40|2,3,6,15,18,25|8,13,19,22,26,28
1,17,21,28,33,40|2,3,6,15,18,25|8,13,19,20,26,31
2,3,6,15,18,25|8,10,11,17,19,39|13,14,20,26,33,40
2,3,6,15,27,40|8,10,11,17,19,39|16,18,20,25,32,33
2,3,6,16,18,28|8,10,11,17,19,39|13,14,20,26,33,40
2,3,6,18,20,21|8,10,11,17,19,39|14,25,27,32,33,40
2,3,11,13,25,40|6,8,10,17,18,21|14,15,19,26,28,33
2,3,11,16,18,31|6,8,15,19,26,27|10,13,14,20,29,33
2,3,11,16,19,25|6,8,10,17,18,21|13,14,20,26,33,40
2,3,11,18,21,22|6,8,15,19,26,27|10,13,14,20,29,33
2,3,11,19,20,39|6,8,10,17,18,21|14,25,27,32,33,40
2,3,11,19,21,28|6,14,18,22,27,38|8,10,13,17,31,40
2,3,13,20,31,40|6,8,10,17,18,21|11,15,19,22,27,38
2,3,13,22,28,40|6,8,10,17,18,21|11,14,19,27,31,38
2,3,14,15,18,28|6,10,17,21,33,40|8,11,13,19,25,26
2,3,14,16,18,20|6,8,15,19,26,27|10,11,13,29,31,33
2,3,14,19,25,31|6,8,10,17,18,21|15,27,28,32,33,40
2,3,15,19,22,25|6,8,10,17,18,21|11,13,26,31,33,40
2,3,15,19,28,31|6,8,10,17,18,21|13,14,20,26,33,40
2,3,16,19,20,31|6,8,10,17,18,21|14,25,27,32,33,40
2,3,16,19,22,28|6,8,10,17,18,21|11,13,26,31,33,40
2,3,19,20,21,22|6,8,13,18,26,28|10,14,16,17,33,40
6,8,10,17,18,21|11,13,19,20,25,38|15,27,28,32,33,40
6,8,13,18,26,28|10,14,16,17,33,40|11,15,19,22,27,38
6,8,15,19,26,27|10,11,13,29,31,33|16,18,20,25,38,40
6,11,15,18,27,38|8,10,13,17,31,40|14,16,19,20,26,33
6,13,18,20,28,38|8,10,11,17,19,39|14,25,27,32,33,40
6,14,19,27,28,38|8,10,13,17,31,40|16,18,20,25,32,33
6,15,19,20,27,38|8,10,13,17,31,40|11,14,16,18,26,33
8,10,14,16,17,18|11,13,19,20,25,38|15,27,28,32,33,40
8,10,16,17,19,31|11,13,18,22,28,38|14,25,27,32,33,40
8,10,16,27,29,40|11,13,18,20,31,38|14,15,19,26,28,33
8,10,17,19,21,22|11,13,18,20,31,38|14,25,27,32,33,40
8,13,14,18,20,26|10,16,25,29,33,40|11,15,19,22,27,38
1,10,11,19,38,39|2,3,14,25,27,40|15,18,26,28,31,33
1,10,13,31,38,40|2,3,15,18,25,28|8,16,19,20,26,27
1,10,16,19,31,38|2,3,14,25,27,40|11,18,20,26,33,39
1,10,19,21,22,38|2,3,14,25,27,40|11,18,20,26,33,39
1,6,10,19,21,38|2,3,11,16,18,25|13,20,26,31,33,40
1,8,10,18,32,39|2,3,11,16,27,40|14,19,25,26,31,33
1,8,11,13,17,27|2,3,14,18,25,31|16,19,22,26,28,33
1,10,13,14,32,33|2,3,11,16,18,25|6,19,27,28,31,38
1,10,13,14,38,40|2,3,11,16,18,25|8,15,19,22,26,27
1,10,14,16,19,38|2,3,11,18,20,39|6,15,26,27,33,40
1,10,32,33,39,40|2,3,11,16,18,25|6,19,27,28,31,38
1,13,17,20,31,33|2,3,11,16,18,25|8,15,19,22,26,27
1,13,17,22,28,33|2,3,11,16,18,25|8,14,19,26,27,31
1,14,25,27,29,33|2,3,11,18,20,39|8,10,17,19,21,28
1,15,27,28,29,33|2,3,11,16,18,25|8,10,17,19,20,39
1,16,20,27,29,33|2,3,11,18,21,28|8,10,13,17,25,40
2,3,11,16,18,25|6,10,13,17,22,33|8,14,19,26,27,31
2,3,11,18,20,39|6,10,13,17,22,33|8,14,19,26,27,31
2,3,11,18,21,28|6,10,13,17,22,33|8,14,19,26,27,31
2,3,14,18,25,31|6,10,13,17,22,33|8,11,16,19,26,27
2,3,15,18,22,25|6,19,27,28,31,38|10,11,13,14,17,33
2,3,15,18,28,31|6,10,13,17,22,33|8,11,16,19,26,27
2,3,15,19,25,28|6,10,13,17,22,33|11,14,18,27,31,38
2,3,15,22,27,40|6,16,18,26,28,33|8,10,17,19,20,39
2,3,16,18,20,31|6,10,13,17,22,33|11,14,19,25,27,38
2,3,16,18,22,28|6,10,15,27,29,33|8,13,19,20,25,26
2,3,16,19,20,25|6,8,15,18,26,27|10,11,13,14,17,33
2,3,19,20,21,28|6,8,15,18,26,27|10,11,13,14,17,33
6,14,18,27,28,38|8,10,13,17,25,40|11,19,20,26,33,39
6,15,18,20,27,38|8,10,13,17,25,40|11,19,21,26,28,33
6,18,22,27,31,38|8,10,13,17,25,40|11,19,20,26,33,39
6,19,22,25,27,38|8,10,11,17,18,39|13,20,26,31,33,40
8,10,11,17,18,39|13,20,26,31,33,40|14,19,22,27,28,38
8,10,13,17,25,40|11,14,18,27,31,38|16,19,22,26,28,33
8,11,13,18,25,26|10,16,17,31,33,40|14,19,22,27,28,38
8,13,18,20,26,31|10,11,17,33,39,40|14,19,22,27,28,38
8,13,18,22,26,28|10,11,17,33,39,40|14,19,20,27,31,38
1,3,8,13,14,29|2,6,11,19,21,33|15,18,22,25,30,40
2,6,14,15,18,33|3,8,11,19,32,39|7,12,16,29,31,40
2,6,15,19,31,33|3,8,14,16,18,32|7,11,12,29,39,40
2,14,15,19,22,33|3,6,8,18,21,32|7,11,12,29,39,40
3,6,8,18,21,32|7,11,12,13,14,29|15,19,25,28,30,40
3,8,11,19,32,39|6,7,12,13,22,29|14,18,25,30,31,40
3,8,14,16,18,32|6,7,12,13,22,29|15,19,25,28,30,40
3,8,16,19,31,32|6,7,12,13,22,29|11,18,20,30,39,40
3,8,19,21,22,32|6,11,13,18,28,30|7,12,16,29,31,40
1,3,6,21,29,33|2,8,11,13,18,31|7,12,14,16,17,40
1,3,8,13,29,31|2,6,11,18,21,33|7,12,14,16,17,40
1,3,14,16,29,33|2,6,8,13,18,28|11,15,19,22,27,30
2,6,8,13,18,28|3,11,14,16,19,38|7,12,20,29,39,40
2,6,8,15,19,27|3,11,13,14,32,33|7,12,16,25,29,40
2,6,15,19,25,33|3,8,11,18,32,39|7,12,13,14,20,29
2,6,16,18,22,33|3,8,13,25,32,40|11,14,19,27,30,31
2,6,16,19,28,33|3,8,11,18,32,39|7,12,13,14,20,29
