2,11,16,27,30,32|6,8,13,22,26,34|9,14,17,23,25,31
2,13,20,25,30,32|6,14,15,26,33,34|9,11,17,21,23,28
2,14,27,30,31,32|6,8,13,22,26,34|9,11,16,17,23,25
2,15,22,27,30,32|6,11,13,28,34,38|9,14,17,23,25,31
2,16,26,30,31,40|6,9,10,21,23,32|11,13,14,20,34,38
2,21,22,26,30,40|6,11,13,28,34,38|9,10,14,16,23,32
3,6,21,26,30,32|8,10,11,29,34,39|9,14,17,23,25,31
3,14,16,26,30,32|6,11,13,28,34,38|9,15,17,22,23,25
6,14,15,26,33,34|8,10,29,32,38,39|9,11,16,17,23,25
1,2,16,17,25,30|6,8,9,10,21,38|12,15,23,27,28,35
1,2,17,20,30,39|6,8,9,10,21,38|11,14,16,26,33,34|12,15,23,27,28,35
1,2,17,21,28,30|6,11,15,27,34,38|9,10,16,23,31,32
1,8,9,16,25,38|2,3,6,20,21,34|12,15,23,27,28,35
1,8,9,20,38,39|2,3,6,15,25,34|17,21,23,26,28,29
1,8,9,21,28,38|2,3,6,15,25,34|12,16,20,23,27,35
1,8,16,17,25,34|2,3,11,32,38,39|12,15,23,27,28,35
1,8,17,20,34,39|2,3,16,31,32,38|12,14,23,25,27,35
1,8,17,21,28,34|2,3,11,32,38,39|12,14,23,25,27,35
1,8,26,29,38,39|2,3,6,15,25,34|9,10,16,23,31,32
2,3,6,15,25,34|8,9,10,14,16,38|17,20,23,26,29,39
2,3,6,16,28,34|8,13,26,31,32,38|12,14,23,25,27,35
2,3,6,20,21,34|8,9,10,14,16,38|12,15,23,27,28,35
2,3,11,16,31,34|6,8,9,10,21,38|12,14,23,25,27,35
2,3,11,21,22,34|8,9,10,14,16,38|12,15,23,27,28,35
2,3,11,32,38,39|6,8,10,17,21,34|12,14,23,25,27,35
2,3,14,15,28,34|6,8,9,10,21,38|12,16,20,23,27,35
2,3,14,16,20,34|6,8,9,10,21,38|12,15,23,27,28,35
2,3,15,22,31,34|6,8,9,10,21,38|12,14,23,25,27,35
2,3,16,31,32,38|6,8,10,17,21,34|12,14,23,25,27,35
2,3,21,22,32,38|6,8,13,26,28,34|9,16,17,20,23,25
2,6,10,17,21,30|8,11,13,26,31,34|12,14,23,25,27,35
2,10,20,29,30,39|6,8,13,26,28,34|12,14,23,25,27,35
2,10,21,28,29,30|6,11,15,27,34,38|9,16,17,20,23,25
2,11,13,26,30,31|6,8,9,10,21,38|12,14,23,25,27,35
2,13,14,20,26,30|6,8,9,10,21,38|12,15,23,27,28,35
2,14,25,27,30,32|6,8,9,10,21,38|17,20,23,26,29,39
2,15,27,28,30,32|6,8,9,10,21,38|11,14,16,26,33,34
2,16,20,27,30,32|6,8,9,10,21,38|14,15,22,26,33,34
2,16,25,26,30,40|6,8,9,10,21,38|12,15,23,27,28,35
2,20,26,30,39,40|6,8,9,10,21,38|12,14,23,25,27,35
2,21,26,28,30,40|6,11,15,27,34,38|9,10,16,23,31,32
3,11,26,30,32,39|6,8,9,10,21,38|12,14,23,25,27,35
3,16,26,30,31,32|6,8,9,10,21,38|12,14,23,25,27,35
3,21,22,26,30,32|6,11,15,27,34,38|9,16,17,20,23,25
6,8,9,10,21,38|11,14,16,26,33,34|12,15,23,27,28,35
6,11,21,26,33,34|8,9,10,14,16,38|12,15,23,27,28,35
6,21,26,32,33,38|8,10,14,16,17,34|12,15,23,27,28,35
8,10,20,29,34,39|9,15,17,23,25,28|14,16,26,32,33,38
1,9,21,22,23,26|2,3,11,16,25,34|8,10,17,32,38,39
1,10,12,23,35,39|2,3,11,16,25,34|21,22,26,32,33,38
1,17,23,26,32,39|2,3,11,16,25,34|8,9,10,21,22,38
2,3,16,22,28,34|8,9,10,11,38,39|12,23,25,27,31,35
2,3,20,21,22,34|8,9,10,11,38,39|12,23,25,27,31,35
2,11,13,25,26,30|6,14,27,28,34,38|9,10,20,23,32,39
2,13,20,26,30,31|6,14,27,28,34,38|9,10,16,23,25,32
2,13,22,26,28,30|6,15,20,27,34,38|9,10,16,23,25,32
2,25,27,30,31,32|6,16,26,28,33,34|8,9,10,11,38,39
6,16,26,28,33,34|8,9,10,11,38,39|12,23,25,27,31,35
6,20,21,26,33,34|8,9,10,11,38,39|12,23,25,27,31,35
8,9,10,11,38,39|12,23,25,27,31,35|14,15,26,28,33,34
8,10,11,17,34,39|12,23,25,27,31,35|21,22,26,32,33,38
8,10,17,21,22,34|11,26,32,33,38,39|12,23,25,27,31,35
2,8,10,15,18,33|3,17,19,23,25,28|6,7,12,27,38,40
3,17,22,23,27,40|6,7,12,18,25,38|10,19,28,30,31,33
1,3,15,18,23,26|7,12,19,25,28,38|10,22,27,30,33,40
1,6,27,30,33,40|3,11,15,17,18,23|7,12,14,19,22,38
3,22,23,27,29,40|6,7,12,14,18,38|10,11,15,19,30,33
1,22,27,30,33,40|3,6,17,18,23,25|7,8,12,15,19,26
2,10,15,18,23,40|3,8,22,27,29,33|6,7,12,19,25,38
3,6,17,23,27,40|7,8,12,15,19,26|10,14,18,22,30,33
3,23,27,28,29,40|6,7,12,18,31,38|10,15,19,20,30,33
1,6,8,19,27,30|3,14,18,23,28,29|7,12,15,32,33,40
1,8,14,27,34,39|2,10,13,16,30,31|15,17,21,25,33,38
1,14,25,33,34,39|2,10,13,16,30,31|8,15,17,21,27,38
1,15,28,33,34,39|2,10,13,16,30,31|6,9,21,23,25,27
2,10,13,16,30,31|6,9,21,23,25,27|15,17,28,33,38,39
6,9,23,27,28,39|8,10,13,16,31,34|15,17,21,25,33,38
8,10,13,16,31,34|9,14,20,23,27,39|15,17,21,25,33,38
8,25,27,29,38,39|10,14,15,21,33,34|13,16,17,23,26,31
1,2,13,16,25,30|6,9,21,23,27,31|15,17,22,33,38,39
1,8,13,16,25,34|3,15,17,28,30,39|6,9,21,23,27,31
1,8,13,20,34,39|3,15,17,21,25,30|9,14,16,23,27,31
1,14,31,33,34,39|2,6,10,13,21,30|9,15,16,22,23,27
1,15,22,33,34,39|2,6,10,13,21,30|9,14,16,23,27,31
2,10,13,14,16,30|6,9,21,23,27,31|15,17,22,33,38,39
3,14,17,25,30,39|6,8,10,13,21,34|9,15,16,22,23,27
3,15,17,21,25,30|6,9,22,23,27,39|8,10,13,14,16,34
3,15,17,28,30,39|6,8,10,13,21,34|9,14,16,23,27,31
6,9,21,23,27,31|8,10,13,14,16,34|15,17,22,33,38,39
6,9,22,23,27,39|8,10,13,14,16,34|15,17,21,31,33,38
8,10,13,14,16,34|9,11,15,21,23,27|25,29,31,33,38,39
1,2,13,16,30,31|6,9,14,21,23,27|15,28,29,33,38,39
1,2,13,21,22,30|6,9,15,16,23,27|14,25,29,33,38,39
1,6,15,33,34,39|3,16,17,21,22,30|9,13,14,23,25,31
1,6,16,21,33,34|3,14,17,30,31,39|9,13,15,22,23,25
1,8,13,16,31,34|3,15,17,22,30,39|6,9,14,21,23,27
2,14,25,29,33,39|3,8,9,15,21,31|13,16,17,22,28,30
2,15,28,29,33,39|3,8,9,16,21,22|13,14,17,25,30,31
2,16,21,28,29,33|3,8,9,14,31,39|13,15,17,22,25,30
1,2,6,13,21,38|3,8,9,14,25,39|15,16,17,22,27,30
1,2,13,14,16,38|3,8,9,15,21,25|6,17,22,27,30,39
1,3,6,15,34,39|2,8,13,16,17,25|21,27,28,29,30,31
1,3,14,15,21,34|2,8,13,16,17,25|20,27,29,30,31,39
1,2,13,21,22,38|3,8,9,25,31,39|15,16,17,27,28,30
1,3,14,31,34,39|2,8,15,17,21,27|10,13,16,25,30,32
1,3,15,21,31,34|2,8,10,13,32,39|14,16,17,25,27,30
1,2,13,16,25,38|3,6,10,15,34,39|17,21,27,28,30,31
1,2,13,21,28,38|3,6,10,15,34,39|16,17,25,27,30,31
1,3,15,21,25,34|2,8,17,27,31,39|10,13,14,16,26,30
1,3,15,28,34,39|2,6,10,13,21,38|16,17,25,27,30,31
1,13,16,25,26,30|2,8,17,27,31,39|3,10,14,15,21,34
2,14,17,23,27,39|7,12,15,21,25,34|10,13,16,30,31,38
2,15,17,21,23,27|7,12,14,25,34,39|10,13,16,30,31,38
1,6,22,27,34,39|2,3,15,17,21,25|10,13,16,31,32,38
1,11,14,27,34,39|2,3,15,17,21,25|10,13,16,31,32,38
1,11,15,21,27,34|2,3,14,17,25,39|10,13,16,31,32,38
1,13,14,16,26,38|2,3,15,17,21,25|8,9,20,27,31,39
1,14,16,27,31,34|2,3,15,17,21,25|10,11,13,32,38,39
1,14,21,22,27,34|2,3,15,17,28,39|10,13,16,31,32,38
1,14,27,32,38,39|2,3,15,17,21,25|6,10,13,16,28,34
1,15,21,27,32,38|2,3,14,17,25,39|6,10,13,16,28,34
2,3,15,17,21,25|6,10,13,16,28,34|8,9,20,27,31,39
2,3,15,17,28,39|6,10,13,20,21,34|8,9,16,25,27,31
2,3,16,17,20,39|6,10,13,15,25,34|8,9,21,27,28,31
2,3,16,17,21,28|6,10,13,15,25,34|8,9,20,27,31,39
6,10,13,15,25,34|8,9,20,27,31,39|16,17,21,22,26,33
6,10,13,16,28,34|8,9,11,25,27,39|15,17,21,26,31,33
6,17,21,27,31,38|9,22,25,28,33,39|10,13,14,16,20,34
6,17,22,27,38,39|9,21,25,28,31,33|10,13,14,16,20,34
8,9,11,25,27,39|10,13,14,15,28,34|16,17,21,22,26,33
10,13,14,15,28,34|11,16,17,26,33,39|21,22,25,27,29,38
10,13,14,16,20,34|11,15,17,21,27,38|25,26,29,31,33,39
1,2,3,16,32,39|6,8,9,21,25,27|10,13,14,15,22,34
1,8,13,26,32,39|2,3,15,17,21,31|14,16,25,27,29,38
1,11,13,16,25,34|2,3,14,17,31,39|8,9,15,20,21,27
1,11,13,20,34,39|2,3,15,17,21,31|8,9,14,16,25,27
1,13,14,25,31,34|2,3,11,16,17,39|8,9,15,20,21,27
1,13,15,22,25,34|2,3,11,16,17,39|8,9,14,21,27,28
1,13,15,28,31,34|2,3,11,16,17,39|6,8,9,21,25,27
1,13,16,20,31,34|2,3,15,17,22,39|6,8,9,21,25,27
1,13,16,22,28,34|2,3,14,17,31,39|6,8,9,21,25,27
1,13,16,25,32,38|2,3,14,17,31,39|8,9,15,20,21,27
1,13,20,32,38,39|2,3,15,17,21,31|8,9,14,16,25,27
2,3,11,16,17,39|6,8,9,21,25,27|10,13,14,15,22,34
2,3,15,17,21,31|6,8,9,27,28,39|10,11,13,14,16,34
2,3,15,17,22,39|6,8,9,21,25,27|10,11,13,14,16,34
2,3,25,29,31,39|6,10,11,13,21,34|8,9,15,16,27,28
6,8,9,21,25,27|10,11,13,14,16,34|15,26,28,29,33,39
6,8,9,27,28,39|10,11,13,14,16,34|15,21,25,26,29,33
6,9,25,28,33,39|8,13,16,17,26,31|15,20,21,27,29,38
6,10,11,13,21,34|8,9,14,16,25,27|15,26,28,29,33,39
6,10,13,16,22,34|8,9,11,27,31,39|14,15,17,21,26,33
6,16,17,21,26,33|8,9,11,27,31,39|10,13,14,15,22,34
6,27,28,29,38,39|8,13,16,17,26,31|9,15,20,21,25,33
8,9,11,27,31,39|10,13,14,15,22,34|16,21,26,28,29,33
8,9,14,16,25,27|10,15,21,31,34,40|11,13,17,20,38,39
8,9,14,20,27,39|10,15,21,31,34,40|11,13,16,17,25,38
8,9,14,21,27,28|10,11,16,34,39,40|13,15,17,22,25,38
8,9,15,16,27,28|10,14,31,34,39,40|13,17,20,21,22,38
8,9,15,20,21,27|10,11,13,14,16,34|17,25,31,32,33,39
8,9,21,22,27,31|10,11,13,14,16,34|15,26,28,29,33,39
8,13,17,21,22,26|9,11,25,31,33,39|15,16,27,28,29,38
8,14,26,27,29,39|9,15,16,25,28,33|13,17,20,21,22,38
8,15,21,26,27,29|9,11,25,31,33,39|10,13,14,16,32,38
9,14,20,25,33,39|10,15,21,31,34,40|13,16,17,22,28,38
9,15,16,25,28,33|10,14,31,34,39,40|13,17,20,21,22,38
9,15,20,28,33,39|10,11,13,14,16,34|21,22,27,29,31,38
9,16,20,21,28,33|10,13,14,15,22,34|11,27,29,31,38,39
9,22,28,31,33,39|10,11,13,14,16,34|15,20,21,27,29,38
10,11,13,14,16,34|15,20,21,27,29,38|17,25,31,32,33,39
1,6,13,15,25,34|2,3,16,20,29,39|8,9,14,21,22,27
1,6,13,16,28,34|2,3,14,15,17,21|8,25,27,29,32,39
1,6,13,20,21,34|2,3,14,25,29,39|8,9,15,16,22,27
1,11,13,16,31,34|2,3,6,15,17,39|8,9,14,21,22,27
1,11,13,21,22,34|2,3,6,15,17,39|8,9,14,16,27,31
1,13,14,15,28,34|2,3,6,16,17,21|8,25,27,29,32,39
1,13,15,22,31,34|2,3,6,16,17,21|8,9,11,14,27,39
1,13,16,31,32,38|2,3,6,15,17,39|8,9,14,21,22,27
1,13,21,22,32,38|2,3,6,15,17,39|8,9,14,16,27,31
2,3,6,15,17,39|8,9,13,16,20,25|14,21,22,27,29,38
2,3,6,16,17,21|8,9,11,14,27,39|13,15,25,28,29,38
2,3,14,15,17,21|6,8,9,22,27,39|13,16,20,25,29,38
2,3,15,21,25,29|6,8,9,22,27,39|11,13,16,17,31,38
2,3,15,28,29,39|6,8,9,21,27,31|13,14,16,17,20,38
2,3,16,20,29,39|6,8,9,21,27,31|13,14,15,17,28,38
6,8,9,21,27,31|11,16,26,29,33,39|13,14,15,17,28,38
6,8,9,22,27,39|10,14,15,21,34,40|11,13,16,17,31,38
6,8,13,17,21,26|9,11,14,25,33,39|15,16,22,27,29,38
6,9,22,25,33,39|8,13,14,16,17,26|11,15,21,27,29,38
6,9,28,31,33,39|8,13,14,16,17,26|11,15,21,27,29,38
6,10,15,34,39,40|8,9,13,16,20,25|14,21,22,27,29,38
6,10,16,21,34,40|8,9,11,14,27,39|13,15,17,22,31,38
6,13,15,17,25,38|8,9,11,14,27,39|16,21,22,26,29,33
6,13,16,17,28,38|8,9,11,14,27,39|15,21,26,29,31,33
6,21,27,29,31,38|8,9,13,15,25,28|16,17,20,32,33,39
8,9,15,16,22,27|13,20,21,28,29,38|14,17,25,32,33,39
8,25,27,29,32,39|9,11,16,21,28,33|13,15,17,22,31,38
1,15,22,34,39,40|6,8,9,14,21,27|11,13,16,25,29,38
2,3,15,21,29,31|6,9,14,28,33,39|8,13,16,17,25,32
6,8,9,14,21,27|11,13,16,25,29,38|15,17,22,32,33,39
6,13,16,17,22,38|8,9,25,31,39,40|14,15,21,26,29,33
6,14,21,27,29,38|8,9,11,13,16,25|15,17,22,32,33,39
6,9,14,22,33,39|8,13,16,17,31,32|15,21,25,29,38,40
1,9,23,25,31,33|2,3,8,13,20,38|7,10,12,16,30,32
1,10,16,23,34,40|2,3,8,13,20,38|7,12,17,25,30,31
2,3,8,13,20,38|7,10,12,16,30,32|11,23,25,27,34,40
2,3,10,16,23,29|6,8,27,28,33,34|7,12,17,25,30,31
2,3,11,16,33,38|7,12,17,25,30,31|8,9,10,13,20,23
2,3,14,23,27,32|7,12,17,25,30,31|8,11,13,26,33,38
2,3,14,31,33,38|7,10,12,16,30,32|11,23,25,27,34,40
2,3,15,22,33,38|7,10,12,16,30,32|11,23,25,27,34,40
2,3,16,23,26,40|6,8,27,28,33,34|7,12,17,25,30,31
6,8,27,28,33,34|7,10,12,16,30,32|13,20,23,26,38,40
7,10,12,16,30,32|8,11,13,26,33,38|18,20,23,25,31,34
1,2,7,12,16,38|3,8,14,26,27,30|9,10,15,23,28,33
1,7,12,16,26,30|2,3,8,14,27,38|9,10,15,23,28,33
1,8,9,14,23,27|2,3,6,15,33,38|7,12,16,17,20,30
1,9,14,23,25,33|2,3,8,11,13,38|7,12,15,17,28,30
1,9,15,23,28,33|2,3,8,11,13,38|7,12,14,17,25,30
1,9,16,20,23,33|2,3,8,11,13,38|7,12,14,17,25,30
1,14,23,27,29,38|2,7,8,12,16,17|3,6,15,26,30,33
1,16,23,26,29,33|2,3,8,11,13,38|7,12,14,17,25,30
2,3,6,15,33,38|7,12,14,17,25,30|8,9,10,11,13,23
2,3,8,11,13,38|6,9,10,15,23,33|7,12,14,17,25,30
2,3,13,20,23,32|6,8,22,27,33,34|7,12,14,17,25,30
2,7,8,12,16,17|3,6,15,26,30,33|10,11,13,23,29,38
6,8,22,27,33,34|7,12,14,17,25,30|10,11,13,23,29,38
6,18,23,25,28,34|7,12,16,17,20,30|8,14,27,32,33,38
6,23,27,28,34,40|7,12,14,17,25,30|8,10,16,29,33,38
1,2,3,16,23,29|7,12,14,17,30,31|8,11,13,20,33,34
1,7,12,16,30,32|6,15,19,23,26,38|8,11,13,20,33,34
1,9,14,23,31,33|2,3,8,16,38,40|7,12,15,17,22,30
1,9,15,22,23,33|2,3,8,16,38,40|7,12,14,17,30,31
1,13,20,23,29,38|2,3,8,16,32,33|7,12,14,17,30,31
2,3,8,16,32,33|6,15,19,23,26,38|7,12,14,17,30,31
2,3,8,16,38,40|6,18,22,23,25,34|7,12,14,17,30,31
6,15,19,23,26,38|7,11,12,16,17,30|8,25,31,33,34,40
6,18,22,23,25,34|7,11,12,16,17,30|8,13,20,32,33,38
6,18,23,28,31,34|7,11,12,16,17,30|8,13,20,32,33,38
6,19,23,25,28,34|7,11,12,16,17,30|8,13,20,32,33,38
6,22,23,27,34,40|7,11,12,16,17,30|8,13,20,32,33,38
7,11,12,16,17,30|8,13,20,32,33,38|14,18,22,23,28,34
1,6,9,15,23,33|2,7,8,12,16,29|3,14,30,31,38,40
1,8,16,29,33,38|6,7,12,15,17,30|11,13,20,23,34,40
2,7,8,12,16,29|3,14,30,31,32,33|6,15,18,20,23,34
6,14,18,23,28,34|7,12,16,20,29,30|8,11,13,32,33,38
6,15,18,20,23,34|7,12,14,25,29,30|8,11,13,32,33,38
6,18,22,23,31,34|7,12,14,25,29,30|8,11,13,32,33,38
6,19,22,23,25,34|7,12,15,28,29,30|8,11,13,32,33,38
6,19,23,28,31,34|7,12,14,25,29,30|8,11,13,32,33,38
7,12,14,25,29,30|8,11,13,32,33,38|15,19,20,22,23,34
7,12,15,28,29,30|8,11,13,32,33,38|14,19,20,23,31,34
7,12,16,20,29,30|8,11,13,32,33,38|14,19,22,23,28,34
6,11,15,18,23,34|7,12,14,29,30,31|8,16,32,33,38,40
6,15,18,23,32,38|7,11,12,16,29,30|8,14,31,33,34,40
7,11,12,16,29,30|8,14,31,33,34,40|15,19,22,23,32,38
7,12,14,29,30,31|8,11,16,33,34,40|15,19,22,23,32,38
7,12,15,22,29,30|8,11,16,33,34,40|14,19,23,31,32,38
2,8,16,32,33,40|3,6,15,17,23,29|11,14,19,30,31,38
1,2,11,13,23,29|3,8,14,31,34,40|6,15,18,20,30,38
2,6,8,15,18,38|3,11,16,17,23,29|25,30,31,32,33,40
2,6,15,33,38,40|3,11,16,17,23,29|8,14,19,26,30,31
2,8,11,13,32,33|3,14,17,23,29,31|6,15,18,20,30,38
2,8,11,16,19,38|3,14,17,23,29,31|6,15,26,30,33,40
2,8,14,19,31,38|3,11,16,17,23,29|6,15,26,30,33,40
2,8,15,19,22,38|3,11,16,17,23,29|25,30,31,32,33,40
2,11,16,18,23,32|3,8,14,31,34,40|6,7,12,15,29,38
2,13,20,23,32,40|6,7,8,9,12,15|11,14,18,30,31,38
2,14,18,23,31,32|3,8,11,16,34,40|6,7,12,15,29,38
2,14,19,23,25,32|3,8,11,16,34,40|6,7,12,15,29,38
2,15,18,22,23,32|3,8,11,16,34,40|6,19,28,30,31,38
2,15,19,23,28,32|3,8,11,16,34,40|6,18,22,30,31,38
2,16,19,20,23,32|3,8,14,31,34,40|6,7,12,15,29,38
3,8,14,31,34,40|6,7,12,15,29,38|11,13,20,30,32,33
3,11,16,17,23,29|6,7,8,9,12,15|14,19,20,30,31,38
3,14,17,23,29,31|6,7,8,9,12,15|11,13,20,30,32,33
1,2,13,20,23,29|3,6,11,15,33,34|7,8,9,12,14,31
1,2,16,17,23,40|3,6,11,15,33,34|7,8,9,12,14,31
1,3,6,9,15,23|2,8,11,16,18,38|10,14,29,30,31,33
1,3,8,16,29,38|2,6,15,19,23,26|11,14,27,30,32,33
1,8,13,17,20,30|2,6,15,19,23,26|7,11,12,16,29,38
1,11,16,17,30,33|2,6,15,19,23,26|3,8,14,25,34,40
1,14,17,30,31,33|2,6,15,19,23,26|3,8,11,13,32,38
1,25,29,30,31,33|2,6,15,19,23,26|3,8,11,13,32,38
2,6,15,19,23,26|3,8,11,13,32,38|10,14,29,30,31,33
2,8,13,20,32,33|3,14,17,23,25,29|6,18,28,30,31,38
2,8,15,18,22,38|3,14,17,23,25,29|11,16,26,30,33,40
2,10,16,23,29,40|3,6,11,15,33,34|7,8,9,12,14,31
2,11,16,33,38,40|3,14,17,23,25,29|7,8,9,12,15,22
2,14,18,23,25,32|3,6,11,15,33,34|8,10,13,20,29,30
2,14,23,27,32,40|3,6,11,15,33,34|8,10,13,20,29,30
2,14,31,33,38,40|3,15,17,23,28,29|7,8,9,11,12,16
2,15,18,23,28,32|3,6,14,22,33,34|7,8,9,11,12,16
2,15,22,33,38,40|3,14,17,23,25,29|7,8,9,11,12,16
2,16,18,20,23,32|3,6,11,15,33,34|7,8,9,12,14,31
2,19,23,25,31,32|3,6,11,15,33,34|8,10,13,20,29,30
3,6,14,22,33,34|7,8,9,11,12,16|15,19,20,28,30,38
3,14,17,23,25,29|6,18,28,30,31,38|7,8,9,11,12,16
3,15,17,23,28,29|6,18,22,25,30,38|7,8,9,11,12,16
3,16,17,20,23,29|6,18,22,25,30,38|7,8,9,12,14,31
1,2,11,13,17,23|3,6,14,28,33,34|7,8,9,12,16,20
1,2,14,23,27,29|3,6,15,20,33,34|8,10,11,13,17,30
1,3,9,11,16,23|2,8,14,18,25,38|6,10,15,17,30,33
1,3,9,14,23,31|2,8,10,16,29,33|6,7,12,15,17,38
1,3,9,15,22,23|2,8,10,16,29,33|6,18,25,28,30,38
1,3,16,17,23,32|2,8,14,18,25,38|10,15,28,29,30,33
1,8,10,13,30,32|2,6,15,18,23,26|3,11,14,31,33,34|7,12,16,20,29,38
1,8,14,17,27,30|2,6,15,18,23,26|3,11,16,32,33,38
1,8,25,27,29,30|2,6,15,18,23,26|3,11,14,31,33,34
1,14,17,25,30,33|2,6,15,18,23,26|3,8,11,13,20,34
1,15,17,28,30,33|2,8,14,18,25,38|3,10,16,23,29,32
1,16,17,20,30,33|2,6,15,18,23,26|3,8,25,31,34,40
2,6,15,18,23,26|3,8,11,13,20,34|7,12,14,25,29,38
2,8,14,27,32,33|3,17,23,25,29,31|15,18,20,28,30,38
2,8,16,26,33,40|3,17,23,25,29,31|15,18,20,28,30,38
2,10,11,13,23,29|3,6,14,28,33,34|7,8,9,12,16,20
2,11,13,23,26,40|3,6,14,28,33,34|7,8,9,12,16,20
2,14,19,23,26,31|3,6,15,20,33,34|8,10,11,13,17,30
2,15,19,22,23,26|3,6,14,28,33,34|7,8,9,12,16,20|11,18,25,30,31,38
2,16,20,33,38,40|3,17,23,25,29,31|7,8,9,12,15,28
2,18,23,25,31,32|3,6,14,28,33,34|7,8,9,12,16,20
2,23,27,31,32,40|3,6,14,28,33,34|7,8,9,12,16,20
3,6,14,28,33,34|7,8,9,12,16,20|11,18,25,30,31,38
3,6,15,20,33,34|7,8,9,12,14,25|11,27,30,31,38,40
3,6,22,31,33,34|7,8,9,12,14,25|15,18,20,28,30,38
3,8,11,13,20,34|6,7,12,15,17,38|10,14,25,29,30,33
3,8,25,31,34,40|6,7,12,15,17,38|10,16,20,29,30,33
3,10,16,23,29,32|6,7,12,15,17,38|8,14,18,25,26,30
3,11,14,31,33,34|6,7,12,15,17,38|8,16,18,20,26,30
3,11,15,22,33,34|6,18,25,28,30,38|7,8,9,12,16,20
3,16,23,26,32,40|6,7,12,15,17,38|8,10,14,27,29,30
3,17,23,25,29,31|6,27,28,30,32,33|7,8,9,12,16,20
1,2,13,17,20,23|3,6,8,22,27,34|7,12,25,29,31,38
1,2,23,27,29,31|3,6,22,25,33,34|7,11,12,16,17,38
1,3,8,16,17,38|2,10,13,20,23,29|11,25,27,30,32,33
1,3,9,14,23,25|2,8,11,13,26,33|7,12,15,17,22,38
1,3,9,15,23,28|2,8,11,13,26,33|7,12,14,17,31,38
1,3,9,16,20,23|2,8,11,13,26,33|7,12,14,17,31,38
1,3,16,23,26,29|2,8,18,25,31,38|10,15,17,22,30,33
1,8,17,27,30,31|2,10,13,20,23,29|3,6,22,25,33,34
1,17,25,30,31,33|2,10,13,20,23,29|3,6,8,22,27,34
2,8,11,13,26,33|3,6,9,10,15,23|7,12,14,17,31,38
2,8,18,25,31,38|3,6,9,10,15,23|11,13,20,26,30,33
2,8,27,31,32,33|3,6,9,10,15,23|7,11,12,16,17,38
2,8,27,31,38,40|3,6,9,10,15,23|11,13,20,26,30,33
2,10,13,20,23,29|3,6,8,22,27,34|7,11,12,16,17,38|25,26,30,31,33,40
2,10,16,17,23,40|3,6,8,22,27,34|7,12,25,29,31,38|11,13,20,26,30,33
2,11,16,18,23,26|3,6,8,22,27,34|7,12,14,17,31,38
2,13,20,23,26,40|3,6,8,22,27,34|7,11,12,16,17,38|10,25,29,30,31,33
2,14,18,23,26,31|3,6,8,22,27,34|7,11,12,16,17,38
2,14,19,23,25,26|3,6,8,22,27,34|7,11,12,16,17,38
2,15,18,22,23,26|3,6,28,31,33,34|7,11,12,16,17,38
2,15,19,23,26,28|3,6,8,22,27,34|7,11,12,16,17,38|10,25,29,30,31,33
2,16,19,20,23,26|3,6,8,22,27,34|7,12,14,17,31,38
2,23,25,27,32,40|3,6,28,31,33,34|7,11,12,16,17,38
3,6,8,22,27,34|7,11,12,16,17,38|10,25,29,30,31,33
3,6,9,10,15,23|7,11,12,16,17,38|8,18,25,26,30,31
3,6,22,25,33,34|7,11,12,16,17,38|8,10,27,29,30,31
3,8,11,14,27,34|7,12,15,17,22,38|10,25,29,30,31,33
3,11,13,23,26,32|7,8,9,12,25,31|10,15,17,22,30,33
3,11,14,25,33,34|7,12,15,17,22,38|8,10,27,29,30,31
3,11,16,20,33,34|7,8,9,12,25,31|22,27,28,30,38,40
1,2,10,13,23,32|3,6,8,27,28,34|7,12,14,17,25,38
1,3,9,23,25,31|2,6,22,27,33,38|7,8,12,16,17,26
2,8,13,20,26,33|3,9,10,11,16,23|7,12,14,17,25,38
2,8,25,27,32,33|3,9,10,11,16,23|7,12,15,17,28,38
2,11,14,27,33,38|3,9,10,15,22,23|7,8,12,16,17,26
2,14,18,23,25,26|3,6,8,27,28,34|7,12,16,17,20,38
2,14,23,26,27,40|3,6,25,28,33,34|7,12,16,17,20,38
2,15,18,23,26,28|3,8,11,27,31,34|7,12,14,17,25,38
2,16,18,20,23,26|3,6,8,27,28,34|7,12,14,17,25,38
2,19,23,25,26,31|3,6,8,27,28,34|7,12,16,17,20,38
3,8,11,13,26,38|6,7,10,12,15,34|20,25,27,30,32,33
3,9,10,11,16,23|6,22,26,27,30,33|7,12,14,17,25,38
3,9,10,14,23,31|6,22,26,27,30,33|7,12,15,17,28,38
3,9,10,15,22,23|7,8,12,16,17,26|20,25,27,30,32,33
3,22,28,31,33,34|7,8,12,16,17,26|20,25,27,30,38,40
1,2,17,23,27,31|3,8,13,20,26,38|7,10,11,12,16,34
1,3,16,17,23,26|2,6,27,28,33,38|7,10,12,14,31,34
2,8,14,26,27,33|3,9,10,15,23,28|7,12,17,25,31,38
3,9,10,15,23,28|7,12,17,25,31,38|14,20,26,27,30,33
3,9,10,16,20,23|6,26,27,28,30,33|7,12,17,25,31,38
1,2,17,23,25,27|3,15,26,28,33,38|7,10,12,16,20,34
1,2,10,11,13,30|6,20,22,27,33,34|8,14,18,25,26,38
1,3,10,16,30,32|2,7,12,14,17,25|6,11,27,28,33,34
1,3,17,25,30,31|6,11,27,28,33,34|8,16,18,20,26,38
1,6,9,23,27,28|2,3,8,11,13,26|10,14,25,29,33,38
1,6,10,15,33,34|2,3,8,11,13,26|17,20,23,25,27,29
1,8,10,11,13,34|2,3,6,15,26,33|17,20,23,25,27,29
1,8,10,13,32,38|2,3,6,15,26,33|17,20,23,25,27,29
1,8,14,17,27,38|2,3,6,15,26,33|9,10,11,13,20,23
1,8,16,17,26,33|2,3,11,13,20,38|9,10,23,25,31,40
1,8,25,27,29,38|2,3,6,15,26,33|9,10,11,13,20,23
1,9,14,20,23,27|2,3,6,15,26,33|8,10,11,13,17,38
1,11,13,17,23,26|2,3,8,27,31,32|10,14,25,29,33,38
1,14,17,25,33,38|2,3,8,11,13,26|10,23,27,29,31,32
1,14,23,26,27,29|2,3,11,13,20,38|8,9,10,15,28,33
1,15,17,28,33,38|2,3,8,11,13,26|9,10,23,25,31,40
1,16,17,20,33,38|2,3,8,11,13,26|9,10,23,25,31,40
2,3,11,13,20,38|8,9,10,14,25,33|23,26,27,31,32,40
2,3,25,31,38,40|6,11,27,28,33,34|10,13,17,20,23,32
2,7,12,14,17,25|3,11,13,20,26,30|6,27,28,32,33,38
2,7,12,15,17,28|3,10,25,29,30,31|6,20,22,27,33,34
2,7,12,16,17,20|3,10,25,29,30,31|6,11,27,28,33,34
3,10,11,16,17,30|6,20,22,27,33,34|8,14,18,25,26,38
3,10,14,17,30,31|6,11,27,28,33,34|8,16,18,20,26,38
3,10,15,17,22,30|6,11,27,28,33,34|8,14,18,25,26,38
3,10,25,29,30,31|6,11,27,28,33,34|8,16,18,20,26,38
6,11,27,28,33,34|8,14,18,25,26,38|10,13,17,20,23,32
6,20,22,27,33,34|8,10,11,13,17,38|18,23,25,26,31,32
1,2,3,8,16,17|6,11,22,27,33,34|9,10,14,23,25,40
1,2,7,12,16,32|3,6,10,15,17,30|8,11,25,27,34,40
1,2,10,16,30,40|6,11,22,27,33,34|8,14,18,26,31,38
1,3,14,17,25,30|6,11,22,27,33,34|8,10,13,20,29,38|15,18,23,26,28,32
1,3,15,17,28,30|2,7,12,25,29,31|6,11,22,27,33,34|8,13,20,26,38,40
1,3,16,17,20,30|2,7,12,25,29,31|6,11,22,27,33,34|8,15,19,26,28,38
1,6,9,22,23,27|2,3,8,10,16,29|14,26,31,33,38,40
1,8,9,25,31,33|2,3,15,28,38,40|10,11,13,17,23,32
1,8,10,16,34,40|2,3,14,25,32,33|17,20,23,27,29,31
1,8,13,17,20,38|2,3,14,25,32,33|9,10,15,23,28,40
1,8,27,29,31,38|2,3,14,25,32,33|9,10,15,23,28,40
1,9,11,14,23,27|2,3,8,10,16,29|15,22,26,33,38,40
1,10,16,17,23,29|2,3,8,14,27,32|15,22,26,33,38,40
1,11,16,17,33,38|2,3,8,14,27,32|9,10,15,23,28,40
1,13,20,23,26,29|2,3,8,14,27,32|22,25,28,33,34,40
1,14,17,23,27,32|2,3,8,10,16,29|15,22,26,33,38,40
1,14,17,31,33,38|2,3,8,10,16,29|15,18,23,26,28,32
1,15,17,22,33,38|2,3,8,10,16,29|14,18,23,25,26,32
1,16,17,23,26,40|2,3,8,14,27,32|10,15,22,29,33,38
1,25,29,31,33,38|2,3,8,14,27,32|9,10,15,23,28,40
2,3,8,10,16,29|6,11,22,27,33,34|14,18,23,25,26,32
2,3,14,25,38,40|6,11,22,27,33,34|15,18,23,26,28,32
2,3,15,28,38,40|6,11,22,27,33,34|14,18,23,25,26,32
2,3,16,20,38,40|6,11,22,27,33,34|14,18,23,25,26,32
2,7,11,12,16,17|3,6,27,28,30,32|8,9,10,14,31,33
2,7,12,14,17,31|3,6,27,28,30,32|8,9,10,11,16,33
2,7,12,15,17,22|3,6,27,28,30,32|8,9,10,11,16,33
2,7,12,25,29,31|3,6,10,15,17,30|8,11,16,18,26,38
2,11,25,27,30,40|8,9,10,14,31,33|15,18,23,26,28,32
2,18,20,25,30,31|6,11,22,27,33,34|8,10,16,17,38,40
2,18,22,25,28,30|8,9,10,11,16,33|14,23,26,27,32,40
2,20,27,30,31,40|8,9,10,11,16,33|14,18,23,25,26,32
2,22,27,28,30,40|8,9,10,11,16,33|14,18,23,25,26,32
3,6,10,15,17,30|8,11,16,18,26,38|20,25,31,33,34,40
3,10,14,25,29,30|6,11,22,27,33,34|8,13,20,26,38,40
3,10,15,28,29,30|6,11,22,27,33,34|8,13,20,26,38,40
3,10,16,20,29,30|6,11,22,27,33,34|8,14,18,26,31,38
3,14,25,26,30,40|6,11,22,27,33,34|8,10,13,20,29,38
3,15,26,28,30,40|6,11,22,27,33,34|8,10,13,20,29,38
6,11,22,27,33,34|8,10,13,20,29,38|14,18,23,25,26,32
6,22,27,32,33,38|8,18,20,25,31,34|9,10,15,23,28,40
8,11,25,27,34,40|10,14,29,31,33,38|15,18,23,26,28,32
8,18,20,25,31,34|9,10,15,23,28,40|11,14,27,32,33,38
8,18,22,25,28,34|9,10,16,20,23,40|11,14,27,32,33,38
1,2,7,12,16,26|3,10,17,25,30,31|20,22,27,28,33,34
1,2,10,13,20,30|8,18,25,26,31,38|11,22,27,28,33,34
1,9,22,23,27,28|2,3,8,10,16,17|11,13,20,26,33,38
1,13,17,20,23,26|2,3,6,22,27,38|8,9,10,25,31,33
1,17,25,31,33,38|2,3,8,13,20,26|6,9,10,22,23,27
3,10,16,17,20,30|8,18,25,26,31,38|11,22,27,28,33,34
1,3,11,16,29,30|6,8,14,18,28,34|15,22,32,33,38,40
1,3,14,29,30,31|6,8,15,18,20,34|11,16,32,33,38,40
1,3,15,22,29,30|6,8,14,18,28,34|11,16,32,33,38,40
1,9,11,16,23,40|2,6,7,12,15,29|8,14,18,31,32,38
1,9,14,23,31,40|2,6,7,12,15,29|8,11,16,18,32,38
1,9,15,22,23,40|2,6,14,18,28,30|8,11,16,19,20,34
1,13,20,23,29,32|2,6,14,18,28,30|11,15,22,33,34,40
1,16,17,23,32,40|2,6,7,12,15,29|8,11,14,18,31,34
2,6,7,12,15,29|3,14,25,30,32,40|8,11,16,19,20,34
2,6,15,18,20,30|8,11,14,19,25,34|10,16,23,29,32,40
2,11,14,18,30,31|6,8,19,22,25,34|10,16,23,29,32,40
2,11,14,19,25,30|6,8,15,18,20,34|10,16,23,29,32,40
2,11,15,18,22,30|6,8,19,28,31,34|10,16,23,29,32,40
2,11,15,19,28,30|6,8,18,22,31,34|10,16,23,29,32,40
2,11,16,19,20,30|6,8,14,18,28,34|15,22,32,33,38,40
2,14,19,20,30,31|8,11,15,18,22,34|10,16,23,29,32,40
2,14,19,22,28,30|6,8,15,18,20,34|10,16,23,29,32,40
2,15,19,20,22,30|6,8,14,18,28,34|10,16,23,29,32,40
3,15,28,30,32,40|6,8,18,22,31,34|11,13,17,20,23,29
2,11,14,19,30,31|6,8,15,18,32,38|16,17,20,23,29,40
1,3,11,16,17,30|2,7,12,14,25,29|6,8,9,10,15,33|13,20,23,26,32,40
1,3,14,17,30,31|2,7,12,15,28,29|8,11,13,26,32,33
1,3,15,17,22,30|2,7,12,14,25,29|6,8,27,28,34,40|11,13,20,32,33,38
1,3,25,29,30,31|2,6,7,12,15,17|8,11,13,26,32,33
1,6,15,17,33,38|2,3,8,13,20,32|9,10,11,16,23,40
1,8,9,14,25,33|2,3,11,16,38,40|6,17,23,27,28,29
1,8,9,15,28,33|2,3,11,16,38,40|10,13,20,23,29,32
1,8,9,16,20,33|2,3,14,31,38,40|6,17,23,27,28,29
1,8,11,13,17,38|2,3,14,31,32,33|9,10,15,22,23,40
1,8,14,27,29,38|2,3,11,16,32,33|9,10,15,22,23,40
1,9,11,13,20,23|2,3,14,31,32,33|6,8,15,18,26,38
1,9,23,25,31,40|2,3,8,13,20,32|6,10,15,29,33,38
1,11,13,23,26,29|2,3,14,31,32,33|6,8,18,25,28,34
1,13,17,20,23,32|2,3,11,16,38,40|6,8,9,10,15,33
1,14,25,29,33,38|2,3,8,13,20,32|9,10,11,16,23,40
1,15,28,29,33,38|2,3,8,13,20,32|9,10,11,16,23,40
1,16,20,29,33,38|2,6,7,12,15,17|3,11,14,27,30,32|8,18,22,28,31,34
1,23,27,29,31,32|2,3,11,16,38,40|6,8,9,10,15,33
2,3,11,16,32,33|6,8,15,18,26,38|9,10,14,23,31,40
2,3,11,16,38,40|6,8,9,10,15,33|14,17,20,23,27,29
2,3,14,31,32,33|6,8,15,18,26,38|9,10,11,16,23,40
2,3,14,31,38,40|6,8,9,10,15,33|11,16,18,23,26,32
2,3,15,22,32,33|6,8,18,25,28,34|9,10,11,16,23,40
2,3,15,22,38,40|6,8,18,25,28,34|10,13,20,23,29,32
2,6,7,12,15,17|3,10,11,16,29,30|8,14,18,20,25,34
2,6,18,25,28,30|8,10,11,13,29,38|16,19,20,23,26,32
2,6,27,28,30,40|8,10,11,13,29,38|14,18,23,26,31,32
2,7,12,14,25,29|3,6,22,27,30,32|8,11,13,26,38,40
2,7,12,15,28,29|3,6,22,27,30,32|8,11,13,26,38,40
2,7,12,16,20,29|3,6,22,27,30,32|8,11,13,26,38,40
2,11,18,25,30,31|6,8,9,10,15,33|13,20,23,26,32,40
2,11,27,30,31,40|6,8,9,10,15,33|14,19,23,25,26,32
2,14,18,20,25,30|6,8,9,10,15,33|11,17,23,27,29,31
2,14,20,27,30,40|6,8,9,10,15,33|11,16,18,23,26,32
2,15,18,20,28,30|8,10,11,13,29,38|14,19,23,25,26,32
2,18,22,28,30,31|6,8,9,10,15,33|13,20,23,26,32,40
2,19,20,25,30,31|6,8,9,10,15,33|11,16,18,23,26,32
2,19,22,25,28,30|6,8,9,10,15,33|11,16,18,23,26,32
3,6,22,27,30,32|8,10,11,13,29,38|14,20,25,33,34,40
3,10,11,16,29,30|6,8,15,18,26,38|14,20,25,33,34,40
3,10,15,22,29,30|6,8,18,25,28,34|11,13,20,32,33,38
3,11,16,26,30,40|6,8,9,10,15,33|14,17,20,23,27,29
3,15,22,26,30,40|6,8,18,25,28,34|10,13,20,23,29,32
6,10,15,29,33,38|8,11,18,25,31,34|13,20,23,26,32,40
6,15,26,33,38,40|8,11,18,25,31,34|10,13,20,23,29,32
6,25,28,33,34,40|8,10,11,13,29,38|14,18,23,26,31,32
8,10,11,13,29,38|14,18,23,26,31,32|15,20,28,33,34,40
1,3,6,15,17,30|2,7,11,12,16,29|8,14,18,20,31,34
1,3,14,25,29,30|6,8,15,19,26,38|11,16,20,33,34,40
1,3,15,28,29,30|6,8,18,22,25,34|11,13,23,26,32,40
1,3,16,20,29,30|6,8,15,19,26,38|11,14,25,33,34,40
1,8,9,11,16,33|2,3,6,15,38,40|14,19,23,26,31,32
1,8,9,14,31,33|2,3,6,15,38,40|10,11,13,23,29,32
1,8,9,15,22,33|2,6,18,28,30,31|10,11,13,23,29,32
1,9,14,23,25,40|2,3,6,15,32,33|8,11,16,18,20,34
1,9,16,20,23,40|2,3,6,15,32,33|8,11,14,18,25,34
1,11,13,17,23,32|2,3,6,15,38,40|8,14,18,20,31,34
1,11,16,29,33,38|2,6,18,22,25,30|8,15,19,20,28,34
1,14,23,27,29,32|2,3,6,15,38,40|8,11,16,18,20,34
1,14,29,31,33,38|2,3,8,11,13,32|6,9,10,15,23,40
1,16,23,26,29,40|2,3,6,15,32,33|8,11,14,18,25,34
2,7,11,12,16,29|3,6,15,26,30,40|8,14,18,20,31,34
2,7,12,14,29,31|3,6,15,26,30,40|8,11,16,18,20,34
2,7,12,15,22,29|3,11,13,20,30,32|6,8,18,28,31,34
2,11,15,18,28,30|6,8,22,27,34,40|14,19,23,26,31,32
2,11,16,18,20,30|6,8,15,19,26,38|14,22,28,33,34,40
2,14,18,20,30,31|6,8,15,19,26,38|10,11,13,23,29,32
2,14,18,22,28,30|6,8,15,19,26,38|10,11,13,23,29,32
2,14,19,20,25,30|6,8,18,28,31,34|10,11,13,23,29,32
2,15,18,20,22,30|6,8,19,25,28,34|10,11,13,23,29,32
2,15,19,20,28,30|6,8,18,22,25,34|10,11,13,23,29,32
2,19,22,28,30,31|6,9,10,15,23,40|8,11,14,18,25,34
3,6,10,15,29,30|8,11,14,18,25,34|16,20,32,33,38,40
3,11,13,20,30,32|6,8,15,19,26,38|14,22,28,33,34,40
3,25,30,31,32,40|6,8,15,19,26,38|11,14,17,23,27,29
6,8,15,19,26,38|10,11,13,23,29,32|14,20,31,33,34,40
6,17,22,23,27,29|8,11,14,18,25,34|15,28,32,33,38,40
6,22,25,33,34,40|8,15,18,28,32,38|11,14,17,23,27,29
8,19,25,31,32,38|11,14,17,23,27,29|15,20,22,33,34,40
1,2,3,14,23,29|6,7,12,17,22,30|8,11,25,33,34,40
1,6,9,22,23,33|2,3,8,14,38,40|7,11,12,25,29,30
1,8,29,31,33,38|6,7,12,17,22,30|11,14,18,20,23,34
1,9,11,14,23,33|2,7,8,12,29,31|3,6,28,30,38,40
1,14,17,23,32,33|2,7,8,12,29,31|3,6,28,30,38,40
1,14,17,23,38,40|2,7,8,12,29,31|3,6,28,30,32,33
1,23,25,29,32,33|2,3,8,14,38,40|6,7,12,17,22,30
1,23,25,29,38,40|2,3,8,14,32,33|6,7,12,17,22,30
2,3,8,14,32,33|6,7,12,17,22,30|11,19,20,23,31,34
2,3,8,14,38,40|6,7,12,17,22,30|11,19,20,23,31,34
2,7,8,12,29,31|3,6,28,30,32,33|11,14,18,20,23,34
6,11,18,23,28,34|7,12,20,29,30,31|8,25,32,33,38,40
6,18,20,22,23,34|7,11,12,14,17,30|8,25,32,33,38,40
6,18,23,28,32,38|7,11,12,14,17,30|8,20,31,33,34,40
6,19,20,23,28,34|7,11,12,14,17,30|8,25,32,33,38,40
1,2,3,23,29,31|6,7,12,17,28,30|8,14,26,33,38,40
1,6,9,23,28,33|2,3,8,31,38,40|7,12,14,17,20,30
1,7,12,30,31,32|6,18,20,23,28,34|8,10,14,29,33,38
1,8,25,29,33,38|6,7,12,17,28,30|11,18,20,23,31,34
1,9,11,23,31,33|2,7,8,12,14,17|3,22,28,30,38,40
1,9,14,20,23,33|2,3,8,31,38,40|6,7,12,17,28,30
1,14,23,26,29,33|2,3,8,31,38,40|6,7,12,17,28,30
1,17,23,31,32,33|2,7,8,12,25,29|3,22,28,30,38,40
1,17,23,31,38,40|2,7,8,12,25,29|3,22,28,30,32,33
2,3,8,31,32,33|6,7,12,17,28,30|11,14,19,23,26,38
2,3,8,31,38,40|6,7,12,17,28,30|11,19,20,23,25,34
2,3,23,25,32,40|6,7,12,17,28,30|8,10,14,29,33,38
2,7,8,12,14,17|3,11,25,30,32,33|6,18,20,23,28,34
2,7,8,12,25,29|3,20,30,31,32,33|6,19,22,23,26,38
6,18,20,23,28,34|7,11,12,17,30,31|8,10,14,29,33,38
6,19,22,23,26,38|7,11,12,17,30,31|8,20,25,33,34,40
7,11,12,17,30,31|8,10,14,29,33,38|19,20,22,23,28,34
6,7,12,28,29,30|8,11,31,33,34,40|14,19,20,23,32,38
6,8,28,33,34,40|7,11,12,29,30,31|14,19,20,23,32,38
6,11,18,22,23,34|7,12,14,20,29,30|8,31,32,33,38,40
6,11,19,23,28,34|7,12,14,20,29,30|8,31,32,33,38,40
6,18,22,23,32,38|7,11,12,29,30,31|8,14,20,33,34,40
6,19,23,28,32,38|7,11,12,29,30,31|8,14,20,33,34,40
1,3,8,10,14,34|2,11,18,23,25,26|7,12,17,20,31,38
1,7,12,20,31,34|2,10,11,23,27,29|3,6,22,26,33,38
1,8,10,27,30,32|2,11,18,23,25,26|3,20,22,28,33,34
1,10,25,30,32,33|2,11,23,26,27,40|7,12,17,20,31,38
1,2,17,20,23,27|3,6,26,28,33,38|7,10,11,12,31,34
1,3,17,23,26,31|2,11,20,27,33,38|6,7,10,12,28,34
1,7,12,20,25,34|2,8,11,26,27,33|3,9,10,22,23,28
2,11,20,27,33,38|3,9,10,22,23,28|7,8,12,17,25,26
1,2,11,23,27,29|3,6,20,22,33,34|7,8,12,17,25,32
1,2,17,23,25,40|3,6,11,28,33,34|7,8,9,12,20,31
1,3,6,9,23,28|2,8,10,29,31,33|7,11,12,14,17,38
1,3,8,14,17,38|2,6,18,22,23,26|10,11,25,29,30,33
1,3,8,25,29,38|2,6,18,22,23,26|10,11,14,17,30,33
1,3,9,14,20,23|2,8,10,29,31,33|6,7,12,17,22,38
1,3,14,23,26,29|2,8,11,18,25,38|6,10,17,22,30,33
1,3,17,23,31,32|2,8,11,18,25,38|10,22,28,29,30,33
1,8,11,17,27,30|2,6,18,22,23,26|3,14,20,32,33,38
1,10,14,30,32,33|2,6,18,22,23,26|3,8,20,25,34,40
1,10,14,30,38,40|2,6,18,22,23,26|7,8,9,11,12,25
1,11,17,25,30,33|2,6,18,22,23,26|3,8,10,14,29,38
1,17,20,30,31,33|2,6,18,22,23,26|3,8,10,14,29,38
1,17,22,28,30,33|2,8,11,18,25,38|3,10,23,29,31,32
2,6,18,22,23,26|3,8,10,14,29,38|11,20,27,30,32,33
2,6,19,23,26,28|3,8,10,14,29,38|11,20,27,30,32,33
2,8,18,22,28,38|3,10,23,29,31,32|11,25,26,30,33,40
2,10,14,17,23,40|3,6,11,28,33,34|7,8,9,12,20,31
2,10,23,25,29,40|3,6,11,28,33,34|7,8,9,12,20,31
2,11,14,18,23,26|3,6,20,22,33,34|7,8,12,17,25,32
2,11,19,23,26,31|3,6,20,22,33,34|7,8,12,17,25,32
2,11,25,33,38,40|3,10,23,29,31,32|7,8,9,12,22,28
2,14,19,20,23,26|3,6,11,28,33,34|7,8,12,17,25,32
2,18,20,23,25,32|3,6,11,28,33,34|7,8,12,26,29,31
2,20,23,27,32,40|3,6,11,28,33,34|7,8,12,26,29,31
2,22,28,33,38,40|3,10,23,29,31,32|7,8,9,11,12,25
3,10,23,29,31,32|6,7,12,17,22,38|8,11,18,25,26,30
3,23,26,31,32,40|6,7,12,17,22,38|8,10,11,27,29,30
1,2,20,23,27,29|3,8,26,31,32,33|6,7,12,17,28,38
1,3,8,17,31,38|2,6,18,23,26,28|10,20,25,29,30,33
1,3,9,22,23,28|2,8,10,14,17,33|7,12,20,25,29,38
1,6,7,12,28,34|2,8,10,14,17,33|3,23,25,26,32,40
1,7,11,12,31,34|2,6,18,23,26,28|8,10,20,27,29,30
1,7,12,14,20,34|2,6,18,23,26,28|3,8,10,29,31,38
1,7,12,31,32,38|2,6,18,23,26,28|8,10,20,27,29,30
1,8,17,20,27,30|2,6,18,23,26,28|3,11,25,32,33,38
