1,13,22,23,26,32|2,3,8,15,17,25|6,10,11,16,33,34
1,14,22,25,33,34|2,3,8,16,17,28|6,9,20,23,27,31
1,15,20,31,33,34|2,3,8,16,17,28|6,9,11,23,25,27
1,15,22,28,33,34|2,3,8,17,20,21|6,9,11,23,25,27
1,15,25,32,33,38|2,3,8,16,17,28|6,9,20,23,27,31
1,16,20,22,33,34|2,3,8,15,17,25|6,23,26,27,29,31
1,16,28,32,33,38|2,3,8,15,17,25|6,9,20,23,27,31
1,20,21,32,33,38|2,3,8,15,17,25|6,9,22,23,27,28
2,3,8,16,17,28|6,9,11,23,25,27|10,14,15,32,33,38
2,3,8,17,20,21|6,9,11,23,25,27|10,14,15,32,33,38
2,6,10,13,20,30|8,9,25,28,31,33|11,15,23,26,27,29
2,7,12,15,25,32|3,16,17,20,28,30|6,10,14,31,33,34
2,7,12,16,28,32|3,15,17,20,25,30|6,10,14,31,33,34
2,7,12,20,21,32|3,14,17,25,28,30|6,10,11,16,33,34
2,10,15,25,30,40|6,8,17,27,31,38|13,20,23,26,28,29
3,10,11,21,30,32|6,8,17,27,31,38|13,20,23,26,28,29
3,10,15,30,31,32|6,9,11,23,25,27|8,13,17,20,28,38
3,10,16,22,30,32|6,8,17,27,31,38|13,20,23,26,28,29
3,14,17,25,28,30|6,8,10,13,20,34|9,11,22,23,27,31
3,16,17,20,28,30|6,9,11,23,25,27|8,10,13,22,32,38
3,17,22,25,30,31|6,8,10,13,20,34|9,11,14,23,27,28
6,8,17,27,31,38|10,11,14,15,33,34|13,20,23,26,28,29
6,9,22,23,27,28|8,10,15,25,34,40|11,17,20,21,33,38
6,10,11,16,33,34|8,13,17,20,28,38|14,22,23,26,27,29
6,10,14,31,33,34|8,11,15,17,27,38|13,20,23,26,28,29
8,10,15,25,34,40|9,11,14,23,27,28|16,17,20,22,33,38
8,10,16,28,34,40|9,11,15,20,23,27|14,17,22,25,33,38
8,22,25,27,29,38|10,11,14,15,33,34|16,17,23,26,28,40
8,27,28,29,31,38|10,11,14,15,33,34|17,20,21,23,26,40
1,2,3,11,21,38|6,8,10,14,27,34|13,17,20,22,23,26
1,2,3,15,31,38|6,8,10,14,27,34|11,13,17,23,26,28
1,2,3,16,22,38|6,8,10,14,27,34|11,13,17,23,26,28
1,2,14,27,28,30|6,10,13,23,26,32|15,17,20,25,33,38
1,2,15,20,27,30|6,10,13,23,26,32|14,17,25,28,33,38
1,2,22,27,30,31|6,10,13,23,26,32|14,17,25,28,33,38
1,3,11,21,26,30|6,8,10,14,27,34|15,17,20,25,33,38
1,3,15,26,30,31|6,8,10,14,27,34|16,17,20,28,33,38
1,3,16,22,26,30|6,8,10,14,27,34|15,17,20,25,33,38
1,6,8,25,27,34|2,7,12,14,15,26|3,10,16,28,30,32
1,6,16,26,33,38|2,3,8,10,21,32|9,11,22,23,25,27
1,8,14,27,28,34|2,6,7,12,16,26|3,10,15,25,30,32
1,8,15,20,27,34|2,6,7,12,16,26|3,17,25,28,30,31|10,11,21,32,33,38
1,8,22,27,31,34|2,6,7,12,16,26|3,10,15,25,30,32
1,9,10,11,21,23|2,6,7,12,16,26|3,17,25,28,30,31
1,9,10,15,23,31|2,6,7,12,16,26|8,14,17,27,28,38
1,9,10,16,22,23|2,7,12,14,15,26|3,17,25,28,30,31
1,10,17,21,23,32|2,6,7,12,16,26|8,25,27,28,29,38
1,13,23,26,28,32|2,6,10,14,27,30|15,17,20,25,33,38
1,14,15,26,33,38|2,3,8,10,21,32|6,9,20,23,25,27
1,14,25,28,33,34|2,3,8,10,21,32|9,20,22,23,27,31
1,15,20,25,33,34|2,3,8,10,21,32|6,14,17,23,26,27
1,16,20,28,33,34|2,3,8,10,21,32|6,14,17,23,26,27
1,22,25,31,33,34|2,3,8,10,21,32|6,14,17,23,26,27
2,6,7,12,16,26|3,10,15,25,30,32|8,14,17,27,28,38
2,7,12,14,15,26|3,10,16,28,30,32|6,8,17,25,27,38
8,25,27,28,29,38|10,11,15,31,33,34|13,17,20,22,23,26
1,2,3,15,25,38|6,8,10,27,31,34|13,17,20,23,26,28
1,8,10,17,21,38|2,7,12,15,26,31|9,11,23,25,27,28
1,8,22,25,27,34|2,3,6,10,16,38|13,17,20,23,26,28
1,9,10,15,23,25|2,7,11,12,21,26|8,17,27,28,31,38
1,9,10,16,23,28|2,7,11,12,21,26|8,17,22,25,27,38
1,9,10,20,21,23|2,7,12,15,26,31|8,17,22,25,27,38
1,25,28,31,33,34|2,3,6,10,16,38|11,15,17,23,26,27
1,2,6,16,30,40|8,9,11,14,15,33|13,20,22,23,29,32
1,2,14,15,30,40|6,8,9,11,16,33|13,20,22,23,29,32
1,2,6,11,13,30|8,9,14,15,20,33|16,17,23,28,32,40
1,2,11,21,30,40|6,8,9,14,25,33|13,20,23,28,29,32
1,2,15,30,31,40|6,8,9,14,25,33|11,13,17,22,23,32
1,2,16,22,30,40|6,8,9,14,25,33|11,15,23,27,29,32
1,3,14,15,30,32|6,8,9,16,20,33|11,21,23,26,29,40
1,6,8,11,13,34|3,14,22,25,29,30|9,15,20,23,31,40
1,6,8,13,32,38|3,11,14,15,17,30|9,16,20,22,23,40
1,8,11,21,34,40|3,6,14,17,30,31|13,20,23,28,29,32
1,8,15,31,34,40|3,6,11,16,17,30|13,20,23,28,29,32
1,8,16,22,34,40|3,6,14,17,30,31|11,15,23,27,29,32
3,6,14,17,30,31|8,9,11,16,22,33|13,20,23,28,29,32
3,6,25,29,30,31|8,9,11,16,22,33|17,20,21,23,32,40
3,11,16,28,29,30|6,8,9,14,25,33|17,20,21,23,32,40
3,11,20,21,29,30|6,8,9,14,25,33|16,17,23,28,32,40
3,14,22,25,29,30|6,8,9,15,28,33|17,20,21,23,32,40
3,14,28,29,30,31|6,8,9,16,20,33|11,13,17,22,23,32
3,15,20,29,30,31|6,8,9,14,25,33|11,13,17,22,23,32
3,15,22,28,29,30|6,8,9,14,25,33|17,20,21,23,32,40
1,2,6,13,20,30|8,9,11,15,25,33|14,23,27,28,29,32
1,2,11,13,22,30|6,8,9,25,31,33|10,14,15,17,23,29
1,2,15,25,30,40|6,8,13,17,20,38|14,23,27,28,29,32
1,2,16,28,30,40|6,8,9,25,31,33|10,14,15,17,23,29
1,2,20,21,30,40|6,8,9,25,31,33|10,14,15,17,23,29
1,3,11,21,30,32|6,8,9,25,31,33|10,14,15,17,23,29
1,3,15,30,31,32|6,8,10,16,34,40|9,11,13,20,22,23
1,3,16,22,30,32|6,8,9,25,31,33|10,14,15,17,23,29
1,6,8,13,20,34|2,7,12,14,15,32|3,11,16,17,22,30
1,6,11,16,33,34|2,3,8,14,15,17|9,22,23,25,31,40
1,6,14,31,33,34|2,3,8,15,25,29|9,11,13,20,22,23
1,6,16,32,33,38|2,3,8,14,15,17|9,11,13,20,22,23
1,8,11,13,22,34|2,6,7,12,16,32|3,14,15,17,20,30
1,8,15,25,34,40|2,6,7,12,16,32|3,14,17,22,30,31|11,20,21,29,33,38
1,8,16,28,34,40|2,7,12,14,15,32|3,22,25,29,30,31
1,8,20,21,34,40|2,6,7,12,16,32|3,11,15,17,30,31|14,22,25,29,33,38
1,11,14,15,33,34|2,3,6,8,16,17|9,22,23,25,31,40
1,14,15,32,33,38|2,3,6,8,16,17|9,11,13,20,22,23
1,15,17,23,25,29|2,6,7,12,16,32|8,9,11,20,21,33
1,16,17,23,28,29|2,7,12,14,15,32|6,8,9,25,31,33
1,17,20,21,23,29|2,6,7,12,16,32|8,9,11,15,25,33
2,3,6,8,16,17|9,11,13,20,22,23|14,28,29,31,33,38
2,6,7,12,16,32|3,11,15,17,30,31|8,9,14,22,25,33|20,21,23,26,29,40
2,6,10,16,30,40|8,9,11,15,25,33|13,17,20,22,23,32
2,7,12,14,15,32|3,6,16,17,20,30|8,11,21,26,29,33|9,22,23,25,31,40
2,10,14,15,30,40|6,8,9,25,31,33|11,13,17,23,28,32
3,6,14,17,25,30|8,9,11,16,28,33|15,20,23,27,29,32
3,6,15,17,28,30|8,9,11,20,21,33|22,23,27,29,31,32
3,6,16,17,20,30|8,9,11,15,25,33|14,23,27,28,29,32
3,11,15,17,30,31|6,8,10,16,34,40|14,22,25,29,33,38
3,11,16,17,22,30|6,8,9,25,31,33|14,23,27,28,29,32
3,14,15,17,20,30|6,8,9,25,31,33|11,13,22,23,26,29
3,14,17,22,30,31|6,8,10,16,34,40|11,15,25,29,33,38
3,14,25,28,29,30|6,8,10,16,34,40|9,11,13,20,22,23
3,15,20,25,29,30|6,8,10,16,34,40|11,13,17,23,28,32
3,16,20,28,29,30|6,8,9,25,31,33|14,15,17,23,26,40
3,22,25,29,30,31|6,8,10,16,34,40|11,13,17,23,28,32
6,8,10,16,34,40|9,11,13,20,22,23|14,28,29,31,33,38
6,11,16,17,33,38|8,10,14,15,34,40|22,23,27,29,31,32
6,25,29,31,33,38|8,10,14,15,34,40|9,11,13,20,22,23
1,2,3,8,21,32|6,9,11,23,27,31|14,15,17,20,33,38
1,2,6,14,27,30|8,9,15,20,25,33|10,11,17,21,23,29
1,2,13,20,22,30|6,8,14,17,27,38|9,23,25,28,31,40
1,3,15,25,30,32|6,8,10,11,13,34|14,17,22,31,33,38
1,3,16,28,30,32|6,8,10,11,13,34|14,15,17,20,33,38
1,3,20,21,30,32|6,8,10,11,13,34|9,23,25,28,31,40
1,6,8,14,27,34|2,7,11,12,21,32|3,15,17,20,30,31
1,6,13,23,26,32|2,3,8,11,17,21|14,25,28,29,33,38
1,6,14,25,33,34|2,3,8,11,17,21|13,20,22,23,26,29
1,6,15,28,33,34|2,3,8,11,17,21|13,20,22,23,26,29
1,6,16,20,33,34|2,3,8,11,17,21|9,23,25,28,31,40
1,8,11,13,28,34|2,7,12,15,31,32|3,14,17,22,25,30
1,8,13,20,22,34|2,7,11,12,21,32|3,6,17,25,30,31
1,8,13,28,32,38|2,10,11,21,30,40|6,9,14,20,23,27
1,11,15,31,33,34|2,3,8,16,17,22|6,9,14,20,23,27
1,11,16,22,33,34|2,3,8,15,17,31|6,9,14,20,23,27
1,11,21,32,33,38|2,3,8,15,17,31|6,9,14,20,23,27
1,14,15,20,33,34|2,3,8,11,17,21|9,23,25,28,31,40
1,15,31,32,33,38|2,3,8,11,17,21|6,9,14,20,23,27
1,16,22,32,33,38|2,3,8,11,17,21|6,9,14,20,23,27
1,21,23,26,32,40|2,3,8,15,17,31|14,25,28,29,33,38
2,3,8,11,17,21|6,9,14,20,23,27|22,25,29,31,33,38
2,3,8,16,17,22|6,9,11,23,27,31|14,25,28,29,33,38
2,6,10,11,13,30|8,9,14,25,28,33|15,17,23,26,31,40
2,7,11,12,21,32|3,6,17,25,30,31|8,9,16,20,28,33
2,7,12,15,31,32|3,11,16,17,28,30|6,8,25,27,29,38
2,7,12,16,22,32|3,6,17,25,30,31|8,10,11,21,34,40
2,10,11,21,30,40|6,8,14,17,27,38|13,20,22,23,26,29
2,10,15,30,31,40|6,8,14,17,27,38|9,11,13,20,23,28
2,10,16,22,30,40|6,8,14,17,27,38|9,11,13,20,23,28
3,6,10,16,30,32|8,9,14,25,28,33|11,17,21,23,26,40
3,10,14,15,30,32|6,8,16,17,26,33|9,11,13,20,23,28
3,11,17,20,21,30|6,8,10,13,32,38|9,23,25,28,31,40
3,14,17,22,25,30|6,8,10,11,13,34|16,20,28,29,33,38
3,14,17,28,30,31|6,8,10,11,13,34|15,20,25,29,33,38
3,15,17,20,30,31|6,8,10,11,13,34|14,25,28,29,33,38
3,16,17,20,22,30|6,8,10,11,13,34|9,23,25,28,31,40
3,25,28,29,30,31|6,8,10,11,13,34|14,15,17,20,33,38
6,8,10,11,13,34|9,23,25,28,31,40|14,15,17,20,33,38
6,9,11,23,27,31|8,10,16,22,34,40|14,15,17,20,33,38
6,9,14,20,23,27|8,10,11,21,34,40|22,25,29,31,33,38
6,14,17,25,33,38|8,10,11,21,34,40|13,20,22,23,26,29
6,15,17,28,33,38|8,10,11,21,34,40|13,20,22,23,26,29
6,16,17,20,33,38|8,10,11,21,34,40|22,23,25,27,29,32
8,10,11,21,34,40|13,17,20,23,28,32|22,25,29,31,33,38
1,2,8,15,27,38|3,9,23,25,28,31|6,10,16,26,30,33
1,2,8,21,26,33|3,9,23,25,28,31|6,10,14,27,30,38
1,3,21,23,26,32|2,6,10,16,33,38|7,12,14,25,28,34
1,8,15,26,27,30|2,6,10,16,33,38|3,9,23,25,28,31
1,15,20,27,30,38|2,10,13,23,28,32|7,12,22,25,31,34
1,15,25,26,30,33|2,8,10,13,22,38|7,12,16,20,28,34
1,16,26,28,30,33|2,6,17,23,25,27|3,8,10,11,21,34
1,20,21,26,30,33|2,6,17,23,25,27|3,8,10,15,31,34
1,22,27,30,31,38|2,10,13,23,28,32|7,12,15,20,25,34
2,6,17,23,25,27|3,8,10,11,21,34|7,12,14,15,26,38
2,14,17,23,27,28|3,8,10,11,21,34|6,7,12,16,26,38
2,15,17,20,23,27|3,8,10,11,21,34|6,7,12,16,26,38
2,17,22,23,27,31|3,8,10,11,21,34|6,7,12,16,26,38
2,23,25,27,28,29|3,8,10,11,21,34|6,7,12,16,26,38
3,11,17,21,23,26|6,10,14,27,30,38|7,12,15,20,25,34
3,15,17,23,26,31|6,10,14,27,30,38|7,12,16,20,28,34
3,16,17,22,23,26|6,10,14,27,30,38|7,12,15,20,25,34
1,2,6,13,23,26|3,8,10,14,15,34|7,12,16,28,32,38
1,2,8,13,28,38|3,6,16,17,23,26|7,11,12,15,25,34|10,20,21,30,32,33
1,2,10,21,23,29|3,8,15,17,25,38|7,11,12,16,28,34
1,2,15,23,27,32|3,6,8,10,16,34|17,25,28,30,31,33
1,2,21,23,26,40|3,6,8,10,16,34|7,12,15,25,32,38
1,3,8,15,25,34|2,6,17,23,27,31|7,12,16,28,32,38
1,3,8,16,28,34|2,6,17,23,27,31|7,12,15,25,32,38
1,3,8,20,21,34|2,6,17,23,27,31|7,12,15,25,32,38
1,6,27,30,31,38|2,8,10,21,32,33|3,9,14,23,25,28|7,12,16,20,22,34
1,8,10,17,21,30|2,22,23,25,27,29|7,11,12,16,28,34
1,8,13,26,28,30|2,6,17,23,27,31|7,11,12,15,25,34
1,11,15,27,30,38|2,8,10,21,32,33|3,6,16,17,23,26|7,12,14,22,25,34
1,11,21,26,30,33|2,6,8,10,13,38|3,9,14,23,25,28|7,12,15,20,31,34
1,13,20,28,30,38|2,6,17,23,27,31|3,8,10,14,15,34
1,14,22,27,30,38|2,8,10,21,32,33|3,6,16,17,23,26|7,11,12,15,25,34
1,15,26,30,31,33|2,6,8,10,13,38|3,9,14,23,25,28|7,11,12,20,21,34
1,16,22,26,30,33|2,6,8,10,13,38|3,9,14,23,25,28|7,11,12,20,21,34
2,6,8,10,13,38|3,9,14,23,25,28|7,11,12,20,21,34
2,6,17,23,27,31|3,8,10,14,15,34|7,12,16,28,32,38
2,8,10,21,32,33|3,6,16,17,23,26|7,11,12,15,25,34
2,8,10,21,38,40|3,6,16,17,23,26|7,11,12,15,25,34
2,10,13,22,23,32|3,8,15,17,25,38|7,11,12,16,28,34
2,11,15,17,23,27|3,6,8,10,16,34|7,12,20,21,32,38
2,13,17,20,23,28|3,6,8,10,16,34|7,12,15,25,32,38
2,14,17,22,23,27|3,6,8,10,16,34|7,12,15,25,32,38
2,22,23,25,27,29|3,6,8,10,16,34|7,12,20,21,32,38
2,23,27,28,29,31|3,6,8,10,16,34|7,12,15,25,32,38
3,6,16,17,23,26|7,11,12,15,25,34|10,20,21,30,32,33
3,8,15,17,25,38|7,11,12,16,28,34|10,20,21,30,32,33
3,8,16,17,28,38|6,7,12,25,31,34|10,20,21,30,32,33
3,8,17,20,21,38|6,7,12,25,31,34|10,16,28,30,32,33
3,9,14,23,25,28|6,8,10,13,26,30|7,11,12,20,21,34
3,9,15,20,23,25|6,8,10,13,26,30|7,11,12,16,28,34
3,9,16,20,23,28|6,7,12,25,31,34|8,10,15,27,30,32
3,9,22,23,25,31|6,8,10,13,26,30|7,11,12,16,28,34
3,14,15,17,23,26|6,7,12,25,31,34|10,11,13,22,30,38
3,15,23,25,26,29|6,10,13,20,30,38|7,11,12,16,28,34
3,16,23,26,28,29|6,7,12,25,31,34|8,10,15,27,30,32
3,20,21,23,26,29|6,7,12,25,31,34|8,10,15,27,30,32
1,3,8,21,26,38|2,10,15,23,27,32|7,12,25,28,31,34
2,17,22,23,25,27|3,8,10,16,28,34|7,11,12,21,26,38
2,17,23,27,28,31|3,8,10,15,25,34|7,11,12,21,26,38
1,2,6,13,23,32|3,8,11,21,29,38|14,15,17,20,30,33
1,2,21,23,32,40|3,8,15,29,31,38|6,14,17,25,30,33
1,6,11,13,30,38|2,8,14,15,17,33|3,16,23,28,29,32
1,11,21,30,38,40|2,6,8,16,17,33|3,15,23,25,29,32
1,15,30,31,32,33|2,6,11,13,17,23|3,8,16,22,29,38
1,15,30,31,38,40|2,6,8,16,17,33|3,20,21,23,29,32
1,16,22,30,32,33|2,6,11,13,17,23|3,8,15,29,31,38
1,2,6,16,33,38|3,9,11,15,23,25|7,12,14,22,31,34|8,10,13,28,30,32
1,2,8,13,22,38|3,6,9,23,25,31|7,12,14,15,20,34|10,11,21,30,32,33
1,2,13,23,28,32|3,8,11,17,21,38|6,7,12,14,25,34
1,2,14,15,33,38|3,6,9,23,25,31|7,11,12,16,22,34|8,10,13,28,30,32
1,3,8,11,21,34|2,6,10,13,23,32|14,17,25,28,30,33
1,3,8,15,31,34|2,6,10,13,23,32|14,17,25,28,30,33
1,3,8,16,22,34|2,6,10,13,23,32|14,17,25,28,30,33
1,3,8,21,32,38|2,6,14,17,23,27|7,11,12,15,31,34
1,6,14,27,30,38|2,8,15,17,25,33|3,9,11,16,23,28
1,6,16,26,30,33|2,10,21,23,32,40|3,8,15,17,31,38
1,8,13,22,26,30|2,6,14,17,23,27|7,11,12,15,31,34
1,13,20,22,30,38|2,6,14,17,23,27|7,11,12,15,31,34
1,14,15,26,30,33|2,6,10,13,23,32|3,8,11,17,21,38
2,6,10,13,23,32|3,8,11,17,21,38|7,12,14,15,20,34
2,6,14,17,23,27|7,11,12,15,31,34|8,10,13,28,30,32
2,6,23,25,27,29|3,8,11,17,21,38|7,12,14,15,20,34|10,16,22,30,32,33
2,8,15,17,25,33|3,9,11,16,23,28|7,12,14,22,31,34
2,8,16,17,28,33|3,6,9,23,25,31|7,11,12,21,32,38
2,8,17,20,21,33|3,6,9,23,25,31|7,11,12,16,22,34
2,10,21,23,32,40|3,8,15,17,31,38|6,7,12,14,25,34
2,11,13,17,23,28|6,7,12,14,25,34|10,15,30,31,32,33
2,13,17,20,22,23|6,7,12,14,25,34|10,11,21,30,32,33
2,14,23,27,28,29|3,8,11,17,21,38|6,7,12,16,20,34|10,15,30,31,32,33
2,15,20,23,27,29|3,8,11,17,21,38|6,7,12,14,25,34|10,16,22,30,32,33
2,22,23,27,29,31|3,8,11,17,21,38|6,7,12,14,25,34
3,6,9,23,25,31|7,11,12,16,22,34|8,10,13,28,30,32
3,8,11,17,21,38|6,7,12,14,25,34|10,15,30,31,32,33
3,8,15,17,31,38|6,7,12,14,25,34|10,11,21,30,32,33
3,8,16,17,22,38|6,7,12,14,25,34|10,11,21,30,32,33
3,9,11,15,23,25|6,7,12,16,20,34|8,10,13,28,30,32
3,9,11,16,23,28|6,7,12,14,25,34|8,15,17,20,27,30
3,9,11,20,21,23|6,7,12,14,25,34|8,10,13,28,30,32
3,9,14,22,23,25|6,7,12,15,28,34|10,11,21,30,32,33
3,9,14,23,28,31|6,7,12,16,20,34|10,11,21,30,32,33
3,9,15,20,23,31|6,7,12,14,25,34|8,10,13,28,30,32
3,9,15,22,23,28|6,7,12,14,25,34|10,11,21,30,32,33
3,9,16,20,22,23|6,7,12,14,25,34|8,10,13,28,30,32
3,11,21,23,26,29|6,7,12,14,25,34|8,10,13,28,30,32
3,15,17,23,25,32|6,7,12,16,20,34|10,11,21,30,38,40
3,15,23,26,29,31|6,7,12,14,25,34|8,10,13,28,30,32
3,16,17,23,28,32|6,7,12,14,25,34|10,11,21,30,38,40
3,16,22,23,26,29|6,7,12,14,25,34|8,10,13,28,30,32
3,17,20,21,23,32|6,7,12,14,25,34|10,15,30,31,38,40
1,2,6,8,13,38|3,9,11,15,23,31|14,17,22,25,30,33
1,2,8,21,38,40|3,6,9,14,23,25|11,16,17,28,30,33
1,2,13,22,23,32|3,6,8,16,17,38|7,11,12,14,15,34|25,28,29,30,31,33
1,3,6,8,16,34|2,11,13,17,22,23|7,12,14,15,32,38|25,28,29,30,31,33
1,3,8,14,15,34|2,6,13,17,20,23|25,28,29,30,31,33
1,6,13,20,30,38|2,8,11,17,21,33|3,9,14,22,23,31
1,8,10,21,29,30|2,6,13,17,20,23|7,11,12,14,15,34
1,8,21,26,30,40|2,6,13,17,20,23|7,11,12,14,15,34
1,15,25,30,32,33|2,6,13,17,20,23|3,8,16,28,29,38
1,16,28,30,32,33|2,6,13,17,20,23|3,8,15,25,29,38
1,16,28,30,38,40|2,6,13,17,20,23|7,11,12,14,15,34
1,20,21,30,32,33|2,6,23,27,29,31|3,8,14,15,17,38
1,20,21,30,38,40|2,6,23,27,29,31|7,11,12,14,15,34
2,11,13,17,22,23|3,8,15,25,29,38|6,7,12,14,31,34
2,13,20,23,28,29|3,6,8,16,17,38|7,11,12,14,15,34
2,15,17,23,25,40|3,8,16,28,29,38|6,7,12,14,31,34
2,16,17,23,28,40|3,8,15,25,29,38|6,7,12,14,31,34
2,17,20,21,23,40|3,8,15,25,29,38|6,7,11,12,16,34
3,6,8,16,17,38|7,11,12,14,15,34|25,28,29,30,31,33
3,6,9,16,20,23|7,11,12,14,15,34|8,10,13,22,30,32
3,6,16,23,26,29|7,11,12,14,15,34|8,10,13,22,30,32
3,8,14,15,17,38|6,7,11,12,16,34|25,28,29,30,31,33
3,8,15,25,29,38|6,7,11,12,16,34|14,17,28,30,31,33
3,8,16,28,29,38|6,7,12,14,31,34|11,15,17,25,30,33
3,8,20,21,29,38|6,7,11,12,16,34|10,14,15,30,32,33
3,9,11,15,23,31|6,7,12,16,32,38|8,13,17,20,28,30
3,9,11,16,22,23|6,7,12,14,31,34|8,13,17,20,28,30
3,9,14,15,20,23|6,7,11,12,16,34|8,10,13,22,30,32
3,9,14,22,23,31|6,7,11,12,16,34|8,13,17,20,28,30
3,11,17,21,23,32|6,7,12,14,31,34|8,22,25,27,29,30
3,14,15,23,26,29|6,7,11,12,16,34|8,10,13,22,30,32
3,15,17,23,31,32|6,7,11,12,16,34|8,22,25,27,29,30
1,6,21,25,34,38|2,10,30,31,32,39|9,15,16,23,26,28
1,14,16,25,34,38|2,10,30,31,32,39|9,15,20,21,23,26
1,15,16,28,34,38|2,10,30,31,32,39|6,9,21,23,25,26
1,15,20,21,34,38|2,10,30,31,32,39|9,14,16,23,25,26
1,21,22,31,34,38|2,17,20,25,30,39|9,15,16,23,26,28
2,17,20,25,30,39|6,10,14,21,34,38|9,15,16,23,26,28
2,17,21,25,28,30|6,10,15,16,34,38|9,11,23,26,31,39
1,12,14,23,35,39|2,6,17,21,30,31|8,9,15,16,22,38
1,12,15,21,23,35|2,6,17,22,30,39|8,9,14,16,31,38
2,14,16,17,30,31|6,8,9,22,38,39|15,21,23,26,29,32
2,14,17,21,22,30|6,9,23,28,32,39|8,16,25,29,31,34
2,15,16,17,22,30|6,8,9,21,31,38|14,23,26,29,32,39
2,20,29,30,31,39|6,9,21,23,25,32|8,15,16,17,22,34
2,21,22,25,29,30|6,9,23,28,32,39|8,14,16,17,31,34
2,6,14,17,21,30|8,11,29,31,34,39|9,15,16,22,23,32
2,6,15,16,17,30|8,11,29,31,34,39|9,14,21,22,23,32
1,6,21,31,34,38|2,10,14,30,32,39|9,15,16,22,23,26
1,6,22,34,38,39|2,10,15,21,30,32|9,14,16,23,26,31
1,8,25,32,34,39|2,17,21,28,30,31|9,15,16,22,23,26
1,14,16,31,34,38|2,10,15,21,30,32|6,9,22,23,26,39
1,15,16,22,34,38|2,10,14,30,32,39|6,9,21,23,26,31
2,10,15,21,30,32|6,9,22,23,26,39|8,16,17,25,31,34
2,16,17,25,30,31|6,9,22,23,26,39|8,10,15,21,32,34
1,6,15,16,34,38|2,11,17,30,31,39|9,21,22,23,25,32
1,12,23,31,35,39|2,6,17,21,25,30|8,9,15,16,28,38
2,14,17,21,28,30|6,9,15,16,23,26|8,20,25,29,34,39
2,15,16,17,28,30|6,8,9,21,25,38|23,26,29,31,32,39
2,20,25,29,30,39|6,9,14,21,23,26|8,15,16,17,28,34
2,21,25,28,29,30|6,9,15,16,23,26|8,11,17,31,34,39
1,15,16,22,26,34|8,10,12,25,35,39|9,20,21,28,31,38
1,6,14,21,26,34|8,10,12,31,35,39|9,15,16,20,28,38
1,6,15,16,26,34|8,10,12,31,35,39|9,11,21,22,25,38
6,15,16,17,26,38|8,10,12,31,35,39|20,21,25,28,29,34
6,21,25,26,29,38|8,10,12,31,35,39|15,16,17,20,28,34
8,10,12,31,35,39|9,11,21,22,25,38|15,16,17,20,28,34
6,8,9,14,21,26|11,15,16,17,22,34|20,29,31,32,38,39
6,8,9,15,16,26|11,14,17,21,22,34|20,29,31,32,38,39
6,9,14,20,21,38|8,26,29,31,32,39|11,15,16,17,22,34
6,9,15,16,20,38|8,26,29,31,32,39|11,14,17,21,22,34
1,8,12,25,35,39|6,9,16,28,31,38|11,15,17,20,21,34
1,11,31,32,34,39|6,9,16,22,25,38|8,10,12,15,21,35
6,9,11,21,25,38|8,10,12,14,35,39|15,16,17,20,22,34
6,9,11,28,38,39|8,10,12,15,21,35|14,16,17,20,31,34
6,9,16,22,25,38|8,10,12,14,35,39|11,15,17,20,21,34
6,9,16,28,31,38|8,10,12,14,35,39|11,15,17,20,21,34
6,9,20,21,31,38|8,10,12,14,35,39|11,15,16,17,28,34
6,9,20,22,38,39|8,10,12,15,21,35|11,14,16,17,25,34
6,9,21,22,28,38|8,10,12,14,35,39|16,20,25,29,31,34
6,17,28,32,38,39|8,9,11,15,21,26|16,20,25,29,31,34
6,21,26,29,31,38|8,9,20,25,32,39|11,15,16,17,28,34
6,22,26,29,38,39|8,9,21,25,28,32|14,16,17,20,31,34
8,9,11,14,26,39|15,16,17,20,22,34|21,25,28,29,32,38
8,9,14,21,22,26|11,15,16,17,28,34|20,25,29,32,38,39
8,9,15,16,22,26|11,14,17,20,34,39|21,25,28,29,32,38
8,9,20,25,32,39|11,14,17,21,28,34|15,16,22,26,29,38
8,9,21,25,28,32|11,14,17,20,34,39|15,16,22,26,29,38
8,10,12,14,35,39|9,11,15,16,28,38|20,21,22,25,29,34
8,10,12,15,21,35|9,11,14,16,25,38|20,22,28,29,34,39
8,14,17,26,32,39|9,11,15,16,28,38|20,21,22,25,29,34
8,15,17,21,26,32|9,11,14,16,25,38|20,22,28,29,34,39
8,25,26,29,32,39|9,11,14,21,28,38|15,16,17,20,22,34
2,7,21,25,28,35|3,9,26,30,31,39|10,13,16,32,34,38
2,7,11,25,35,39|3,9,15,21,26,30|13,16,17,20,34,38
2,7,16,25,31,35|3,9,14,26,30,39|13,15,17,28,34,38
2,7,20,31,35,39|3,9,15,21,26,30|13,14,17,25,34,38
2,7,21,22,25,35|3,9,14,26,30,39|13,15,17,28,34,38
2,7,21,28,31,35|3,9,14,26,30,39|13,16,17,20,34,38
2,7,22,28,35,39|3,9,15,21,26,30|13,14,17,25,34,38
2,7,14,21,28,35|3,9,25,30,32,39|11,13,16,17,34,38
2,7,15,16,28,35|3,9,25,30,32,39|6,21,27,29,34,38
2,7,15,20,21,35|3,9,25,30,32,39|11,13,16,17,34,38
2,7,21,22,31,35|3,9,25,30,32,39|11,13,16,17,34,38
2,7,11,15,21,35|3,9,30,31,32,39|8,13,16,26,29,34
2,7,14,21,22,35|3,9,30,31,32,39|6,13,15,17,34,38
2,7,15,16,22,35|3,9,30,31,32,39|13,14,25,29,34,38
1,9,14,17,30,39|2,13,15,28,29,34|6,7,21,25,32,35
1,9,15,17,21,30|2,13,14,25,29,34|6,7,28,32,35,39
1,9,25,29,30,39|2,6,13,15,17,34|7,14,21,28,32,35
2,13,14,25,29,34|6,7,28,32,35,39|9,15,21,26,30,40
2,13,15,28,29,34|6,7,21,25,32,35|9,14,26,30,39,40
2,13,16,20,29,34|6,7,21,25,32,35|9,14,26,30,39,40
2,25,29,34,39,40|6,9,13,15,26,30|7,14,21,28,32,35
1,2,13,16,32,34|6,7,14,21,26,35|9,10,29,30,31,39
2,6,21,27,29,34|3,9,14,32,38,39|10,12,13,16,30,35
2,9,31,38,39,40|3,15,17,21,32,34|10,12,13,16,30,35
2,13,25,29,31,34|3,9,14,32,38,39|6,7,15,16,26,35
2,17,31,34,39,40|3,9,15,21,32,38|10,12,13,16,30,35
2,9,13,16,20,38|3,14,26,29,34,39|7,21,25,28,32,35
2,13,14,17,25,34|3,9,31,32,38,39|7,11,15,21,26,35
2,13,15,17,28,34|3,9,31,32,38,39|7,14,21,22,26,35
2,13,16,17,20,34|3,9,31,32,38,39|7,11,15,21,26,35
2,16,27,29,31,34|6,7,22,26,35,39|9,10,15,17,21,30
2,27,29,32,38,39|3,6,9,21,25,34|7,14,16,26,31,35
2,6,9,21,27,38|3,17,25,32,34,39|7,15,16,26,28,35
2,6,17,21,27,34|3,9,25,32,38,39|7,15,16,26,28,35
2,9,14,16,27,38|3,17,25,32,34,39|7,15,20,21,26,35
2,14,16,17,27,34|3,9,25,32,38,39|7,15,20,21,26,35
2,6,7,8,35,39|3,21,29,30,31,34|9,13,15,23,32,38
2,7,8,14,21,35|3,22,29,30,34,39|9,13,15,23,32,38
2,7,8,21,31,35|3,6,9,30,38,39|13,15,23,26,29,34
2,7,8,22,35,39|3,9,14,21,30,38|13,15,23,26,29,34
2,3,9,25,32,39|6,21,26,27,29,34|10,12,13,16,35,38
9,11,13,16,32,38|12,14,17,33,35,39|15,21,26,29,34,40
2,3,9,15,21,32|11,13,16,26,29,34|12,17,31,33,35,39
6,9,14,15,27,34|12,17,31,33,35,39|13,16,26,29,32,38
9,21,22,25,34,40|12,17,31,33,35,39|13,16,26,29,32,38
1,13,15,26,30,34|2,9,21,23,27,32|7,11,28,35,38,39
1,21,27,30,32,34|2,9,13,15,23,26|7,11,28,35,38,39
2,9,21,31,33,38|7,8,22,26,35,39|13,17,25,28,30,34
2,9,22,33,38,39|7,8,21,26,31,35|13,17,25,28,30,34
2,17,21,31,33,34|7,8,22,26,35,39|9,13,25,28,30,38
2,17,22,33,34,39|7,8,21,26,31,35|9,13,25,28,30,38
2,8,13,15,17,34|6,7,11,35,38,39|9,21,25,30,32,33
2,21,29,31,33,34|6,7,11,35,38,39|8,9,13,15,26,30
2,22,29,33,34,39|6,7,16,31,35,38|8,9,13,15,26,30
2,6,9,33,38,39|7,8,14,21,26,35|10,13,15,30,32,34
2,6,17,33,34,39|7,8,14,21,26,35|9,13,22,25,30,38
2,9,14,21,33,38|6,7,8,26,35,39|10,13,15,30,32,34
2,9,15,16,33,38|6,7,8,26,35,39|13,17,22,25,30,34
2,14,17,21,33,34|6,7,8,26,35,39|9,13,22,25,30,38
2,15,16,17,33,34|6,7,8,26,35,39|9,13,22,25,30,38
2,21,25,29,33,34|6,7,8,26,35,39|9,13,28,30,31,38
2,6,29,33,34,39|7,8,21,31,32,35|9,11,13,15,30,38
2,9,13,15,23,32|6,7,14,16,35,38|17,21,30,31,34,40
2,14,21,29,33,34|6,9,13,30,31,38|7,8,22,32,35,39
2,15,16,29,33,34|6,9,13,30,31,38|7,8,22,32,35,39
1,12,23,25,32,35|2,6,9,20,28,30|8,11,26,29,31,34
2,6,26,28,29,30|8,9,11,20,31,34|10,12,14,23,32,35
2,9,11,20,30,31|6,8,26,28,29,34|10,12,14,23,32,35
2,11,26,29,30,31|6,8,9,20,28,34|10,12,14,23,32,35
2,6,17,22,26,30|8,9,11,20,25,34|10,12,23,31,32,35
2,9,11,20,25,30|6,8,17,22,26,34|10,12,23,31,32,35
2,11,14,17,26,30|8,9,20,22,28,34|10,12,23,31,32,35
2,11,25,26,29,30|6,17,20,22,34,38|10,12,23,31,32,35
2,22,26,28,29,30|8,9,11,20,25,34|10,12,23,31,32,35
1,13,16,26,30,34|2,9,23,27,32,39|7,21,22,25,35,38
1,27,30,32,34,39|2,9,13,16,23,26|7,21,22,25,35,38
2,9,13,16,23,32|6,7,14,21,35,38|17,30,31,34,39,40
2,15,21,29,33,34|7,8,31,32,35,39|9,11,13,16,30,38
2,9,15,21,33,38|7,8,14,26,35,39|10,13,16,30,32,34
2,8,13,16,17,34|6,7,21,31,35,38|9,25,30,32,33,39
2,29,31,33,34,39|7,11,15,21,35,38|8,9,13,16,26,30
1,11,12,16,23,35|2,6,14,17,28,30|8,25,29,31,32,38
1,12,15,22,23,35|2,6,14,17,28,30|8,11,25,29,31,34
2,6,17,22,30,31|8,14,20,25,29,34|9,11,15,23,28,32
1,6,14,22,34,38|2,11,15,17,28,30|16,20,23,26,29,32
1,12,14,23,25,35|2,6,10,15,30,32|8,9,11,16,20,38
1,12,15,23,28,35|2,6,17,22,25,30|8,9,11,16,20,38
1,12,16,20,23,35|2,6,10,15,30,32|8,9,11,14,25,38
2,6,17,22,25,30|8,9,11,15,28,38|16,20,23,26,29,32
2,6,17,28,30,31|8,9,11,14,25,38|16,20,23,26,29,32
2,11,14,17,25,30|6,8,9,28,31,38|16,20,23,26,29,32
2,11,15,17,28,30|6,8,9,22,25,38|16,20,23,26,29,32
2,11,16,17,20,30|6,8,9,22,25,38|15,23,26,28,29,32
2,14,17,20,30,31|6,8,9,22,25,38|15,23,26,28,29,32
2,15,17,20,22,30|6,8,9,28,31,38|14,23,25,26,29,32
1,2,25,30,31,32|6,8,15,17,26,38|10,11,12,16,23,35
1,8,25,31,32,34|2,15,17,20,28,30|10,11,12,16,23,35
1,11,14,31,34,38|2,6,17,25,28,30|10,12,15,22,23,35
1,11,15,22,34,38|2,6,17,25,28,30|10,12,14,23,31,35
1,12,23,25,31,35|2,10,11,16,30,32|6,8,15,17,26,38
2,11,17,25,30,31|6,9,14,23,26,28|8,10,15,22,32,34
2,14,17,20,25,30|6,9,22,23,26,31|8,10,11,16,32,34
2,15,17,20,28,30|6,9,22,23,26,31|8,10,11,16,32,34
2,17,22,28,30,31|6,9,15,20,23,26|8,10,11,16,32,34
1,6,22,25,34,38|2,10,15,28,30,32|9,11,16,20,23,26
1,6,28,31,34,38|2,10,14,25,30,32|9,11,16,20,23,26
1,8,16,26,32,38|2,17,20,25,30,31|10,12,15,23,28,35
1,11,16,20,34,38|2,10,14,25,30,32|6,9,23,26,28,31
1,14,20,31,34,38|2,10,15,28,30,32|6,9,22,23,25,26
1,15,20,22,34,38|2,10,14,25,30,32|6,9,23,26,28,31
2,17,20,25,30,31|6,10,11,15,34,38|9,14,22,23,26,28
2,17,22,25,28,30|6,10,11,15,34,38|9,14,20,23,26,31
2,7,8,31,35,39|3,9,15,21,30,38|13,16,23,26,29,34
2,7,8,15,21,35|3,29,30,31,34,39|9,13,16,23,32,38
6,9,16,25,31,38|8,10,12,15,35,39|14,17,21,22,28,34
6,9,21,22,25,38|8,10,12,15,35,39|14,16,17,28,31,34
6,9,21,28,31,38|8,10,12,15,35,39|14,16,17,22,25,34
6,9,22,28,38,39|8,10,12,16,21,35|14,15,17,25,31,34
2,13,15,25,32,34|3,12,16,21,35,38|9,17,28,30,31,39
2,13,16,28,32,34|3,12,15,35,38,39|9,17,21,25,30,31
2,3,12,15,35,39|6,13,16,26,32,34|9,14,17,21,31,38
2,3,12,16,21,35|6,9,17,31,38,39|13,14,15,26,32,34
1,3,7,8,14,35|2,18,25,30,32,33|10,19,23,29,31,34
1,9,14,18,23,38|2,3,8,19,31,34|7,12,27,29,30,32
1,9,19,23,31,38|2,3,8,14,18,34|7,12,27,29,30,32
2,3,8,14,18,34|7,9,12,25,30,40|17,23,27,29,32,33
2,3,8,19,31,34|7,9,12,25,30,40|17,23,27,29,32,33
2,3,14,33,34,40|7,12,27,29,30,32|8,9,17,18,23,25
2,8,18,27,30,32|3,7,12,14,29,34|9,17,23,25,33,40
2,18,25,30,32,33|3,7,12,14,29,34|8,9,17,23,27,40
2,27,30,32,33,40|3,7,12,14,29,34|8,9,17,18,23,25
7,12,27,29,30,32|8,9,17,18,23,25|11,19,31,33,34,38
1,7,17,25,29,30|8,18,20,23,27,35|12,19,31,33,34,38
7,10,14,17,29,30|8,18,20,23,27,35|12,19,31,33,34,38
7,14,17,26,30,40|8,18,20,23,27,35|12,19,31,33,34,38
7,25,26,29,30,40|8,18,20,23,27,35|12,19,31,33,34,38
1,7,17,29,30,31|8,11,18,23,27,35|12,14,19,33,34,38
2,7,8,9,31,40|3,12,14,18,30,34|19,20,23,25,33,35
2,7,29,31,32,33|3,12,14,18,30,34|8,19,20,23,27,35
2,7,29,31,38,40|3,12,14,18,30,34|8,19,20,23,27,35
7,9,20,30,31,40|8,11,18,23,27,35|12,14,19,33,34,38
7,9,22,28,30,40|8,11,18,23,27,35|12,14,19,33,34,38
7,17,25,30,32,40|8,11,18,23,27,35|12,14,19,33,34,38
7,26,29,30,31,40|8,11,18,23,27,35|12,14,19,33,34,38
1,8,19,27,30,39|3,15,17,18,21,23|7,12,13,16,32,33
1,18,30,31,33,39|3,13,14,23,27,29|7,12,15,19,21,38
1,27,30,33,39,40|2,10,13,16,19,23|7,12,15,18,21,38
2,10,13,16,19,23|3,8,27,29,33,39|7,12,15,18,21,38
1,7,8,9,14,29|3,6,18,22,23,35|12,19,25,30,34,40
1,7,8,9,14,17|2,12,19,31,33,34|3,11,18,23,25,35
1,7,8,9,25,29|2,12,14,18,33,34|3,11,23,27,35,40
1,7,14,17,29,38|2,12,19,31,33,34|3,11,18,23,25,35
1,7,31,32,34,40|3,11,18,23,25,35|12,17,27,29,30,33
2,12,19,31,33,34|3,11,18,23,25,35|6,7,9,28,38,40
3,18,20,23,31,35|6,7,9,28,32,33|11,12,19,27,30,34
3,18,22,23,28,35|7,8,9,10,14,29|11,12,19,27,30,34
1,2,9,14,18,23|3,6,19,22,34,38|11,17,27,29,30,33
1,2,9,19,23,31|3,14,17,29,33,38|18,20,25,30,34,40
1,8,9,27,30,40|2,6,18,22,33,34|3,12,19,23,25,35
1,17,19,30,31,38|2,6,18,22,33,34|7,8,10,14,35,40
1,18,25,29,30,38|2,6,19,28,33,34|3,9,17,23,31,40
1,27,29,30,38,40|2,6,18,22,33,34|3,12,19,23,25,35
2,6,18,22,33,34|3,9,17,23,31,40|11,19,27,30,32,38
2,6,19,28,33,34|3,9,17,23,31,40|10,14,18,29,30,38
2,17,18,23,25,29|3,6,19,22,34,38|7,8,10,14,35,40
2,17,23,27,29,40|3,6,19,22,34,38|7,9,12,14,32,33
3,6,19,22,34,38|7,8,10,14,35,40|11,17,27,29,30,33
3,8,9,14,17,33|7,12,25,29,34,40|11,19,27,30,32,38
3,8,9,25,29,33|7,12,14,17,34,40|11,19,27,30,32,38
3,8,18,31,32,34|7,9,12,14,38,40|11,17,27,29,30,33
3,8,19,25,32,34|7,9,12,14,38,40|11,17,27,29,30,33
1,7,8,9,29,31|2,12,14,19,33,34|3,6,18,23,28,35
2,12,14,19,33,34|3,6,18,23,28,35|7,8,9,25,32,40
3,19,20,23,31,35|6,7,9,22,32,33|12,18,25,30,34,40
1,8,9,19,25,30|2,17,18,23,29,31|3,14,32,33,34,40
1,9,30,31,33,40|2,17,19,23,25,29|3,8,14,18,32,34
1,18,29,30,31,38|2,6,19,22,33,34|3,9,14,17,23,40
1,2,9,18,23,25|3,8,12,27,33,35|10,17,19,30,31,38
1,2,9,23,27,40|3,6,18,28,34,38|7,10,11,14,33,35
1,9,11,27,30,33|3,6,18,28,34,38|7,8,10,25,35,40
2,9,10,19,23,31|3,6,18,28,34,38|26,27,30,32,33,40
2,14,19,26,33,38|3,9,20,23,27,29|7,8,10,25,35,40
3,8,19,26,31,34|6,7,10,22,33,35|18,20,27,30,32,38
3,9,20,23,27,29|6,7,10,22,33,35|18,25,26,30,38,40
3,10,14,29,33,34|7,8,9,12,27,32|18,25,26,30,38,40
3,11,19,25,34,38|6,7,10,22,33,35|8,18,26,27,30,32
3,14,26,33,34,40|7,8,9,12,27,32|10,17,19,30,31,38
3,19,20,31,34,38|6,7,10,22,33,35|8,18,26,27,30,32
1,7,8,9,17,31|2,12,19,25,33,34|3,20,23,27,35,40
1,7,17,29,31,38|2,8,12,19,27,34|3,18,20,23,25,35
2,8,12,19,27,34|3,18,20,23,25,35|7,9,22,28,32,33
2,12,19,25,33,34|3,20,23,27,35,40|7,8,9,10,29,31
1,2,9,18,23,31|3,6,19,28,34,38|17,20,27,29,30,33
1,2,9,19,23,25|3,6,18,22,34,38|7,8,10,31,35,40|17,20,27,29,30,33
1,10,14,19,30,34|2,8,17,27,29,33|3,12,18,23,25,35
1,17,19,25,30,38|2,6,18,28,33,34|3,9,11,23,27,29|7,8,10,31,35,40
2,6,18,28,33,34|3,9,11,23,27,29|7,8,10,31,35,40
2,8,11,19,27,34|3,9,17,23,25,40|10,18,29,30,31,38
2,9,10,14,19,23|3,6,18,22,34,38|17,20,27,29,30,33
2,11,18,31,33,34|3,9,17,23,25,40|8,19,26,27,30,32
2,11,19,25,33,34|3,12,23,27,35,40|8,9,10,18,30,31
2,14,18,20,33,34|3,9,11,23,27,29|7,8,10,31,35,40
2,19,22,28,33,34|3,9,11,23,27,29|7,8,10,31,35,40
2,19,25,32,33,38|3,9,11,23,27,29|7,8,10,31,35,40
3,6,18,22,34,38|7,8,10,31,35,40|17,20,27,29,30,33
3,6,19,28,34,38|7,8,10,31,35,40|17,20,27,29,30,33
3,8,18,25,32,34|7,9,12,31,38,40|17,20,27,29,30,33
3,9,11,23,27,29|7,8,10,31,35,40|19,25,26,30,32,33
3,11,14,18,34,38|7,8,10,31,35,40|17,20,27,29,30,33
1,19,22,23,31,38|2,6,7,12,14,33|3,8,10,15,30,40
1,2,3,8,15,33|6,7,11,12,27,30|10,14,19,22,23,38
1,3,6,8,27,30|2,7,11,12,15,33|10,14,19,22,23,38
1,3,8,27,28,30|2,7,12,22,25,33|10,15,18,20,23,38
1,3,25,28,30,33|2,7,8,12,22,27|10,15,18,20,23,38
1,18,23,25,28,38|2,3,8,10,15,33|7,12,20,22,27,30
1,3,8,22,27,30|2,6,7,12,25,33|10,11,15,18,23,38
1,3,22,25,30,33|2,6,7,8,12,27|10,11,15,18,23,38
1,3,28,30,31,33|2,6,7,8,12,27|10,11,15,18,23,38
1,18,22,23,25,38|2,6,7,8,12,27|3,10,11,15,30,33
1,18,23,28,31,38|2,6,7,8,12,27|3,10,11,15,30,33
1,19,23,25,28,38|2,6,7,8,12,27|3,10,11,15,30,33
2,7,29,31,32,40|6,8,18,28,33,35|9,12,14,17,19,23
1,2,14,17,19,30|6,18,22,32,33,34|9,11,23,27,29,40
1,3,9,14,30,40|6,18,22,32,33,34|8,17,19,25,29,38
1,2,14,17,18,30|8,9,11,27,29,33|19,20,31,34,38,40
1,2,17,19,30,31|6,18,28,32,33,34|9,20,23,27,29,40
1,2,27,29,30,40|6,9,17,18,23,28|11,19,25,32,33,34
1,3,9,30,31,40|6,18,28,32,33,34|11,12,19,23,27,35
1,8,27,29,34,40|2,3,14,19,32,38|6,9,17,18,23,28
1,9,18,23,31,32|2,3,6,19,22,34|8,12,27,33,35,40
1,9,19,23,25,32|2,3,14,17,29,33|6,18,28,34,38,40
1,25,29,33,34,40|2,3,14,19,32,38|6,9,17,18,23,28
2,3,11,14,19,34|6,9,17,18,23,28|8,12,27,33,35,40
2,3,14,17,29,33|6,18,28,34,38,40|11,12,19,23,27,35
2,3,14,19,32,38|6,9,17,18,23,28|8,12,27,33,35,40
2,7,9,12,14,40|6,18,28,32,33,34|17,19,23,26,29,31
2,10,14,18,29,30|8,9,17,25,33,40|11,12,19,23,27,35
2,10,19,29,30,31|6,9,17,18,23,28|8,12,27,33,35,40
2,11,19,27,30,32|6,9,17,18,23,28|10,14,29,33,34,40
3,14,19,26,30,32|6,9,17,18,23,28|8,12,27,33,35,40
1,10,14,19,23,35|2,6,7,9,28,40|12,18,31,32,33,34
2,7,17,25,32,40|11,18,20,23,27,35|12,14,19,26,33,34
3,6,7,9,28,32|11,18,20,23,27,35|12,14,19,26,33,34
1,2,17,18,30,31|3,7,9,12,14,32|6,19,22,26,33,34
1,2,17,19,25,30|3,7,9,12,14,32|8,10,18,29,31,34
1,3,6,7,22,35|2,10,14,17,19,30|8,9,20,27,29,33|11,18,25,34,38,40
1,3,7,11,14,35|2,10,18,29,30,31|6,19,22,26,33,34
1,3,9,25,30,40|6,19,22,26,33,34|11,12,18,23,27,35
1,3,27,29,30,32|2,7,9,12,31,40|6,19,22,26,33,34
1,8,17,18,31,34|2,10,19,25,29,30|3,7,9,12,14,32
1,9,31,33,38,40|2,3,6,18,22,34|12,19,20,23,27,35
1,17,31,33,34,40|2,3,14,18,32,38|12,19,20,23,27,35
2,3,14,18,32,38|6,19,22,26,33,34|9,11,17,23,27,40
2,3,17,29,31,33|8,9,10,14,19,38|11,12,18,23,27,35
2,7,9,12,31,40|3,11,17,27,29,30|6,19,22,26,33,34
2,10,14,17,19,30|8,9,20,27,29,33|11,18,25,34,38,40
2,10,18,29,30,31|3,7,9,12,14,32|6,19,22,26,33,34
2,10,19,25,29,30|3,7,9,12,14,32|8,18,26,31,34,40
2,18,26,30,31,40|3,7,9,12,14,32|8,10,19,25,29,34
2,19,25,26,30,40|3,7,9,12,14,32|8,10,18,29,31,34
3,9,10,14,30,40|6,19,22,26,33,34|11,12,18,23,27,35
3,11,17,27,29,30|6,19,22,26,33,34|9,10,14,18,23,32
3,19,26,30,31,32|8,9,20,27,29,33|11,18,25,34,38,40
8,10,18,29,31,34|9,11,17,23,27,40|14,19,26,32,33,38
1,2,3,9,14,33|8,10,17,19,31,34|12,18,20,23,27,35
1,2,17,18,25,30|3,7,9,12,31,32|6,19,26,28,33,34
1,2,17,27,30,40|3,7,9,12,31,32|6,18,22,26,33,34
1,3,6,7,28,35|2,10,14,17,18,30|11,19,26,31,33,34
1,3,7,11,31,35|2,10,14,17,18,30|6,19,26,28,33,34
1,3,7,14,20,35|2,10,17,19,30,31|6,18,22,26,33,34
