3,15,16,22,27,30|6,10,13,17,21,23|8,18,25,31,38,39
2,3,6,15,33,39|8,16,18,21,28,38|13,14,23,27,31,32
2,3,6,16,21,33|8,14,18,25,38,39|13,15,22,23,27,32
3,6,15,16,27,30|8,14,18,25,38,39|10,13,21,22,23,29
3,13,14,25,30,31|6,15,18,23,26,39|16,21,28,33,38,40
3,13,15,22,25,30|6,16,18,21,23,26|8,14,27,32,33,39
3,13,15,28,30,31|6,16,18,21,23,26|8,14,27,32,33,39
3,25,30,31,39,40|6,8,13,15,27,38|16,19,21,22,23,26
3,6,13,16,28,30|8,14,18,31,38,39|15,21,23,27,32,40
3,16,21,28,30,40|6,13,15,23,27,32|8,14,18,31,38,39
2,14,18,23,25,39|3,6,16,21,33,38|8,13,15,27,28,30
2,15,18,21,23,25|3,8,11,13,38,39|14,16,27,30,31,33
2,15,18,23,28,39|3,6,16,21,33,38|8,13,14,25,27,30
2,16,18,21,23,28|3,6,15,33,38,39|8,13,14,25,27,30
2,19,23,25,31,39|3,6,16,21,33,38|8,13,15,27,28,30
1,2,3,8,16,32|6,9,11,22,23,27|14,20,25,29,33,38
1,2,11,13,20,30|6,8,9,25,28,33|10,14,17,23,29,31
1,2,25,30,31,40|6,8,15,17,26,33|22,23,27,28,29,32
1,3,15,28,30,32|6,9,11,22,23,27|8,10,14,31,34,40
1,3,16,20,30,32|6,8,9,25,28,33|10,14,17,23,29,31
1,6,14,28,33,34|2,3,8,11,16,17|9,20,23,25,31,40
1,6,15,20,33,34|2,3,8,11,16,17|9,22,23,25,28,40
1,8,11,13,20,34|2,7,12,14,31,32|3,6,17,22,25,30
1,8,25,31,34,40|2,7,11,12,16,32|3,14,17,22,28,30
1,11,16,32,33,38|2,3,8,14,17,31|9,22,23,25,28,40
1,14,31,32,33,38|2,3,8,11,16,17|9,22,23,25,28,40
1,15,22,32,33,38|2,3,8,11,16,17|9,20,23,25,31,40
1,16,23,26,32,40|2,3,8,14,17,31|6,25,28,29,33,38
1,17,23,25,29,31|2,7,11,12,16,32|8,9,15,20,28,33
2,3,8,14,17,31|6,9,11,22,23,27|15,20,28,29,33,38
2,7,11,12,16,32|3,6,17,22,25,30|8,9,15,20,28,33
2,7,12,14,31,32|3,6,17,22,25,30|8,9,15,20,28,33
2,7,12,15,22,32|3,6,17,28,30,31|8,9,14,20,25,33
2,10,11,16,30,40|6,8,9,25,28,33|20,23,27,29,31,32
2,10,14,30,31,40|6,8,9,25,28,33|11,13,20,23,26,29
2,10,15,22,30,40|6,8,9,25,28,33|11,13,20,23,26,29
6,9,11,22,23,27|8,10,14,31,34,40|15,20,28,29,33,38
6,14,17,28,33,38|8,10,11,16,34,40|20,23,27,29,31,32
6,15,17,20,33,38|8,10,11,16,34,40|22,23,27,28,29,32
1,2,14,25,30,40|6,8,9,28,31,33|11,13,17,20,23,32
1,2,15,28,30,40|6,8,9,22,25,33|11,13,17,20,23,32
1,2,16,20,30,40|6,8,9,22,25,33|11,23,27,29,31,32
1,3,11,16,30,32|6,8,9,22,25,33|15,23,26,28,29,40
1,3,14,30,31,32|6,8,9,22,25,33|15,23,26,28,29,40
1,3,15,22,30,32|6,8,9,28,31,33|14,23,25,26,29,40
1,6,11,15,33,34|2,3,8,14,25,29|9,22,23,28,31,40
1,6,14,22,33,34|2,3,8,15,28,29|9,11,23,25,31,40
1,6,15,32,33,38|2,3,8,14,25,29|9,22,23,28,31,40
1,8,14,25,34,40|2,6,7,12,15,32|3,22,28,29,30,31
1,8,15,28,34,40|3,6,17,22,30,31|11,14,25,29,33,38
1,8,16,20,34,40|2,6,7,12,15,32|3,11,14,17,30,31
1,14,17,23,25,29|2,6,7,12,15,32|8,9,11,16,20,33
1,16,17,20,23,29|2,6,7,12,15,32|8,9,11,14,25,33
2,3,6,8,15,17|9,11,23,25,31,40|14,22,28,29,33,38
2,3,8,14,25,29|6,11,15,17,33,38|9,22,23,28,31,40
2,3,8,15,28,29|6,14,17,22,33,38|9,11,23,25,31,40
2,6,7,12,15,32|3,11,14,17,30,31|16,20,23,26,29,40
3,6,17,22,30,31|8,9,11,14,25,33|15,23,26,28,29,40
3,11,14,17,30,31|6,8,9,22,25,33|15,23,26,28,29,40
3,11,15,17,22,30|6,8,9,28,31,33|14,20,23,27,29,32
3,22,28,29,30,31|6,8,10,15,34,40|11,13,17,20,23,32
6,8,10,15,34,40|11,13,17,20,23,32|14,22,28,29,33,38
3,6,11,15,17,30|8,25,29,31,32,33|9,14,22,23,28,40
3,6,22,25,29,30|8,9,11,14,31,33|15,17,23,28,32,40
3,6,28,29,30,31|8,9,11,15,22,33|14,17,23,25,32,40
3,11,15,28,29,30|6,8,9,22,31,33|14,17,23,25,32,40
3,14,20,29,30,31|6,9,22,23,25,40|8,11,16,17,32,33
1,3,15,26,28,30|6,8,10,22,27,34|17,20,25,31,33,38
1,8,10,16,17,38|2,7,12,14,26,31|9,11,20,23,25,27
1,8,25,27,32,38|2,7,11,12,16,26|6,10,28,31,33,34
1,9,10,14,23,25|2,7,11,12,16,26|8,17,20,27,31,38
1,9,10,15,23,28|2,7,11,12,16,26|8,17,20,27,31,38
1,9,10,16,20,23|2,7,12,14,26,31|8,11,17,25,27,38
1,20,25,31,33,34|2,3,6,10,15,38|11,14,17,23,26,27
1,22,25,28,33,34|2,3,6,10,15,38|11,14,17,23,26,27
2,3,6,10,15,38|8,17,25,26,31,33|9,20,22,23,27,28
2,7,11,12,16,26|3,10,25,30,31,32|8,17,22,27,28,38
1,2,3,11,16,38|6,9,20,23,27,28|8,10,25,31,34,40
1,2,3,14,31,38|6,9,20,23,27,28|10,11,15,22,33,34
1,2,3,15,22,38|6,9,20,23,27,28|8,10,25,31,34,40
1,2,6,27,28,30|8,10,11,13,20,34|17,23,25,26,31,40
1,3,11,16,26,30|2,7,12,25,31,32|6,8,17,27,28,38
1,3,14,26,30,31|6,8,17,27,28,38|10,11,15,22,33,34
1,3,15,22,26,30|2,7,12,25,31,32|6,8,17,27,28,38
1,6,8,27,28,34|2,7,12,25,31,32|11,13,17,20,23,26
1,6,15,26,33,38|2,3,8,10,16,32|9,11,20,23,27,31
1,6,25,28,33,34|2,3,8,10,16,32|9,11,20,23,27,31
1,8,11,13,26,38|2,7,12,25,31,32|6,9,20,23,27,28
1,8,11,27,31,34|2,6,7,12,15,26|3,10,14,25,30,32
1,8,14,20,27,34|2,6,7,12,15,26|3,17,22,25,28,30|10,11,16,32,33,38
1,8,27,31,32,38|2,6,7,12,15,26|3,17,22,25,28,30
1,9,10,14,23,31|2,6,7,12,15,26|3,17,22,25,28,30
1,10,16,17,23,32|2,6,7,12,15,26|8,20,25,27,29,38
1,11,25,31,33,34|2,3,8,10,16,32|6,9,20,23,27,28
1,13,20,23,26,32|2,3,8,17,25,31|6,10,14,28,33,34
1,14,20,25,33,34|2,3,8,10,16,32|6,23,26,27,28,29
1,15,20,28,33,34|2,3,8,10,16,32|11,23,26,27,29,31
1,22,28,31,33,34|2,3,8,10,16,32|11,13,17,20,23,26
1,25,31,32,33,38|2,6,7,12,15,26|8,10,11,13,20,34
2,3,8,10,16,32|6,9,20,23,27,28|11,17,25,31,33,38
2,3,8,17,25,31|6,9,20,23,27,28|10,11,15,22,33,34
2,6,7,12,15,26|3,10,14,25,30,32|8,11,17,27,31,38
2,7,12,25,31,32|6,8,17,27,28,38|10,11,15,22,33,34
3,17,22,25,28,30|6,10,15,20,33,34|11,23,26,27,29,31
1,2,3,6,15,38|8,9,20,25,31,33|11,14,23,26,27,29
1,2,6,22,27,30|8,9,20,25,31,33|10,15,17,23,28,29
1,2,11,14,27,30|6,10,15,32,33,38|16,17,20,23,26,40
1,3,6,15,26,30|2,7,12,14,25,32|8,10,16,20,34,40
1,6,8,22,27,34|2,7,12,14,25,32|3,15,17,20,28,30
1,6,22,25,33,34|2,3,8,15,17,28|9,11,14,20,23,27
1,8,10,16,29,38|2,7,12,14,25,32|3,15,17,20,28,30
1,8,11,14,27,34|2,7,12,15,28,32|6,17,22,25,33,38
1,8,16,26,32,33|2,10,14,25,30,40|6,9,11,23,27,28
1,8,16,26,38,40|2,7,12,14,25,32|3,15,17,20,28,30
1,11,14,25,33,34|2,3,8,15,17,28|6,9,20,22,23,27
1,11,15,28,33,34|2,3,8,14,17,25|6,9,20,22,23,27
1,11,16,20,33,34|2,3,8,14,17,25|6,22,23,26,27,29
1,14,20,31,33,34|2,3,8,15,17,28|6,22,23,26,27,29
1,14,25,32,33,38|2,3,8,15,17,28|6,9,20,22,23,27
1,15,20,22,33,34|2,3,8,14,17,25|6,9,11,23,27,28
1,15,28,32,33,38|2,3,8,14,17,25|6,9,20,22,23,27
1,16,20,32,33,38|2,3,8,14,17,25|6,9,11,23,27,28
2,7,12,14,25,32|3,15,17,20,28,30|6,22,23,26,27,29
2,7,12,15,28,32|3,11,17,25,30,31|6,9,20,22,23,27
2,7,12,16,20,32|3,6,17,25,28,30|11,14,23,26,27,29
3,10,15,22,30,32|6,9,11,23,27,28|8,14,17,26,31,33
3,11,17,25,30,31|6,9,20,22,23,27|8,10,15,28,34,40
3,15,17,20,28,30|6,10,14,22,33,34|8,11,25,27,29,38
3,17,22,28,30,31|6,10,11,15,33,34|20,23,25,27,29,32
6,9,11,23,27,28|8,10,14,25,34,40|15,17,20,22,33,38
6,10,11,15,33,34|8,20,27,29,31,38|14,17,23,25,26,40
6,10,14,22,33,34|8,11,25,27,29,38|15,17,23,26,28,40
6,17,22,25,33,38|8,10,15,28,34,40|9,11,14,20,23,27
2,6,22,25,29,33|3,8,9,11,14,31|15,17,20,28,30,40
2,6,28,29,31,33|3,8,9,11,15,22|14,17,20,25,30,40
2,11,14,25,29,33|3,6,8,9,15,20|17,22,28,30,31,40
2,11,15,28,29,33|3,6,8,9,22,31|14,17,20,25,30,40
2,11,16,20,29,33|3,6,8,9,14,28|10,15,22,30,32,40
2,14,20,29,31,33|3,8,9,11,15,22|6,17,25,28,30,40
2,14,22,28,29,33|3,6,8,9,15,20|10,11,16,30,32,40
2,15,20,22,29,33|3,6,8,9,14,28|10,11,16,30,32,40
1,3,6,14,22,34|2,8,10,16,32,40|11,20,27,29,30,31
1,10,11,16,29,30|2,6,14,17,28,33|3,8,9,15,20,22
1,10,15,22,29,30|2,6,14,17,28,33|3,8,9,11,16,20
2,6,17,22,31,33|3,8,9,11,14,25|10,15,28,30,32,40
2,8,11,13,17,20|3,6,22,25,29,38|10,15,28,30,32,40
2,8,11,27,29,31|3,6,14,17,22,38|10,15,28,30,32,40
2,11,14,17,31,33|3,6,8,9,22,25|10,15,28,30,32,40
2,11,15,17,22,33|3,6,8,9,28,31|10,14,25,30,32,40
2,11,25,29,31,33|3,6,14,17,22,38|10,15,28,30,32,40
2,22,28,29,31,33|3,6,11,15,17,38|10,14,25,30,32,40
1,2,8,16,26,40|3,6,14,17,28,38|10,11,13,20,30,32
1,2,14,25,32,33|3,6,8,15,17,26|20,22,27,28,29,30
1,2,14,25,38,40|3,6,8,15,17,26|10,11,13,20,30,32
1,2,15,28,32,33|3,6,17,22,31,38|11,20,25,27,29,30
1,2,15,28,38,40|3,8,9,11,25,31|6,17,20,22,27,30
1,3,15,22,32,38|2,6,17,28,31,33|11,20,25,27,29,30
1,6,27,28,30,32|2,11,14,17,25,33|3,8,16,20,26,29
1,11,27,30,31,32|2,6,10,15,38,40|3,8,9,14,20,25
1,14,20,27,30,32|2,6,10,15,38,40|3,8,9,11,25,31
1,14,25,26,30,40|2,6,8,17,22,27|3,15,20,28,29,38
1,15,26,28,30,40|2,6,8,17,22,27|3,11,25,29,31,38
1,16,20,26,30,40|2,6,8,17,22,27|3,11,25,29,31,38
2,6,10,15,32,33|3,8,9,11,25,31|20,22,27,28,29,30
2,6,10,15,38,40|3,8,9,11,25,31|20,22,27,28,29,30
2,8,22,27,28,29|3,6,15,17,20,38|10,25,30,31,32,40
2,14,17,22,28,33|3,8,9,11,25,31|6,7,12,15,26,32
2,22,25,28,29,33|3,6,8,15,17,26|10,11,13,20,30,32
3,8,9,11,25,31|6,7,12,15,26,32|20,22,27,28,29,30
3,8,9,22,28,31|6,7,12,15,26,32|11,14,17,20,27,30
3,11,14,17,31,38|6,7,12,15,26,32|20,22,27,28,29,30
3,22,28,29,31,38|6,7,12,15,26,32|11,14,17,20,27,30
1,2,6,15,26,33|3,8,9,20,25,31|10,11,14,27,30,32
1,3,11,14,25,34|2,6,8,17,27,28|7,12,15,22,26,32
1,3,11,16,20,34|2,6,8,17,27,28|7,12,14,26,31,32
1,3,14,20,31,34|2,6,8,17,27,28|7,11,12,16,26,32
1,3,14,25,32,38|2,6,8,17,27,28|10,11,16,26,30,40
1,3,15,20,22,34|2,6,8,17,27,28|7,11,12,16,26,32
1,3,16,20,32,38|2,6,8,17,27,28|10,14,26,30,31,40
1,10,11,16,17,30|2,8,20,25,27,29|7,12,14,26,31,32
1,10,14,17,30,31|2,8,20,25,27,29|7,11,12,16,26,32
1,10,15,17,22,30|2,8,20,25,27,29|7,11,12,16,26,32
1,10,25,29,30,31|2,6,8,17,27,28|7,11,12,16,26,32
1,11,25,27,30,32|2,10,14,31,38,40|3,8,15,17,22,26
1,22,27,28,30,32|2,10,11,16,38,40|3,8,9,20,25,31
2,6,8,17,27,28|3,20,25,29,31,38|7,11,12,16,26,32
2,8,20,25,27,29|3,6,10,11,15,34|7,12,14,26,31,32
2,10,11,16,38,40|3,8,9,20,25,31|7,12,15,22,26,32
2,10,14,31,38,40|3,8,9,22,25,28|7,11,12,16,26,32
2,10,15,22,38,40|3,8,9,20,25,31|7,11,12,16,26,32
2,15,17,20,28,33|3,6,10,14,22,34|7,11,12,16,26,32
1,2,15,22,26,33|3,6,10,14,28,34|11,17,20,25,27,30
1,3,25,31,32,38|2,8,10,16,26,40|17,20,22,27,28,30
1,6,22,26,27,30|2,10,14,25,32,33|3,15,17,20,28,38
1,20,25,27,30,32|2,8,10,16,26,40|3,17,22,28,31,38
2,8,11,17,25,27|3,6,10,14,28,34|7,12,16,20,26,32
2,8,17,22,27,28|3,6,10,15,20,34|7,12,14,25,26,32
1,6,8,15,33,34|2,3,11,16,23,29|7,12,14,30,31,32
2,3,11,16,23,29|6,8,15,17,33,38|7,12,14,30,31,32
2,3,14,23,29,31|6,8,15,17,33,38|7,11,12,16,30,32
1,2,3,16,23,32|6,7,12,15,26,30|8,14,17,25,33,38
1,8,14,25,33,34|2,3,11,16,17,23|6,7,12,15,26,30
1,8,15,28,33,34|2,3,11,16,17,23|7,12,25,30,31,32
1,8,16,20,33,34|2,3,14,17,23,31|6,7,12,15,26,30
1,11,13,20,23,34|2,6,7,12,15,38|3,8,10,16,30,32
1,23,25,31,34,40|2,6,7,12,15,38|3,8,10,16,30,32
2,3,23,25,29,31|6,7,12,15,26,30|8,16,17,20,33,38
2,6,7,12,15,38|3,8,10,16,30,32|9,11,23,25,31,33
6,8,10,15,33,34|7,12,25,30,31,32|11,13,17,20,23,38
1,3,6,15,30,38|2,7,8,12,16,32|9,11,14,23,25,33
1,8,11,16,33,34|2,3,6,15,17,23|7,12,14,25,30,32
1,8,14,31,33,34|2,3,6,15,17,23|7,12,16,20,30,32
1,8,15,22,33,34|2,3,14,23,25,29|7,12,16,20,30,32
2,3,14,23,25,29|7,12,15,28,30,32|8,11,16,17,33,38
2,3,15,23,28,29|7,12,14,25,30,32|8,11,16,17,33,38
2,3,16,20,23,29|7,12,14,25,30,32|8,15,17,22,33,38
6,10,15,23,34,40|7,12,14,25,30,32|8,11,16,17,33,38
1,22,23,27,28,34|2,3,8,10,16,38|7,12,25,26,30,31
1,2,3,8,16,38|7,12,14,26,30,31|9,22,23,25,28,33
1,3,8,16,26,30|2,7,12,14,31,38|9,22,23,25,28,33
1,8,25,31,33,34|2,3,15,17,23,28|7,11,12,16,26,30
2,3,14,17,23,25|7,11,12,16,26,30|8,10,15,22,33,34
2,3,15,17,23,28|7,11,12,16,26,30|8,10,14,31,33,34
2,3,16,17,20,23|7,12,14,26,30,31|8,10,15,22,33,34
6,17,22,23,27,38|7,11,12,16,26,30|8,10,14,31,33,34
1,3,25,30,31,38|2,7,8,12,16,26|10,11,13,20,23,34
1,6,23,27,28,34|2,7,8,12,16,26|3,10,14,30,31,38
1,11,23,27,31,34|2,7,8,12,16,26|3,10,15,22,30,38
1,14,20,23,27,34|2,7,8,12,16,26|3,10,15,22,30,38
2,3,17,23,25,31|7,12,15,26,28,30|8,10,16,20,33,34
6,17,23,27,28,38|7,12,14,25,26,30|8,10,16,20,33,34
7,12,14,25,26,30|8,10,15,28,33,34|11,17,23,27,31,38
7,12,16,20,26,30|8,10,14,25,33,34|11,17,23,27,31,38
1,2,8,16,38,40|3,6,9,14,23,28|15,17,20,22,30,33
1,2,11,13,23,32|3,6,8,15,17,38|20,25,29,30,31,33
1,8,10,16,29,30|2,14,17,23,25,40|6,7,11,12,15,34
2,16,17,20,23,40|3,8,14,25,29,38|6,7,11,12,15,34
3,8,15,28,29,38|6,7,12,14,22,34|11,16,17,20,30,33
3,8,16,20,29,38|6,7,11,12,15,34|14,17,22,28,30,33
3,9,11,14,23,31|6,7,12,15,32,38|8,22,27,28,29,30
3,11,16,17,23,32|6,7,12,14,22,34|8,20,27,29,30,31
3,14,17,23,31,32|6,7,11,12,15,34|8,22,27,28,29,30
3,23,25,29,31,32|6,7,11,12,15,34|14,17,22,28,30,33
1,2,6,15,33,38|3,9,11,14,23,25|8,10,13,20,30,32
1,2,8,11,13,38|3,6,9,22,23,25|10,14,30,31,32,33
1,2,13,20,23,32|3,8,11,16,17,38|6,7,12,14,28,34
1,3,8,11,16,34|2,6,23,27,28,29|7,12,14,31,32,38
1,3,8,14,31,34|2,6,23,27,28,29|7,11,12,16,32,38
1,3,8,15,22,34|2,6,23,27,28,29|7,11,12,16,32,38|14,17,20,25,30,33
1,3,8,16,32,38|2,6,23,27,28,29|7,11,12,14,31,34
1,6,15,26,30,33|2,10,16,23,32,40|3,8,14,17,31,38
1,8,11,13,26,30|2,6,23,27,28,29|7,12,14,31,32,38
1,8,27,30,31,32|2,11,13,17,20,23|6,7,12,14,28,34
1,25,30,31,32,33|2,6,23,27,28,29|3,8,11,16,17,38
1,25,30,31,38,40|2,6,23,27,28,29|7,11,12,15,22,34
2,6,23,27,28,29|3,8,11,16,17,38|10,14,30,31,32,33
2,8,14,17,25,33|3,6,9,23,28,31|7,11,12,15,22,34
2,8,15,17,28,33|3,6,9,22,23,25|7,11,12,14,31,34
2,8,16,17,20,33|3,6,9,22,23,25|7,11,12,14,31,34
2,10,16,23,32,40|3,8,14,17,31,38|6,7,12,15,20,34
2,11,13,17,20,23|3,8,25,29,31,38|6,7,12,14,28,34|10,15,22,30,32,33
2,11,23,27,29,31|3,8,15,17,22,38|6,7,12,14,28,34
2,14,20,23,27,29|3,8,11,16,17,38|6,7,12,22,31,34
2,17,23,25,31,40|6,7,12,14,28,34|8,10,13,20,30,32
3,6,9,22,23,25|7,11,12,14,31,34|8,10,13,20,30,32
3,6,9,23,28,31|7,11,12,15,22,34|8,10,13,20,30,32
3,8,11,16,17,38|6,7,12,14,28,34|10,15,22,30,32,33
3,8,14,17,31,38|6,7,12,15,20,34|10,11,16,30,32,33
3,8,15,17,22,38|6,7,12,14,28,34|10,11,16,30,32,33
3,8,25,29,31,38|6,7,12,14,28,34|10,11,16,30,32,33
3,9,11,14,23,25|6,7,12,15,20,34|17,22,28,30,31,33
3,9,11,15,23,28|6,7,12,22,31,34|8,10,13,20,30,32
3,9,11,16,20,23|6,7,12,14,28,34|10,15,22,30,32,33
3,9,14,20,23,31|6,8,17,27,28,30|7,11,12,15,22,34
3,9,14,22,23,28|6,7,12,15,20,34|8,11,17,27,30,31
3,9,15,20,22,23|6,7,12,14,28,34|8,11,17,27,30,31
3,11,16,23,26,29|6,7,12,14,28,34|8,10,13,20,30,32
3,14,17,23,25,32|6,7,12,15,20,34|10,11,16,30,38,40
3,14,23,26,29,31|6,7,12,15,20,34|10,11,16,30,32,33
3,15,17,23,28,32|6,7,12,22,31,34|8,20,25,27,29,30
3,15,22,23,26,29|6,7,12,14,28,34|8,10,13,20,30,32
3,16,17,20,23,32|6,7,12,14,28,34|10,15,22,30,38,40
1,2,16,23,32,40|3,8,14,29,31,38|6,15,17,20,30,33
1,11,16,30,32,33|2,14,17,23,31,40|3,8,15,22,29,38
1,11,16,30,38,40|2,6,8,15,17,33|3,14,23,25,29,32
1,14,30,31,38,40|2,6,8,15,17,33|3,16,20,23,29,32
1,2,23,25,27,32|3,8,10,15,28,34|7,11,12,16,26,38
1,3,8,16,26,38|2,10,14,23,27,32|7,12,20,25,31,34
1,8,26,27,30,31|2,10,11,16,33,38|7,12,22,25,28,34
1,20,27,30,31,38|2,10,16,23,26,40|7,12,22,25,28,34
1,22,27,28,30,38|2,10,16,23,26,40|7,12,20,25,31,34
2,11,17,23,25,27|3,8,10,15,28,34|7,12,14,26,31,38
2,17,20,23,27,31|3,8,10,14,25,34|7,11,12,16,26,38
2,17,22,23,27,28|3,8,10,14,25,34|7,11,12,16,26,38
3,15,17,23,26,28|6,10,22,27,30,38|7,12,20,25,31,34
1,2,10,16,23,29|3,8,14,17,25,38|6,7,12,28,31,34
1,2,14,23,27,32|3,6,8,10,15,34|17,20,25,30,31,33
1,2,15,22,33,38|3,6,9,23,25,28|7,8,12,16,26,32
1,2,16,23,26,40|3,6,8,10,15,34|7,12,14,25,32,38
1,3,8,14,25,34|2,6,17,22,23,27|7,12,15,28,32,38
1,3,8,15,28,34|2,6,17,22,23,27|7,12,14,25,32,38
1,3,8,16,20,34|2,6,17,22,23,27|7,12,14,25,32,38
1,6,22,27,30,38|2,8,10,16,32,33|3,9,11,23,25,31
1,8,10,16,17,30|2,11,23,25,27,29|6,7,12,28,31,34
1,8,13,20,26,30|2,6,17,22,23,27|7,11,12,14,25,34
1,8,25,27,30,32|3,6,15,17,23,26|7,11,12,16,20,34
1,11,14,27,30,38|2,8,10,16,32,33|3,6,9,23,25,28|7,12,15,20,22,34
1,11,16,26,30,33|2,6,17,22,23,27|7,12,14,20,31,34
1,14,26,30,31,33|2,6,17,22,23,27|7,11,12,15,28,34
1,15,22,26,30,33|2,8,10,16,38,40|3,6,9,23,25,28|7,12,14,20,31,34
2,6,17,22,23,27|7,8,12,16,26,32|10,14,25,30,38,40
2,8,10,16,32,33|3,6,9,23,25,28|7,12,14,20,31,34
2,8,10,16,38,40|3,6,9,23,25,28|7,12,14,20,31,34
2,10,11,13,23,32|3,8,14,17,25,38|6,7,12,28,31,34
2,11,14,17,23,27|3,6,8,10,15,34|7,12,16,20,32,38
2,11,23,25,27,29|3,6,8,10,15,34|7,12,16,20,32,38
2,20,23,27,29,31|3,6,8,10,15,34|7,12,14,25,32,38
2,22,23,27,28,29|3,6,8,10,15,34|7,12,14,25,32,38
3,6,15,17,23,26|7,11,12,14,25,34|10,16,20,30,32,33
3,8,14,17,25,38|6,7,12,28,31,34|10,16,20,30,32,33
3,8,15,17,28,38|6,7,12,22,25,34|10,16,20,30,32,33
3,8,16,17,20,38|6,7,12,22,25,34|10,15,28,30,32,33
3,9,11,23,25,31|7,8,12,16,26,32|10,15,28,30,38,40
3,9,14,20,23,25|6,7,12,28,31,34|8,10,16,26,30,40
3,9,15,20,23,28|6,7,12,22,25,34|8,10,14,27,30,32
3,9,22,23,28,31|7,8,12,16,26,32|10,14,25,30,38,40
3,14,23,25,26,29|6,7,12,28,31,34|10,16,20,30,32,33
3,15,23,26,28,29|6,7,12,22,25,34|8,10,14,27,30,32
3,16,20,23,26,29|6,7,12,22,25,34|8,10,14,27,30,32
3,17,23,25,31,32|7,11,12,15,28,34|8,10,16,26,30,40
1,2,8,14,27,38|3,9,20,23,25,31|6,10,15,26,30,33
1,2,23,27,31,32|3,8,10,11,16,34|6,7,12,15,26,38
1,3,16,23,26,32|2,6,10,15,33,38|7,11,12,25,31,34
1,6,27,28,30,38|2,10,13,20,23,32|7,11,12,25,31,34
1,8,14,26,27,30|2,6,10,15,33,38|3,9,20,23,25,31
1,11,27,30,31,38|2,10,13,20,23,32|6,7,12,25,28,34
1,14,25,26,30,33|2,6,17,23,27,28|3,8,10,11,16,34
1,15,26,28,30,33|2,8,10,11,13,38|3,9,20,23,25,31
1,16,20,26,30,33|2,6,17,23,27,28|3,8,10,14,31,34
2,6,17,23,27,28|3,8,10,11,16,34|7,12,25,31,32,38
2,14,17,20,23,27|3,8,10,11,16,34|6,7,12,15,26,38
2,20,23,25,27,29|3,8,10,11,16,34|6,7,12,15,26,38
3,9,22,23,25,28|6,7,12,15,26,38|8,10,27,30,31,32
3,11,16,17,23,26|6,7,12,25,28,34|8,10,27,30,31,32
3,14,17,23,26,31|6,7,12,25,28,34|10,11,13,20,30,38
3,15,17,22,23,26|6,7,12,25,28,34|8,10,27,30,31,32
1,2,3,6,16,26|8,9,11,25,27,28|10,13,20,22,32,38
1,2,3,14,15,26|6,11,17,25,27,38|10,16,20,28,34,40
1,6,11,25,27,34|2,3,10,15,31,32|8,13,17,20,26,28
1,6,20,27,31,34|2,3,10,11,21,32|14,17,22,25,26,33
1,6,22,27,28,34|2,3,10,11,21,32|15,17,20,26,31,33
1,8,15,26,27,32|2,3,14,17,25,28|10,11,13,20,22,34
1,11,14,27,28,34|2,3,10,15,31,32|16,17,20,22,26,33
1,11,15,20,27,34|2,3,10,16,22,32|6,17,25,26,31,33
1,11,22,27,31,34|2,3,14,17,25,28|6,10,16,26,32,33
1,14,20,22,27,34|2,3,10,11,21,32|6,17,25,26,31,33
1,15,25,26,32,33|2,3,16,17,20,28|6,10,11,14,27,34
1,15,25,26,38,40|2,3,10,11,21,32|8,9,20,27,28,31
1,16,26,28,32,33|2,3,15,17,20,25|6,10,11,14,27,34
1,16,26,28,38,40|2,3,10,11,21,32|8,9,20,22,25,27
1,20,21,26,38,40|2,3,10,15,31,32|8,9,11,25,27,28
1,2,3,15,25,32|6,8,14,17,26,27|10,11,16,28,34,40
1,2,3,16,28,32|6,8,9,20,25,27|11,15,17,26,31,33
1,2,3,20,21,32|6,8,14,17,26,27|9,11,25,28,31,33
1,6,11,13,26,38|2,3,10,14,15,32|8,9,20,22,27,31
1,6,11,27,31,34|2,3,10,14,15,32|8,13,17,20,22,26
1,6,14,20,27,34|2,3,11,15,17,25|8,10,21,26,32,40
1,6,27,31,32,38|2,3,11,15,17,25|10,16,20,22,34,40
1,8,9,10,11,21|2,3,6,17,25,31|14,20,27,28,29,38
1,8,9,10,15,31|2,3,11,16,17,28|6,20,25,27,29,38
1,8,9,10,16,22|2,3,6,17,25,31|14,20,27,28,29,38
1,8,13,26,28,32|2,3,6,17,25,31|10,11,20,21,34,40
1,10,11,21,29,38|2,3,6,17,25,31|8,9,14,20,27,28
1,10,15,29,31,38|2,3,11,16,17,28|6,8,9,20,25,27
1,10,16,22,29,38|2,3,6,17,25,31|8,9,14,20,27,28
1,11,13,20,28,34|2,3,6,10,16,32|8,22,26,27,29,31
1,11,14,22,27,34|2,3,6,10,16,32|15,20,25,26,29,33
1,11,15,27,32,38|2,3,6,17,25,31|10,16,20,22,34,40
1,11,21,26,32,33|2,3,6,17,25,31|8,9,14,20,27,28
1,11,21,26,38,40|2,3,6,10,16,32|8,9,14,20,27,28
1,14,22,27,32,38|2,3,6,17,25,31|10,11,16,28,34,40
1,15,26,31,32,33|2,3,11,16,17,28|6,8,9,20,25,27
1,15,26,31,38,40|2,3,6,10,16,32|8,9,11,22,25,27
1,16,22,26,32,33|2,3,6,17,25,31|8,9,14,20,27,28
1,16,22,26,38,40|2,3,6,17,25,31|8,9,14,20,27,28
1,25,28,31,34,40|2,3,6,10,16,32|8,13,17,20,22,26
2,3,6,10,16,32|8,9,11,22,25,27|14,15,17,20,26,33
2,3,6,17,25,31|8,9,14,20,27,28|10,11,13,22,32,38
2,3,10,14,15,32|6,8,9,20,25,27|11,16,17,22,26,33
2,3,11,15,17,25|6,8,10,13,26,32|14,20,27,28,29,38
2,3,14,17,22,25|6,8,10,13,26,32|11,27,28,29,31,38
2,3,14,17,28,31|6,8,9,20,25,27|10,11,13,22,32,38
2,3,15,17,20,31|6,8,10,13,26,32|11,22,25,27,29,38
2,3,16,17,20,22|6,8,10,13,26,32|9,11,25,28,31,33
2,3,25,28,29,31|6,8,10,13,26,32|11,14,17,22,27,38
6,8,14,17,26,27|9,11,25,28,31,33|10,16,20,22,34,40
6,10,25,31,34,40|8,9,14,20,27,28|11,16,17,22,26,33
6,11,17,27,31,38|8,10,21,26,32,40|9,14,20,25,28,33
6,14,17,20,27,38|8,10,21,26,32,40|9,11,25,28,31,33
6,14,17,25,26,33|8,9,11,27,28,31|10,16,20,22,34,40
6,15,17,26,28,33|8,9,11,22,25,27|10,20,21,32,38,40
6,16,17,20,26,33|8,9,11,22,25,27|10,14,28,31,34,40
1,2,3,11,21,32|6,8,9,20,27,31|14,17,25,28,38,40
1,2,3,15,31,32|6,8,9,11,25,27|16,17,20,28,38,40
1,2,3,16,22,32|6,8,9,11,25,27|10,14,15,20,34,40
1,6,8,9,10,16|2,3,11,15,17,31|14,20,22,27,29,38
1,6,10,16,29,38|2,3,11,15,17,31|8,9,14,20,22,27
1,6,11,14,27,34|2,3,15,20,25,29|8,16,17,26,28,40
1,6,14,27,32,38|2,3,11,15,17,31|8,13,20,26,28,29
1,6,16,26,32,33|2,3,11,15,17,31|8,9,14,20,22,27
1,6,16,26,38,40|2,3,11,15,17,31|8,9,14,20,22,27
1,8,9,10,14,15|2,3,6,16,17,20|11,22,27,29,31,38
1,8,13,22,26,32|2,3,6,14,17,25|9,11,16,20,28,33
1,10,14,15,29,38|2,3,6,16,17,20|8,9,11,22,27,31
1,11,13,20,22,34|2,3,6,14,17,25|10,15,31,32,38,40
1,11,13,28,32,38|2,3,6,14,17,25|15,20,26,29,31,33
1,13,20,22,32,38|2,3,6,14,17,25|8,11,15,26,27,29
1,14,15,26,32,33|2,3,6,16,17,20|8,9,11,22,27,31
1,14,15,26,38,40|2,3,6,16,17,20|8,9,11,22,27,31
1,14,25,28,34,40|2,3,6,16,17,20|8,9,11,22,27,31
1,15,20,25,34,40|2,3,11,16,17,22|6,8,26,27,29,31
1,16,20,28,34,40|2,3,6,14,17,25|8,9,11,22,27,31
1,22,25,31,34,40|2,3,6,15,17,28|11,20,21,26,29,33
2,3,6,14,17,25|8,9,11,15,20,27|10,16,22,32,38,40
2,3,6,16,17,20|8,9,11,14,27,28|10,15,31,32,38,40
2,3,14,15,17,20|6,8,9,11,25,27|10,16,22,32,38,40
2,3,14,25,28,29|6,8,9,20,27,31|10,11,16,22,34,40
2,3,15,20,25,29|6,8,9,22,27,28|10,11,21,32,38,40
2,3,16,20,28,29|6,8,9,11,25,27|10,14,22,31,34,40
2,3,22,25,29,31|6,8,13,17,20,26|10,11,21,32,38,40
6,8,9,20,27,31|10,11,16,22,34,40|14,17,25,28,32,33
6,8,13,17,20,26|9,11,14,25,28,33|10,15,31,32,38,40
6,8,17,25,27,32|9,11,16,20,28,33|10,14,22,31,34,40
6,8,26,27,29,31|9,11,14,25,28,33|10,16,22,32,38,40
6,10,16,20,34,40|8,9,11,14,27,28|17,22,25,31,32,33
6,11,16,17,26,33|8,9,14,20,22,27|10,15,31,32,38,40
6,14,17,26,31,33|8,9,11,15,20,27|10,16,22,32,38,40
6,25,26,29,31,33|8,9,11,14,27,28|10,16,22,32,38,40
8,9,11,14,27,28|10,15,31,32,38,40|16,20,22,26,29,33
1,6,11,13,32,38|2,3,14,15,20,29|8,9,22,25,31,40
1,6,14,25,34,40|2,3,11,15,29,31|8,13,17,20,22,32
1,11,15,31,34,40|2,3,6,14,25,29|8,13,17,20,22,32
1,15,31,32,38,40|2,3,6,14,25,29|8,9,11,13,20,22
2,3,6,16,20,29|8,9,14,25,28,40|11,15,17,31,32,33
1,2,3,6,16,32|8,9,11,13,20,28|14,17,22,25,38,40
1,2,3,14,15,32|6,8,9,11,27,31|16,17,20,22,38,40
1,6,8,13,26,32|2,3,11,14,15,17|25,28,29,31,38,40
1,6,11,13,20,34|2,3,14,22,25,29|8,15,17,26,31,40
1,6,13,20,32,38|2,3,11,14,15,17|8,9,25,28,31,40
1,6,25,31,34,40|2,3,11,14,15,17|8,13,20,22,26,29
1,8,10,21,29,32|2,3,6,11,16,17|9,14,20,22,31,33
1,8,21,26,32,40|2,3,6,11,16,17|9,14,20,22,31,33
1,11,15,25,34,40|2,3,6,14,17,31|8,13,20,22,26,29
1,11,16,28,34,40|2,3,6,14,17,31|8,13,20,22,26,29
1,11,20,21,34,40|2,3,6,14,17,31|8,22,25,27,29,32
1,14,22,25,34,40|2,3,6,11,16,17|8,27,28,29,31,32
1,14,28,31,34,40|2,3,6,11,16,17|8,13,20,22,26,29
1,15,20,31,34,40|2,3,6,11,16,17|8,22,25,27,29,32
1,15,25,32,38,40|2,3,6,11,16,17|8,13,20,22,26,29
1,16,20,22,34,40|2,3,6,14,17,31|8,11,13,26,28,29
1,16,28,32,38,40|2,3,6,14,17,31|8,13,20,22,26,29
1,20,21,32,38,40|2,3,6,11,16,17|14,22,26,29,31,33
2,3,6,11,16,17|8,9,25,28,31,40|14,15,20,26,29,33
2,3,6,25,29,31|8,9,11,13,20,28|10,14,15,32,38,40
2,3,16,20,22,29|6,8,9,11,27,31|10,14,15,32,38,40
6,10,11,16,34,40|8,13,17,20,28,32|14,22,26,29,31,33
6,10,16,32,38,40|8,9,11,13,20,28|14,22,26,29,31,33
1,2,6,16,32,33|3,8,9,11,15,31|14,17,25,28,30,40
1,2,6,16,38,40|3,8,9,11,15,31|14,20,22,27,29,30
1,2,8,13,22,32|3,6,14,25,29,38|16,17,20,28,30,40
1,2,14,15,32,33|3,6,8,9,16,20|11,22,27,29,30,31
1,2,14,15,38,40|3,6,8,9,16,20|11,22,27,29,30,31
1,6,16,26,30,40|2,8,11,13,17,22|3,14,15,20,29,38
1,14,15,26,30,40|2,6,8,13,17,20|3,11,16,22,29,38
2,6,8,13,17,20|3,11,15,29,31,38|10,16,22,30,32,40
2,8,11,13,17,22|3,6,14,25,29,38|10,15,30,31,32,40
2,11,16,28,29,33|3,6,8,9,14,25|10,15,30,31,32,40
2,11,20,21,29,33|3,6,8,9,14,25|10,15,30,31,32,40
2,14,22,25,29,33|3,6,8,9,15,28|10,11,21,30,32,40
2,14,28,29,31,33|3,6,8,9,16,20|10,11,21,30,32,40
2,15,20,29,31,33|3,6,8,9,14,25|10,11,21,30,32,40
2,15,22,28,29,33|3,6,8,9,14,25|10,11,21,30,32,40
2,16,20,22,29,33|3,6,8,9,14,25|10,11,21,30,32,40
1,2,6,11,13,38|3,8,9,14,22,25|10,16,28,30,32,40
1,2,8,13,28,32|3,6,11,16,17,38|20,22,27,29,30,31
1,2,11,21,32,33|3,6,8,9,25,31|14,20,27,28,29,30
1,2,11,21,38,40|3,6,8,9,25,31|14,20,27,28,29,30
1,2,15,31,32,33|3,6,11,16,17,38|14,20,27,28,29,30
1,2,15,31,38,40|3,8,9,11,16,28|6,10,13,20,30,32
1,2,16,22,32,33|3,6,8,9,25,31|11,13,17,20,28,30
1,2,16,22,38,40|3,6,8,9,25,31|11,13,17,20,28,30
1,3,6,11,16,34|2,8,10,21,32,40|14,20,27,28,29,30
1,3,6,14,31,34|2,8,10,21,32,40|11,13,17,20,28,30
1,3,6,15,22,34|2,8,10,21,32,40|11,13,17,20,28,30
1,3,6,16,32,38|2,8,11,13,17,28|20,22,27,29,30,31
1,3,11,14,15,34|2,6,8,10,13,32|17,25,28,30,31,40
1,3,14,15,32,38|2,6,8,25,27,29|11,13,17,20,28,30
1,6,11,13,26,30|2,8,10,21,32,40|3,14,22,25,29,38
1,6,27,30,31,32|2,8,11,13,17,28|3,14,22,25,29,38
1,11,15,27,30,32|2,6,14,17,25,33|3,8,9,16,20,22
1,11,21,26,30,40|2,6,8,10,13,32|3,14,22,25,29,38
1,13,20,28,30,32|2,6,8,14,17,27|3,11,15,25,29,38
1,14,22,27,30,32|2,6,15,17,28,33|3,8,9,11,20,21
1,15,26,30,31,40|2,6,8,10,13,32|3,11,16,28,29,38
1,16,22,26,30,40|2,6,8,10,13,32|3,11,14,15,17,38
2,6,8,10,13,32|3,11,14,15,17,38|20,22,27,29,30,31
2,6,8,14,17,27|3,11,15,25,29,38|10,16,28,30,32,40
2,6,8,25,27,29|3,11,14,15,17,38|10,16,28,30,32,40
2,6,14,17,25,33|3,8,9,11,16,28|10,20,21,30,32,40
2,8,10,21,32,40|3,6,11,16,17,38|14,20,27,28,29,30
2,8,11,13,17,28|3,6,25,29,31,38|10,20,21,30,32,40
2,8,13,17,20,22|3,6,25,29,31,38|10,16,28,30,32,40
2,8,14,27,28,29|3,6,11,16,17,38|10,15,25,30,32,40
2,8,22,27,29,31|3,6,11,16,17,38|10,15,25,30,32,40
2,11,15,17,31,33|3,8,9,14,22,25|6,10,13,20,30,32
2,11,16,17,22,33|3,6,8,9,25,31|10,20,21,30,32,40
2,14,15,17,20,33|3,6,8,9,25,31|10,11,13,22,30,32
2,14,17,22,31,33|3,8,9,11,15,25|6,10,13,20,30,32
2,14,25,28,29,33|3,6,11,16,17,38|10,20,21,30,32,40
2,16,20,28,29,33|3,6,8,9,25,31|10,11,13,22,30,32
2,22,25,29,31,33|3,6,11,16,17,38|10,20,21,30,32,40
1,2,6,8,13,32|3,11,14,15,29,38|16,17,20,22,30,40
1,2,11,15,27,38|3,6,10,14,25,34|7,12,16,26,28,32
1,2,11,21,26,33|3,6,10,14,25,34|17,20,27,28,30,31
1,2,14,22,27,38|3,6,10,15,28,34|7,12,20,21,26,32
1,2,16,22,26,33|3,6,10,14,25,34|17,20,27,28,30,31
1,13,20,26,28,30|2,8,10,15,27,32|3,17,22,25,31,38
2,8,17,22,25,27|3,6,10,15,28,34|7,12,20,21,26,32
2,8,17,27,28,31|3,6,10,14,25,34|7,12,20,21,26,32
3,10,11,15,31,34|7,12,16,26,28,32|17,20,22,25,27,30
3,10,11,16,22,34|7,12,15,25,26,32|17,20,27,28,30,31
1,2,6,8,13,26|3,11,15,17,31,38|20,22,25,27,29,30
1,2,6,13,20,38|3,8,9,14,25,28|11,17,22,27,30,31
1,2,8,21,26,40|3,6,14,17,25,38|10,11,13,28,30,32
1,2,11,13,22,38|3,6,8,16,17,26|20,27,28,29,30,31
1,2,15,25,32,33|3,6,8,16,17,26|20,27,28,29,30,31
1,2,15,25,38,40|3,6,8,16,17,26|10,11,13,28,30,32
1,2,16,28,38,40|3,8,9,15,20,25|6,10,14,27,30,32
1,2,20,21,32,33|3,6,8,16,17,26|11,25,27,28,29,30
1,2,20,21,38,40|3,6,8,16,17,26|10,11,13,28,30,32
1,3,6,14,25,34|2,8,10,13,22,32|11,15,17,20,27,30
1,3,6,16,20,34|2,8,10,13,22,32|11,14,17,27,28,30
1,3,11,15,31,34|2,6,10,16,32,33|14,17,20,22,27,30
1,3,11,16,22,34|2,6,8,17,27,31|7,12,14,15,26,32
1,3,11,21,32,38|2,6,8,17,27,31|10,14,15,26,30,40
1,3,14,15,20,34|2,6,8,17,27,31|10,11,13,28,30,32
1,3,14,22,31,34|2,6,10,16,32,33|11,15,17,20,27,30
1,3,15,31,32,38|2,8,13,17,20,28|6,10,16,26,30,40
1,3,16,22,32,38|2,6,8,17,27,31|10,14,15,26,30,40
1,6,10,16,17,30|2,8,22,25,27,29|7,12,14,15,26,32
1,6,13,20,26,30|2,8,11,15,17,27|3,14,25,28,29,38
1,10,14,15,17,30|2,8,22,25,27,29|6,7,12,16,26,32
1,10,16,28,29,30|2,6,8,17,27,31|7,12,14,15,26,32
1,10,20,21,29,30|2,6,8,17,27,31|7,12,14,15,26,32
1,11,13,22,26,30|2,6,8,17,27,31|3,14,25,28,29,38
1,14,27,28,30,32|2,6,10,16,38,40|3,8,9,15,20,25
1,15,20,27,30,32|2,6,10,16,38,40|3,8,9,14,25,28
1,15,25,26,30,40|2,6,8,17,27,31|3,16,20,28,29,38
1,16,26,28,30,40|2,6,8,17,27,31|3,15,20,25,29,38
1,20,21,26,30,40|2,6,8,17,27,31|3,14,25,28,29,38
1,22,27,30,31,32|2,6,10,16,38,40|3,8,9,14,25,28
2,6,8,17,27,31|3,14,25,28,29,38|10,13,20,22,30,32
2,6,10,16,32,33|3,8,9,14,25,28|11,15,17,20,27,30
2,6,10,16,38,40|3,8,9,14,25,28|11,15,17,20,27,30
2,6,17,25,31,33|3,8,9,16,20,28|7,12,14,15,26,32
2,8,10,13,22,32|3,6,14,17,25,38|20,27,28,29,30,31
2,8,11,15,17,27|3,14,25,28,29,38|6,7,12,16,26,32
2,8,13,17,20,28|3,22,25,29,31,38|6,7,12,16,26,32
2,8,14,17,22,27|3,15,20,25,29,38|6,7,12,16,26,32
2,8,27,28,29,31|3,6,14,17,25,38|10,13,20,22,30,32
2,10,14,15,32,33|3,6,8,16,17,26|11,25,27,28,29,30
2,10,14,15,38,40|3,6,8,16,17,26|11,25,27,28,29,30
2,11,15,17,25,33|3,8,9,16,20,28|6,10,14,27,30,32
2,11,16,17,28,33|3,8,9,15,20,25|6,10,14,27,30,32
2,11,17,20,21,33|3,8,9,14,25,28|6,7,12,16,26,32
2,14,17,28,31,33|3,8,9,15,20,25|6,7,12,16,26,32
2,15,17,20,31,33|3,8,9,14,25,28|6,7,12,16,26,32
2,15,17,22,28,33|3,8,20,21,26,29|6,10,14,27,30,32
2,25,28,29,31,33|3,6,8,16,17,26|10,13,20,22,30,32
3,6,16,17,20,38|7,12,14,15,26,32|11,25,27,28,29,30
3,8,9,14,25,28|6,7,12,16,26,32|11,15,17,20,27,30
3,8,9,15,20,25|6,7,12,16,26,32|11,14,17,27,28,30
3,8,9,22,25,31|6,7,12,16,26,32|11,14,17,27,28,30
3,11,15,17,31,38|6,7,12,16,26,32|20,22,25,27,29,30
3,14,15,17,20,38|6,7,12,16,26,32|11,25,27,28,29,30
3,14,17,22,31,38|6,7,12,16,26,32|11,25,27,28,29,30
3,14,25,28,29,38|6,7,12,16,26,32|11,15,17,20,27,30
3,15,20,25,29,38|6,7,12,16,26,32|11,14,17,27,28,30
3,22,25,29,31,38|6,7,12,16,26,32|11,14,17,27,28,30
1,2,6,14,27,38|3,8,9,25,28,31|7,11,12,21,26,32
1,2,6,16,26,33|3,8,9,25,28,31|10,11,15,27,30,32
1,2,8,13,22,26|3,6,10,11,16,34|14,17,20,27,28,30
1,2,11,13,28,38|3,6,10,14,31,34|7,12,16,22,26,32
1,2,13,20,22,38|3,6,10,11,16,34|7,12,15,26,31,32
1,2,14,15,26,33|3,6,10,11,16,34|17,20,22,27,30,31
1,3,8,21,26,32|2,6,10,11,13,38|14,17,20,27,28,30
1,3,11,15,25,34|2,8,10,13,28,32|17,20,22,27,30,31
1,3,11,16,28,34|2,6,8,17,25,27|7,12,15,26,31,32
1,3,11,20,21,34|2,6,8,17,25,27|7,12,15,26,31,32
1,3,14,22,25,34|2,6,10,11,13,38|7,12,15,26,31,32
1,3,14,28,31,34|2,6,8,17,25,27|7,11,12,21,26,32
1,3,15,20,31,34|2,6,8,17,25,27|7,11,12,21,26,32
1,3,15,22,28,34|2,6,8,17,25,27|7,11,12,21,26,32
1,3,15,25,32,38|2,8,14,17,27,28|6,10,11,13,26,30
1,3,16,20,22,34|2,6,8,17,25,27|7,11,12,21,26,32
1,3,16,28,32,38|2,6,8,17,25,27|10,11,21,26,30,40
1,3,20,21,32,38|2,6,8,17,25,27|10,15,26,30,31,40
1,6,14,26,27,30|2,8,10,13,28,32|3,11,15,17,25,38
1,10,11,17,21,30|2,8,25,27,28,29|7,12,15,26,31,32
1,10,15,17,30,31|2,8,25,27,28,29|7,11,12,21,26,32
1,10,16,17,22,30|2,8,25,27,28,29|7,11,12,21,26,32
1,11,13,26,28,30|2,6,8,17,25,27|3,10,14,15,32,38
1,13,20,22,26,30|2,6,8,17,25,27|3,10,11,14,15,34
1,22,25,27,30,32|2,6,10,11,13,38|3,8,15,17,26,31
1,27,28,30,31,32|2,6,10,11,13,38|3,8,16,17,22,26
2,6,8,17,25,27|3,10,11,14,15,34|7,12,16,22,26,32
2,6,10,11,13,38|3,8,9,25,28,31|7,12,16,22,26,32
2,8,14,17,27,28|3,6,10,11,16,34|7,12,15,26,31,32
2,8,25,27,28,29|3,6,10,11,16,34|7,12,15,26,31,32
2,10,11,21,38,40|3,8,9,25,28,31|7,12,16,22,26,32
2,10,15,31,32,33|3,8,11,17,21,26|20,25,27,28,29,30
2,10,15,31,38,40|3,8,11,17,21,26|20,25,27,28,29,30
2,10,16,22,38,40|3,8,9,25,28,31|7,11,12,21,26,32
2,14,17,25,28,33|3,6,10,11,16,34|7,12,15,26,31,32
2,16,17,20,28,33|3,6,10,14,31,34|7,11,12,21,26,32
3,6,10,11,16,34|7,12,15,26,31,32|14,17,20,27,28,30
3,6,10,14,31,34|7,11,12,21,26,32|20,25,27,28,29,30
3,6,10,15,22,34|7,11,12,21,26,32|14,17,20,27,28,30
3,10,11,14,15,34|6,17,20,25,27,30|7,12,16,22,26,32
1,2,3,6,16,38|8,9,25,28,31,33|10,17,20,21,23,29
1,2,3,14,15,38|6,8,10,13,20,34|9,11,22,23,27,31
1,2,6,27,30,31|8,10,11,13,22,34|15,17,23,25,26,40
1,2,11,15,27,30|6,8,10,13,20,34|14,17,22,25,33,38
1,2,13,20,28,30|6,8,17,27,31,38|10,11,14,15,33,34
1,2,14,22,27,30|6,8,10,13,20,34|11,15,17,25,33,38
1,3,6,16,26,30|2,7,12,15,25,32|8,10,11,13,22,34|14,17,28,31,33,38
1,3,14,15,26,30|2,7,12,16,28,32|6,8,10,13,20,34|9,11,22,23,27,31
1,6,8,13,26,38|2,7,12,15,25,32|3,16,17,20,28,30|9,11,22,23,27,31
1,6,8,27,31,34|2,7,12,15,25,32|3,16,17,20,28,30
1,6,25,31,33,34|2,3,8,16,17,28|9,11,15,20,23,27
1,8,10,21,29,38|2,7,12,15,25,32|3,16,17,20,28,30|9,11,22,23,27,31
1,8,11,15,27,34|2,6,10,13,20,30|14,17,22,25,33,38
1,8,13,20,28,34|2,7,12,15,25,32|6,23,26,27,29,31
1,8,14,22,27,34|2,6,10,13,20,30|11,15,17,25,33,38
1,8,15,27,32,38|2,6,10,13,20,30|16,17,23,26,28,40
1,8,21,26,32,33|2,6,10,13,20,30|9,11,14,23,27,28
1,8,21,26,38,40|2,6,10,13,20,30|9,11,14,23,27,28
1,11,15,25,33,34|2,3,8,16,17,28|6,9,20,23,27,31
1,11,16,28,33,34|2,3,8,15,17,25|6,9,20,23,27,31
1,11,20,21,33,34|2,3,8,15,17,25|6,9,22,23,27,28
