1,14,17,27,32,38|2,3,6,9,10,15|11,16,18,20,26,34
1,16,17,26,38,40|2,3,6,9,10,15|11,12,25,27,33,35
1,20,27,29,31,34|2,3,6,9,10,15|14,18,25,26,32,38
1,22,27,28,29,34|2,3,6,9,10,15|14,18,25,26,32,38
1,25,27,29,32,38|2,3,6,9,10,15|11,16,18,20,26,34
2,3,11,13,26,32|6,10,22,27,29,34|9,17,20,25,31,33
6,10,22,27,29,34|9,17,20,25,31,33|15,18,26,28,32,38
9,10,14,25,32,33|11,15,18,26,28,34|17,20,27,29,31,38
9,10,14,25,38,40|11,15,18,26,28,34|12,20,27,31,33,35
9,10,15,28,32,33|11,14,18,25,26,34|17,20,27,29,31,38
9,10,15,28,38,40|11,12,25,27,33,35|14,18,20,26,31,34
9,10,16,20,32,33|11,14,18,25,26,34|17,22,27,28,29,38
9,10,16,20,38,40|11,12,25,27,33,35|14,18,22,26,28,34
9,17,20,25,31,33|10,11,14,27,29,34|15,18,26,28,32,38
9,17,22,25,28,33|10,11,14,27,29,34|16,18,20,26,32,38
10,11,13,17,32,38|12,20,27,31,33,35|14,18,22,26,28,34
10,14,17,25,34,40|12,20,27,31,33,35|15,18,26,28,32,38
10,15,17,28,34,40|11,12,25,27,33,35|16,18,20,26,32,38
10,16,17,20,34,40|11,12,25,27,33,35|15,18,26,28,32,38
1,2,3,9,11,16|6,12,27,28,33,35|8,10,13,26,29,32
1,2,3,9,14,31|6,12,27,28,33,35|8,10,13,26,29,32
1,2,3,9,15,22|6,12,27,28,33,35|8,10,13,26,29,32
1,2,3,16,17,32|6,12,27,28,33,35|9,10,14,31,38,40|11,15,18,22,26,34
1,6,27,28,29,34|2,3,16,26,32,40|9,11,17,25,31,33
1,8,9,11,13,26|2,3,10,16,29,32|6,12,27,28,33,35
1,8,10,12,13,35|2,3,16,26,32,40|6,9,17,25,28,33
1,8,13,17,26,32|6,12,27,28,33,35|9,10,11,16,38,40
1,9,11,13,20,38|2,3,10,16,29,32|6,12,27,28,33,35
1,9,25,31,38,40|2,3,10,16,29,32|6,12,27,28,33,35|11,15,18,22,26,34
1,10,16,32,34,40|2,3,17,25,29,31|6,12,27,28,33,35
1,11,13,17,20,34|2,3,10,16,29,32|6,12,27,28,33,35
1,11,13,26,29,38|6,8,9,17,27,28|18,20,25,31,32,34
1,11,27,29,31,34|2,3,16,26,32,40|6,9,17,25,28,33
1,13,17,20,32,38|6,12,27,28,33,35|10,25,29,31,34,40
1,14,20,27,29,34|2,3,16,26,32,40|6,9,17,25,28,33
1,17,25,31,34,40|2,3,10,16,29,32|6,12,27,28,33,35
1,27,29,31,32,38|6,9,17,25,28,33|11,13,20,26,34,40
2,3,10,16,29,32|6,8,9,17,27,28|11,13,20,26,34,40
2,3,16,26,32,40|6,8,9,17,27,28|10,11,13,20,29,34
2,3,17,25,29,31|6,12,27,28,33,35|8,9,10,13,20,32|11,15,18,22,26,34
6,8,9,17,27,28|10,11,13,20,29,34|14,18,26,31,32,38
6,12,27,28,33,35|8,9,10,13,20,32|11,14,18,26,31,34
6,14,18,26,28,34|8,9,10,13,20,32|11,12,27,31,33,35
6,17,27,28,29,38|8,9,10,13,20,32|11,14,18,26,31,34
6,19,22,25,26,34|8,9,10,13,20,32|11,12,27,31,33,35
8,9,10,13,20,32|11,12,27,31,33,35|14,19,22,26,28,34
8,9,11,17,27,31|10,13,20,29,32,38|14,19,22,26,28,34
8,9,14,17,20,27|10,25,29,31,34,40|11,16,18,26,32,38
8,9,20,25,27,29|10,11,16,17,34,40|14,18,26,31,32,38
9,10,11,16,38,40|12,14,20,27,33,35|18,22,25,28,32,34
9,11,17,25,31,33|10,13,20,29,32,38|14,19,22,26,28,34
9,15,17,20,28,33|10,25,29,31,34,40|11,16,18,26,32,38
9,17,22,28,31,33|10,11,13,20,29,34|14,19,25,26,32,38
10,11,16,17,34,40|12,14,20,27,33,35|15,18,22,26,32,38
10,13,20,29,32,38|11,12,27,31,33,35|14,19,22,26,28,34
10,15,17,22,34,40|11,12,27,31,33,35|14,19,25,26,32,38
10,16,17,32,38,40|11,12,27,31,33,35|14,19,22,26,28,34
10,25,29,31,34,40|11,16,18,26,32,38|12,14,20,27,33,35
1,2,3,6,9,15|8,12,25,27,35,40|10,11,13,29,32,38
1,8,9,14,27,32|2,3,15,17,28,29|6,19,22,26,31,34
1,8,9,16,26,40|2,3,14,17,25,29|6,12,22,27,33,35|15,18,20,28,32,34
1,9,14,25,32,33|2,3,15,17,28,29|6,19,22,26,31,34
1,9,14,25,38,40|2,3,15,17,28,29|6,12,22,27,33,35
1,9,15,28,32,33|2,3,14,17,25,29|6,19,22,26,31,34
1,9,15,28,38,40|2,3,14,17,25,29|6,12,22,27,33,35
1,9,16,20,32,33|2,3,14,17,25,29|6,11,15,18,26,34
1,9,16,20,38,40|2,3,14,17,25,29|6,11,15,18,26,34
1,11,13,17,32,38|6,12,22,27,33,35|10,14,25,29,34,40
1,15,17,28,34,40|6,12,22,27,33,35|8,9,10,11,13,32
1,16,26,29,38,40|6,8,9,17,22,27|11,18,25,31,32,34
2,3,15,17,28,29|6,12,22,27,33,35|8,9,10,11,13,32
2,3,16,17,20,29|6,9,10,15,32,33|8,12,25,27,35,40|11,14,19,26,31,34
6,9,10,15,32,33|8,12,25,27,35,40|11,14,19,26,31,34
6,9,10,15,38,40|8,13,17,20,26,29|11,12,14,27,33,35|18,22,28,31,32,34
6,9,17,28,31,33|8,12,25,27,35,40|10,11,13,29,32,38
6,10,15,17,34,40|8,9,11,25,27,29|14,19,26,31,32,38
6,15,18,26,32,38|8,9,11,14,17,27|10,16,20,29,34,40
8,12,25,27,35,40|9,11,15,17,28,33|14,19,26,31,32,38
8,13,17,20,26,29|11,12,14,27,33,35|18,22,28,31,32,34
9,11,16,17,20,33|10,14,25,29,34,40|15,19,22,26,32,38
10,16,20,29,34,40|11,12,14,27,33,35|15,19,22,26,32,38
1,6,9,15,32,33|8,12,14,18,25,35|16,17,20,29,38,40
1,6,9,15,38,40|8,12,14,18,25,35|11,16,19,20,32,34
1,8,9,11,13,32|2,3,6,15,17,29|12,14,25,33,35,40
1,11,13,29,32,38|6,9,14,17,22,33|8,12,15,18,28,35
1,14,25,29,34,40|6,9,11,15,17,33|8,12,16,18,20,35
1,15,28,29,34,40|6,9,14,17,22,33|8,12,16,18,20,35
1,16,20,29,34,40|6,9,11,15,17,33|8,12,14,18,25,35
2,3,6,15,17,29|8,12,14,18,25,35|11,13,20,32,34,40
6,9,14,17,22,33|8,12,15,18,28,35|11,13,20,32,34,40
6,9,22,25,29,33|8,12,14,27,35,40|11,15,19,28,32,34
6,9,28,29,31,33|8,12,14,18,25,35|11,13,20,32,34,40
6,18,22,31,32,34|8,9,11,14,27,29|12,15,28,33,35,40
6,19,22,25,32,34|8,9,11,14,27,29|12,15,28,33,35,40
6,19,28,31,32,34|8,9,11,14,27,29|12,16,20,33,35,40
1,2,3,16,29,32|6,9,14,17,28,33|8,12,18,25,31,35
1,8,9,13,20,32|2,3,11,16,17,29|6,14,19,22,26,34|12,25,31,33,35,40
1,9,11,16,38,40|2,3,14,17,29,31|6,18,22,25,32,34
1,9,14,31,38,40|2,3,11,16,17,29|6,18,22,25,32,34
1,9,15,22,32,33|2,3,11,16,17,29|8,12,18,25,31,35
1,9,15,22,38,40|2,3,11,16,17,29|6,18,28,31,32,34
1,11,13,20,29,34|6,9,14,17,28,33|8,12,18,25,31,35
1,13,20,29,32,38|6,9,14,17,28,33|8,12,18,25,31,35
1,14,17,31,34,40|6,8,9,27,28,29|11,12,13,20,33,35
1,15,17,22,34,40|6,8,9,27,28,29|11,12,13,20,33,35
1,16,17,32,38,40|6,8,9,27,28,29|11,12,13,20,33,35
2,3,11,16,17,29|6,14,19,22,26,34|8,12,18,25,31,35
2,3,14,17,29,31|6,11,15,19,26,34|8,9,10,16,32,40
2,3,15,17,22,29|6,18,28,31,32,34|11,12,13,20,33,35
6,9,14,17,28,33|8,12,18,25,31,35|10,11,16,29,34,40
6,9,15,17,20,33|8,12,18,25,31,35|10,11,16,29,34,40
6,9,25,28,29,33|8,12,27,31,35,40|11,16,18,20,32,34
6,14,19,22,26,34|8,9,10,16,32,40|11,12,13,20,33,35
6,15,19,26,32,38|8,9,11,13,17,20|10,14,29,31,34,40
8,9,14,20,27,29|11,15,18,28,32,34|12,25,31,33,35,40
8,9,17,25,31,40|11,12,13,20,33,35|14,18,22,28,32,34
8,11,13,17,26,29|12,25,31,33,35,40|14,18,22,28,32,34
8,12,18,25,31,35|9,11,15,17,22,33|10,16,29,32,38,40
8,12,27,31,35,40|9,11,15,17,22,33|14,19,20,25,32,34
11,12,13,20,33,35|14,18,22,28,32,34|17,25,29,31,38,40
11,13,17,20,29,38|12,25,31,33,35,40|14,18,22,28,32,34
6,14,19,28,32,34|8,9,11,13,20,29|12,15,22,33,35,40
2,9,10,12,16,33|3,8,20,25,27,35|7,15,17,26,28,32
1,2,13,17,20,38|3,6,27,28,32,34|7,9,11,12,16,26
1,2,27,29,31,38|3,6,10,15,17,34|7,9,11,12,16,26
1,3,15,17,28,34|2,8,9,10,13,20|25,26,27,30,32,40
1,7,20,25,31,35|2,8,10,13,26,29|3,6,27,28,32,34
1,7,22,25,28,35|2,8,9,10,13,20|3,11,27,31,32,34
1,13,17,20,26,30|2,9,10,11,16,33|3,6,27,28,32,34
1,17,25,27,30,32|2,8,9,10,13,20|3,15,26,28,34,40
2,10,13,20,29,38|3,6,27,28,32,34|7,9,11,12,16,26
2,10,16,17,38,40|3,6,27,28,32,34|7,9,12,14,26,31
2,11,25,27,34,40|3,6,9,10,15,38|7,12,16,17,26,32
2,15,18,22,26,38|3,6,27,28,32,34|7,10,11,14,25,35
2,18,20,25,31,34|3,6,9,10,15,38|7,12,16,17,26,32
2,18,22,25,28,34|3,6,9,10,15,38|7,12,16,17,26,32
2,20,27,31,34,40|3,6,9,10,15,38|7,12,16,17,26,32
2,22,27,28,34,40|3,6,9,10,15,38|7,12,16,17,26,32
2,25,27,32,38,40|3,6,10,15,17,34|7,9,11,12,16,26
1,2,14,17,27,38|3,10,25,29,31,34|7,9,12,15,26,28
1,2,25,27,29,38|3,10,11,16,17,34|7,9,12,15,26,28
2,10,11,13,17,38|3,20,27,31,32,34|7,9,12,14,25,26
1,2,9,12,16,33|3,6,8,27,28,35|7,14,25,26,29,32
1,9,12,14,27,30|3,6,25,28,33,35|7,16,20,26,29,32
2,12,14,18,25,34|3,6,8,27,28,35|7,16,20,26,29,32
2,12,14,27,34,40|3,6,25,28,33,35|7,16,20,26,29,32
2,12,15,18,28,34|3,8,11,27,31,35|6,7,9,14,22,26
2,12,16,18,20,34|3,6,8,27,28,35|7,9,11,25,31,32
2,12,19,25,31,34|3,6,8,27,28,35|7,16,20,26,29,32
3,6,25,28,33,35|7,16,20,26,29,32|9,10,11,12,13,30
3,8,11,27,31,35|6,7,9,14,22,26|10,12,13,17,30,32
3,8,14,20,27,35|6,7,9,11,15,26|10,12,13,17,30,32
3,11,25,31,33,35|6,7,9,14,22,26|10,12,13,17,30,32
3,14,20,25,33,35|6,7,9,11,15,26|10,12,13,17,30,32
3,15,20,28,33,35|6,7,9,14,22,26|10,12,13,17,30,32
3,22,28,31,33,35|6,7,9,11,15,26|10,12,13,17,30,32
1,2,8,9,13,20|3,6,10,15,29,34|14,18,25,26,30,32
1,2,8,13,26,29|3,12,14,25,33,35|9,10,15,28,30,40
1,2,9,11,16,33|3,6,10,15,29,34|14,18,25,26,30,32
1,2,9,14,31,33|3,6,10,15,29,34|16,18,20,26,30,32
1,2,9,15,22,33|3,8,12,14,27,35|10,11,13,17,30,32
1,2,13,20,29,38|3,6,15,26,34,40|7,9,12,14,25,32
1,2,16,17,38,40|3,6,10,15,29,34|7,9,12,14,25,32
1,3,6,9,15,38|2,8,16,18,26,32|11,17,25,27,29,30
1,3,6,15,17,34|2,8,9,10,16,40|14,18,25,26,30,32
1,3,14,25,29,34|2,6,15,19,26,38|7,9,12,16,20,32
1,3,15,28,29,34|2,8,9,10,16,40|14,18,25,26,30,32
1,3,16,20,29,34|2,6,15,19,26,38|7,9,12,14,25,32
1,6,7,22,25,35|2,8,9,10,16,40|3,11,13,20,32,34
1,6,7,28,31,35|2,8,9,10,16,40|3,11,13,20,32,34
1,6,9,22,27,30|2,8,16,18,26,32|3,12,14,25,33,35
1,7,11,14,25,35|2,6,15,19,26,38|3,8,9,16,17,20
1,7,11,15,28,35|2,6,18,22,25,34|3,8,9,16,17,20|10,14,27,29,30,32
1,7,11,16,20,35|2,6,15,19,26,38|3,8,9,14,17,25
1,7,14,20,31,35|2,6,15,19,26,38|10,11,13,17,30,32
1,7,14,22,28,35|2,6,15,19,26,38|3,8,9,16,17,20
1,7,15,20,22,35|2,6,18,28,31,34|3,8,9,14,17,25|10,16,26,29,30,40
1,9,11,14,27,30|2,6,15,19,26,38|3,12,16,20,33,35
1,10,16,17,29,30|2,6,15,19,26,38|3,8,12,14,27,35
1,13,20,26,29,30|2,6,18,22,25,34|3,8,9,15,17,28
1,14,17,27,30,32|2,6,15,19,26,38|3,12,16,20,33,35
1,16,17,26,30,40|2,6,18,22,25,34|3,8,12,14,27,35
1,25,27,29,30,32|2,6,15,19,26,38|3,8,9,16,17,20
2,6,18,22,25,34|3,8,9,15,17,28|7,12,16,26,29,32
2,6,18,28,31,34|3,8,9,14,17,25|7,12,16,26,29,32
2,6,19,25,28,34|3,8,9,16,17,20|10,14,27,29,30,32
2,6,22,27,34,40|3,8,9,14,17,25|7,12,16,26,29,32
2,8,9,10,16,40|3,11,13,20,32,34|17,22,27,28,29,30
2,8,17,27,29,31|3,6,15,26,34,40|7,9,12,14,25,32
2,10,16,29,38,40|3,8,9,14,17,25|15,18,26,28,30,32
2,11,14,18,25,34|3,8,9,15,17,28|7,12,16,26,29,32
2,11,14,27,34,40|3,8,9,15,17,28|7,12,16,26,29,32
2,11,15,18,28,34|3,8,9,14,17,25|7,12,16,26,29,32
2,11,19,25,31,34|3,8,9,15,17,28|6,7,10,14,22,35|16,18,20,26,30,32
2,14,18,20,31,34|3,8,9,15,17,28|7,12,16,26,29,32
2,14,18,22,28,34|3,8,9,16,17,20|6,7,10,11,15,35|19,25,26,30,31,32
2,14,19,20,25,34|3,8,9,15,17,28|7,12,16,26,29,32
2,15,18,20,22,34|3,8,9,14,17,25|7,12,16,26,29,32
2,15,18,28,32,38|3,8,9,14,17,25|10,16,26,29,30,40
2,15,19,20,28,34|3,8,9,14,17,25|7,12,16,26,29,32
2,17,25,29,31,33|3,6,15,26,34,40|7,9,12,16,20,32
2,19,22,28,31,34|3,8,9,14,17,25|6,7,10,11,15,35|16,18,20,26,30,32
3,6,15,26,34,40|7,9,12,14,25,32|17,20,27,29,30,31
3,8,9,14,17,25|6,7,10,11,15,35|16,18,20,26,30,32
3,8,9,15,17,28|6,7,10,14,22,35|16,18,20,26,30,32
3,8,9,16,17,20|6,7,10,11,15,35|14,18,25,26,30,32
3,14,17,25,29,38|6,7,10,11,15,35|16,18,20,26,30,32
3,15,17,28,29,38|6,7,10,14,22,35|16,18,20,26,30,32
3,16,17,20,29,38|6,7,10,11,15,35|14,18,25,26,30,32
3,25,31,32,34,40|6,7,10,11,15,35|17,22,27,28,29,30
1,2,12,13,17,38|3,8,11,25,27,35|6,7,9,14,26,28
1,9,12,27,30,31|3,22,25,28,33,35|7,11,16,17,26,32
2,8,9,10,12,13|3,20,25,31,33,35|7,11,16,17,26,32
2,10,12,13,29,38|3,8,11,25,27,35|6,7,9,14,26,28
2,12,18,25,31,34|3,8,22,27,28,35|6,7,9,15,20,26
2,12,27,31,34,40|3,22,25,28,33,35|6,7,9,15,20,26
1,2,8,9,14,27|3,10,11,16,29,34|18,25,26,30,31,32
1,2,9,14,25,33|3,6,22,27,32,34|10,11,13,26,29,30
1,2,9,15,28,33|3,6,22,27,32,34|7,10,11,14,31,35
1,2,9,16,20,33|3,6,22,27,32,34|7,10,11,14,31,35
1,2,11,13,17,38|3,6,22,27,32,34|9,10,25,30,31,40
1,2,16,26,29,33|3,6,22,27,32,34|7,10,11,14,31,35
1,3,9,11,16,38|2,6,18,25,28,34|10,13,17,20,30,32
1,3,9,14,31,38|2,6,18,25,28,34|7,10,11,15,22,35
1,3,9,15,22,38|2,6,18,25,28,34|7,10,11,14,31,35
1,3,11,16,17,34|2,6,9,10,15,33|18,25,26,30,31,32
1,3,15,17,22,34|2,8,9,10,11,13|18,25,26,30,31,32
1,6,7,25,28,35|2,8,9,10,11,13|3,14,26,31,34,40
1,6,9,27,28,30|2,8,10,13,17,32|3,11,16,26,34,40
1,7,11,25,31,35|2,6,9,10,15,33|3,16,26,32,38,40
1,7,14,20,25,35|2,6,9,10,15,33|3,11,16,26,34,40
1,7,15,20,28,35|2,8,9,10,11,13|3,6,22,27,32,34
1,7,22,28,31,35|2,6,9,10,15,33|3,11,14,27,32,34
1,9,14,20,27,30|2,6,15,18,26,38|3,10,11,16,29,34
1,11,13,17,26,30|2,6,9,10,15,33|3,8,12,27,31,35
1,17,27,30,31,32|2,6,9,10,15,33|3,11,16,26,34,40
2,6,15,18,26,38|3,8,9,10,16,32|17,20,25,27,29,30
2,8,17,25,27,29|3,11,16,26,34,40|6,7,10,14,28,35
2,11,13,26,32,33|3,8,9,17,25,31|6,7,10,14,28,35
2,11,16,19,26,38|3,6,22,27,32,34|9,10,25,30,31,40
2,14,19,26,31,38|3,6,22,27,32,34|9,10,11,13,20,30
2,15,19,22,26,38|3,8,9,10,16,32|17,20,25,27,29,30
2,18,22,28,31,34|3,8,9,10,16,32|17,20,25,27,29,30
2,18,25,31,32,38|3,10,11,16,29,34|6,7,9,12,15,26
2,27,31,32,38,40|3,10,11,16,29,34|6,7,9,12,15,26
3,11,16,26,34,40|6,7,10,14,28,35|17,20,25,27,29,30
3,15,22,26,34,40|6,7,10,14,28,35|17,20,25,27,29,30
3,16,26,32,38,40|6,7,10,14,28,35|17,20,25,27,29,30
2,12,16,17,29,33|3,8,11,13,20,35|6,7,9,14,28,32
1,2,8,9,16,40|3,6,12,15,33,35|10,11,13,29,30,32
1,2,16,29,38,40|3,6,8,9,15,17|14,19,26,30,31,32
1,6,7,11,15,35|2,8,13,17,20,29|3,14,31,32,34,40
1,6,7,14,22,35|2,8,13,17,20,29|3,11,16,32,34,40
1,9,15,28,30,40|2,6,14,18,22,34|3,8,11,12,13,35
1,11,13,17,30,32|2,6,14,18,22,34|3,8,9,15,28,29
2,6,14,18,22,34|3,8,9,15,28,29|11,13,26,30,32,40
2,6,14,19,28,34|3,8,9,16,20,29|11,13,26,30,32,40
2,6,15,19,20,34|3,8,9,14,25,29|11,13,26,30,32,40
2,6,19,22,31,34|3,8,9,14,25,29|11,13,26,30,32,40
2,8,13,17,20,29|3,6,12,15,33,35|11,16,19,26,30,32
2,14,17,29,31,33|3,8,11,12,13,35|6,9,10,15,30,40
2,15,17,22,29,33|3,8,11,12,13,35|14,19,26,30,31,32
1,2,8,9,12,13|3,6,22,25,33,35|7,11,16,26,29,32
1,2,12,13,29,38|3,6,8,22,27,35|7,9,11,14,25,32
1,9,12,13,20,30|3,6,8,22,27,35|7,11,16,26,29,32
1,12,13,26,29,30|3,6,8,22,27,35|7,9,11,14,25,32
2,11,12,16,18,34|3,6,8,22,27,35|7,9,14,20,31,32
2,12,13,20,34,40|3,6,8,22,27,35|7,9,11,14,25,32
2,12,14,18,31,34|3,6,8,22,27,35|7,9,11,15,28,32
2,12,14,19,25,34|3,6,8,22,27,35|7,9,11,15,28,32
2,12,15,18,22,34|3,6,28,31,33,35|7,9,11,14,25,32
2,12,15,19,28,34|3,6,8,22,27,35|7,9,11,14,25,32
2,12,16,19,20,34|3,6,8,22,27,35|7,9,11,14,25,32
3,6,22,25,33,35|7,9,11,15,28,32|12,17,27,29,30,31
3,11,15,28,33,35|6,7,9,22,25,32|12,17,27,29,30,31
3,11,16,20,33,35|6,7,9,22,25,32|12,17,27,29,30,31
3,14,22,28,33,35|7,9,11,16,20,32|12,17,27,29,30,31
1,2,6,9,15,33|3,8,12,13,20,35|10,16,17,30,32,40
1,2,8,9,11,13|3,12,14,31,33,35|6,17,27,28,29,30
1,2,8,13,17,32|3,11,12,16,33,35|9,10,14,30,31,40
1,2,11,13,29,38|3,8,9,14,17,31|15,18,22,26,30,32
1,3,8,9,16,32|2,6,14,18,28,34|11,17,27,29,30,31
1,3,16,29,32,38|2,6,14,18,28,34|9,10,15,22,30,40
1,7,11,14,31,35|2,6,15,18,20,34|10,16,17,30,32,40
1,7,11,15,22,35|2,6,14,18,28,34|3,8,9,25,29,31|10,16,17,30,32,40
1,9,11,13,20,30|2,6,14,18,28,34|3,12,15,22,33,35
1,9,25,30,31,40|2,6,14,18,28,34|3,8,12,13,20,35
1,11,13,26,29,30|2,6,14,18,28,34|3,8,9,15,17,22
1,13,17,20,30,32|2,6,14,18,28,34|3,8,9,25,29,31
1,27,29,30,31,32|2,6,14,18,28,34|3,8,9,11,16,17
2,6,14,18,28,34|3,8,9,11,16,17|10,13,20,29,30,32
2,6,15,18,20,34|3,8,9,11,16,17|14,19,25,26,30,32
2,6,18,22,31,34|3,8,9,11,16,17|10,13,20,29,30,32
2,6,19,22,25,34|3,8,9,11,16,17|10,13,20,29,30,32
2,6,19,28,31,34|3,8,9,11,16,17|10,13,20,29,30,32
2,8,13,26,32,40|3,11,12,16,33,35|6,17,27,28,29,30
2,8,14,17,27,29|3,11,12,16,33,35|9,10,15,22,30,40
2,8,16,19,26,32|3,12,14,31,33,35|6,17,27,28,29,30
2,11,13,20,34,40|3,8,9,14,17,31|15,18,22,26,30,32
2,11,14,18,31,34|3,8,9,15,17,22|10,13,20,29,30,32
2,11,14,19,25,34|3,8,9,15,17,22|10,13,20,29,30,32
2,11,15,18,22,34|3,8,9,14,17,31|10,13,20,29,30,32
2,11,15,19,28,34|3,8,9,14,17,31|10,13,20,29,30,32
2,11,16,19,20,34|3,8,9,14,17,31|15,18,22,26,30,32
2,14,17,25,29,33|3,8,12,13,20,35|9,10,11,16,30,40
2,14,19,20,31,34|3,8,9,11,16,17|15,18,22,26,30,32
2,14,19,22,28,34|3,8,9,11,16,17|10,13,20,29,30,32
2,15,17,28,29,33|3,8,12,13,20,35|9,10,11,16,30,40
2,15,19,20,22,34|3,8,9,11,16,17|14,18,26,30,31,32
3,8,14,25,35,40|6,7,9,11,15,32|12,13,17,20,29,30
3,8,15,28,35,40|6,7,9,14,22,32|12,13,17,20,29,30
1,9,14,30,31,40|2,6,11,15,19,34|3,8,16,17,29,32
1,13,20,29,30,32|2,6,11,15,19,34|3,8,12,16,35,40
1,16,17,30,32,40|2,6,11,15,19,34|3,8,9,14,29,31
1,11,16,29,30,38|2,8,14,31,34,40|3,6,12,15,23,35
1,14,29,30,31,38|2,8,11,16,34,40|3,6,12,15,23,35
1,2,9,11,16,23|3,6,14,22,34,38|8,13,20,26,30,32
1,2,9,14,23,31|3,6,11,15,34,38|8,10,16,17,30,32
1,2,9,15,22,23|3,8,14,25,32,34|10,11,16,29,30,38
1,2,16,17,23,32|3,6,11,15,34,38|8,9,10,14,30,31
1,8,9,25,30,31|2,6,14,28,33,34|3,12,16,20,23,35
1,15,17,22,30,38|2,6,14,28,33,34|3,12,16,20,23,35
1,25,29,30,31,38|2,6,14,28,33,34|3,12,16,20,23,35
2,6,14,28,33,34|3,12,16,20,23,35|8,9,10,15,22,30
2,6,15,20,33,34|3,12,14,23,25,35|8,9,10,11,16,30
2,6,22,31,33,34|3,12,14,23,25,35|8,9,10,11,16,30
2,8,11,13,20,34|3,12,14,23,25,35|6,22,27,30,32,38
2,8,13,20,32,38|3,12,14,23,25,35|6,11,22,27,30,34
2,8,25,31,34,40|3,12,15,23,28,35|6,22,27,30,32,38
2,11,14,31,33,34|3,12,15,23,28,35|6,22,27,30,32,38
2,11,15,22,33,34|3,12,14,23,25,35|8,10,16,17,30,32
2,11,16,32,33,38|3,12,14,23,25,35|8,9,10,15,22,30
2,14,31,32,33,38|3,12,15,23,28,35|6,11,22,27,30,34
2,15,22,32,33,38|3,12,14,23,25,35|8,9,10,11,16,30
2,16,23,26,32,40|3,6,11,15,34,38|8,9,10,14,30,31
2,17,23,25,29,31|3,6,11,15,34,38|8,13,20,26,30,32
1,2,8,16,29,38|3,12,14,23,31,35|6,15,26,30,32,33
1,6,15,17,30,38|2,8,14,25,34,40|3,11,12,16,23,35
1,8,9,15,28,30|2,6,14,22,33,34|3,11,12,16,23,35
1,8,9,16,20,30|2,6,11,15,33,34|3,12,14,23,31,35
1,8,16,26,29,30|2,6,11,15,33,34|3,12,14,23,31,35
1,15,28,29,30,38|2,6,14,22,33,34|3,11,12,16,23,35
1,16,20,29,30,38|2,6,11,15,33,34|3,12,14,23,31,35
2,6,14,22,33,34|3,11,12,16,23,35|25,30,31,32,38,40
2,6,15,32,33,38|3,11,12,16,23,35|14,20,25,30,34,40
2,8,11,13,32,38|3,12,14,23,31,35|6,25,28,30,34,40
2,8,14,25,34,40|3,11,12,16,23,35|6,10,15,29,30,38
2,8,16,20,34,40|3,12,14,23,31,35|6,10,15,29,30,38
2,14,17,23,25,29|3,8,11,16,32,34|6,15,26,30,38,40
2,16,17,20,23,29|3,8,14,31,32,34|6,15,26,30,38,40
1,2,9,23,25,31|3,8,11,16,26,34|10,15,17,22,30,38
2,9,10,11,16,23|3,6,22,25,34,38|8,26,27,30,31,32
1,2,8,16,17,38|3,12,23,25,31,35|6,11,27,28,30,34
1,2,9,14,23,25|3,6,8,15,26,34|10,16,20,29,30,38
1,2,9,15,23,28|3,6,22,31,34,38|8,10,16,26,29,30
1,2,9,16,20,23|3,6,8,15,26,34|10,14,25,29,30,38
1,6,10,15,30,34|2,8,14,27,32,38|3,12,23,25,31,35
1,8,16,17,26,30|2,6,9,10,15,23|3,11,14,31,34,38
1,15,17,28,30,38|2,6,8,22,27,34|3,12,23,25,31,35
1,16,17,20,30,38|2,6,8,22,27,34|3,12,23,25,31,35
2,6,8,22,27,34|3,12,23,25,31,35|10,15,28,29,30,38
2,6,9,10,15,23|3,8,25,31,32,34|16,20,26,30,38,40
2,8,10,16,29,38|3,12,23,25,31,35|6,11,27,28,30,34
2,8,11,14,27,34|3,12,23,25,31,35|6,10,15,17,30,38
2,8,16,26,38,40|3,12,23,25,31,35|6,11,27,28,30,34
2,11,13,23,26,32|3,6,14,28,34,38|8,9,10,16,20,30
2,11,15,28,33,34|3,12,23,25,31,35|8,9,10,16,20,30
2,11,16,20,33,34|3,12,23,25,31,35|6,10,15,17,30,38
2,14,22,28,33,34|3,12,23,25,31,35|6,10,15,17,30,38
2,15,20,22,33,34|3,12,23,25,31,35|6,27,28,30,32,38
2,15,28,32,33,38|3,12,23,25,31,35|6,20,22,27,30,34
1,6,11,16,26,34|8,10,12,15,25,35|9,14,20,28,31,38
1,6,14,26,31,34|8,10,12,15,25,35|9,11,16,20,28,38
1,6,16,26,32,38|8,10,12,15,25,35|14,17,20,28,31,34
1,11,14,15,26,34|6,9,20,25,31,38|8,10,12,16,28,35
1,14,15,26,32,38|6,17,20,25,31,34|8,10,12,16,28,35
1,14,25,28,32,34|6,11,16,17,26,38|8,10,12,20,21,35
1,22,25,31,32,34|6,11,16,17,26,38|8,10,12,20,21,35
6,15,26,28,29,38|8,10,11,12,21,35|14,17,20,22,31,34
2,3,13,21,29,32|6,9,14,18,38,39|15,16,17,19,31,34
2,3,9,13,14,15|6,17,18,31,34,39|16,19,21,26,29,38
2,3,9,15,39,40|6,13,27,29,31,34|16,17,18,21,32,38
2,3,9,16,21,40|6,13,27,29,31,34|15,17,18,32,38,39
6,13,27,29,31,34|8,9,15,19,26,39|16,17,18,21,32,38
1,2,8,9,11,16|3,6,14,28,32,34|17,20,25,29,30,31
1,2,8,9,14,31|3,6,15,20,32,34|17,22,25,28,29,30
1,2,8,9,15,22|3,6,14,28,32,34|17,20,25,29,30,31
1,9,11,14,25,30|2,6,28,31,34,40|3,8,12,16,20,35
1,9,11,15,28,30|2,6,22,25,34,40|3,8,12,16,20,35
1,9,11,16,20,30|2,6,22,25,34,40|3,8,12,15,28,35
1,9,14,20,30,31|2,6,22,25,34,40|3,8,12,15,28,35
1,9,15,20,22,30|2,6,28,31,34,40|3,8,12,14,25,35
1,11,16,26,29,30|2,6,22,25,34,40|3,8,12,15,28,35
1,14,17,25,30,32|2,6,28,31,34,40|3,8,12,16,20,35
1,14,26,29,30,31|2,6,22,25,34,40|3,8,12,15,28,35
1,15,17,28,30,32|2,6,22,25,34,40|3,8,12,16,20,35
1,15,22,26,29,30|2,6,28,31,34,40|3,8,12,14,25,35
1,16,17,20,30,32|2,6,22,25,34,40|3,8,12,15,28,35
2,6,22,25,34,40|3,8,12,15,28,35|10,16,20,29,30,32
2,6,28,31,34,40|3,8,12,14,25,35|10,16,20,29,30,32
2,11,14,25,34,40|3,8,12,15,28,35|10,16,20,29,30,32
2,11,15,28,34,40|3,8,12,14,25,35|10,16,20,29,30,32
2,11,16,20,34,40|3,8,12,14,25,35|6,10,15,17,30,32
2,14,22,28,34,40|3,8,12,16,20,35|6,9,10,11,15,30
2,16,20,32,38,40|3,8,12,14,25,35|6,9,10,11,15,30
1,2,6,15,29,38|3,8,11,12,16,35|14,26,30,31,32,40
1,11,16,17,30,32|2,6,14,28,34,40|3,8,12,15,22,35
1,14,17,30,31,32|2,6,15,20,34,40|3,8,11,12,16,35
1,15,17,22,30,32|2,6,14,28,34,40|3,8,11,12,16,35
1,25,29,30,31,32|2,6,14,28,34,40|3,8,11,12,16,35
2,6,14,28,34,40|3,8,11,12,16,35|10,15,22,29,30,32
2,6,15,20,34,40|3,8,11,12,16,35|10,14,29,30,31,32
2,6,22,31,34,40|3,8,11,12,16,35|14,17,20,25,29,30
2,11,14,31,34,40|3,8,12,15,22,35|6,17,25,28,29,30
2,11,15,22,34,40|3,8,12,14,31,35|6,17,25,28,29,30
2,11,16,32,38,40|3,8,12,14,31,35|6,17,25,28,29,30
2,14,31,32,38,40|3,8,11,12,16,35|6,17,25,28,29,30
2,15,22,32,38,40|3,8,11,12,16,35|6,17,25,28,29,30
1,2,14,17,25,38|3,6,15,20,26,34|9,10,22,28,30,31
1,2,15,17,28,38|3,6,22,26,31,34|9,10,14,20,25,30
1,2,16,17,20,38|3,6,14,26,28,34|9,10,11,25,30,31
2,11,14,20,27,34|3,15,22,26,32,38|6,9,10,25,28,30
1,2,8,9,25,31|3,6,11,15,26,34|10,16,17,20,30,32
1,2,15,17,22,38|3,6,25,28,32,34|9,10,11,16,20,30
1,2,25,29,31,38|3,6,11,15,26,34|9,10,14,22,28,30
1,9,22,25,28,30|2,8,10,16,17,32|3,6,11,15,26,34
1,15,17,22,26,30|2,8,9,10,11,16|3,6,25,28,32,34
2,11,16,26,38,40|3,6,25,28,32,34|9,10,14,20,30,31
2,14,26,31,38,40|3,6,25,28,32,34|9,10,11,16,20,30
2,15,22,26,38,40|3,6,25,28,32,34|9,10,11,16,20,30
2,20,25,31,34,40|3,6,15,26,32,38|9,10,14,22,28,30
2,22,25,28,34,40|3,6,15,26,32,38|9,10,11,16,20,30
1,2,6,15,17,38|3,8,12,25,31,35|11,13,20,26,30,32
1,2,8,16,26,29|3,6,22,25,32,34|9,10,11,14,30,31
1,2,14,25,29,38|3,6,28,31,32,34|9,10,11,15,22,30
1,2,15,28,29,38|3,6,22,25,32,34|9,10,11,14,30,31
1,2,16,20,29,38|3,6,22,25,32,34|9,10,11,14,30,31
1,6,15,17,26,30|2,11,13,20,32,38|3,8,12,25,31,35
1,9,11,25,30,31|2,6,10,15,29,38|3,14,22,28,32,34
1,9,22,28,30,31|2,6,10,15,29,38|3,11,14,25,32,34
1,14,25,26,29,30|2,6,8,9,10,15|3,11,16,20,32,34
1,15,26,28,29,30|2,11,13,20,32,38|3,8,12,25,31,35
1,16,20,26,29,30|2,6,8,9,10,15|3,11,14,25,32,34
2,6,10,15,29,38|3,8,12,25,31,35|11,13,20,26,30,32
2,6,15,26,38,40|3,8,12,25,31,35|10,11,16,17,30,32
2,11,13,20,32,38|3,8,12,25,31,35|6,9,10,14,28,30
2,15,20,28,34,40|3,8,12,25,31,35|10,11,16,17,30,32
2,8,9,15,19,39|3,6,13,16,29,34|7,14,21,31,35,40
2,8,9,16,19,21|3,13,14,15,29,34|6,7,31,35,39,40
2,13,21,29,32,33|6,7,31,35,39,40|9,15,16,19,25,30
2,15,19,29,38,39|6,7,11,13,16,35|9,14,18,21,30,31
2,16,19,21,29,38|6,7,13,14,31,35|9,11,15,18,30,39
3,6,13,16,29,34|7,11,15,35,39,40|9,14,18,21,30,31
3,13,14,15,29,34|6,7,31,35,39,40|9,11,16,18,21,30
3,15,29,34,39,40|6,7,11,13,16,35|9,14,18,21,30,31
3,16,21,29,34,40|6,7,13,14,31,35|9,11,15,18,30,39
2,6,9,13,16,33|7,14,21,25,35,40|15,18,26,29,30,39
2,8,9,16,18,21|3,13,15,29,31,34|6,7,25,35,39,40
2,9,13,14,15,33|6,7,25,35,39,40|16,18,21,26,29,30
2,16,18,21,29,38|6,7,13,14,25,35|9,19,28,30,31,39
3,13,15,29,31,34|6,7,25,35,39,40|9,16,18,20,21,30
3,13,16,22,29,34|6,7,25,35,39,40|9,15,18,21,28,30
1,2,13,21,34,40|3,9,15,32,33,39|6,7,14,16,27,35
1,2,15,19,34,39|3,6,9,13,16,38|7,21,25,31,35,40
1,2,16,19,21,34|3,9,13,14,15,38|7,22,25,35,39,40
2,9,11,13,21,33|3,15,17,34,39,40|6,7,14,16,27,35
2,13,17,21,32,33|3,9,15,38,39,40|6,7,14,16,27,35
2,13,17,21,38,40|3,9,15,32,33,39|6,7,14,16,27,35
2,15,17,19,38,39|3,9,16,21,32,33|6,7,13,25,31,35
2,16,17,19,21,38|3,9,15,32,33,39|6,7,13,25,31,35
3,6,9,13,16,38|7,21,25,31,35,40|15,17,19,26,30,39
3,9,15,32,33,39|6,7,13,25,31,35|16,17,19,21,26,30
3,9,15,38,39,40|6,7,13,25,31,35|16,17,19,21,26,30
3,9,16,21,32,33|6,7,13,25,31,35|15,17,19,26,30,39
3,9,16,21,38,40|6,7,13,25,31,35|15,17,19,26,30,39
3,13,15,25,29,34|6,7,14,16,27,35|9,18,28,30,31,39
3,13,16,28,29,34|7,21,25,31,35,40|15,17,19,26,30,39
3,13,20,21,29,34|6,7,14,16,27,35|9,18,22,25,30,39
1,2,15,18,34,39|3,9,11,13,21,38|6,7,16,27,31,35
1,2,16,18,21,34|3,9,13,15,31,38|6,7,11,27,35,39
1,3,13,21,32,34|2,15,17,18,38,39|6,7,16,27,31,35
2,8,9,13,15,27|7,25,28,35,39,40|16,17,18,21,26,30
2,9,13,15,25,33|3,6,27,29,34,39|16,17,18,21,26,30
2,15,17,18,38,39|3,14,21,27,29,34|7,13,16,20,28,35
2,16,17,18,21,38|3,6,27,29,34,39|7,13,14,25,28,35
3,9,11,13,21,38|6,7,16,27,31,35|15,17,18,26,30,39
3,9,13,15,31,38|6,7,11,27,35,39|16,17,18,21,26,30
3,11,13,17,21,34|6,7,16,27,31,35|9,18,25,28,30,39
2,10,15,19,34,39|3,8,9,13,21,26|6,7,16,25,27,35
2,10,16,19,21,34|3,9,13,15,25,38|6,7,20,27,35,39
1,2,14,17,25,30|6,8,9,10,15,38|11,12,23,27,31,35
1,2,15,17,28,30|6,14,22,26,33,34|9,10,11,16,23,32
1,2,16,17,20,30|6,8,9,10,15,38|11,12,23,27,31,35
1,8,9,14,25,38|2,3,6,15,20,34|11,12,23,27,31,35
1,8,9,15,28,38|2,3,6,22,31,34|12,14,20,23,27,35
1,8,9,16,20,38|2,3,6,14,28,34|11,12,23,27,31,35
1,8,14,17,25,34|2,3,11,16,32,38|6,12,23,27,28,35
1,8,15,17,28,34|2,3,11,16,32,38|12,14,20,23,27,35
1,8,16,17,20,34|2,3,14,31,32,38|6,12,23,27,28,35
1,8,16,26,29,38|2,3,6,14,28,34|9,10,15,22,23,32
2,3,6,15,20,34|8,11,13,26,32,38|9,17,22,23,28,31
2,3,6,22,31,34|8,11,13,26,32,38|9,14,17,20,23,25
2,3,11,14,31,34|6,8,9,10,15,38|16,17,20,23,26,29
2,3,11,16,32,38|6,8,10,15,17,34|12,14,20,23,27,35
2,3,15,22,32,38|6,9,17,23,25,28|8,10,16,20,29,34
2,6,10,15,17,30|8,11,13,26,32,38|12,14,20,23,27,35
2,10,15,28,29,30|6,14,22,26,33,34|9,11,17,23,25,31
2,10,16,20,29,30|6,8,27,28,32,34|9,11,17,23,25,31
2,11,27,30,31,32|6,8,9,10,15,38|14,17,23,25,26,29
2,14,25,26,30,40|6,8,9,10,15,38|11,12,23,27,31,35
2,15,26,28,30,40|8,10,14,25,29,34|11,12,23,27,31,35
2,16,20,26,30,40|6,8,9,10,15,38|11,12,23,27,31,35
3,11,16,26,30,32|6,8,9,10,15,38|12,14,20,23,27,35
3,15,22,26,30,32|6,9,17,23,25,28|8,10,16,20,29,34
6,8,9,10,15,38|11,12,23,27,31,35|14,20,25,32,33,34
6,15,26,32,33,38|8,10,14,25,29,34|9,17,22,23,28,31
1,2,10,16,30,32|6,11,22,27,34,38|9,17,20,23,25,31
1,2,17,25,30,31|6,11,22,27,34,38|9,10,15,23,28,32
1,8,9,25,31,38|2,3,11,15,28,34|10,16,23,26,29,32
1,8,10,16,32,34|2,11,13,20,26,30|9,17,22,23,25,28
1,9,14,23,26,31|2,3,6,22,25,34|8,10,16,17,32,38
1,9,15,22,23,26|2,3,6,28,31,34|8,10,16,17,32,38
1,10,12,16,23,35|2,3,6,22,25,34|8,13,20,26,32,38
1,16,17,23,26,32|2,3,6,22,25,34|8,9,10,14,31,38
2,3,6,22,25,34|8,9,10,11,16,38|12,20,23,27,31,35
2,3,8,16,26,32|6,11,22,27,34,38|9,17,20,23,25,31
2,3,11,14,25,34|8,9,10,15,22,38|12,20,23,27,31,35
2,3,11,16,20,34|8,9,10,14,31,38|12,22,23,27,28,35
2,3,14,20,31,34|8,9,10,11,16,38|12,22,23,27,28,35
2,3,14,22,28,34|8,9,10,11,16,38|12,20,23,27,31,35
2,3,14,25,32,38|6,15,20,26,33,34|12,22,23,27,28,35
2,3,15,20,22,34|8,9,10,11,16,38|17,23,25,26,29,31
2,3,15,28,32,38|6,22,26,31,33,34|11,12,23,25,27,35
2,3,16,20,32,38|6,14,26,28,33,34|11,12,23,25,27,35
2,10,11,16,17,30|6,14,26,28,33,34|12,20,23,27,31,35
2,10,15,17,22,30|6,14,26,28,33,34|11,12,23,25,27,35
2,11,13,20,26,30|8,9,10,14,31,38|12,22,23,27,28,35
2,11,25,27,30,32|6,14,26,28,33,34|8,9,10,15,22,38
2,20,27,30,31,32|6,14,26,28,33,34|8,9,10,11,16,38
2,22,27,28,30,32|6,15,20,26,33,34|8,9,10,11,16,38
2,25,26,30,31,40|6,11,22,27,34,38|9,10,15,23,28,32
3,15,26,28,30,32|6,11,22,27,34,38|9,17,20,23,25,31
6,14,26,28,33,34|8,9,10,11,16,38|12,20,23,27,31,35
6,15,20,26,33,34|8,9,10,11,16,38|12,22,23,27,28,35
8,9,10,11,16,38|12,20,23,27,31,35|22,25,28,32,33,34
8,10,11,16,17,34|12,20,23,27,31,35|15,22,26,32,33,38
8,10,14,17,31,34|11,12,23,25,27,35|15,22,26,32,33,38
8,10,15,17,22,34|11,12,23,25,27,35|14,26,31,32,33,38
8,10,25,29,31,34|11,16,26,32,33,38|12,22,23,27,28,35
1,2,11,16,29,30|6,9,14,17,22,23|8,15,28,32,34,40
1,2,14,29,30,31|6,9,11,15,17,23|8,16,20,32,34,40
2,15,28,30,32,40|6,9,14,17,22,23|8,11,12,16,33,35
2,16,20,30,32,40|6,9,11,15,17,23|8,12,14,31,33,35
6,11,15,32,33,34|8,14,17,29,31,38|12,16,20,23,35,40
6,11,15,34,38,40|8,12,14,31,33,35|16,17,20,23,29,32
6,14,22,32,33,34|8,11,16,17,29,38|12,15,23,28,35,40
6,14,22,34,38,40|8,11,12,16,33,35|15,17,23,28,29,32
1,2,6,15,17,30|8,11,13,20,32,34|9,22,23,28,29,31
1,2,14,25,29,30|6,8,15,26,34,40|11,12,13,20,23,35
1,2,15,28,29,30|6,9,17,22,23,31|8,11,13,20,32,34
1,2,16,20,29,30|6,8,15,26,34,40|9,11,14,17,23,31
1,6,8,9,15,38|2,11,13,20,30,32|12,23,25,31,35,40
1,6,8,15,17,34|2,11,13,20,30,32|9,22,23,28,29,31
1,8,14,25,29,34|2,6,15,26,30,40|11,12,13,20,23,35
1,8,15,28,29,34|2,11,13,20,30,32|6,9,17,22,23,31
1,8,16,20,29,34|2,6,15,26,30,40|9,11,14,17,23,31
1,9,11,16,23,32|2,6,10,15,29,30|8,12,14,25,33,35
1,9,14,23,31,32|2,6,10,15,29,30|8,12,16,20,33,35
1,9,15,22,23,32|6,14,28,34,38,40|8,12,16,20,33,35
2,6,10,15,29,30|8,11,13,20,32,34|12,23,25,31,35,40
2,6,15,26,30,40|8,11,13,20,32,34|9,22,23,28,29,31
2,11,13,20,30,32|6,8,10,15,29,34|12,23,25,31,35,40
2,25,30,31,32,40|6,8,10,15,29,34|11,12,13,20,23,35
6,14,28,32,33,34|8,16,17,20,29,38|12,23,25,31,35,40
6,14,28,34,38,40|8,12,16,20,33,35|9,11,15,17,22,23
6,15,20,34,38,40|8,12,14,25,33,35|9,22,23,28,29,31
6,22,31,32,33,34|8,14,17,25,29,38|11,12,13,20,23,35
6,22,31,34,38,40|8,12,14,25,33,35|9,15,20,23,28,29
1,2,11,16,17,30|6,8,22,27,32,34|9,20,23,25,29,31
1,2,15,17,22,30|6,28,31,32,33,34|11,12,14,23,27,35
1,2,25,29,30,31|6,8,22,27,32,34|9,11,15,17,23,28
1,8,9,15,22,38|2,10,11,16,29,30|6,28,31,32,33,34
1,8,11,16,17,34|2,3,6,15,32,38|9,20,23,25,29,31
1,8,14,17,31,34|2,3,6,15,32,38|9,22,23,25,28,29
1,8,16,17,32,38|2,3,6,11,15,34|9,20,23,25,29,31
1,8,25,29,31,34|2,3,6,15,32,38|9,11,16,17,20,23
1,9,15,23,28,32|2,3,6,14,22,34|8,12,25,31,33,35
1,9,16,20,23,32|2,3,6,11,15,34|8,12,25,31,33,35
1,16,23,26,29,32|2,3,6,11,15,34|8,12,25,31,33,35
2,3,6,11,15,34|8,10,16,29,32,38|9,14,17,20,23,31
2,3,6,14,22,34|8,10,16,29,32,38|9,11,15,17,23,28
2,3,6,15,32,38|8,10,11,16,29,34|9,14,17,20,23,31
2,6,22,27,30,32|8,10,11,16,29,34|9,14,17,20,23,31
2,10,11,16,29,30|6,8,22,27,32,34|9,14,17,20,23,31
2,10,14,29,30,31|6,8,22,27,32,34|9,11,15,17,23,28
2,10,15,22,29,30|6,9,17,23,28,31|8,11,14,27,32,34
2,11,16,26,30,40|6,8,22,27,32,34|9,14,17,20,23,31
2,14,26,30,31,40|6,8,22,27,32,34|9,11,15,17,23,28
2,15,22,26,30,40|6,9,17,23,28,31|8,10,11,16,29,34
3,6,15,26,30,32|8,10,11,16,29,34|9,14,17,20,23,31
8,17,25,29,31,38|11,12,14,23,27,35|15,20,22,32,33,34
2,13,15,27,29,30|3,6,7,14,35,39|8,9,16,18,21,38
2,16,17,18,21,30|3,6,7,14,35,39|8,13,15,27,29,34
3,6,7,14,35,39|8,9,16,18,21,38|13,15,25,29,33,34
1,9,13,17,21,23|3,6,7,31,35,39|15,16,27,29,33,34
1,16,19,21,34,38|3,6,7,31,35,39|9,13,15,23,27,32
3,7,15,16,31,35|6,27,29,33,34,39|9,13,21,23,26,40
2,13,15,17,27,30|3,6,7,25,35,39|9,16,18,21,23,26
3,7,25,28,35,39|9,13,15,23,26,27|10,16,18,21,34,38
1,6,9,14,22,38|8,11,16,17,26,29|15,20,28,32,34,40
1,6,11,15,17,34|8,9,20,25,29,31|12,14,22,28,33,35
1,6,14,17,22,34|8,9,20,25,29,31|11,12,15,28,33,35
1,6,15,17,32,38|8,9,20,25,29,31|12,14,22,28,33,35
1,6,22,25,29,34|8,9,11,15,17,28|12,14,20,31,33,35
1,6,28,29,31,34|8,9,11,14,17,25|12,15,20,22,33,35
1,8,9,15,28,32|6,10,14,22,29,34|11,12,16,20,33,35
1,8,9,16,20,32|6,10,11,15,29,34|12,14,22,28,33,35
1,11,15,28,29,34|6,8,9,17,22,25|12,14,20,31,33,35
1,11,16,20,29,34|6,8,9,10,15,32|12,14,22,28,33,35
1,14,22,28,29,34|6,8,9,10,15,32|11,12,16,20,33,35
1,14,25,29,32,38|6,8,9,17,28,31|11,12,16,20,33,35
1,15,20,22,29,34|6,8,9,17,28,31|11,12,14,25,33,35
1,15,28,29,32,38|6,8,9,17,22,25|11,12,16,20,33,35
1,16,20,29,32,38|6,8,9,17,22,25|11,12,15,28,33,35
6,8,12,22,27,35|11,14,17,25,29,38|15,20,28,32,34,40
6,17,22,25,29,38|8,11,12,14,27,35|15,20,28,32,34,40
6,8,9,25,28,29|11,12,14,31,33,35|15,20,22,32,34,40
6,12,22,31,33,35|8,9,14,20,25,29|11,15,28,32,34,40
1,9,11,25,31,38|2,3,15,22,26,32|6,10,14,17,28,34
1,9,14,20,25,38|2,3,11,16,26,32|6,10,17,22,31,34
1,9,15,20,28,38|2,3,11,16,26,32|6,10,17,22,31,34
1,9,22,28,31,38|2,3,11,16,26,32|6,10,15,17,20,34
1,11,17,25,31,34|2,3,15,22,26,32|6,9,10,14,28,38
1,14,17,20,25,34|2,3,11,16,26,32|6,9,10,22,31,38
1,15,17,20,28,34|2,3,11,16,26,32|6,9,10,22,31,38
1,15,26,28,29,38|6,10,17,22,31,34|8,12,20,25,27,35
1,17,22,28,31,34|2,3,11,16,26,32|6,9,10,15,20,38
2,3,11,16,26,32|6,9,10,14,28,38|8,12,20,25,27,35
2,3,15,22,26,32|6,9,10,14,28,38|8,12,20,25,27,35
1,6,9,15,20,38|8,11,12,27,31,35|22,25,28,32,34,40
1,6,15,17,20,34|8,9,10,11,16,32|12,22,28,31,33,35
1,6,15,26,29,38|8,9,10,11,16,32|12,14,20,25,33,35
1,6,17,22,31,34|8,9,10,11,16,32|12,14,20,25,33,35
