1,6,28,33,34,39|2,10,11,13,16,30|9,15,22,23,27,31
1,8,13,25,31,34|3,10,14,30,32,39|6,9,16,23,27,28|15,17,20,21,33,38
1,8,14,16,27,34|2,7,12,31,32,39|3,17,21,22,25,30
1,11,31,33,34,39|2,10,13,15,22,30|6,8,17,21,27,38
1,13,16,23,26,32|2,3,8,17,31,39|6,10,14,21,33,34
1,14,16,25,33,34|2,3,8,17,31,39|6,9,20,21,23,27
1,14,20,33,34,39|2,10,11,13,16,30|6,8,17,21,27,38
1,14,21,28,33,34|2,3,8,17,31,39|6,9,15,23,25,27
1,15,16,28,33,34|2,3,8,17,31,39|6,9,20,21,23,27
1,15,20,21,33,34|2,3,8,17,31,39|6,9,16,23,27,28
1,21,22,31,33,34|2,10,11,13,16,30|6,9,15,23,25,27
1,31,32,33,38,39|2,10,11,13,16,30|6,9,15,23,25,27
2,7,12,31,32,39|3,17,21,22,25,30|6,9,16,23,27,28
2,10,30,31,39,40|6,8,17,21,27,38|9,13,22,23,25,28
3,10,14,30,32,39|6,8,17,21,27,38|9,13,20,23,25,31
3,10,15,21,30,32|6,9,16,23,27,28|8,13,17,25,31,38
3,11,17,25,30,39|6,9,16,23,27,28|8,10,13,14,31,34
3,16,17,25,30,31|6,9,20,21,23,27|8,10,13,15,22,34
3,17,20,30,31,39|6,9,15,23,25,27|8,10,11,13,16,34
3,17,21,22,25,30|6,9,16,23,27,28|8,10,13,14,31,34
3,17,21,28,30,31|6,9,15,23,25,27|8,10,11,13,16,34
3,17,22,28,30,39|6,9,15,23,25,27|8,10,11,13,16,34
6,9,15,23,25,27|8,10,11,13,16,34|14,17,20,33,38,39
6,9,16,23,27,28|8,10,13,14,31,34|15,17,20,21,33,38
6,10,15,16,33,34|8,13,17,25,31,38|9,11,21,22,23,27
6,17,21,25,33,38|8,10,11,13,16,34|9,14,15,23,27,28
6,17,28,33,38,39|8,10,11,13,16,34|9,15,22,23,27,31
8,10,11,13,16,34|9,14,15,23,27,28|17,21,22,31,33,38
8,10,13,14,31,34|9,11,21,22,23,27|15,16,17,28,33,38
8,10,13,15,22,34|9,11,16,23,27,31|14,17,20,33,38,39
8,10,31,34,39,40|9,11,21,22,23,27|14,16,17,25,33,38
1,2,13,14,25,30|6,9,11,21,23,27|8,26,29,31,33,39
1,2,13,15,28,30|6,9,11,21,23,27|8,10,14,34,39,40|16,25,29,31,33,38
1,2,13,16,20,30|6,9,11,21,23,27|8,10,14,34,39,40
1,2,25,30,39,40|6,8,10,13,15,34|9,11,14,16,23,27|21,28,29,31,33,38
1,3,30,31,32,39|6,8,10,13,15,34|9,11,14,16,23,27|21,22,25,29,33,38
1,6,21,31,33,34|2,3,8,14,17,39|9,13,15,20,23,28
1,6,22,33,34,39|2,3,8,15,17,21|9,11,13,23,25,31
1,8,13,14,25,34|2,7,12,15,21,32|3,6,17,28,30,39
1,8,13,15,28,34|2,7,12,14,32,39|3,6,17,21,25,30
1,8,13,16,20,34|2,7,12,14,32,39|3,6,17,21,25,30
1,8,25,34,39,40|2,6,10,13,15,30|9,11,14,16,23,27|21,28,29,31,33,38
1,11,14,33,34,39|2,3,8,15,17,21|6,9,13,23,25,28
1,11,15,21,33,34|2,3,8,14,17,39|6,9,13,23,25,28
1,14,16,31,33,34|2,3,8,15,17,21|6,9,13,23,25,28
1,14,21,22,33,34|2,3,8,25,29,39|6,9,15,23,27,31
1,14,32,33,38,39|2,3,8,15,17,21|6,9,13,23,25,28
1,15,16,22,33,34|2,3,8,14,17,39|6,9,11,21,23,27
1,15,21,32,33,38|2,3,8,14,17,39|6,9,13,23,25,28
1,17,23,25,29,39|2,6,10,13,15,30|8,9,21,28,31,33
2,3,8,14,17,39|6,9,11,21,23,27|16,25,29,31,33,38
2,3,8,15,17,21|6,9,13,23,25,28|20,29,31,33,38,39
2,3,8,25,29,39|6,9,11,21,23,27|14,16,17,31,33,38
2,6,10,13,15,30|8,9,11,25,33,39|14,16,17,23,27,32
2,7,12,14,32,39|3,6,17,21,25,30|8,16,27,29,31,38|9,13,15,20,23,28
2,7,12,15,21,32|3,6,17,28,30,39|8,9,16,25,31,33
2,10,14,30,39,40|6,9,11,21,23,27|8,13,15,17,28,38
2,10,15,21,30,40|6,9,13,23,25,28|8,11,27,29,38,39
3,6,17,21,25,30|8,9,20,31,33,39|13,15,23,26,28,29
3,11,17,30,31,39|6,8,10,13,15,34|9,21,23,25,28,40
3,14,16,17,25,30|6,8,10,13,15,34|20,23,27,29,32,39
3,14,17,20,30,39|6,8,10,13,15,34|9,21,23,25,28,40
3,14,17,21,28,30|6,8,10,13,15,34|9,20,23,25,39,40
3,15,16,17,28,30|6,9,11,21,23,27|8,10,14,34,39,40
3,15,17,20,21,30|6,9,13,23,25,28|8,10,14,34,39,40
3,17,21,22,30,31|6,8,10,13,15,34|9,11,14,16,23,27
3,20,25,29,30,39|6,8,10,13,15,34|9,11,14,16,23,27
3,21,25,28,29,30|6,8,10,13,15,34|9,11,14,16,23,27
6,8,10,13,15,34|9,11,14,16,23,27|20,29,31,33,38,39
6,9,11,21,23,27|8,10,14,34,39,40|15,16,17,22,33,38
6,9,13,23,25,28|8,10,14,34,39,40|11,15,17,21,33,38
6,9,15,23,27,31|8,10,14,34,39,40|21,22,25,29,33,38
6,9,16,22,23,27|8,10,14,34,39,40|11,15,17,21,33,38
6,17,21,31,33,38|8,10,14,34,39,40|9,13,15,20,23,28
6,17,22,33,38,39|8,10,15,21,34,40|9,11,13,23,25,31
8,10,14,34,39,40|9,11,13,23,25,31|15,16,17,22,33,38
8,10,15,21,34,40|9,11,13,23,25,31|22,28,29,33,38,39
1,9,10,23,31,39|2,7,12,15,21,26|8,16,17,25,27,38
1,2,3,14,38,39|6,10,21,31,33,34|9,11,16,23,25,27
1,2,3,15,21,38|6,10,22,33,34,39|9,11,16,23,25,27
1,2,11,27,30,39|6,10,21,31,33,34|13,14,17,23,25,26
1,2,16,27,30,31|6,10,22,33,34,39|13,14,17,23,25,26
1,2,21,22,27,30|8,10,13,14,25,34|17,20,31,33,38,39
1,3,14,26,30,39|6,10,21,31,33,34|9,11,16,23,25,27
1,3,15,21,26,30|2,7,12,25,32,39|8,10,13,16,20,34
1,8,11,27,34,39|2,10,13,14,25,30|17,21,28,31,33,38
1,8,13,16,26,38|2,7,12,25,32,39|6,10,21,31,33,34
1,8,16,27,31,34|2,7,12,25,32,39|13,15,17,23,26,28
1,8,21,22,27,34|2,7,12,25,32,39|13,15,17,23,26,28
1,11,25,33,34,39|2,10,13,15,28,30|8,16,17,27,31,38
1,16,25,31,33,34|2,10,13,15,28,30|8,11,17,27,38,39
1,20,31,33,34,39|2,10,13,14,25,30|8,17,21,22,27,38
1,21,22,25,33,34|2,10,13,15,28,30|8,11,17,27,38,39
1,22,28,33,34,39|2,10,13,14,25,30|8,16,17,27,31,38
1,25,32,33,38,39|2,10,13,15,28,30|9,16,20,23,27,31
2,3,8,17,25,39|6,10,21,31,33,34|9,16,22,23,27,28
2,7,12,25,32,39|6,10,21,31,33,34|9,16,22,23,27,28
3,17,20,25,30,39|6,10,21,31,33,34|9,16,22,23,27,28
3,17,21,25,28,30|6,10,22,33,34,39|9,16,20,23,27,31
8,10,13,14,25,34|9,11,20,23,27,39|17,21,28,31,33,38
8,10,13,15,28,34|9,11,16,23,25,27|17,20,31,33,38,39
1,2,3,29,31,39|6,9,10,14,21,33|11,13,16,26,38,40
1,6,8,9,21,27|2,3,13,14,25,32|10,29,31,38,39,40|15,16,18,20,28,34
1,6,9,21,25,33|2,3,13,15,28,32|8,17,20,27,29,39|14,16,19,26,31,38
1,6,9,28,33,39|2,3,13,14,25,32|11,15,19,21,26,38
1,6,21,27,29,38|2,3,13,14,25,32|8,9,10,31,39,40|15,16,18,20,28,34
1,8,9,13,25,31|6,14,18,21,26,38|19,20,22,28,34,39
1,8,9,14,16,27|2,3,13,15,28,32|6,18,20,21,25,34|10,29,31,38,39,40
1,9,11,31,33,39|2,3,13,14,25,32|6,15,16,18,26,38|8,17,21,27,28,29
1,9,14,16,25,33|2,3,13,15,28,32|6,19,21,26,31,38|8,17,20,27,29,39
1,9,14,20,33,39|2,3,13,15,28,32|6,19,21,26,31,38|8,16,17,25,27,29
1,9,14,21,28,33|2,3,13,16,20,32|6,15,25,27,34,40
1,9,15,16,28,33|2,3,13,14,25,32|6,19,21,26,31,38|8,17,20,27,29,39
1,9,15,20,21,33|2,3,13,14,25,32|6,16,27,28,34,40
1,9,21,22,31,33|2,3,13,14,25,32|6,15,16,18,26,38|8,17,20,27,29,39
1,11,13,16,17,38|2,3,25,32,39,40|6,9,10,14,21,33
1,13,14,17,31,38|2,3,25,32,39,40|6,9,10,15,16,33
1,13,15,17,22,38|2,3,25,32,39,40|6,9,10,14,21,33
1,13,25,29,31,38|6,9,10,14,21,33|11,18,22,28,34,39
1,14,16,27,29,38|2,3,13,15,28,32|6,18,20,21,25,34|8,9,10,31,39,40
1,14,26,29,33,39|2,3,13,15,28,32|6,18,20,21,25,34
1,15,21,26,29,33|2,3,13,14,25,32|6,16,27,28,34,40
1,17,31,38,39,40|2,3,13,14,25,32|6,9,10,15,16,33
2,3,13,14,25,32|6,9,10,15,16,33|8,17,20,27,29,39|11,18,21,28,31,34
2,3,13,15,28,32|6,9,10,14,21,33|8,16,17,25,27,29|11,18,20,31,34,39
2,3,13,16,20,32|6,9,10,14,21,33|11,18,22,28,34,39
2,3,25,32,39,40|6,9,10,14,21,33|15,16,18,20,28,34
6,9,10,14,21,33|8,16,17,25,27,29|11,18,20,31,34,39|13,15,22,26,38,40
6,9,10,15,16,33|8,17,20,27,29,39|11,18,21,22,25,34|13,14,26,31,38,40
6,11,13,22,27,34|8,9,10,31,39,40|17,21,25,28,29,33
6,13,22,27,32,38|8,9,10,31,39,40|11,19,21,25,28,34
6,14,18,21,26,38|8,9,10,11,13,16|15,19,25,28,31,34
6,15,16,18,26,38|8,9,10,13,14,31|11,19,20,25,34,39
6,15,25,27,34,40|8,9,10,11,13,16|14,19,21,22,26,38
6,16,18,25,28,34|8,9,10,13,14,31|11,15,19,21,26,38
6,16,27,28,34,40|8,9,10,13,14,31|11,15,19,21,26,38|17,20,25,29,33,39
6,18,20,21,25,34|8,9,10,11,13,16|26,31,32,33,39,40
6,18,20,28,34,39|8,9,10,11,13,16|14,19,21,22,26,38
6,19,21,26,31,38|8,9,10,11,13,16|14,15,18,25,28,34
6,19,22,26,38,39|8,9,10,11,13,16|14,15,18,25,28,34
6,20,21,27,34,40|8,9,10,11,13,16|18,22,28,32,38,39
8,9,10,11,13,16|14,15,18,25,28,34|21,22,27,32,38,40
8,9,10,13,14,31|11,15,19,21,26,38|17,20,25,29,33,39
8,9,10,13,15,22|11,14,19,26,38,39|17,21,25,28,29,33
8,9,10,31,39,40|11,13,14,27,32,38|15,16,18,20,28,34
8,10,13,16,17,32|11,14,19,26,38,39|15,18,22,25,31,34
8,16,17,25,27,29|11,14,19,26,38,39|18,20,21,22,31,34
8,17,20,27,29,39|11,13,16,26,32,33|14,15,18,25,28,34
8,17,21,27,28,29|11,13,16,26,32,33|15,18,22,25,31,34
8,18,26,31,32,39|10,11,13,16,29,38|14,15,27,28,34,40
8,19,25,26,32,39|10,11,13,16,29,38|14,15,27,28,34,40
10,11,13,16,29,38|14,15,18,25,28,34|26,31,32,33,39,40
10,29,31,32,33,39|11,13,16,26,38,40|14,15,18,25,28,34
10,29,31,38,39,40|11,13,16,26,32,33|14,15,18,25,28,34
1,2,3,14,29,39|6,8,9,10,13,15|11,16,19,25,31,34
1,2,3,15,21,29|6,11,18,28,34,39|13,25,31,32,38,40
1,6,9,21,31,33|2,3,11,13,16,32|10,14,29,38,39,40
1,6,9,22,33,39|2,3,11,13,16,32|10,15,21,29,38,40
1,6,13,15,17,38|2,3,31,32,39,40|11,14,16,18,25,34
1,8,9,13,14,25|2,3,31,32,39,40|6,15,16,19,26,38
1,8,9,13,15,28|2,3,31,32,39,40|6,11,18,21,25,34
1,8,9,13,16,20|2,3,31,32,39,40|6,11,18,21,25,34
1,8,9,25,39,40|2,3,11,13,16,32|6,14,19,21,26,38
1,8,13,16,26,29|2,3,31,32,39,40|6,11,18,21,25,34
1,9,11,14,33,39|2,3,13,15,22,32|6,16,18,28,31,34
1,9,11,15,21,33|2,3,13,14,31,32|6,16,18,22,25,34
1,9,14,16,31,33|2,3,13,15,22,32|6,11,18,21,25,34
1,9,14,21,22,33|2,3,11,13,16,32|6,15,18,25,31,34
1,9,15,16,22,33|2,3,13,14,31,32|6,11,18,21,25,34
1,13,14,25,29,38|2,3,31,32,39,40|6,18,21,22,28,34
1,13,15,28,29,38|2,3,31,32,39,40|6,11,18,21,25,34
1,13,16,20,29,38|2,3,31,32,39,40|6,11,18,21,25,34
1,14,17,32,33,39|6,8,9,10,13,15|11,16,19,25,31,34
1,14,17,38,39,40|2,3,11,13,16,32|6,15,18,25,31,34
1,15,17,21,38,40|2,3,11,13,16,32|6,18,20,22,34,39
1,25,29,32,33,39|6,8,9,10,13,15|11,14,16,27,34,40
1,25,29,38,39,40|2,3,11,13,16,32|6,18,20,21,31,34
2,3,11,13,16,32|6,14,19,21,26,38|17,20,29,31,33,39
2,3,13,14,31,32|6,11,18,21,25,34|17,22,28,29,33,39
2,3,13,15,22,32|6,11,18,21,25,34|8,9,10,14,39,40
2,3,31,32,39,40|6,8,9,10,13,15|11,14,16,18,25,34
6,8,9,10,13,15|11,14,16,18,25,34|17,20,29,31,33,39
6,10,13,15,29,38|8,14,18,26,32,39|11,16,19,25,31,34
6,11,18,28,34,39|8,9,10,15,21,40|16,17,25,29,31,33
6,11,21,27,34,40|8,14,18,26,32,39|16,17,25,29,31,33
6,13,15,26,32,33|8,9,10,14,39,40|11,16,19,25,31,34
6,13,15,26,38,40|8,11,17,27,29,39|14,16,18,20,31,34
6,13,25,28,34,40|8,11,17,27,29,39|15,18,20,21,32,38
6,14,19,21,26,38|8,11,17,27,29,39|13,15,20,28,34,40
6,15,16,19,26,38|8,9,10,14,39,40|11,18,21,22,31,34
6,15,27,31,34,40|8,14,18,26,32,39|17,21,22,25,29,33
6,16,18,22,25,34|8,9,10,14,39,40|17,21,28,29,31,33
6,16,18,28,31,34|8,9,10,14,39,40|17,21,22,25,29,33
6,16,19,25,28,34|8,9,10,14,39,40|15,18,20,21,32,38
6,16,22,27,34,40|8,14,18,26,32,39|17,21,28,29,31,33
6,18,20,22,34,39|8,9,10,15,21,40|16,17,25,29,31,33
6,18,21,22,28,34|8,9,10,14,39,40|16,17,25,29,31,33
6,18,21,25,32,38|8,9,10,14,39,40|15,16,19,20,28,34
6,18,28,32,38,39|8,9,10,15,21,40|11,16,19,25,31,34
6,19,20,21,25,34|8,9,10,14,39,40|15,16,18,28,32,38
6,19,20,28,34,39|8,9,10,15,21,40|14,16,18,25,32,38
6,21,27,32,38,40|11,14,16,18,25,34|17,20,29,31,33,39
8,9,10,14,39,40|11,15,16,18,28,34|17,21,22,25,29,33
8,9,10,15,21,40|11,14,16,18,25,34|17,20,29,31,33,39
8,11,17,27,29,39|13,14,20,25,34,40|15,16,18,28,32,38
8,14,18,26,32,39|10,15,21,29,38,40|11,16,19,25,31,34
8,15,18,21,26,32|10,14,29,38,39,40|11,16,19,25,31,34
8,16,17,27,29,31|11,14,18,20,34,39|15,21,26,32,33,40
8,17,21,22,27,29|11,13,25,31,34,40|14,18,20,32,38,39
8,19,26,31,32,39|10,15,21,29,38,40|11,14,16,18,25,34
11,14,16,27,34,40|15,18,20,21,32,38|17,22,28,29,33,39
11,15,18,20,21,34|13,25,31,32,38,40|17,22,28,29,33,39
11,17,25,29,33,39|13,15,20,28,34,40|18,21,22,31,32,38
11,19,21,22,25,34|14,16,27,32,38,40|17,20,29,31,33,39
1,6,9,15,16,33|2,3,14,32,39,40|8,13,17,25,29,31
1,8,9,11,13,16|2,3,14,32,39,40|6,15,19,25,31,34
1,8,9,13,14,31|2,3,15,21,32,40|6,11,18,22,34,39
1,8,9,13,15,22|2,3,14,32,39,40|6,11,18,21,31,34
1,8,9,31,39,40|2,3,6,13,15,32|11,14,16,19,25,34
1,11,13,16,29,38|2,3,14,32,39,40|6,15,19,25,31,34
1,13,14,29,31,38|2,3,15,21,32,40|6,11,18,22,34,39
1,13,15,22,29,38|2,3,14,32,39,40|6,11,18,21,31,34
1,29,31,38,39,40|2,3,6,13,15,32|11,14,16,19,25,34
2,3,6,13,15,32|8,14,16,17,27,29|11,19,21,22,31,34
2,3,14,32,39,40|6,8,17,21,27,29|11,15,16,18,22,34
2,3,15,21,32,40|6,11,18,22,34,39|8,13,17,25,29,31
6,8,17,21,27,29|11,13,14,25,34,40|15,16,18,22,32,38
6,13,22,25,34,40|8,14,16,17,27,29|11,15,18,21,32,38
6,13,28,31,34,40|8,14,16,17,27,29|11,15,18,21,32,38
6,14,16,18,28,34|8,13,17,25,29,31|15,19,20,21,32,38
6,15,16,18,20,34|8,13,17,25,29,31|14,19,21,28,32,38
6,16,18,22,31,34|8,14,19,26,32,39|15,17,20,21,29,33
6,16,19,22,25,34|11,14,18,32,38,39|15,17,20,21,29,33
6,16,19,28,31,34|11,14,18,32,38,39|15,17,20,21,29,33
6,17,21,25,29,33|8,13,16,26,32,40|11,14,19,20,34,39
6,17,28,29,33,39|8,13,16,26,32,40|11,14,18,21,22,34
6,18,21,31,32,38|8,14,16,17,27,29|11,13,15,28,34,40
6,18,22,32,38,39|8,13,17,25,29,31|11,14,19,21,28,34
6,19,21,25,32,38|8,14,16,17,27,29|11,13,15,28,34,40
6,19,28,32,38,39|8,13,17,25,29,31|11,14,18,21,22,34
8,13,17,25,29,31|11,14,18,21,22,34|15,16,19,28,32,38
8,14,16,17,27,29|11,13,15,28,34,40|19,21,22,31,32,38
8,14,19,26,32,39|11,13,15,28,34,40|17,21,22,29,31,33
11,13,14,25,34,40|15,16,17,28,29,33|19,21,22,31,32,38
11,13,15,28,34,40|14,16,17,25,29,33|19,21,22,31,32,38
11,14,16,19,25,34|13,15,28,32,38,40|17,21,22,29,31,33
11,14,19,20,34,39|13,15,28,32,38,40|17,21,22,29,31,33
11,15,16,19,28,34|13,14,25,32,38,40|17,21,22,29,31,33
11,17,29,31,33,39|13,14,22,28,34,40|15,19,20,21,32,38
11,19,21,22,31,34|13,14,25,32,38,40|15,16,17,28,29,33
11,19,31,32,38,39|13,14,22,28,34,40|15,17,20,21,29,33
1,8,9,15,21,40|6,11,19,22,34,39|14,16,17,29,31,33
1,2,3,17,25,39|6,13,22,26,27,38|9,10,21,28,31,33
1,10,13,14,25,34|2,3,20,27,32,39|18,21,26,28,31,38
1,10,13,15,28,34|2,3,16,25,27,32|18,20,26,31,38,39
1,10,13,16,20,34|2,3,21,27,28,32|11,18,25,26,38,39
1,11,17,27,38,39|2,3,13,14,25,26|9,10,21,28,31,33
1,2,3,14,17,39|6,9,10,21,31,33|11,16,25,27,34,40
1,2,3,15,17,21|6,9,10,22,33,39|8,13,14,26,27,32|16,18,20,25,31,34
1,2,3,25,29,39|6,9,10,21,31,33|8,13,14,26,27,32
1,6,10,13,15,34|2,3,14,16,27,32|11,19,26,31,38,39
1,8,9,11,27,39|2,3,6,13,15,26|16,18,20,25,31,34
1,8,9,16,27,31|2,3,6,13,15,26|10,14,17,32,33,39|11,18,21,25,28,34
1,8,9,21,22,27|2,3,6,13,15,26|10,14,17,32,33,39|16,18,20,25,31,34
1,8,13,16,17,26|2,3,6,21,27,32|9,10,11,14,33,39|15,18,25,28,31,34
1,8,17,27,32,39|2,3,6,13,15,26|9,10,14,16,31,33|11,18,21,25,28,34
1,9,11,25,33,39|2,3,6,13,15,26|16,20,27,31,34,40
1,9,16,25,31,33|2,3,6,13,15,26|8,10,27,29,32,39
1,9,20,31,33,39|2,3,6,13,15,26|11,16,25,27,34,40
1,9,21,22,25,33|2,3,6,13,15,26|8,10,27,29,32,39
1,9,21,28,31,33|2,3,6,13,15,26|8,10,27,29,32,39
1,9,22,28,33,39|2,3,6,13,15,26|11,16,25,27,34,40
1,10,14,34,39,40|2,3,6,13,15,26|18,21,25,28,32,38
1,10,15,21,34,40|2,3,13,25,31,32|6,18,22,26,38,39
1,11,27,29,38,39|2,3,6,13,15,26|9,10,14,16,31,33|18,20,21,22,25,34
1,13,14,17,25,38|2,3,6,21,27,32|9,10,15,16,22,33
1,13,15,17,28,38|2,3,6,21,27,32|8,9,10,25,39,40
1,13,16,17,20,38|2,3,6,21,27,32|8,9,10,25,39,40
1,16,27,29,31,38|2,3,6,13,15,26|8,9,10,25,39,40
1,17,25,32,33,39|2,3,6,13,15,26|11,21,27,28,34,40
1,17,25,38,39,40|2,3,6,13,15,26|9,10,14,16,31,33
1,21,22,27,29,38|2,3,6,13,15,26|8,9,10,25,39,40
1,26,29,31,33,39|2,3,6,21,27,32|8,9,10,13,14,25
2,3,6,13,15,26|8,9,10,25,39,40|18,20,21,28,31,34
2,3,6,21,27,32|8,9,10,13,14,25|11,19,26,31,38,39
2,3,10,14,29,39|6,11,13,27,28,34|15,16,18,22,26,38
2,3,10,15,21,29|6,11,13,27,28,34|8,18,25,26,32,39
2,3,13,25,31,32|6,9,10,22,33,39|11,15,18,21,26,38
2,3,14,16,27,32|6,9,10,21,31,33|11,18,20,25,34,39|13,15,26,28,38,40
2,3,14,26,39,40|6,9,10,21,31,33|16,18,22,25,28,34
2,3,15,21,26,40|6,9,10,22,33,39|11,13,14,20,27,34
6,9,10,21,31,33|8,13,14,26,27,32|11,18,20,25,34,39
6,9,10,22,33,39|8,13,14,26,27,32|11,18,21,25,28,34
6,10,13,15,17,38|8,18,25,26,32,39|11,21,27,28,34,40
6,11,13,27,28,34|8,9,10,25,39,40|14,16,18,26,31,38
6,13,20,22,27,34|8,9,10,25,39,40|11,15,18,21,26,38
6,18,21,26,31,38|8,9,10,13,14,25|11,20,27,34,39,40
6,18,22,26,38,39|8,9,10,13,14,25|11,21,27,28,34,40
6,19,21,25,26,38|8,9,10,13,15,28|11,20,27,34,39,40
6,19,26,28,38,39|8,9,10,13,14,25|16,20,27,31,34,40
8,9,10,13,14,25|11,15,18,21,26,38|16,20,27,31,34,40
8,9,10,13,15,28|11,14,18,26,38,39|16,20,27,31,34,40
8,9,10,13,16,20|11,14,18,26,38,39|15,22,25,27,34,40
8,9,10,25,39,40|11,13,14,20,27,34|15,16,18,22,26,38
8,10,13,16,26,29|11,18,20,25,34,39|21,27,28,32,38,40
8,13,14,26,27,32|9,10,11,15,21,33|16,18,20,25,31,34
8,18,25,26,32,39|9,10,11,15,21,33|16,20,27,31,34,40
8,26,27,32,39,40|9,10,11,15,21,33|16,18,20,25,31,34
9,10,11,14,33,39|13,15,26,28,38,40|16,18,20,25,31,34
9,10,11,15,21,33|13,14,20,27,32,38|16,18,22,25,28,34
9,10,15,16,22,33|11,13,14,20,27,34|18,21,25,28,32,38
10,14,17,32,33,39|11,15,18,21,26,38|16,20,27,31,34,40
10,14,17,38,39,40|11,18,21,25,28,34|13,16,20,26,32,33
10,25,29,32,33,39|11,13,14,20,27,34|15,16,18,22,26,38
1,2,3,17,31,39|6,8,9,10,21,27|14,16,18,25,26,38
1,8,9,16,25,27|2,3,10,29,31,39|14,18,21,26,28,38
1,8,9,21,27,28|2,3,10,29,31,39|14,16,18,25,26,38
1,9,20,25,33,39|2,3,11,13,16,26|6,10,21,27,29,38
1,9,21,25,28,33|2,3,10,29,31,39|14,16,26,27,38,40
1,10,11,13,16,34|2,3,21,22,27,32|6,18,26,28,38,39
1,10,13,14,31,34|2,3,11,27,32,39|6,18,21,25,26,38
1,10,13,15,22,34|2,3,11,27,32,39|6,18,21,25,26,38
1,10,13,16,32,38|2,3,26,31,39,40|18,20,21,25,28,34
1,13,17,25,31,38|2,3,11,27,32,39|9,10,14,21,28,33
1,14,16,17,27,38|2,3,10,29,31,39|18,20,21,25,28,34
1,14,17,26,33,39|2,3,16,27,31,32|18,20,21,25,28,34
1,15,17,21,26,33|2,3,10,29,31,39|6,13,20,27,28,34
1,16,25,27,29,38|2,3,13,14,26,31|6,9,10,28,33,39
1,20,27,29,38,39|2,3,11,13,16,26|6,9,10,21,25,33
1,21,27,28,29,38|2,3,11,13,16,26|9,10,14,20,33,39
1,25,26,29,33,39|2,3,16,27,31,32|10,13,15,17,22,38
2,3,10,29,31,39|6,13,20,27,28,34|14,16,18,25,26,38
2,3,11,27,32,39|6,9,10,21,25,33|15,16,18,26,28,38
2,3,16,27,31,32|6,9,10,21,25,33|14,18,20,26,38,39
2,3,21,22,27,32|6,9,10,28,33,39|13,25,26,31,38,40
6,13,20,27,28,34|9,10,11,31,33,39|14,16,18,25,26,38
9,10,14,16,25,33|11,13,20,27,31,34|19,22,26,28,38,39
9,10,14,20,33,39|11,13,22,27,28,34|16,19,25,26,31,38
9,10,15,16,28,33|11,13,20,27,31,34|19,21,22,25,26,38
9,10,15,20,21,33|11,13,22,27,28,34|14,16,18,25,26,38
10,13,15,17,22,38|14,16,26,27,32,33|18,20,21,25,28,34
10,17,31,32,33,39|11,13,22,27,28,34|14,16,18,25,26,38
1,8,9,10,19,31|2,3,6,17,18,28|11,26,27,29,33,40
1,9,10,14,33,40|2,3,6,17,18,28|8,19,20,26,27,29
1,10,19,29,31,38|2,3,6,17,18,28|9,11,20,27,33,40
1,2,6,13,15,38|3,8,9,11,31,39|16,22,27,28,29,30
1,2,14,32,33,39|3,6,8,9,21,25|13,15,17,20,28,30
1,2,14,38,39,40|3,6,8,9,21,25|10,11,13,16,30,32
1,2,15,21,32,33|3,6,8,9,28,39|11,13,17,25,30,31
1,2,15,21,38,40|3,6,8,9,28,39|10,11,13,16,30,32
1,3,6,14,21,34|2,8,11,27,29,39|10,13,15,22,30,32
1,3,6,15,16,34|2,8,11,27,29,39|10,13,14,30,31,32
1,6,21,27,30,32|2,8,13,14,17,25|3,11,29,31,38,39
1,10,14,29,30,39|2,6,17,21,31,33|3,8,9,15,16,28
1,10,15,21,29,30|2,6,17,22,33,39|3,8,9,14,16,25
1,13,25,30,31,32|2,6,17,22,33,39|3,8,9,14,21,28
1,14,26,30,39,40|2,6,17,21,31,33|3,8,9,15,16,28
1,15,21,26,30,40|2,6,17,22,33,39|3,8,9,14,16,25
2,6,17,21,31,33|3,8,9,14,16,25|10,13,15,22,30,32
2,6,17,22,33,39|3,8,9,14,16,25|11,21,27,28,29,30
2,8,11,27,29,39|3,6,14,17,21,38|10,13,15,22,30,32
2,8,13,15,17,28|3,6,21,25,29,38|10,30,31,32,39,40
2,8,13,16,17,20|3,6,21,25,29,38|10,30,31,32,39,40
2,8,16,27,29,31|3,6,14,17,21,38|10,13,15,22,30,32
2,8,17,25,39,40|3,14,21,28,29,38|10,11,13,16,30,32
2,8,21,22,27,29|3,6,15,16,17,38|10,13,14,30,31,32
2,11,14,17,33,39|3,6,8,9,21,25|10,13,15,22,30,32
2,11,15,17,21,33|3,6,8,9,28,39|10,13,14,30,31,32
2,11,25,29,33,39|3,6,14,17,21,38|10,13,15,22,30,32
2,14,16,17,31,33|3,6,8,9,21,25|10,13,15,22,30,32
2,14,17,21,22,33|3,6,8,9,28,39|10,11,13,16,30,32
2,15,16,17,22,33|3,6,8,9,21,25|10,13,14,30,31,32
2,16,25,29,31,33|3,6,8,9,28,39|10,13,15,22,30,32
2,20,29,31,33,39|3,6,8,9,21,25|10,11,13,16,30,32
2,21,22,25,29,33|3,6,8,9,28,39|10,11,13,16,30,32
2,22,28,29,33,39|3,6,8,9,21,25|10,11,13,16,30,32
1,2,11,13,16,38|3,8,9,20,31,39|6,15,17,25,27,30
1,2,13,14,31,38|3,8,9,11,25,39|6,16,17,27,28,30
1,2,13,15,22,38|3,8,9,11,25,39|6,16,17,27,28,30
1,2,31,32,33,39|3,8,9,21,22,25|6,16,17,27,28,30
1,2,31,38,39,40|3,8,9,21,22,25|6,16,17,27,28,30
1,3,6,21,31,34|2,8,10,13,16,32|14,15,17,27,28,30
1,3,6,22,34,39|2,8,10,13,16,32|14,15,17,27,28,30
1,3,11,14,34,39|2,6,8,17,21,27|10,13,15,28,30,32
1,3,11,15,21,34|2,6,17,28,33,39|10,13,14,25,30,32
1,3,14,16,31,34|2,6,8,17,21,27|10,13,15,28,30,32
1,3,14,21,22,34|2,6,17,28,33,39|10,13,16,20,30,32
1,3,15,16,22,34|2,6,8,17,21,27|10,13,14,25,30,32
1,3,15,21,32,38|2,6,17,28,33,39|16,20,25,27,29,30
1,11,13,16,26,30|2,6,8,17,21,27|3,20,29,31,38,39
1,13,14,26,30,31|2,6,8,17,21,27|3,11,25,29,38,39
1,13,15,22,26,30|2,6,8,17,21,27|3,11,25,29,38,39
1,16,27,30,31,32|2,6,17,21,25,33|3,8,9,22,28,39
1,21,22,27,30,32|2,6,17,28,33,39|3,8,9,16,25,31
2,6,8,17,21,27|3,11,25,29,38,39|10,13,15,28,30,32
2,6,17,21,25,33|3,8,9,20,31,39|10,13,15,28,30,32
2,8,10,13,16,32|3,6,17,21,31,38|15,25,27,28,29,30
2,8,14,16,17,27|3,11,25,29,38,39|10,13,15,28,30,32
2,8,16,25,27,29|3,6,17,21,31,38|10,13,15,28,30,32
2,8,20,27,29,39|3,6,17,21,31,38|10,13,14,25,30,32
2,8,21,27,28,29|3,6,17,22,38,39|10,13,14,25,30,32
2,11,17,31,33,39|3,8,9,21,22,25|10,13,15,28,30,32
2,14,16,17,25,33|3,8,9,20,31,39|10,13,15,28,30,32
2,14,17,20,33,39|3,8,9,16,25,31|10,13,15,28,30,32
2,14,17,21,28,33|3,8,9,11,25,39|10,13,16,20,30,32
2,17,21,22,31,33|3,8,9,11,25,39|10,13,15,28,30,32
2,20,25,29,33,39|3,6,17,21,31,38|10,13,15,28,30,32
2,21,25,28,29,33|3,6,17,22,38,39|10,13,16,20,30,32
2,11,14,29,33,39|3,6,8,9,15,16|17,21,22,30,31,40
2,14,21,22,29,33|3,6,8,9,15,16|11,17,30,31,39,40
2,15,16,22,29,33|3,6,8,9,14,21|11,17,30,31,39,40
1,2,8,13,16,32|3,6,21,29,31,38|11,17,25,30,39,40
2,6,14,17,21,33|3,8,9,15,16,22|13,20,25,29,30,31
2,6,15,16,17,33|3,8,9,11,14,39|13,20,25,29,30,31
2,6,21,25,29,33|3,8,9,11,14,39|13,15,17,20,22,30
2,6,28,29,33,39|3,8,9,11,15,21|13,14,17,20,30,31
2,8,11,13,16,17|3,6,21,29,31,38|10,14,30,32,39,40
2,8,13,14,17,31|3,6,22,29,38,39|10,15,21,30,32,40
2,8,13,15,17,22|3,6,21,29,31,38|10,14,30,32,39,40
2,11,29,31,33,39|3,8,9,14,21,22|6,10,13,15,30,32
2,14,16,25,29,33|3,6,8,9,21,31|11,13,15,17,28,30
2,14,20,29,33,39|3,6,8,9,21,31|11,13,15,17,28,30
2,14,21,28,29,33|3,6,8,9,22,39|11,13,16,17,20,30
2,15,16,28,29,33|3,6,8,9,21,31|10,14,30,32,39,40
2,15,20,21,29,33|3,6,8,9,22,39|11,13,14,17,25,30
2,21,22,29,31,33|3,8,9,11,14,39|6,10,13,15,30,32
1,2,8,13,16,26|3,6,10,14,21,34|11,17,20,27,30,39
1,2,13,14,25,38|3,6,10,15,16,34|11,17,20,27,30,39
1,2,13,15,28,38|3,6,10,14,21,34|11,16,17,25,27,30
1,2,13,16,20,38|3,6,10,14,21,34|15,17,22,25,27,30
1,2,25,32,33,39|3,6,10,14,21,34|15,17,27,28,30,31
1,2,25,38,39,40|3,6,10,14,21,34|15,17,27,28,30,31
1,3,6,28,34,39|2,8,16,17,27,31|7,12,15,21,26,32
1,3,11,31,34,39|2,6,10,13,15,38|16,17,22,27,28,30
1,3,14,16,25,34|2,6,10,13,15,38|11,17,20,27,30,39
1,3,14,20,34,39|2,6,10,13,15,38|11,16,17,25,27,30
1,3,14,21,28,34|2,6,10,13,15,38|11,16,17,25,27,30
1,3,15,16,28,34|2,8,11,17,27,39|10,13,25,30,31,32
1,3,15,20,21,34|2,8,11,17,27,39|10,13,25,30,31,32
1,3,21,22,31,34|2,6,10,13,15,38|7,12,14,26,32,39|11,16,17,25,27,30
1,3,31,32,38,39|2,8,17,21,22,27|6,10,13,15,26,30
1,10,25,29,30,39|2,8,16,17,27,31|7,12,15,21,26,32
1,13,14,25,26,30|2,8,11,17,27,39|3,6,10,15,16,34
1,13,15,26,28,30|2,8,11,17,27,39|3,6,10,14,21,34
1,13,16,20,26,30|2,8,11,17,27,39|3,6,10,14,21,34
1,16,25,27,30,32|2,6,10,13,15,38|3,8,14,17,26,39
1,20,27,30,32,39|2,6,10,13,15,38|3,8,9,21,25,28
1,21,27,28,30,32|2,6,10,13,15,38|3,8,9,20,25,39
2,6,10,13,15,38|3,8,9,20,25,39|11,17,21,27,28,30
2,8,17,21,22,27|3,6,10,15,16,34|7,12,14,26,32,39
2,10,14,38,39,40|3,8,9,21,25,28|16,17,20,27,30,31
2,10,15,21,38,40|3,8,9,20,25,39|16,17,22,27,28,30
2,17,21,22,25,33|3,6,10,15,16,34|7,12,14,26,32,39
2,17,21,28,31,33|3,6,10,15,16,34|7,12,14,26,32,39
3,6,10,15,16,34|7,12,14,26,32,39|11,17,21,27,28,30
1,2,13,25,31,38|3,6,10,22,34,39|17,20,21,27,28,30
1,2,14,26,33,39|3,6,10,21,31,34|15,17,25,27,28,30
1,2,15,21,26,33|3,6,10,22,34,39|16,17,20,25,27,30
1,3,11,25,34,39|2,8,17,21,27,28|10,13,14,26,30,31
1,3,16,25,31,34|2,8,17,20,27,39|10,13,15,22,26,30
1,3,20,31,34,39|2,8,16,17,25,27|10,13,15,22,26,30
1,3,21,22,25,34|2,8,17,20,27,39|10,11,13,16,26,30
1,3,21,28,31,34|2,8,16,17,25,27|10,13,15,22,26,30
1,3,22,28,34,39|2,8,16,17,25,27|10,13,14,26,30,31
1,3,25,32,38,39|2,8,17,21,27,28|10,11,13,16,26,30
1,13,25,26,30,31|2,8,17,20,27,39|3,10,11,15,21,34
3,10,11,15,21,34|7,12,26,31,32,39|16,17,20,25,27,30
3,10,14,21,22,34|7,12,26,31,32,39|15,17,25,27,28,30
3,10,15,16,22,34|7,12,26,31,32,39|17,20,21,27,28,30
1,2,8,17,27,39|3,11,13,16,26,38|7,9,12,21,25,28
1,3,17,31,38,39|2,8,13,14,26,27|7,9,12,21,25,28
1,16,17,25,27,30|2,13,15,26,28,33|3,8,9,10,31,39
2,6,13,27,28,38|3,8,9,10,31,39|7,12,15,17,21,26
2,8,10,27,29,39|3,11,13,16,26,38|7,9,12,21,25,28
2,8,13,14,26,27|3,10,29,31,38,39|7,9,12,21,25,28
2,10,15,17,21,33|3,6,16,27,28,34|7,9,12,20,25,39
2,10,25,29,33,39|3,6,16,27,28,34|7,12,15,17,21,26
2,13,14,20,27,38|3,8,9,10,31,39|7,12,15,17,21,26
2,16,25,27,32,33|3,8,9,10,31,39|7,12,15,17,21,26
2,16,25,27,38,40|3,8,9,10,31,39|7,12,15,17,21,26
2,18,20,25,38,39|3,6,16,27,28,34|7,12,15,17,21,26
2,18,21,25,28,38|3,8,9,10,31,39|13,14,20,26,27,30
2,20,27,32,33,39|3,11,13,16,26,38|7,9,12,21,25,28
2,20,27,38,39,40|3,13,22,25,28,34|7,12,15,17,21,26
3,11,13,16,26,38|6,10,17,21,27,30|7,9,12,20,25,39
3,13,14,26,31,38|6,10,17,21,27,30|7,9,12,20,25,39
3,13,15,22,26,38|6,10,17,21,27,30|7,9,12,20,25,39
1,3,8,9,25,39|2,6,13,22,27,38|18,21,26,28,30,31
1,3,14,17,38,39|2,8,13,25,27,32|7,9,12,21,28,31
1,3,15,17,21,38|2,8,13,25,27,32|7,9,12,20,31,39
1,3,25,29,38,39|2,8,10,13,16,17|7,9,12,21,28,31
1,11,17,27,30,39|2,13,14,26,31,33|3,8,9,10,15,21
1,16,17,27,30,31|2,8,19,25,26,39|3,10,15,21,29,38
1,17,21,22,27,30|2,8,18,26,31,39|3,6,13,25,28,34
2,6,13,22,27,38|3,8,9,10,14,39|16,18,25,26,30,31
2,8,10,13,16,17|3,6,11,21,27,34|7,9,12,20,31,39
2,8,13,25,27,32|3,10,14,29,38,39|7,9,12,21,28,31
2,8,18,26,31,39|3,6,11,21,27,34|10,13,14,17,25,30
2,8,19,25,26,39|3,6,11,21,27,34|10,13,15,17,28,30
2,11,13,14,27,38|3,8,9,10,15,21|7,12,17,25,32,39
2,11,13,16,26,33|3,6,15,27,31,34|7,9,12,21,22,25
2,11,18,25,38,39|3,6,15,27,31,34|10,13,16,17,20,30
2,11,27,32,33,39|3,6,13,15,26,38|7,9,12,16,25,31
2,13,14,26,31,33|3,6,11,21,27,34|7,9,12,22,28,39
2,13,15,22,26,33|3,6,11,21,27,34|7,9,12,16,25,31
2,16,18,25,31,38|3,6,11,21,27,34|7,9,12,22,28,39
2,16,27,31,32,33|3,6,13,15,26,38|7,9,11,12,25,39
2,18,20,31,38,39|3,6,11,21,27,34|10,13,14,17,25,30
2,18,21,22,25,38|3,6,15,27,31,34|10,13,16,17,20,30
2,18,21,28,31,38|3,6,16,22,27,34|7,9,11,12,25,39
2,18,22,28,38,39|3,6,11,21,27,34|7,9,12,16,25,31
2,19,20,25,38,39|3,6,11,21,27,34|10,13,15,17,28,30
2,19,21,25,28,38|3,6,15,27,31,34|10,13,16,17,20,30
2,21,22,27,32,33|3,6,13,15,26,38|7,9,11,12,25,39
2,21,22,27,38,40|3,6,13,25,28,34|7,9,12,20,31,39
2,26,31,33,39,40|3,6,11,21,27,34|10,13,14,17,25,30
3,6,11,21,27,34|7,9,12,16,25,31|10,13,15,17,28,30
3,6,13,15,26,38|7,9,11,12,25,39|10,16,27,29,30,31
3,6,13,25,28,34|7,9,12,20,31,39|10,21,22,27,29,30
3,6,15,27,31,34|7,9,11,12,25,39|10,13,16,17,20,30
3,6,16,22,27,34|7,9,11,12,25,39|10,13,15,17,28,30
3,6,21,27,32,38|7,9,11,12,25,39|10,13,15,17,28,30
3,8,9,10,15,21|6,13,22,26,27,30|7,12,17,25,32,39
3,10,14,29,38,39|6,13,22,26,27,30|7,9,12,16,25,31
3,10,15,21,29,38|6,13,22,26,27,30|7,9,11,12,25,39
3,11,14,16,27,34|7,9,12,20,31,39|10,13,15,17,28,30
3,13,14,20,25,34|7,9,12,21,28,31|10,11,27,29,30,39
3,13,15,20,28,34|7,9,11,12,25,39|10,16,27,29,30,31
3,14,15,22,27,34|7,9,11,12,25,39|10,13,16,17,20,30
3,14,16,27,32,38|7,9,11,12,25,39|10,13,15,17,28,30
3,14,26,32,33,39|7,9,12,16,25,31|10,13,15,17,28,30
3,14,26,38,39,40|7,9,12,16,25,31|10,13,15,17,28,30
3,15,21,26,32,33|7,9,11,12,25,39|10,13,16,17,20,30
3,15,21,26,38,40|7,9,11,12,25,39|10,13,16,17,20,30
3,20,25,34,39,40|6,13,22,26,27,30|7,9,12,21,28,31
3,21,25,28,34,40|6,13,22,26,27,30|7,9,12,20,31,39
1,2,8,27,29,39|3,6,13,22,25,34|7,9,12,14,21,28
1,2,14,17,33,39|3,6,13,22,25,34|7,9,12,15,16,28
1,2,15,17,21,33|3,6,13,22,25,34|7,9,11,12,31,39|10,14,16,27,29,30
1,2,25,29,33,39|3,6,13,28,31,34|7,9,12,15,20,21|14,16,26,27,30,40
1,3,8,9,31,39|2,6,13,15,26,33|10,14,16,27,29,30
1,3,29,31,38,39|2,6,13,15,26,33|7,9,12,14,16,25
1,6,17,21,27,30|2,8,14,18,26,39|3,11,13,15,28,34
1,10,13,16,30,32|2,6,18,21,25,38|3,20,31,34,39,40
1,13,17,25,30,31|2,6,18,28,38,39|7,9,12,15,20,21
1,14,16,17,27,30|2,6,13,15,26,33|3,11,25,34,39,40|7,9,12,21,22,31
1,16,25,27,29,30|2,6,13,15,26,33|3,20,31,34,39,40|7,9,12,14,21,28
1,20,27,29,30,39|2,6,13,15,26,33|3,16,25,31,34,40|7,9,12,14,21,28
1,21,27,28,29,30|2,6,13,15,26,33|3,11,25,34,39,40
2,6,13,15,26,33|3,11,25,34,39,40|7,9,12,14,21,28
2,6,18,21,25,38|3,8,13,16,26,32|7,9,11,12,31,39
2,6,18,28,38,39|3,8,13,16,26,32|7,9,12,15,20,21
2,6,21,27,32,33|3,11,13,14,25,34|7,9,12,15,16,28|10,17,30,31,39,40
2,6,21,27,38,40|3,8,13,16,26,32|7,9,11,12,31,39
2,8,13,27,31,32|3,11,25,34,39,40|7,9,12,14,21,28
2,8,14,18,26,39|3,6,13,22,25,34|7,9,12,15,16,28
2,8,15,18,21,26|3,6,13,22,25,34|7,9,11,12,31,39|10,14,16,27,29,30
2,8,19,26,31,39|3,6,13,22,25,34|7,9,12,14,21,28
2,10,14,29,33,39|3,6,13,22,25,34|7,9,12,15,16,28
2,10,15,21,29,33|3,6,13,22,25,34|7,9,11,12,31,39|14,16,26,27,30,40
2,11,18,31,38,39|3,6,13,22,25,34|7,9,12,14,21,28
2,11,19,25,38,39|3,6,13,28,31,34|7,9,12,15,20,21|10,14,16,27,29,30
2,13,25,31,32,33|3,6,14,15,27,34|19,22,26,28,30,39
2,13,25,31,38,40|3,6,14,15,27,34|19,22,26,28,30,39
2,14,16,18,25,38|3,6,13,28,31,34|7,9,12,15,20,21
2,14,16,27,32,33|3,6,13,22,25,34|7,9,11,12,31,39|15,18,20,21,26,30
2,14,16,27,38,40|3,6,13,22,25,34|7,9,11,12,31,39|15,18,20,21,26,30
2,14,18,20,38,39|3,6,13,22,25,34|7,9,12,15,16,28
2,14,18,21,28,38|3,6,13,22,25,34|7,9,11,12,31,39
2,14,26,33,39,40|3,6,13,22,25,34|7,9,12,15,16,28
2,15,16,18,28,38|3,6,13,22,25,34|7,9,11,12,31,39
2,15,18,20,21,38|3,6,13,22,25,34|7,9,11,12,31,39|10,14,16,27,29,30
2,15,21,26,33,40|3,6,13,22,25,34|7,9,11,12,31,39|10,14,16,27,29,30
2,18,21,22,31,38|3,6,14,15,27,34|10,11,13,16,17,30
2,19,20,31,38,39|3,6,13,22,25,34|7,9,12,14,21,28
2,19,21,22,25,38|3,6,13,28,31,34|7,9,12,14,20,39
2,19,21,28,31,38|3,6,13,22,25,34|7,9,12,14,20,39
2,19,22,28,38,39|3,6,14,15,27,34|10,11,13,16,17,30
3,6,13,22,25,34|7,9,11,12,31,39|10,14,16,27,29,30
3,6,13,28,31,34|7,9,12,14,16,25|15,18,20,21,26,30
3,6,14,15,27,34|7,9,11,12,31,39|19,21,22,25,26,30
3,8,13,16,26,32|6,7,9,12,21,25|10,17,30,31,39,40
3,11,13,14,25,34|6,7,9,12,28,39|15,18,20,21,26,30
3,11,13,15,28,34|6,7,9,12,21,25|10,14,16,27,29,30
3,11,13,16,20,34|6,7,9,12,21,25|10,17,30,31,39,40
3,11,25,34,39,40|6,10,21,27,29,30|7,9,12,15,16,28
3,13,14,20,31,34|6,7,9,12,21,25|15,16,18,26,28,30
3,13,14,22,28,34|6,7,9,12,21,25|10,17,30,31,39,40
3,13,14,25,32,38|6,7,9,12,28,39|15,18,20,21,26,30
3,13,15,20,22,34|6,7,9,12,21,25|10,14,16,27,29,30
3,13,15,28,32,38|6,7,9,12,21,25|10,14,16,27,29,30
3,13,16,20,32,38|6,7,9,12,21,25|10,17,30,31,39,40
3,16,25,31,34,40|6,7,9,12,28,39|10,13,15,17,22,30
3,20,31,34,39,40|6,7,9,12,21,25|10,11,13,16,17,30
3,21,22,25,34,40|6,7,9,12,28,39|10,11,13,16,17,30
3,21,28,31,34,40|7,9,12,14,16,25|10,13,15,17,22,30
3,22,28,34,39,40|6,7,9,12,21,25|10,11,13,16,17,30
3,25,32,38,39,40|6,10,21,27,29,30|7,9,12,15,16,28
1,2,8,13,16,17|3,6,21,25,34,40|7,9,11,12,14,39
1,2,29,31,33,39|3,6,13,14,28,34|7,9,11,12,15,21|16,25,27,30,32,40
1,3,8,9,14,39|2,6,18,21,31,38|10,13,15,28,29,30
1,3,8,9,15,21|2,6,18,22,38,39|10,13,14,25,29,30
1,3,14,29,38,39|2,8,13,16,26,40|6,7,9,12,21,31
1,3,15,21,29,38|2,8,13,14,27,32|6,7,9,12,22,39
1,11,27,29,30,39|2,6,18,21,31,38|3,14,16,25,34,40
1,13,14,17,25,30|2,6,18,21,31,38|3,15,16,28,34,40
1,13,15,17,28,30|2,6,18,21,31,38|3,14,16,25,34,40
1,13,16,17,20,30|2,6,18,21,31,38|7,9,11,12,14,39
1,16,27,29,30,31|2,6,18,22,38,39|3,14,21,28,34,40
1,17,25,30,39,40|2,6,18,21,31,38|3,11,13,15,22,34
1,21,22,27,29,30|2,6,19,28,38,39|3,11,13,14,31,34
2,6,18,21,31,38|3,8,17,25,29,39|7,9,12,15,16,22|13,14,20,27,30,32
2,6,18,22,38,39|3,11,13,14,31,34|7,12,15,17,21,32
2,6,19,21,25,38|3,11,13,14,31,34|7,9,12,15,16,22|20,27,30,32,39,40
2,6,19,28,38,39|3,11,13,14,31,34|7,9,12,15,16,22
2,8,10,13,16,29|3,6,21,25,34,40|7,9,11,12,14,39
2,8,13,14,27,32|3,6,21,25,34,40|7,9,12,15,16,22|11,19,26,30,31,39
2,8,13,16,26,40|6,7,9,12,21,31|18,20,25,30,32,39
2,8,14,19,26,39|3,6,13,15,20,34|16,25,27,30,32,40
2,8,15,19,21,26|3,6,13,14,28,34|7,12,25,29,32,39
2,8,18,25,32,39|3,6,13,14,28,34|7,9,11,12,15,21
2,8,27,32,39,40|3,6,13,14,28,34|7,9,11,12,15,21
2,11,14,18,38,39|3,6,13,15,20,34|16,25,27,30,32,40
2,11,15,18,21,38|3,6,13,14,28,34|7,12,25,29,32,39
2,11,19,31,38,39|3,6,13,14,28,34|7,9,12,15,16,22
2,13,14,25,32,33|3,6,28,34,39,40|7,9,11,12,15,21
2,13,14,25,38,40|6,7,9,12,21,31|15,16,18,22,26,30
