2,8,14,17,18,28|3,6,9,11,31,33|10,15,19,20,30,32
2,8,15,17,18,20|3,6,9,11,31,33|10,14,19,28,30,32
2,8,17,19,22,25|3,6,9,11,31,33|20,27,28,29,30,40
2,8,17,19,28,31|3,6,9,14,20,33|10,11,15,18,30,32
2,8,18,25,28,29|3,6,9,11,31,33|10,15,19,20,30,32
2,8,27,28,29,40|3,6,9,11,31,33|10,14,18,22,30,32
3,6,9,11,31,33|7,12,14,17,28,29|10,15,19,20,30,32
3,6,9,14,20,33|7,12,17,22,29,31|10,11,15,18,30,32
3,8,9,22,25,40|6,10,18,30,31,32|7,12,14,17,28,29
3,8,9,28,31,40|6,7,12,17,25,29|10,11,15,18,30,32
3,9,11,14,22,33|6,7,12,17,25,29|10,15,19,20,30,32
1,2,6,14,19,38|3,8,9,15,20,40|11,17,18,22,30,31
1,2,8,15,18,32|3,6,9,11,14,33|17,19,20,22,30,31
1,3,6,14,34,40|2,8,11,15,17,18|19,20,25,28,29,30
1,6,14,19,26,30|2,8,11,15,17,18|3,22,29,31,32,33
1,6,18,25,30,32|2,8,14,17,19,28|3,15,20,29,38,40
1,14,18,28,30,32|2,6,8,17,19,25|3,15,20,29,38,40
1,15,18,20,30,32|2,6,8,17,19,25|3,14,28,29,38,40
1,18,22,30,31,32|2,6,8,17,19,25|3,14,28,29,38,40
1,19,22,25,30,32|2,6,8,17,18,31|3,14,28,29,38,40
1,19,28,30,31,32|2,8,11,15,17,18|3,6,25,29,38,40
3,6,8,9,25,40|7,11,12,15,17,29|10,14,19,22,30,32
3,8,9,14,28,40|6,7,12,17,29,31|10,11,15,19,30,32
3,8,9,15,20,40|6,7,12,17,29,31|10,14,19,22,30,32
3,8,9,22,31,40|6,10,14,18,30,32|7,11,12,15,17,29
1,2,8,15,19,32|3,6,29,31,38,40|11,14,17,18,22,30
1,6,18,30,31,32|2,8,11,15,17,19|3,14,22,29,38,40
1,11,15,18,30,32|2,6,8,17,19,31|3,14,22,29,38,40
1,14,18,22,30,32|2,6,8,17,19,31|3,11,15,29,38,40
1,19,22,30,31,32|2,6,8,14,17,18|3,11,15,29,38,40
1,2,18,25,28,38|3,6,8,17,26,27|7,9,10,12,15,20
1,2,27,28,38,40|3,6,17,25,26,33|7,9,10,12,15,20
1,7,12,15,17,26|2,6,10,18,25,38|3,8,9,20,27,28
1,2,18,22,25,38|3,6,17,26,31,33|7,9,10,11,12,15
1,2,19,25,28,38|3,6,17,26,31,33|7,9,10,11,12,15
1,2,22,27,38,40|3,6,17,26,31,33|7,9,10,11,12,15
1,3,15,26,38,40|2,6,17,20,27,33|7,9,10,12,14,22
1,7,9,12,22,25|2,6,10,18,31,38|3,8,17,27,28,32
1,7,9,12,28,31|2,6,10,19,25,38|3,8,22,26,27,29
1,18,22,25,26,30|2,6,17,20,27,33|3,10,14,28,34,40
1,18,26,28,30,31|2,6,10,19,25,38|3,8,9,20,22,27
1,19,25,26,28,30|2,6,10,18,31,38|3,8,9,20,22,27
1,22,26,27,30,40|2,6,10,18,31,38|3,9,11,25,28,33
1,2,6,27,32,33|3,10,11,15,34,40|7,12,17,25,28,29
1,2,6,27,38,40|3,9,11,22,25,33|10,18,28,30,31,32
1,2,8,15,18,26|3,6,9,20,25,33|10,22,27,30,32,40
1,2,14,18,28,38|3,6,8,9,20,27|10,11,15,19,26,30
1,2,15,18,20,38|3,6,8,26,27,29|10,19,25,28,30,32
1,2,15,26,33,40|3,6,8,9,20,27|7,12,17,25,28,29
1,2,18,22,31,38|3,6,8,9,20,27|7,12,17,25,28,29|10,11,15,19,26,30
1,2,19,22,25,38|3,6,8,9,20,27|10,18,28,30,31,32
1,2,19,28,31,38|3,6,8,9,20,27|10,18,22,25,30,32
1,6,7,9,12,25|2,8,17,27,28,40|3,15,20,26,29,33
1,6,10,27,29,30|2,8,17,18,25,28|3,9,20,22,31,33
1,6,18,25,26,30|2,8,17,27,28,40|3,9,20,22,31,33
1,6,26,27,30,40|2,8,17,18,25,28|3,9,20,22,31,33
1,7,9,12,14,28|2,6,10,19,31,38|3,8,17,22,27,32
1,7,9,12,15,20|2,6,10,14,18,38|3,8,17,22,27,32
1,7,9,12,22,31|2,6,10,14,18,38|3,15,20,26,29,33
1,7,12,15,26,29|2,6,10,14,18,38|3,8,9,11,22,27
1,14,18,26,28,30|2,6,10,19,31,38|3,8,9,11,22,27
1,15,18,20,26,30|2,6,10,19,31,38|3,8,9,11,22,27|7,12,17,25,28,29
1,18,22,26,30,31|2,6,11,17,27,33|3,10,15,32,38,40
1,19,22,25,26,30|2,6,10,14,18,38|3,9,11,28,31,33
1,19,26,28,30,31|2,6,10,14,18,38|3,8,9,11,22,27
2,6,10,14,18,38|3,8,9,11,22,27|7,12,17,25,28,29
2,6,10,19,31,38|3,8,9,11,22,27|7,12,17,25,28,29
2,8,17,27,28,40|3,6,9,20,25,33|10,11,15,19,26,30
2,10,11,15,19,38|3,6,8,9,20,27|7,12,17,25,28,29
2,10,14,19,22,38|3,6,8,9,20,27|7,12,17,25,28,29
2,17,25,28,33,40|3,6,8,9,20,27|10,11,15,19,26,30
3,6,8,9,20,27|7,12,17,25,28,29|10,11,15,19,26,30
3,8,9,11,22,27|6,10,14,18,26,30|7,12,17,25,28,29
3,9,20,22,31,33|6,10,14,18,26,30|7,12,17,25,28,29
3,11,22,27,29,38|6,7,9,10,12,14|17,18,20,25,28,30
3,22,26,29,31,33|6,7,9,10,12,14|17,18,20,25,28,30
1,2,6,18,31,38|3,8,9,25,28,40|7,10,12,15,29,32
1,2,8,15,19,26|3,6,9,11,25,33|7,12,17,28,29,31
1,2,14,18,22,38|3,6,8,9,11,27|7,10,12,15,29,32|17,19,20,25,28,30
1,2,14,19,28,38|3,6,8,9,11,27|7,10,12,15,29,32|17,18,20,22,25,30
1,2,15,19,20,38|3,6,8,9,11,27|7,12,17,22,25,29|10,14,18,28,30,32
1,2,19,22,31,38|3,6,8,9,11,27|7,10,12,15,29,32
1,3,6,25,34,40|2,8,10,15,18,32|7,12,17,28,29,31
1,3,14,28,34,40|2,6,20,27,29,33|10,18,22,30,31,32
1,3,15,20,34,40|2,6,10,14,19,38|7,12,17,22,25,29
1,3,22,31,34,40|2,6,10,14,19,38|11,17,18,25,28,30
1,6,7,9,12,31|2,8,10,15,18,32|3,14,17,28,38,40
1,6,18,26,30,31|2,8,17,19,25,28|3,9,11,15,20,33
1,6,19,25,26,30|2,8,10,15,18,32|3,9,11,14,28,33
1,7,9,11,12,15|2,6,10,14,19,38|3,8,27,28,29,32|17,18,20,22,25,30
1,7,9,12,14,22|2,6,20,27,29,33|3,8,15,17,26,40|10,19,28,30,31,32
1,7,12,15,17,32|2,6,10,14,19,38|3,8,9,25,28,40
1,11,15,18,26,30|2,6,10,14,19,38|3,8,9,25,28,40
1,14,18,22,26,30|2,6,20,27,29,33|3,8,9,25,28,40
1,14,19,26,28,30|2,6,20,27,29,33|3,17,22,31,38,40
1,15,19,20,26,30|2,8,17,18,22,25|3,6,10,14,34,40
1,18,25,28,30,32|2,6,10,14,19,38|3,8,15,17,26,40
1,19,22,26,30,31|2,6,20,27,29,33|3,8,9,25,28,40
1,27,28,30,32,40|2,6,10,14,19,38|3,9,11,15,20,33|7,12,17,22,25,29
2,6,20,27,29,33|3,8,9,25,28,40|10,18,22,30,31,32
2,8,10,15,18,32|3,6,9,11,25,33|7,12,17,28,29,31
2,8,17,18,22,25|3,6,9,20,31,33|7,10,12,15,29,32
2,8,17,18,28,31|3,6,9,11,25,33|7,10,12,15,29,32
2,8,17,19,25,28|3,6,9,20,31,33|7,10,12,15,29,32
2,8,17,22,27,40|3,6,9,11,25,33|7,10,12,15,29,32
2,10,15,32,33,40|3,6,8,9,11,27|7,12,17,22,25,29
2,11,22,27,29,33|3,6,10,14,34,40|17,18,20,28,30,31
2,17,22,25,33,40|3,6,8,9,11,27|7,10,12,15,29,32
2,17,28,31,33,40|3,6,8,9,11,27|7,10,12,15,29,32
3,6,8,9,11,27|7,10,12,15,29,32|17,18,20,22,25,30
3,6,9,11,25,33|7,10,12,15,29,32|17,18,20,28,30,31
3,6,9,20,31,33|7,10,12,15,29,32|11,17,18,25,28,30
3,6,11,27,29,38|7,12,15,26,32,40|17,18,20,22,25,30
3,9,11,15,20,33|6,10,14,19,26,30|7,12,17,22,25,29
3,9,14,20,22,33|6,10,18,25,30,32|7,12,17,28,29,31
1,2,3,15,33,38|6,10,18,23,25,34|7,12,27,28,30,32
1,2,6,27,30,33|3,7,11,12,15,34|17,18,22,23,25,38
1,2,27,28,30,33|3,7,12,22,25,34|10,15,19,23,26,38
1,3,22,27,30,38|2,7,12,15,26,33|10,18,23,28,31,34
1,14,18,23,28,34|2,3,8,15,17,33|6,7,12,27,30,32
1,18,22,23,31,34|2,3,8,15,17,33|6,7,12,27,30,32
1,19,22,23,25,34|2,3,8,15,17,33|6,7,12,27,30,32
1,19,23,28,31,34|2,3,8,15,17,33|6,7,12,27,30,32
2,3,8,15,17,33|6,7,12,27,30,32|10,14,19,22,23,34
2,7,12,15,32,33|3,6,8,17,27,30|10,14,19,22,23,34
2,7,12,15,38,40|3,6,8,17,27,30|10,14,19,22,23,34
2,8,10,15,18,30|3,6,7,12,14,34|9,23,25,28,33,40
2,10,15,30,33,40|3,6,7,12,14,34|8,9,18,23,25,28
6,10,14,18,23,34|7,12,15,26,30,40|8,22,27,29,33,38
6,10,19,23,31,34|7,12,15,26,30,40|8,22,27,29,33,38
1,6,10,16,18,38|2,3,14,27,28,40|15,19,20,25,26,33
1,10,11,19,21,38|2,3,6,25,27,40|8,13,18,20,26,28
1,10,13,22,38,40|2,3,14,18,25,28|8,15,19,20,26,27
1,10,14,15,18,38|2,3,6,25,27,40|16,19,20,26,28,33
1,10,15,19,31,38|2,3,6,25,27,40|8,13,18,20,26,28
1,10,16,19,22,38|2,3,6,25,27,40|8,13,18,20,26,28
2,3,14,18,25,28|6,10,13,17,20,33|8,19,22,26,27,31
2,3,16,18,20,28|6,8,19,25,26,27|10,11,13,17,22,33
2,3,18,22,25,31|6,10,13,17,20,33|8,14,19,26,27,28
2,3,19,25,28,31|6,10,13,17,20,33|8,11,15,18,26,27
1,6,10,13,32,33|2,3,11,15,18,25|8,14,19,22,26,27
1,6,10,13,38,40|2,3,11,15,18,25|8,14,19,22,26,27
1,6,10,16,19,38|2,3,11,15,18,25|13,20,22,26,33,40
1,6,14,17,27,33|2,3,11,15,18,25|8,13,19,20,26,28
1,6,25,27,29,33|2,3,11,16,18,28|8,10,17,19,20,21
1,8,10,18,21,32|2,3,6,27,31,40|11,15,19,25,26,33
1,10,14,15,19,38|2,3,6,18,25,31|11,13,26,28,33,40
1,10,21,32,33,40|2,3,6,18,25,31|8,11,15,19,26,27
1,11,13,17,28,33|2,3,6,18,25,31|8,14,19,22,26,27
1,13,17,20,22,33|2,3,6,18,25,31|8,11,15,19,26,27
1,14,27,28,29,33|2,3,6,18,25,31|8,10,17,19,20,21
1,15,20,27,29,33|2,3,6,18,25,31|8,10,13,17,28,40
1,22,27,29,31,33|2,3,11,15,18,25|8,10,13,17,28,40
2,3,6,18,25,31|8,10,13,17,28,40|11,15,19,20,27,38
2,3,6,27,31,40|8,10,11,17,18,21|14,19,22,25,26,33
2,3,11,15,18,25|6,8,19,26,27,31|10,13,20,22,29,33
2,3,11,15,27,40|6,14,18,25,26,33|8,10,16,17,19,28
2,3,11,16,18,28|6,8,19,26,27,31|10,13,20,22,29,33
2,3,11,18,20,21|6,8,19,26,27,31|10,16,17,22,33,40
2,3,14,18,22,25|6,8,19,26,27,31|10,11,13,28,29,33
2,3,15,18,20,31|6,10,11,13,17,33|8,14,19,22,26,27
2,3,15,18,22,28|6,8,19,26,27,31|10,11,17,21,33,40
2,3,15,19,20,25|6,8,14,18,26,27|10,11,13,28,29,33
2,3,16,18,20,22|6,8,19,26,27,31|10,11,13,28,29,33
2,3,16,19,20,28|6,8,14,18,26,27|10,11,17,21,33,40
2,3,19,22,25,31|6,8,14,18,26,27|10,11,13,28,29,33
6,10,11,13,17,33|8,14,19,22,26,27|18,25,28,31,38,40
6,11,18,27,31,38|8,10,13,17,28,40|14,19,22,25,26,33
6,11,19,25,27,38|8,10,13,17,28,40|14,15,18,20,26,33
6,14,18,20,27,38|8,10,13,17,28,40|11,15,19,25,26,33
6,14,18,25,26,33|8,10,13,17,28,40|11,15,19,20,27,38
6,16,18,20,26,33|8,10,13,17,28,40|11,19,22,27,31,38
8,10,13,17,28,40|11,14,18,22,27,38|15,19,20,26,31,33
8,10,15,17,18,31|11,13,26,28,33,40|14,19,20,22,27,38
8,11,13,18,26,28|10,15,17,31,33,40|14,19,20,22,27,38
8,11,15,19,26,27|10,13,20,22,29,33|18,25,28,31,38,40
1,6,11,13,17,33|2,3,14,15,19,20|8,10,16,18,22,29
1,8,11,17,18,21|2,3,6,13,20,40|14,19,25,28,32,33
1,8,13,17,28,40|2,3,6,11,16,18|15,19,20,25,32,33
1,8,15,17,18,31|2,3,6,13,20,40|14,19,25,28,32,33
1,8,15,17,19,25|2,3,6,11,16,18|13,20,28,32,33,40
1,8,16,17,18,22|2,3,6,13,20,40|11,14,15,19,26,33
1,8,16,17,19,28|2,3,6,13,20,40|11,15,18,25,32,33
1,8,17,19,20,21|2,3,6,11,16,18|10,15,29,31,33,40
1,11,13,28,29,33|2,3,6,14,18,31|8,15,19,20,27,32
1,11,17,21,33,40|2,3,6,14,18,31|8,10,15,19,25,29
1,13,20,22,29,33|2,3,6,11,16,18|8,10,14,15,17,19
1,15,17,31,33,40|2,3,6,11,16,18|8,10,19,20,21,29
1,16,17,22,33,40|2,3,6,14,18,31|8,10,15,19,25,29
2,3,6,11,16,18|8,10,13,28,29,40|15,19,20,25,32,33
2,3,6,13,20,40|8,10,11,18,21,29|14,19,25,28,32,33
2,3,6,14,18,31|8,10,13,28,29,40|15,19,20,25,32,33
2,3,6,14,19,25|8,10,11,18,21,29|13,20,28,32,33,40
2,3,6,15,19,28|8,10,11,18,21,29|14,22,27,32,33,40
2,3,6,16,19,20|8,10,11,18,21,29|14,22,27,32,33,40
2,3,11,13,22,40|6,8,10,16,17,19|14,18,28,31,32,33
2,3,11,14,15,18|6,8,10,13,17,40|16,19,20,28,32,33
2,3,11,15,19,31|6,8,10,13,17,40|14,18,22,25,32,33
2,3,11,16,19,22|6,8,10,13,17,40|14,18,28,31,32,33
2,3,14,15,19,20|6,8,10,13,17,40|11,16,18,28,32,33
2,3,14,19,22,31|6,8,10,13,17,40|11,15,18,25,32,33
6,10,11,13,29,33|8,14,18,22,27,32|15,19,20,25,38,40
6,11,14,19,27,38|8,10,13,28,29,40|15,18,20,31,32,33
1,6,13,17,20,33|2,3,11,15,18,31|8,19,22,25,27,32
1,6,27,29,31,33|2,3,11,13,28,40|8,10,14,15,17,18
1,8,10,19,21,32|2,3,6,14,18,25|11,13,22,26,33,40
1,8,15,17,18,25|2,3,6,14,27,40|10,11,13,22,29,33
1,8,15,17,27,40|2,3,6,14,18,25|10,11,13,22,29,33
1,8,16,17,18,28|2,3,6,14,27,40|10,11,13,22,29,33
1,8,17,18,20,21|2,3,6,14,27,40|10,11,13,22,29,33
1,11,13,17,22,33|2,3,6,14,18,25|8,10,15,27,29,40
1,11,15,27,29,33|2,3,6,14,18,25|8,10,13,17,22,40
1,13,20,28,29,33|2,3,6,14,18,25|8,10,11,17,19,21
1,14,22,27,29,33|2,3,6,15,18,28|8,10,11,17,19,21
1,15,17,25,33,40|2,3,6,16,18,20|8,11,13,19,26,28
1,16,17,28,33,40|2,3,6,14,18,25|8,13,19,20,22,26
1,17,20,21,33,40|2,3,6,14,18,25|8,11,13,19,26,28
2,3,6,14,18,25|8,10,11,17,19,21|15,20,27,32,33,40
2,3,6,14,27,40|8,10,11,17,19,21|15,18,20,25,32,33
2,3,6,15,18,28|8,10,11,17,19,21|22,27,31,32,33,40
2,3,6,16,18,20|8,10,11,17,19,21|14,27,28,32,33,40
2,3,6,19,25,31|8,10,13,17,22,40|11,14,15,18,26,33
2,3,11,13,28,40|6,8,10,16,17,18|14,15,19,20,26,33
2,3,11,15,18,31|6,8,14,19,26,27|10,16,28,29,33,40
2,3,11,15,19,25|6,8,10,16,17,18|14,27,28,32,33,40
2,3,11,16,18,22|6,8,14,19,26,27|10,15,25,29,33,40
2,3,11,16,19,28|6,8,13,18,20,26|10,14,15,17,33,40
2,3,11,19,20,21|6,8,10,16,17,18|14,27,28,32,33,40
2,3,13,20,22,40|6,8,10,16,17,18|11,15,19,26,31,33
2,3,14,15,18,20|6,10,16,17,33,40|8,11,13,19,26,28
2,3,14,19,22,25|6,8,10,16,17,18|15,20,27,32,33,40
2,3,14,19,28,31|6,8,10,16,17,18|11,13,22,26,33,40
2,3,15,19,20,31|6,8,10,16,17,18|11,13,22,26,33,40
2,3,16,19,20,22|6,8,18,25,27,32|10,14,15,17,33,40
6,8,10,16,17,18|11,13,19,20,28,38|22,27,31,32,33,40
6,8,14,19,26,27|10,11,13,22,29,33|15,18,20,25,38,40
6,11,14,18,27,38|8,10,13,17,22,40|19,25,28,31,32,33
6,11,19,27,31,38|8,10,13,17,22,40|14,18,25,28,32,33
8,10,14,15,17,18|11,13,19,20,28,38|22,27,31,32,33,40
8,10,15,17,19,31|11,13,18,20,22,38|14,27,28,32,33,40
8,10,15,18,25,29|11,13,19,20,28,38|22,27,31,32,33,40
8,10,15,27,29,40|11,13,18,20,22,38|19,25,28,31,32,33
8,15,18,20,27,32|10,11,13,22,29,33|19,25,28,31,38,40
8,18,22,27,31,32|10,14,15,17,33,40|11,13,19,20,28,38
8,19,27,28,31,32|10,11,13,22,29,33|15,18,20,25,38,40
1,6,8,16,17,18|2,3,11,14,15,19|13,20,22,32,33,40
1,6,16,17,33,40|2,3,11,14,15,19|8,13,18,20,22,32
1,8,13,17,22,40|2,3,6,11,16,19|14,15,18,20,32,33
1,8,14,15,17,18|2,3,6,11,13,40|16,19,20,22,32,33
1,8,15,18,25,29|2,3,6,11,13,40|14,19,28,31,32,33
1,8,15,27,29,40|2,3,6,11,16,19|14,18,22,31,32,33
1,8,16,17,19,22|2,3,6,11,13,40|14,15,18,20,32,33
1,8,16,18,28,29|2,3,6,11,13,40|14,19,22,25,32,33
1,8,18,20,21,29|2,3,6,11,13,40|14,19,22,25,32,33
1,14,15,17,33,40|2,3,6,11,16,19|8,13,18,20,22,32
1,15,25,29,33,40|2,3,6,11,16,19|8,13,18,20,22,32
1,16,28,29,33,40|2,3,6,14,19,31|8,13,18,20,22,32
2,3,6,11,13,40|8,10,14,15,18,29|16,19,20,22,32,33
2,3,6,11,16,19|8,10,13,22,29,40|14,15,18,20,32,33
2,3,11,14,15,19|6,8,10,16,18,29|13,20,22,32,33,40
1,3,6,8,13,17|2,11,15,18,31,33|14,19,20,22,27,30
1,3,8,13,28,29|2,6,14,18,25,33|7,11,12,17,21,40
1,3,8,17,21,40|2,6,14,18,25,33|7,11,12,13,28,29
1,3,11,21,29,33|2,6,8,14,18,27|7,12,15,17,31,40
1,3,15,29,31,33|2,6,8,14,18,27|7,11,12,17,21,40
1,3,16,22,29,33|2,6,8,14,18,27|7,11,12,17,21,40
1,6,7,12,13,32|2,8,11,15,19,27|18,25,28,30,31,40
1,6,10,16,19,30|2,8,11,13,18,28|3,15,25,32,33,40
1,7,12,21,32,40|2,6,8,14,18,27|3,11,15,19,31,38
1,10,14,15,19,30|2,6,16,18,20,33|3,11,13,22,38,40
2,6,8,14,18,27|3,11,13,22,32,33|7,12,15,17,31,40
2,6,14,18,25,33|3,8,10,21,29,40|11,15,19,20,27,30
2,6,14,27,33,40|3,8,15,18,25,32|7,11,12,13,28,29
2,6,15,18,28,33|3,8,10,21,29,40|11,19,22,27,30,31
2,6,16,18,20,33|3,8,10,21,29,40|11,14,19,27,28,30
2,6,19,25,31,33|3,8,10,21,29,40|11,13,18,20,28,30
2,8,11,13,18,28|3,6,14,19,25,38|7,12,15,17,31,40
2,8,11,15,19,27|3,6,13,20,32,33|7,12,16,17,22,40
2,8,13,18,20,22|3,6,14,19,25,38|7,11,12,17,21,40
2,8,13,19,20,28|3,6,11,16,18,38|7,12,15,17,31,40
2,8,14,19,22,27|3,6,11,16,18,38|7,12,15,17,31,40
2,11,15,18,31,33|3,6,8,10,13,29|7,12,16,17,22,40
2,11,15,19,25,33|3,6,8,10,13,29|7,12,16,17,22,40
2,11,16,18,22,33|3,6,8,10,13,29|7,12,15,17,31,40
2,11,16,19,28,33|3,6,8,10,13,29|7,12,15,17,31,40
2,11,19,20,21,33|3,6,8,10,13,29|7,12,15,17,31,40
2,14,15,18,20,33|3,6,8,10,13,29|7,11,12,17,21,40
2,14,18,22,31,33|3,6,8,10,13,29|7,11,12,17,21,40
2,14,19,22,25,33|3,6,8,10,13,29|7,11,12,17,21,40
2,14,19,28,31,33|3,6,8,10,13,29|7,11,12,17,21,40
2,15,19,20,31,33|3,6,8,10,13,29|7,11,12,17,21,40
2,15,19,22,28,33|3,6,8,10,13,29|7,11,12,17,21,40
2,16,19,20,22,33|3,6,8,10,13,29|7,11,12,17,21,40
3,6,8,10,13,29|7,11,12,17,21,40|14,19,20,22,27,30
3,8,10,21,29,40|6,7,11,12,13,17|14,19,20,22,27,30
3,8,14,15,19,26|6,7,11,12,13,17|18,25,28,30,31,40
3,8,15,18,25,32|6,7,11,12,13,17|14,19,20,22,27,30
3,8,16,18,28,32|6,7,11,12,13,17|14,19,20,22,27,30
3,11,13,22,32,33|6,7,12,14,27,29|18,25,28,30,31,40
3,11,14,15,18,38|6,19,20,27,30,31|7,12,16,17,22,40
3,11,16,19,22,38|6,7,12,14,27,29|18,25,28,30,31,40
3,14,15,19,20,38|6,7,11,12,13,17|18,25,28,30,31,40
3,15,25,32,33,40|6,7,11,12,13,17|14,19,20,22,27,30
3,16,28,32,33,40|6,7,11,12,13,17|14,19,20,22,27,30
1,3,6,16,17,33|2,8,11,15,18,27|7,12,13,20,28,29
1,3,8,13,17,22|2,6,18,25,31,33|7,11,12,15,27,29
1,3,8,15,27,29|2,6,18,25,31,33|7,11,12,13,17,22
1,3,14,15,17,33|2,6,8,18,27,31|7,12,13,20,28,29
1,3,15,25,29,33|2,6,8,18,27,31|7,11,12,13,17,22
1,3,16,28,29,33|2,6,8,18,27,31|7,11,12,13,17,22
1,3,20,21,29,33|2,6,8,18,27,31|7,11,12,13,17,22
1,6,10,16,18,30|2,8,14,19,27,28|3,13,20,22,32,33|7,12,15,17,25,40
1,7,12,13,22,32|2,6,8,18,27,31|3,10,14,15,29,33
1,10,11,19,21,30|2,6,8,18,27,31|3,13,20,22,32,33|7,12,15,17,25,40
1,10,13,22,30,40|2,6,8,18,27,31|3,11,15,19,25,38
1,10,14,15,18,30|2,6,8,19,25,27|3,11,13,28,32,33|7,12,17,20,21,40
1,10,15,19,30,31|2,8,13,18,20,28|3,6,14,27,32,33
1,10,16,19,22,30|2,6,8,18,27,31|3,11,13,28,32,33|7,12,15,17,25,40
2,6,8,18,27,31|3,10,14,15,29,33|7,11,12,13,17,22
2,6,8,19,25,27|3,10,14,15,29,33|7,11,12,13,17,22
2,6,18,25,31,33|3,8,10,13,22,29|7,12,16,17,28,40
2,8,11,15,18,27|3,6,10,16,29,33|7,12,17,20,21,40
2,8,13,18,20,28|3,6,10,16,29,33|7,12,15,17,25,40
2,8,14,18,22,27|3,6,10,16,29,33|7,12,15,17,25,40
2,8,14,19,27,28|3,6,10,16,29,33|7,11,12,13,17,22
2,8,15,19,20,27|3,6,10,16,29,33|7,11,12,13,17,22
2,8,19,22,27,31|3,6,10,16,29,33|7,12,15,17,25,40
2,11,15,18,25,33|3,6,14,27,38,40|7,12,13,20,28,29
2,11,15,27,33,40|3,6,8,16,18,26|7,12,13,20,28,29
2,13,20,28,33,40|3,6,8,16,18,26|7,11,12,15,27,29
2,14,18,22,25,33|3,8,11,19,21,26|6,7,12,13,17,20
2,14,18,28,31,33|3,8,10,13,22,29|6,19,20,25,27,30
2,14,19,25,28,33|3,6,8,16,18,26|7,11,12,13,17,22
2,14,22,27,33,40|3,6,8,16,18,26|7,12,13,20,28,29
2,15,18,20,31,33|3,6,14,27,38,40|7,11,12,13,17,22
2,15,19,20,25,33|3,6,8,16,18,26|7,11,12,13,17,22
2,16,19,20,28,33|3,6,14,18,25,38|7,11,12,13,17,22
2,19,22,25,31,33|3,6,8,16,18,26|7,11,12,15,27,29
3,6,8,16,18,26|7,11,12,13,17,22|14,19,20,27,28,30
3,6,10,16,29,33|7,11,12,13,17,22|14,19,20,27,28,30
3,6,16,26,33,40|7,11,12,13,17,22|14,19,20,27,28,30
3,8,10,13,22,29|6,11,18,25,27,30|7,12,16,17,28,40
3,8,14,15,18,26|6,7,12,13,17,20|11,19,22,25,27,30
3,8,15,19,26,31|6,7,12,13,17,20|11,14,18,27,28,30
3,8,16,19,22,26|6,7,12,13,17,20|11,14,18,27,28,30
3,10,14,15,29,33|6,7,12,13,17,20|11,18,22,27,30,31
3,14,15,26,33,40|6,7,12,13,17,20|11,18,22,27,30,31
3,15,19,20,31,38|6,11,18,25,27,30|7,12,16,17,28,40
1,3,6,8,13,29|2,11,14,15,19,33|16,18,20,22,30,40
3,8,14,15,18,32|6,7,11,12,13,29|16,19,20,28,30,40
3,8,15,19,31,32|6,7,11,12,13,29|14,18,22,25,30,40
3,8,16,19,22,32|6,7,11,12,13,29|14,18,28,30,31,40
1,3,6,16,29,33|2,8,11,13,18,22|7,12,14,15,17,40
1,3,8,13,22,29|2,6,11,16,18,33|7,12,14,15,17,40
1,3,14,15,29,33|2,6,8,13,18,20|19,25,28,30,31,40
2,6,8,13,18,20|3,11,14,15,19,38|7,12,16,28,29,40
2,6,14,19,25,33|3,8,11,18,21,32|7,12,16,28,29,40
2,6,16,19,20,33|3,8,11,18,21,32|7,12,14,15,17,40
2,8,11,13,18,22|3,6,14,19,31,38|7,12,15,25,29,40
3,6,14,19,31,38|7,11,12,13,22,29|15,18,20,25,30,40
3,8,11,18,21,32|6,7,12,13,20,29|19,25,28,30,31,40
3,8,15,18,31,32|6,7,12,13,20,29|11,14,19,22,27,30
3,8,16,18,22,32|6,7,12,13,20,29|19,25,28,30,31,40
3,8,16,19,28,32|6,7,12,13,20,29|18,22,25,30,31,40
3,11,14,15,19,38|6,7,12,13,20,29|18,22,25,30,31,40
3,15,31,32,33,40|6,7,12,13,20,29|11,14,19,22,27,30
1,2,10,13,22,33|3,18,25,28,31,38|7,12,15,17,20,27
1,7,12,13,22,26|2,8,18,25,27,28|3,10,11,17,21,33
1,2,8,10,19,21|3,6,11,13,26,33|7,12,14,27,28,29
1,3,15,17,31,33|2,6,8,18,25,27|7,10,12,21,32,40
1,3,16,17,22,33|2,6,8,18,25,27|7,10,12,21,32,40
1,7,12,13,28,32|2,6,8,18,25,27|3,10,11,21,29,33
1,10,11,18,21,30|2,6,25,27,33,40|3,8,16,19,26,28|7,12,13,17,20,22
1,10,15,18,30,31|2,6,25,27,33,40|3,8,16,19,26,28|7,12,13,17,20,22
1,10,15,19,25,30|2,8,14,18,27,28|3,6,11,13,26,33
1,10,16,18,22,30|2,6,25,27,33,40|3,8,19,20,21,26|7,11,12,13,17,28
1,10,16,19,28,30|2,6,8,18,25,27|3,11,21,26,33,40|7,12,13,17,20,22
1,10,19,20,21,30|2,6,8,18,25,27|3,15,26,31,33,40|7,11,12,13,17,28
2,6,8,18,25,27|3,10,11,21,29,33|7,12,13,17,20,22
2,8,14,18,27,28|3,6,11,13,26,33|7,10,12,21,32,40
2,8,15,18,20,27|3,6,11,13,26,33|7,10,12,21,32,40
2,8,18,22,27,31|3,6,11,13,26,33|7,10,12,21,32,40
2,8,19,22,25,27|3,6,11,13,26,33|7,10,12,21,32,40
2,8,19,27,28,31|3,6,11,13,26,33|7,10,12,21,32,40
2,14,18,25,28,33|3,6,8,10,13,17|7,12,15,20,27,29
2,15,18,20,25,33|3,6,8,10,13,17|7,12,14,27,28,29
2,16,18,20,28,33|3,6,8,10,13,17|7,12,22,27,29,31
2,18,22,25,31,33|3,6,8,10,13,17|7,12,14,27,28,29
2,19,25,28,31,33|3,6,8,10,13,17|7,12,15,20,27,29
3,6,11,13,26,33|7,10,12,21,32,40|14,18,20,27,28,30
3,8,11,18,21,26|6,7,10,12,13,32|19,20,22,25,27,30
3,8,15,18,26,31|6,7,10,12,13,32|11,19,25,27,28,30
3,8,15,19,25,26|6,7,10,12,13,32|11,18,27,28,30,31
3,8,16,18,22,26|6,7,10,12,13,32|11,19,25,27,28,30
3,8,16,19,26,28|6,7,10,12,13,32|11,18,22,25,27,30
3,8,19,20,21,26|6,7,10,12,13,32|11,18,22,25,27,30
3,11,15,18,25,38|6,7,10,12,13,32|19,20,27,28,30,31
3,11,16,18,28,38|6,7,10,12,13,32|19,20,22,25,27,30
3,11,21,26,33,40|6,7,10,12,13,32|14,18,20,27,28,30
3,14,18,22,25,38|6,7,10,12,13,32|19,20,27,28,30,31
3,14,18,28,31,38|6,7,10,12,13,32|19,20,22,25,27,30
3,14,19,25,28,38|6,7,10,12,13,32|18,20,22,27,30,31
3,15,18,20,31,38|6,7,10,12,13,32|11,19,25,27,28,30
3,15,19,20,25,38|6,7,10,12,13,32|11,18,27,28,30,31
3,15,26,31,33,40|6,7,10,12,13,32|11,18,22,25,27,30
3,16,18,20,22,38|6,7,10,12,13,32|11,19,25,27,28,30
3,16,19,20,28,38|6,7,10,12,13,32|11,18,22,25,27,30
3,16,22,26,33,40|6,7,10,12,13,32|11,18,27,28,30,31
3,19,22,25,31,38|6,7,10,12,13,32|14,18,20,27,28,30
1,2,6,10,13,33|3,8,15,18,25,26|7,12,14,17,22,27
1,2,8,10,18,21|3,6,13,20,26,33|7,11,12,15,17,27
1,2,10,21,33,40|3,8,15,18,25,26|6,7,12,17,27,31
1,3,8,15,17,27|2,18,25,28,31,33|7,10,12,13,22,32
1,3,15,17,25,33|2,8,18,27,28,31|7,10,12,13,22,32
1,6,7,12,13,26|2,8,18,22,25,27|3,10,14,15,17,33
1,7,10,12,21,29|2,8,18,22,25,27|3,6,13,20,26,33
1,7,12,15,27,32|2,18,25,28,31,33|3,8,10,13,17,22
1,7,12,21,26,40|2,8,18,22,25,27|3,6,10,16,17,33
1,10,18,20,21,30|2,8,19,25,27,28|3,11,13,22,26,33
1,2,7,12,13,22|3,18,25,28,30,31|8,10,15,27,29,33
1,3,7,12,21,32|6,8,18,25,27,38|10,13,17,23,28,40
1,3,10,21,30,40|6,8,18,25,27,38|13,19,20,23,26,28
1,8,10,19,21,38|2,3,6,14,27,33|11,13,18,23,26,28
2,3,11,13,28,33|6,8,18,25,27,38|10,17,19,20,21,23
2,3,13,20,22,33|6,8,18,25,27,38|10,16,17,19,23,28
3,7,11,12,17,21|6,8,18,25,27,38|13,19,20,23,26,28
3,7,12,15,17,31|6,8,18,25,27,38|13,19,20,23,26,28
3,7,12,16,17,22|6,8,18,25,27,38|13,19,20,23,26,28
3,18,25,28,30,31|8,10,13,17,22,33|11,15,19,23,26,27
3,22,25,27,30,40|8,16,18,26,28,33|10,17,19,20,21,23
1,6,10,13,33,38|3,7,12,15,17,25|14,18,22,23,26,27
1,10,21,33,38,40|3,7,12,15,17,25|6,18,23,26,27,31
1,6,8,13,29,33|3,11,14,15,19,30|16,18,22,23,32,40
1,6,16,18,23,29|3,11,14,15,19,30|8,13,22,32,33,40
1,13,22,23,29,40|3,6,11,16,19,30|8,14,15,18,32,33
1,14,15,18,23,29|3,6,11,13,30,40|8,16,19,22,32,33
1,16,19,22,23,29|3,6,11,13,30,40|8,14,15,18,32,33
1,6,16,17,19,23|3,11,13,22,30,40|8,15,18,31,32,33
1,8,13,22,29,33|3,6,11,16,18,30|14,15,19,23,26,40
1,16,18,22,23,29|2,3,6,8,13,40|11,14,15,19,33,38
3,6,11,16,18,30|8,13,28,32,33,40|10,14,15,19,23,29
3,6,13,20,30,40|8,11,18,21,32,33|10,14,15,19,23,29
3,11,13,22,30,40|6,10,16,19,23,29|8,15,18,31,32,33
3,11,15,19,30,31|6,10,13,23,29,40|8,16,18,22,32,33
3,11,16,19,22,30|6,10,13,23,29,40|8,15,18,31,32,33
1,6,8,13,17,33|3,7,12,14,15,29|11,19,21,23,26,40
1,8,13,28,29,33|3,6,14,18,25,30|11,15,19,23,27,32
1,8,17,21,33,40|3,6,7,12,16,29|11,13,18,23,28,32
1,13,17,22,23,40|2,3,6,8,16,18|11,15,19,31,33,38
1,14,15,17,18,23|2,3,6,16,33,40|8,11,13,19,28,38
1,15,17,19,23,31|2,3,6,8,16,18|11,13,22,33,38,40
1,15,18,23,25,29|2,3,6,16,33,40|8,11,13,19,28,38
1,15,23,27,29,40|2,3,6,8,16,18|14,19,22,31,33,38
1,16,17,19,22,23|2,3,8,14,15,18|6,13,20,33,38,40
1,16,18,23,28,29|2,3,8,11,19,21|6,13,20,33,38,40
1,18,20,21,23,29|2,3,6,16,33,40|8,11,13,19,28,38
2,3,6,16,33,40|8,11,13,18,22,38|10,15,19,23,29,31
2,3,8,13,22,40|6,10,16,18,23,29|11,15,19,31,33,38
2,3,8,15,19,31|6,10,16,18,23,29|11,13,22,33,38,40
2,3,8,16,19,22|6,13,20,33,38,40|10,14,15,18,23,29
2,3,14,15,33,40|6,8,13,18,20,38|10,11,19,21,23,29
3,6,7,12,16,29|8,11,13,18,22,38|15,19,23,26,31,40
3,6,14,18,25,30|8,10,21,29,33,40|11,15,19,23,27,32
3,6,14,27,30,40|8,11,13,18,22,38|10,15,19,23,29,31
3,6,15,18,28,30|8,10,21,29,33,40|14,19,22,23,27,32
3,6,16,18,20,30|8,10,21,29,33,40|11,15,19,23,27,32
3,6,19,25,30,31|8,10,21,29,33,40|11,13,18,23,28,32
3,7,12,14,15,29|6,8,13,18,20,38|11,19,21,23,26,40
3,11,15,18,30,31|6,8,10,13,29,33|14,19,22,23,27,32
3,11,16,18,22,30|6,8,10,13,29,33|15,19,23,26,31,40
3,11,16,19,28,30|6,8,10,13,29,33|14,15,18,23,26,40
3,11,19,20,21,30|6,8,10,13,29,33|14,15,18,23,26,40
3,14,15,18,20,30|6,8,10,13,29,33|11,19,21,23,26,40
3,14,18,22,30,31|6,8,10,13,29,33|11,15,19,23,27,32
3,16,19,20,22,30|6,8,10,13,29,33|14,15,18,23,26,40
1,8,13,17,22,33|3,6,18,25,30,31|10,16,19,23,28,29
1,8,15,27,29,33|3,6,18,25,30,31|11,13,19,22,23,26
1,11,17,18,21,23|2,3,8,13,28,40|6,19,25,31,33,38
1,13,17,23,28,40|2,3,8,11,18,21|6,19,25,31,33,38
1,15,17,18,23,31|2,3,6,11,13,33|8,14,19,22,27,38
2,3,6,11,13,33|8,14,19,22,27,38|10,15,18,23,29,31
2,3,8,11,18,21|6,10,13,17,23,40|14,19,22,25,33,38
2,3,8,13,28,40|6,10,16,17,19,23|11,15,18,31,33,38
2,3,8,15,18,31|6,10,13,17,23,40|11,16,19,28,33,38
2,3,8,15,19,25|6,10,13,17,23,40|11,16,18,22,33,38
2,3,8,16,18,22|6,10,13,17,23,40|11,15,19,25,33,38
2,3,8,16,19,28|6,10,13,17,23,40|11,15,18,31,33,38
2,3,8,19,20,21|6,10,13,17,23,40|11,15,18,31,33,38
2,3,11,21,33,40|6,8,14,18,27,38|10,15,19,23,25,29
2,3,15,31,33,40|6,8,14,18,27,38|10,16,19,23,28,29
2,3,16,22,33,40|6,8,14,18,27,38|10,15,19,23,25,29
3,6,18,25,30,31|8,10,13,22,29,33|14,19,23,27,28,32
3,7,11,12,21,29|6,8,14,18,27,38|15,19,23,25,26,40
3,7,12,15,29,31|6,8,14,18,27,38|11,13,19,22,23,26
3,7,12,16,22,29|6,8,14,18,27,38|15,19,23,25,26,40
3,11,15,18,25,30|6,8,19,27,31,38|10,13,23,28,29,40
3,11,15,27,30,40|6,8,16,18,26,33|10,19,20,21,23,29
3,11,18,20,21,30|6,8,19,27,31,38|10,13,23,28,29,40
3,13,20,28,30,40|6,8,14,18,27,38|10,15,19,23,25,29
3,14,18,22,25,30|6,8,19,27,31,38|10,13,23,28,29,40
3,14,18,28,30,31|6,10,13,17,23,40|8,11,15,19,27,38
3,14,22,27,30,40|6,8,16,18,26,33|10,15,19,23,25,29
3,15,18,20,30,31|6,10,13,17,23,40|8,11,19,21,26,33
3,15,19,20,25,30|6,8,14,18,27,38|10,13,23,28,29,40
3,16,18,20,22,30|6,8,19,27,31,38|10,13,23,28,29,40
3,19,22,25,30,31|6,8,14,18,27,38|10,13,23,28,29,40
1,2,6,7,12,13|3,14,18,25,28,30|8,10,17,21,33,40
1,2,7,12,21,40|3,14,18,25,28,30|6,8,10,13,17,33
1,8,13,17,28,33|3,6,25,27,30,40|10,18,20,21,23,29
1,10,19,21,23,32|2,3,6,13,20,33|8,11,15,18,27,38
1,15,17,18,23,25|2,3,6,13,20,33|8,14,19,27,28,38
1,16,17,18,23,28|2,3,6,13,20,33|8,19,22,27,31,38
1,17,18,20,21,23|2,3,8,15,27,40|14,19,25,28,33,38
2,3,6,13,20,33|8,11,15,18,27,38|10,16,17,19,22,23
2,3,8,15,18,25|6,14,19,23,26,27|13,20,28,33,38,40
2,3,8,15,27,40|6,10,16,17,18,23|14,19,25,28,33,38
2,3,15,25,33,40|6,8,18,27,31,38|10,11,17,19,21,23
2,3,16,28,33,40|6,8,18,27,31,38|10,11,17,19,21,23
2,3,20,21,33,40|6,8,18,27,31,38|10,16,17,19,22,23
3,6,7,12,16,17|8,10,13,28,29,33|15,18,20,23,27,32
3,7,12,14,15,17|6,8,18,27,31,38|11,13,19,23,26,28
3,7,12,15,25,29|6,8,10,13,17,33|14,18,23,27,28,32
3,7,12,16,28,29|6,8,10,13,17,33|15,18,20,23,27,32
3,7,12,20,21,29|6,8,10,13,17,33|14,18,23,27,28,32
3,15,18,20,25,30|6,8,10,13,17,33|19,23,27,28,31,32
3,16,18,20,28,30|6,8,10,13,17,33|19,22,23,25,27,32
3,19,25,28,30,31|6,8,10,13,17,33|15,18,20,23,27,32
2,14,15,18,23,40|6,7,8,12,13,29|11,16,19,22,30,33
2,16,19,22,23,40|6,7,8,12,13,29|11,14,15,18,30,33
3,6,16,19,23,32|7,8,12,21,29,40|11,14,15,18,30,33
1,7,12,13,28,38|2,18,22,23,25,27|3,8,10,17,21,33
2,6,13,18,20,23|3,8,11,19,21,38|7,12,15,29,31,33
2,11,13,18,22,23|3,6,16,33,38,40|8,14,19,27,28,30
2,11,13,19,23,28|3,6,8,16,18,38|7,12,15,29,31,33
2,13,19,20,22,23|3,6,8,16,18,38|7,11,12,21,29,33
2,15,18,23,25,40|3,8,11,19,21,38|7,12,16,22,29,33
2,16,18,23,28,40|3,8,11,19,21,38|7,12,15,29,31,33
3,11,18,21,23,32|6,7,8,12,13,17|14,19,25,28,30,33
3,13,23,28,32,40|6,8,18,27,30,31|7,11,12,21,29,33
3,15,18,23,31,32|6,7,8,12,13,17|14,19,25,28,30,33
3,15,19,23,25,32|6,7,8,12,13,17|11,16,18,28,30,33
3,16,18,22,23,32|6,7,8,12,13,17|11,15,27,30,33,40
3,16,19,23,28,32|6,7,8,12,13,17|11,15,18,25,30,33
3,19,20,21,23,32|6,7,8,12,13,17|11,15,18,25,30,33
3,6,16,18,23,32|7,8,12,13,22,29|11,15,19,25,30,33
3,11,19,21,23,32|6,7,12,16,29,33|8,13,18,20,22,30
3,13,22,23,32,40|6,7,12,16,29,33|8,11,15,19,27,30
3,14,15,18,23,32|6,7,12,16,29,33|8,13,19,20,28,30
3,15,19,23,31,32|6,7,12,16,29,33|8,11,13,18,28,30
1,6,7,12,13,38|2,11,15,18,23,27|3,8,10,21,29,33
1,8,10,18,21,30|2,6,19,23,25,27|3,11,13,22,33,38
1,10,21,30,33,40|2,6,18,23,27,31|7,8,12,13,17,28
3,6,16,18,23,26|7,8,12,13,17,28|22,25,27,30,33,40
3,10,13,22,23,29|7,11,12,17,21,33|8,18,27,28,30,31
3,11,19,21,23,26|7,8,12,13,17,28|22,25,27,30,33,40
3,13,22,23,26,40|7,11,12,17,21,33|8,18,27,28,30,31
3,14,15,18,23,26|7,8,12,13,17,28|22,25,27,30,33,40
3,15,19,23,26,31|7,8,12,13,17,28|22,25,27,30,33,40
1,8,10,19,21,30|2,6,14,18,23,27|3,15,31,33,38,40
2,6,19,23,27,31|3,8,11,18,21,38|7,12,14,15,17,33
2,11,13,18,23,28|3,8,15,19,25,38|6,7,12,16,17,33
2,13,18,20,22,23|3,8,15,19,25,38|6,7,12,16,17,33
2,13,19,20,23,28|3,8,11,18,21,38|6,7,12,16,17,33
3,6,10,13,23,29|7,12,14,15,17,33|8,18,22,27,30,31
3,6,13,23,26,40|7,8,12,15,27,29|14,18,25,28,30,33
3,6,16,19,23,26|7,8,12,13,17,22|14,18,25,28,30,33
3,10,21,23,29,40|6,7,12,16,17,33|8,14,18,27,28,30
3,14,15,19,23,26|6,7,12,16,17,33|8,18,22,27,30,31
3,15,18,23,25,32|6,7,12,16,17,33|8,19,27,28,30,31
3,16,18,23,28,32|6,25,27,30,33,40|7,8,12,13,17,22
3,18,20,21,23,32|6,7,12,16,17,33|8,19,22,25,27,30
1,7,12,13,22,30|2,3,11,18,21,23|8,15,27,33,38,40
2,3,8,13,28,33|6,18,23,27,31,38|7,10,12,21,30,40
2,6,7,25,33,35|3,22,27,29,30,34|9,15,19,23,26,38
2,7,14,28,33,35|3,22,27,29,30,34|9,15,19,23,26,38
2,7,22,25,33,35|3,6,9,27,30,38|15,17,18,23,26,34
2,7,28,31,33,35|3,6,9,27,30,38|15,17,18,23,26,34
2,9,22,27,30,33|3,6,7,25,35,38|15,17,18,23,26,34
1,2,15,19,26,34|3,6,9,27,32,38|7,10,14,17,22,35
1,9,17,22,27,30|2,10,15,18,32,34|7,26,28,31,35,40
2,9,18,22,25,38|3,6,17,27,32,34|7,10,28,29,31,35
2,9,18,28,31,38|3,6,17,27,32,34|7,10,22,25,29,35
2,9,22,27,32,33|3,10,15,17,29,34|7,26,28,31,35,40
2,15,17,19,26,38|3,6,9,11,27,34|7,10,22,25,29,35
2,17,18,22,25,34|3,6,9,27,32,38|7,10,28,29,31,35
2,17,18,28,31,34|3,6,9,27,32,38|7,10,22,25,29,35
3,6,17,27,32,34|7,10,22,25,29,35|9,18,26,28,30,31
3,10,15,17,29,34|7,11,27,28,32,35|9,18,22,25,26,30
3,27,28,29,32,34|6,7,10,17,31,35|9,18,22,25,26,30
1,2,15,18,26,34|3,9,22,27,32,38|6,7,10,17,25,35
2,9,18,25,28,38|3,6,26,27,29,34|7,10,15,17,20,35
2,15,17,18,26,38|3,6,9,20,27,34|7,10,25,28,29,35
1,2,15,18,32,34|6,7,10,29,31,35|9,14,19,26,28,30
1,3,9,15,29,38|2,6,17,18,31,34|7,14,22,26,35,40
1,3,15,17,29,34|2,6,9,18,31,38|7,14,22,26,35,40
1,7,14,17,22,35|2,6,9,18,31,38|3,15,26,29,34,40
1,7,28,29,31,35|2,6,9,19,25,38|15,17,18,26,30,32
1,9,22,27,29,30|2,6,17,18,31,34|7,11,15,26,35,40
2,6,17,18,31,34|7,10,11,15,29,35|9,14,19,26,28,30
2,6,17,19,25,34|7,10,11,15,29,35|9,14,18,22,26,30
2,9,11,15,18,38|3,6,27,29,32,34|7,14,22,26,35,40
2,9,14,18,22,38|3,6,27,29,32,34|7,11,15,26,35,40
2,9,14,19,28,38|3,6,27,29,32,34|7,11,15,26,35,40
2,9,15,19,20,38|3,6,27,29,32,34|7,14,22,26,35,40
2,9,19,22,31,38|3,6,27,29,32,34|7,11,15,26,35,40
2,11,15,17,18,34|6,7,10,29,31,35|9,14,19,26,28,30
2,14,17,18,22,34|6,7,10,29,31,35|9,15,19,20,26,30
2,14,17,19,28,34|6,7,10,29,31,35|9,11,15,18,26,30
2,15,17,18,32,38|3,6,9,25,34,40|7,10,14,22,29,35
2,15,17,19,20,34|6,7,10,29,31,35|9,14,18,22,26,30
2,18,22,25,29,34|3,12,15,17,33,35|9,14,19,26,28,30
2,18,28,29,31,34|3,12,15,17,33,35|6,9,19,25,26,30
2,19,25,28,29,34|3,12,15,17,33,35|6,9,18,26,30,31
2,22,27,29,34,40|3,12,15,17,33,35|6,9,18,26,30,31
3,9,14,28,34,40|6,7,10,29,31,35|15,17,18,26,30,32
1,2,9,15,17,33|3,22,27,29,32,34|6,7,25,26,35,40
1,6,7,17,25,35|2,8,9,15,18,26|3,22,27,29,32,34
1,6,9,17,27,30|2,10,15,19,32,34|7,14,26,28,35,40
1,7,14,17,28,35|2,6,9,18,25,38|3,22,27,29,32,34
1,7,15,17,20,35|2,6,9,18,25,38|3,22,27,29,32,34
1,9,27,28,29,30|2,6,17,18,25,34|7,15,20,26,35,40
2,6,9,18,25,38|3,22,27,29,32,34|7,14,26,28,35,40
2,8,9,15,18,26|3,22,27,29,32,34|6,7,10,14,17,35
2,9,14,18,28,38|3,22,27,29,32,34|6,7,25,26,35,40
2,9,15,18,20,38|3,22,27,29,32,34|6,7,10,14,17,35
2,9,15,26,33,40|3,22,27,29,32,34|6,7,10,14,17,35
2,9,19,28,31,38|3,22,27,29,32,34|6,7,10,14,17,35
2,15,17,18,20,34|6,7,10,25,29,35|9,19,26,28,30,31
2,15,18,26,29,38|3,9,22,25,34,40|6,7,10,14,17,35
2,17,19,22,25,34|6,7,20,27,32,35|9,14,18,26,28,30
2,17,19,28,31,34|6,7,10,25,29,35|9,15,18,20,26,30
2,27,28,29,34,40|6,7,10,14,17,35|9,15,18,20,26,30
3,22,27,29,32,34|6,7,10,14,17,35|9,15,18,20,26,30
2,6,14,17,19,34|3,12,15,29,33,35|9,18,22,30,31,32
1,19,22,25,30,35|2,12,15,18,29,34|6,7,9,14,17,32
1,19,28,30,31,35|2,12,15,18,29,34|6,7,9,14,17,32
1,6,9,27,29,30|2,11,15,17,19,34|7,22,25,32,35,40
1,7,14,28,29,35|2,6,9,19,31,38|3,15,17,32,34,40
1,7,22,29,31,35|2,6,9,14,18,38|3,15,17,32,34,40
2,11,15,17,19,34|6,7,10,14,29,35|9,18,22,25,30,32
2,15,18,20,29,34|6,7,14,26,35,40|9,19,25,28,30,32
2,3,6,9,27,32|10,12,15,18,35,38|14,17,19,26,28,34
6,9,19,26,31,38|12,27,28,29,33,35|17,18,22,25,32,34
6,17,19,26,31,34|9,18,22,25,32,38|12,27,28,29,33,35
