1,15,28,31,32,33|6,10,11,21,38,40|8,14,20,25,27,29
1,15,28,31,38,40|6,10,11,21,32,33|8,14,20,25,27,29
1,16,20,31,38,40|6,8,10,13,28,32|11,15,17,22,25,33
1,20,21,22,38,40|6,8,10,13,28,32|11,14,17,25,31,33
1,2,3,6,14,15|8,10,11,32,39,40|16,20,22,28,29,33
1,6,15,25,38,40|8,10,11,13,14,32|16,20,22,28,29,33
1,6,16,28,38,40|8,10,11,13,14,32|15,20,22,25,29,33
1,8,11,13,25,32|6,10,14,15,38,40|16,20,22,28,29,33
1,8,13,22,28,32|6,10,14,15,38,40|11,16,20,25,29,33
1,14,15,28,38,40|6,8,10,13,22,32|11,16,20,25,29,33
1,14,16,20,38,40|6,8,10,13,22,32|11,15,25,28,29,33
1,2,3,11,16,31|6,8,10,15,27,32|14,17,22,25,28,33
1,2,3,11,21,22|6,8,10,15,27,32|14,17,20,25,31,33
1,2,3,14,15,28|6,8,10,21,26,40|11,16,17,20,25,33
1,2,3,15,22,31|6,8,10,21,26,40|11,16,17,20,25,33
1,6,11,15,27,38|8,10,13,20,31,32|14,17,22,25,28,33
1,6,14,22,27,38|8,10,11,13,25,32|15,17,20,28,31,33
1,8,11,13,26,31|2,3,6,10,14,15|16,17,20,22,28,33
1,8,14,25,27,32|6,10,11,13,22,38|15,17,20,28,31,33
1,8,15,27,28,32|6,10,11,13,22,38|14,17,20,25,31,33
1,8,16,25,26,40|2,3,6,10,14,15|11,17,20,21,28,33
1,8,21,26,28,40|2,3,6,10,14,15|11,16,17,20,25,33
1,11,13,20,31,38|2,3,6,10,14,15|8,22,25,27,28,29
1,11,13,22,28,38|2,3,6,10,14,15|8,20,25,27,29,31
1,2,3,16,22,28|6,10,14,15,26,33|8,11,17,25,27,31
1,6,8,15,26,27|2,3,10,11,14,16|17,22,25,28,31,33
1,6,15,20,27,38|2,3,10,11,14,16|17,22,25,28,31,33
1,6,15,25,26,33|2,3,10,11,14,16|8,17,22,27,28,31
1,6,16,26,28,33|2,3,10,14,15,22|8,11,17,25,27,31
1,6,20,21,26,33|2,3,10,11,14,16|8,17,22,27,28,31
1,6,22,27,31,38|2,3,10,11,14,16|15,17,20,25,28,33
1,11,14,27,31,38|2,3,6,10,16,22|15,17,20,25,28,33
1,11,16,26,31,33|2,3,10,14,15,22|6,8,17,25,27,28
1,11,21,22,26,33|2,3,6,10,15,31|8,14,17,20,25,27
1,14,16,20,26,33|2,3,6,10,11,21|8,17,22,27,28,31
1,15,22,26,31,33|2,3,6,10,11,21|8,14,17,20,25,27
7,12,21,27,29,30|8,18,28,33,34,39|13,15,19,23,26,38
1,9,13,22,30,32|2,8,12,18,21,35|3,6,16,17,29,34
2,11,19,21,32,34|3,6,9,16,29,38|12,15,18,25,30,35
2,13,22,32,34,40|3,6,9,16,29,38|7,11,14,15,17,35
2,15,19,31,32,34|3,6,9,16,29,38|12,18,20,21,30,35
2,16,19,22,32,34|3,9,14,15,29,38|12,18,20,21,30,35
2,11,18,21,32,34|3,6,12,13,35,38|9,14,27,28,29,30
2,13,28,32,34,40|3,9,11,21,29,38|6,7,14,17,25,35
2,15,18,31,32,34|3,6,12,13,35,38|9,14,27,28,29,30
2,15,19,25,32,34|3,6,12,13,35,38|9,14,27,28,29,30
2,16,18,22,32,34|3,6,12,13,35,38|9,14,27,28,29,30
2,16,19,28,32,34|3,6,12,13,35,38|9,15,20,27,29,30
2,19,20,21,32,34|3,6,12,13,35,38|9,14,27,28,29,30
2,14,15,19,32,34|6,7,16,20,29,35|9,11,17,21,30,40
1,2,13,17,28,34|3,12,15,27,35,38|9,10,21,26,30,40
1,3,21,26,29,34|2,6,9,10,13,38|7,17,25,28,31,35
1,9,10,17,21,30|2,13,26,28,34,40|3,12,15,27,35,38
1,9,13,26,28,30|2,10,17,21,34,40|3,12,15,27,35,38
2,9,10,21,38,40|3,13,22,26,32,34|7,17,25,28,31,35
2,11,18,21,26,34|3,9,15,17,25,38|7,10,16,28,32,35
2,13,26,28,34,40|3,9,15,17,25,38|7,10,20,21,32,35
2,15,18,26,31,34|3,9,16,17,28,38|7,10,20,21,32,35
2,15,19,25,26,34|3,9,16,17,28,38|7,10,20,21,32,35
2,16,18,22,26,34|3,9,15,17,25,38|7,10,20,21,32,35
2,16,19,26,28,34|3,9,15,17,25,38|7,10,20,21,32,35
2,18,21,26,32,38|3,6,9,10,16,34|7,17,25,28,31,35
2,19,20,21,26,34|3,9,15,17,25,38|7,10,16,28,32,35
1,2,6,13,17,34|3,8,9,21,26,29|7,10,14,15,32,35
1,2,9,21,38,40|3,15,17,25,29,34|6,7,10,16,32,35
1,2,13,28,29,34|3,6,9,16,17,38|7,10,14,15,32,35
1,2,17,21,34,40|3,9,15,25,29,38|6,7,10,16,32,35
1,6,9,13,26,30|2,10,21,29,34,40|7,11,15,17,25,35
1,7,15,25,32,35|2,6,10,13,29,34|9,14,17,22,27,30
1,7,16,28,32,35|2,6,10,13,29,34|3,9,14,15,17,38
1,7,20,21,32,35|2,6,10,13,29,34|3,9,14,15,17,38
1,9,10,21,29,30|2,6,13,26,34,40|7,11,15,17,25,35
1,9,15,27,30,32|2,6,10,13,29,34|7,11,16,17,28,35
1,9,21,26,30,40|2,6,10,13,29,34|7,11,15,17,25,35
2,6,13,26,34,40|3,9,14,15,17,38|7,25,28,29,31,35
2,6,16,19,26,34|3,9,14,15,17,38|7,25,28,29,31,35
2,14,15,19,26,34|3,6,9,16,17,38|7,25,28,29,31,35
2,15,27,32,34,40|3,6,9,16,17,38|7,25,28,29,31,35
2,16,18,28,32,34|3,8,9,21,26,29|6,7,17,25,31,35
2,18,20,21,32,34|3,6,9,16,17,38|7,25,28,29,31,35
1,2,9,13,22,38|3,10,21,29,32,34|7,14,17,25,28,35
1,2,13,17,22,34|7,10,11,21,32,35|9,25,27,28,29,30
1,2,15,27,29,34|3,9,11,17,21,38|7,10,16,22,32,35
1,3,9,15,31,34|2,17,21,26,29,33|7,10,16,22,32,35
1,3,9,21,32,38|2,6,16,18,26,34|7,14,17,25,28,35
1,6,7,16,26,35|2,8,9,15,17,27|3,10,21,29,32,34
1,7,14,15,26,35|2,9,16,17,28,33|3,10,21,29,32,34
1,9,13,22,26,30|2,12,15,27,33,35|3,10,21,29,32,34
2,6,16,18,26,34|3,9,11,17,21,38|7,10,15,31,32,35
2,11,19,21,26,34|3,9,15,17,31,38|7,10,16,22,32,35
2,13,22,26,34,40|3,9,11,17,21,38|7,10,15,31,32,35
2,14,15,18,26,34|3,9,11,17,21,38|7,10,16,22,32,35
2,15,19,26,31,34|3,9,11,17,21,38|7,10,16,22,32,35
2,16,19,22,26,34|3,9,11,17,21,38|7,10,15,31,32,35
1,2,8,25,27,31|3,6,10,16,28,38|7,11,12,20,26,39
1,3,15,25,28,38|2,8,10,11,16,27|7,12,20,21,22,26
1,3,16,20,25,38|2,8,10,14,27,31|7,11,12,21,26,28
1,3,20,21,28,38|2,8,10,11,16,27|7,12,14,25,26,31
1,2,8,14,25,27|3,6,10,11,21,38|7,12,15,22,26,31
1,2,8,15,27,28|3,6,10,11,21,38|7,12,14,16,20,26
1,2,8,16,20,27|3,6,10,11,21,38|7,12,14,15,26,28
1,2,15,25,28,33|3,6,10,11,21,38|7,12,14,16,20,26
1,2,16,20,25,33|3,6,10,11,21,38|7,12,14,15,26,28
1,3,11,21,28,38|2,6,8,10,15,27|7,12,14,16,20,26
1,3,14,25,31,38|2,6,8,10,15,27|7,11,12,21,22,26
1,3,16,20,31,38|2,6,8,10,15,27|7,11,12,21,22,26
1,3,20,21,22,38|2,6,8,10,15,27|7,11,12,16,26,31
1,6,25,27,28,30|2,8,10,13,20,31|7,11,12,21,22,26
1,14,20,25,27,30|2,6,10,16,28,33|7,11,12,21,22,26
1,22,27,28,30,31|2,6,10,15,25,33|7,12,14,16,20,26
1,2,8,11,16,27|3,6,10,14,15,38|7,12,20,21,28,32
1,2,8,14,27,31|6,7,11,12,21,26|10,15,25,28,30,40
1,2,8,15,22,27|6,7,11,12,21,26|10,16,20,25,30,40
1,2,11,16,25,33|3,6,10,14,15,38|7,12,20,21,28,32
1,2,11,21,28,33|3,6,10,14,15,38|7,12,16,20,25,32
1,2,14,25,31,33|3,8,10,11,32,39|6,7,12,16,22,26
1,2,15,28,31,33|3,8,10,11,32,39|6,7,12,16,22,26
1,3,6,8,21,26|2,10,11,14,16,33|7,12,15,25,28,32
1,3,6,15,25,38|2,8,10,11,13,31|7,12,20,21,28,32
1,3,6,16,28,38|2,8,10,11,13,31|7,12,14,15,22,26
1,3,6,20,21,38|2,8,10,11,13,31|7,12,14,15,22,26
1,3,8,14,16,26|2,6,10,11,21,33|7,12,15,25,28,32
1,3,11,16,31,38|2,6,8,10,13,28|7,12,14,15,22,26
1,3,11,21,22,38|2,6,8,10,13,28|7,12,16,20,25,32
1,3,14,15,28,38|2,6,10,11,21,33|7,12,16,20,25,32
1,3,15,22,31,38|2,6,8,10,13,28|7,11,12,14,16,26
1,6,22,25,27,30|2,8,10,11,13,31|7,12,20,21,28,32
1,11,16,20,27,30|2,6,8,10,13,28|7,12,14,15,22,26
1,14,22,27,28,30|2,6,10,11,21,33|3,8,16,17,20,25
1,15,20,22,27,30|2,6,8,10,13,28|7,11,12,14,16,26
2,10,14,15,22,33|3,8,16,17,20,25|6,7,11,12,21,26
1,2,6,8,15,27|7,11,12,16,25,32|10,20,21,22,30,40
1,2,6,16,28,33|3,8,11,17,20,39|7,12,14,25,31,32
1,2,8,11,13,25|6,7,12,14,15,26|10,16,20,30,31,40
1,2,8,13,20,31|6,7,12,14,15,26|10,11,16,25,30,40
1,2,8,13,22,28|6,7,12,14,15,26|10,11,16,25,30,40
1,3,6,11,21,38|2,8,10,16,31,40|7,12,15,22,25,32
1,3,6,15,31,38|2,8,10,11,13,14|7,12,16,22,28,32
1,3,6,16,22,38|2,8,10,11,13,14|7,12,15,28,31,32
1,3,11,14,16,38|2,6,8,10,13,22|7,12,15,28,31,32
1,3,14,15,22,38|2,8,10,11,39,40|7,12,16,20,31,32
1,6,14,27,28,30|2,8,10,11,39,40|7,12,15,22,25,32
1,6,15,20,27,30|2,8,10,11,13,14|7,12,16,22,28,32
1,11,13,20,25,30|2,6,10,14,15,33|3,8,16,17,22,28
1,13,20,22,28,30|2,6,10,14,15,33|3,8,11,16,17,25
2,6,10,14,15,33|3,8,11,16,17,25|7,12,20,21,22,32
3,8,11,16,17,25|6,7,12,14,15,26|10,20,21,22,30,40
3,8,11,17,20,39|6,7,12,14,15,26|10,16,22,28,30,40
3,8,11,17,21,28|6,7,12,14,15,26|10,16,20,30,31,40
3,8,14,17,25,31|6,10,11,13,28,30|7,12,20,21,22,32
3,8,15,17,22,25|6,10,11,13,28,30|7,12,16,20,31,32
3,8,15,17,28,31|6,10,13,20,22,30|7,11,12,16,25,32
3,8,16,17,20,31|6,7,12,14,15,26|10,11,21,28,30,40
3,8,16,17,22,28|6,7,12,14,15,26|10,11,20,30,39,40
3,8,17,20,21,22|6,7,12,14,15,26|10,11,16,25,30,40
1,2,6,15,31,33|3,8,11,17,21,22|7,12,14,16,20,32
1,2,8,11,13,31|6,7,12,15,25,32|10,14,16,20,30,40
1,2,8,13,14,20|6,7,12,15,25,32|10,11,16,30,31,40
1,6,13,20,28,30|2,8,10,14,16,40|7,11,12,21,22,32
1,11,13,20,30,31|2,6,8,10,21,40|7,12,14,15,28,32
1,11,13,22,28,30|2,6,8,10,21,40|7,12,14,16,20,32
1,15,25,28,30,40|3,6,8,17,20,21|7,11,12,16,31,32
1,16,20,25,30,40|3,8,11,17,21,22|7,12,14,15,28,32
1,20,21,28,30,40|3,6,8,15,17,25|7,11,12,16,31,32
3,6,8,17,20,21|7,11,12,16,31,32|10,14,15,28,30,40
3,8,11,17,21,22|6,7,12,15,25,32|10,14,16,20,30,40
3,8,14,15,17,28|6,7,12,20,21,32|10,11,16,30,31,40
3,8,14,16,17,20|6,7,12,15,25,32|10,11,21,22,30,40
3,8,15,25,28,29|6,7,12,20,21,32|10,11,16,30,31,40
3,8,16,20,25,29|6,10,11,13,22,30|7,12,14,15,28,32
3,8,20,21,28,29|6,7,12,15,25,32|10,11,16,30,31,40
1,16,20,30,31,40|3,6,8,11,17,21|7,12,14,15,22,32
1,20,21,22,30,40|3,6,8,15,17,31|7,11,12,14,16,32
3,8,16,20,29,31|6,7,11,12,21,32|10,14,15,22,30,40
3,8,20,21,22,29|6,7,12,15,31,32|10,11,14,16,30,40
1,6,16,19,21,38|8,13,14,27,29,31|15,17,22,33,39,40
1,14,15,19,21,38|6,13,16,17,22,33|8,18,25,29,31,39
1,6,15,18,38,39|8,13,14,25,27,29|16,17,21,28,33,40
1,13,16,31,38,40|6,22,27,29,33,39|8,15,17,18,21,25
1,14,15,18,21,38|6,13,16,17,28,33|8,25,27,29,39,40
1,15,19,21,31,38|6,13,16,17,28,33|8,25,27,29,39,40
1,2,3,13,14,16|6,10,15,19,38,39|21,22,27,29,31,33
6,10,13,21,38,40|8,17,18,25,31,39|15,16,27,28,29,33
1,2,3,13,16,31|6,10,15,18,38,39|14,17,21,22,27,33
1,2,3,13,21,22|6,10,15,18,38,39|14,16,17,27,31,33
1,16,26,33,39,40|8,13,14,17,25,27|10,15,19,21,31,38
1,2,3,13,16,25|6,17,27,28,33,39|10,15,18,21,31,38
1,18,25,31,38,39|2,3,6,10,13,21|15,16,17,27,28,33
1,2,7,12,13,40|3,6,18,22,27,30|8,10,16,17,19,33
1,2,7,12,16,19|3,6,18,22,27,30|8,10,13,17,33,40
3,7,12,13,20,29|6,19,22,27,33,38|10,16,17,18,23,40
3,7,12,16,17,40|6,19,22,27,33,38|10,13,18,20,23,29
3,7,11,12,13,29|8,14,18,27,32,33|10,16,17,19,23,40
1,7,12,16,18,38|2,8,19,25,27,33|3,10,13,17,23,40
1,3,13,16,31,38|7,12,14,27,32,39|10,15,18,21,25,30
2,7,12,13,14,16|8,27,29,31,33,39|15,17,18,21,23,25
1,3,11,13,29,33|2,8,14,18,27,40|7,12,15,17,19,22
1,3,13,20,29,33|2,8,18,27,31,40|7,12,14,17,19,25
2,6,19,22,27,33|3,8,10,16,18,29|7,12,13,17,20,40
2,11,14,19,27,33|3,8,10,16,18,29|7,12,13,17,20,40
1,2,8,10,13,19|3,6,15,18,26,33|7,12,14,17,27,40
1,3,11,13,17,33|2,8,18,25,27,40|7,10,12,16,19,32
1,6,9,16,31,34|2,3,12,14,21,35|17,28,29,32,38,39
1,6,9,21,22,34|2,3,12,15,16,35|17,28,29,32,38,39
1,6,9,32,38,39|2,3,12,14,21,35|15,17,25,29,31,34
1,6,17,32,34,39|2,3,12,14,21,35|9,15,25,29,31,38
1,9,11,15,16,34|2,3,6,12,35,39|17,21,25,29,32,38
1,9,14,15,31,34|2,3,6,12,35,39|17,21,25,29,32,38
1,9,14,16,22,34|2,3,6,12,35,39|17,21,25,29,32,38
1,9,14,21,32,38|2,3,6,12,35,39|15,17,25,29,31,34
1,9,15,16,32,38|2,3,6,12,35,39|11,17,21,25,29,34
1,14,17,21,32,34|2,3,6,12,35,39|9,15,25,29,31,38
1,15,16,17,32,34|2,3,6,12,35,39|8,9,21,26,29,31
1,21,25,29,32,34|2,3,6,12,35,39|9,11,15,16,17,38
1,28,29,32,34,39|2,3,12,14,21,35|6,9,16,17,31,38
2,3,12,14,21,35|6,9,11,17,38,39|10,15,16,29,32,34
2,3,12,15,16,35|6,9,11,17,38,39|10,14,21,29,32,34
6,9,11,17,38,39|8,12,13,15,26,35|10,14,21,29,32,34
6,9,16,17,31,38|8,12,13,15,26,35|10,14,21,29,32,34
6,10,29,32,34,39|8,12,13,15,26,35|9,11,14,17,21,38
1,6,9,20,34,39|2,3,12,21,31,35|15,16,17,26,29,38
1,6,9,21,28,34|2,3,12,22,35,39|15,16,17,26,29,38
1,6,26,29,34,39|2,3,12,21,31,35|9,14,15,17,25,38
1,9,11,21,31,34|2,3,12,22,35,39|15,16,17,26,29,38
1,9,11,22,34,39|2,3,12,21,31,35|15,16,17,26,29,38
1,9,14,15,25,34|2,3,12,21,31,35|6,17,26,29,38,39
1,9,14,16,28,34|2,3,12,21,31,35|6,17,26,29,38,39
1,9,14,20,21,34|2,3,12,22,35,39|15,16,17,26,29,38
1,9,15,16,20,34|2,3,12,21,31,35|6,17,26,29,38,39
1,9,21,31,32,38|2,3,12,22,35,39|16,17,25,28,29,34
1,9,22,32,38,39|2,3,12,21,31,35|16,17,25,28,29,34
1,14,21,26,29,34|2,3,12,22,35,39|6,9,16,17,25,38
1,15,16,26,29,34|2,3,12,21,31,35|6,9,17,20,38,39
1,17,21,31,32,34|2,3,12,22,35,39|9,16,25,28,29,38
1,17,22,32,34,39|2,3,12,21,31,35|9,16,25,28,29,38
6,8,9,17,26,39|10,21,29,31,32,34|12,13,22,25,35,38
6,9,17,20,38,39|10,21,29,31,32,34|12,15,16,26,33,35
6,9,17,21,28,38|10,22,29,32,34,39|12,15,16,26,33,35
6,12,16,27,35,38|8,9,14,17,21,26|10,22,29,32,34,39
8,9,14,17,21,26|10,22,29,32,34,39|12,13,28,31,35,38
8,9,15,16,17,26|10,21,29,31,32,34|12,13,22,25,35,38
9,11,17,21,31,38|10,22,29,32,34,39|12,15,16,26,33,35
9,11,17,22,38,39|10,21,29,31,32,34|12,15,16,26,33,35
9,14,17,20,21,38|10,22,29,32,34,39|12,15,16,26,33,35
1,9,16,22,25,34|2,3,12,28,35,39|17,21,26,29,31,38
1,9,16,28,31,34|2,3,12,21,25,35|17,22,26,29,38,39
1,21,26,29,31,34|2,3,12,28,35,39|9,10,15,16,32,38
1,22,26,29,34,39|2,3,12,21,25,35|9,10,15,16,32,38
8,9,17,21,26,31|10,28,29,32,34,39|12,16,22,27,35,38
8,9,17,22,26,39|10,21,25,29,32,34|12,15,27,31,35,38
9,16,17,22,25,38|10,28,29,32,34,39|12,21,26,31,33,35
9,16,17,28,31,38|10,21,25,29,32,34|12,22,26,33,35,39
1,2,21,29,31,34|3,6,12,35,38,39|9,10,15,16,30,32
1,2,22,29,34,39|3,12,14,21,35,38|9,10,15,16,30,32
2,6,13,25,32,34|3,12,14,21,35,38|9,11,17,28,30,39
2,13,14,28,32,34|3,6,12,35,38,39|9,11,17,21,25,30
2,13,15,20,32,34|3,6,12,35,38,39|9,11,17,21,25,30
2,13,22,31,32,34|3,6,12,35,38,39|9,11,17,21,25,30
2,21,25,32,34,40|3,6,12,35,38,39|9,16,17,28,30,31
2,28,32,34,39,40|3,12,14,21,35,38|9,15,17,25,30,31
2,6,13,26,31,34|3,12,21,25,35,38|9,10,28,30,32,39
2,11,13,15,26,34|3,12,21,25,35,38|9,10,28,30,32,39
2,13,14,22,26,34|3,12,21,25,35,38|9,10,28,30,32,39
1,2,15,16,17,34|3,12,21,31,35,38|9,10,22,30,32,39
1,9,15,16,26,30|2,6,10,29,34,39|3,12,21,31,35,38
2,6,10,29,34,39|3,12,21,31,35,38|9,16,17,25,28,30
2,6,13,14,26,34|3,12,21,31,35,38|9,10,22,30,32,39
2,6,16,27,32,34|3,12,21,31,35,38|9,17,20,28,30,39
2,6,26,34,39,40|3,12,21,31,35,38|9,16,17,25,28,30
2,10,14,21,29,34|3,12,22,35,38,39|9,16,17,25,28,30
2,10,15,16,29,34|3,12,21,31,35,38|9,17,20,28,30,39
2,13,22,25,32,34|3,12,21,31,35,38|9,17,20,28,30,39
2,13,28,31,32,34|3,12,22,35,38,39|9,17,20,21,25,30
2,14,15,27,32,34|3,12,21,31,35,38|9,16,17,25,28,30
2,14,21,26,34,40|3,12,22,35,38,39|9,16,17,25,28,30
2,15,16,26,34,40|3,12,21,31,35,38|9,10,22,30,32,39
1,2,3,9,22,29|6,10,12,19,35,38|11,17,18,28,32,34
1,12,18,22,35,38|2,3,9,28,32,40|6,11,17,19,26,34
2,3,9,28,32,40|6,10,12,19,35,38|11,18,22,26,29,34
6,9,11,18,20,34|12,17,28,33,35,40|19,22,26,29,32,38
6,9,18,20,32,38|11,19,22,26,29,34|12,17,28,33,35,40
6,11,18,26,29,34|9,19,20,22,32,38|12,17,28,33,35,40
6,18,26,29,32,38|9,11,19,20,22,34|12,17,28,33,35,40
1,2,3,6,9,17|10,12,19,22,35,38|11,18,26,28,29,34
1,2,3,9,28,29|6,10,12,18,35,38|11,17,19,22,26,34
1,12,18,28,35,38|2,3,6,9,10,29|11,17,19,22,26,34
2,3,6,9,26,40|10,12,19,22,35,38|17,18,20,28,32,34
1,21,27,29,30,33|2,13,15,19,23,26|3,8,18,22,34,39
2,13,15,19,23,26|3,8,18,21,31,34|6,7,9,12,33,39
3,8,18,21,31,34|6,7,9,12,33,39|13,19,25,28,30,38
3,8,18,22,34,39|7,9,12,14,21,33|13,19,25,28,30,38
3,8,19,21,25,34|6,7,9,12,33,39|13,18,28,30,31,38
3,8,19,28,34,39|6,16,18,27,30,38|7,9,12,14,21,33
2,13,15,18,23,26|3,8,21,27,34,40|7,9,12,22,33,39
3,8,18,21,25,34|7,9,12,22,33,39|13,27,28,30,38,40
3,8,18,28,34,39|7,9,12,21,31,33|15,19,25,27,30,38
3,8,21,27,34,40|7,9,12,22,33,39|13,18,25,28,30,38
3,17,21,23,27,29|7,9,12,22,33,39|13,18,25,28,30,38
3,28,33,34,39,40|7,12,13,15,17,38|8,19,21,26,27,30
3,6,8,18,34,39|7,12,13,15,29,38|14,19,21,26,30,33
3,9,10,13,15,23|7,12,21,27,29,38|18,26,28,30,33,39
1,13,14,16,33,34|3,15,21,27,29,30|9,19,23,25,31,39
1,3,21,27,29,30|2,7,12,13,15,17|6,9,10,18,23,39|16,19,25,28,33,34
1,6,9,13,23,27|2,3,14,18,21,38|16,19,25,28,33,34
1,9,18,21,23,25|2,3,19,22,38,39|6,11,13,27,33,34
1,9,18,23,28,39|2,3,19,21,31,38|6,11,13,27,33,34
1,9,21,23,27,40|2,3,6,18,38,39|16,19,25,28,33,34
1,13,15,17,33,38|2,11,18,21,27,30|3,6,7,9,12,39
2,3,14,18,21,38|6,11,13,27,33,34|9,10,19,22,23,39
2,3,15,16,18,38|6,11,13,27,33,34|9,10,19,21,23,31
2,3,19,21,31,38|6,9,10,18,23,39|8,13,27,28,34,40
2,3,19,22,38,39|6,11,13,27,33,34|9,10,14,18,21,23
2,7,12,13,15,17|3,6,18,26,30,39|8,16,19,27,28,34
2,11,18,21,27,30|3,6,7,9,12,39|10,13,15,29,33,38
2,13,18,25,28,30|3,6,7,9,12,39|8,19,20,21,27,34
2,13,27,28,30,40|3,6,7,9,12,39|11,18,21,25,33,34
2,15,18,27,30,31|3,6,7,9,12,39|13,25,28,33,34,40
2,15,19,25,27,30|3,6,7,9,12,39|16,18,28,31,33,34
2,16,18,22,27,30|3,6,7,9,12,39|10,13,15,29,33,38
2,16,19,27,28,30|3,6,7,9,12,39|8,13,15,18,26,38
2,19,20,21,27,30|3,6,7,9,12,39|8,13,15,18,26,38
3,6,7,9,12,39|8,11,18,21,27,34|10,13,15,29,33,38
3,13,22,27,30,32|6,9,10,18,23,39|14,19,21,26,33,38
3,14,18,21,26,30|6,11,13,27,33,34|9,10,19,22,23,39
3,15,16,18,26,30|6,11,13,27,33,34|9,10,19,21,23,31
3,19,21,26,30,31|6,9,10,18,23,39|8,13,27,28,34,40
3,19,22,26,30,39|6,11,13,27,33,34|9,10,14,18,21,23
6,9,10,18,23,39|8,13,27,28,34,40|14,19,21,26,33,38
8,11,18,21,27,34|9,10,19,22,23,39|13,15,26,33,38,40
8,13,15,18,26,38|9,10,19,21,23,31|16,22,27,33,34,40
8,13,27,28,34,40|9,10,14,18,21,23|15,16,19,26,33,38
8,16,18,22,27,34|9,10,19,21,23,31|13,15,26,33,38,40
8,16,19,27,28,34|9,10,14,18,21,23|13,15,26,33,38,40
8,18,21,27,32,38|9,10,19,22,23,39|13,25,28,33,34,40
1,3,13,15,17,30|6,8,16,18,27,34|9,10,14,19,21,23
1,9,18,21,23,31|2,3,6,19,38,39|8,13,22,27,34,40
1,9,18,22,23,39|2,3,13,15,32,33|8,11,19,21,27,34
1,9,19,21,23,25|2,3,13,15,32,33|6,8,16,18,27,34
1,9,19,23,28,39|2,3,13,15,32,33|6,8,16,18,27,34
2,3,13,15,32,33|6,8,16,18,27,34|9,10,14,19,21,23
2,3,13,15,38,40|6,8,16,18,27,34|9,10,14,19,21,23
2,3,14,19,21,38|6,8,16,18,27,34|9,10,13,15,23,40
2,3,15,16,19,38|6,18,20,33,34,39|13,17,22,23,27,29
2,11,19,21,27,30|6,16,18,25,33,34|9,10,13,15,23,40
2,13,18,22,25,30|6,9,10,19,23,39|8,17,21,27,29,33
2,13,18,28,30,31|6,9,10,19,23,39|8,17,21,27,29,33
2,13,22,27,30,40|6,9,10,19,23,39|11,18,21,31,33,34
2,14,15,18,27,30|6,9,10,19,23,39|13,22,25,33,34,40
2,16,19,22,27,30|6,18,20,33,34,39|9,10,13,15,23,40
3,6,13,27,30,32|9,10,14,19,21,23|11,18,22,33,34,39
3,10,13,15,29,30|6,8,16,18,27,34|19,21,25,32,33,38
3,13,15,26,30,40|6,8,16,18,27,34|9,10,14,19,21,23
3,14,19,21,26,30|6,8,16,18,27,34|9,10,13,15,23,40
3,15,16,19,26,30|6,18,20,33,34,39|13,17,22,23,27,29
3,18,21,25,30,32|6,9,10,19,23,39|8,13,22,27,34,40
3,18,28,30,32,39|6,16,27,33,34,40|8,13,15,19,26,38
3,21,27,30,32,40|6,9,10,19,23,39|8,13,18,22,25,34
6,8,16,18,27,34|9,10,13,15,23,40|19,21,25,32,33,38
8,11,19,21,27,34|9,10,13,15,23,40|18,22,32,33,38,39
8,16,19,22,27,34|9,10,13,15,23,40|18,21,31,32,33,38
8,19,21,27,32,38|9,10,13,15,23,40|11,18,22,33,34,39
1,6,9,18,23,39|2,7,12,13,15,29|3,19,21,25,30,32
1,8,9,13,15,33|2,6,16,19,27,30|17,18,21,23,25,29
1,9,14,18,21,23|2,6,13,27,30,40|11,19,22,33,34,39
1,9,15,16,18,23|2,6,13,27,30,40|11,19,21,31,33,34
1,13,15,29,33,38|2,6,16,19,27,30|8,18,21,25,34,40
2,7,12,13,15,29|3,18,21,30,31,32|6,8,16,19,27,34
2,13,19,22,25,30|6,11,18,33,34,39|17,21,23,27,29,40
2,13,19,28,30,31|6,11,18,33,34,39|17,21,23,27,29,40
3,19,21,25,30,32|6,8,13,27,34,40|17,18,23,28,29,39
3,19,28,30,32,39|6,8,13,18,25,34|17,21,23,27,29,40
6,8,13,18,25,34|17,21,23,27,29,40|19,22,32,33,38,39
6,13,17,23,27,29|8,18,21,25,34,40|19,22,32,33,38,39
6,18,32,33,38,39|8,13,19,22,25,34|17,21,23,27,29,40
8,13,14,18,28,34|17,21,23,27,29,40|19,22,32,33,38,39
8,13,15,18,20,34|17,21,23,27,29,40|19,22,32,33,38,39
1,9,13,15,23,40|3,6,18,30,32,39|11,14,19,21,33,34
2,3,18,21,31,38|6,13,20,27,33,34|9,10,19,23,28,39
2,3,18,22,38,39|6,13,20,27,33,34|9,10,19,21,23,25
2,3,19,21,25,38|6,13,20,27,33,34|9,10,18,22,23,39
2,3,19,28,38,39|6,13,20,27,33,34|9,10,18,21,23,31
2,7,12,21,27,29|3,10,13,15,17,30|6,18,26,33,38,39
2,15,18,25,27,30|3,7,9,12,21,31|19,22,26,33,38,39
2,16,18,27,28,30|3,7,9,12,21,31|19,22,26,33,38,39
3,13,27,28,30,32|6,18,26,33,38,39|9,10,19,21,23,25
3,18,21,26,30,31|6,13,20,27,33,34|9,10,19,23,28,39
3,18,22,26,30,39|6,13,20,27,33,34|9,10,19,21,23,25
3,19,21,25,26,30|6,13,20,27,33,34|9,10,18,22,23,39
3,19,26,28,30,39|6,13,20,27,33,34|9,10,18,21,23,31
1,2,3,11,23,39|6,8,10,21,33,38|7,12,15,25,28,30
1,2,3,16,23,31|6,8,10,21,33,38|7,12,15,25,28,30
1,2,3,21,22,23|7,12,15,25,28,30|8,10,14,16,33,38
1,2,6,9,30,39|8,17,21,25,29,34|12,15,16,33,35,38
1,2,9,15,16,30|6,12,33,35,38,39|8,17,21,25,29,34
1,6,8,9,34,39|2,17,21,25,29,30|12,15,16,33,35,38
1,8,9,14,21,34|2,17,28,29,30,39|12,15,16,33,35,38
1,8,9,15,16,34|2,17,21,25,29,30|6,12,33,35,38,39
1,15,16,29,34,38|3,12,21,30,31,35|9,17,22,23,32,39
3,12,22,30,35,39|6,13,31,32,34,38|9,14,21,23,26,29
1,8,9,21,31,34|2,13,15,26,30,32|12,22,33,35,38,39
1,8,9,22,34,39|2,13,15,26,30,32|12,21,31,33,35,38
2,3,6,32,34,39|8,9,17,21,31,38|12,13,15,23,26,35
2,3,14,21,32,34|8,9,17,22,38,39|12,13,15,23,26,35
3,12,28,30,35,39|6,13,25,32,34,38|9,21,23,26,29,31
2,6,9,10,30,39|8,12,21,27,35,38|15,16,26,32,33,34
1,3,13,14,16,34|2,15,21,27,29,33|17,18,25,30,31,39
1,2,21,27,29,33|3,6,19,26,38,39|7,9,12,13,22,25
1,3,9,21,31,33|2,6,16,18,27,38|10,17,19,28,30,39
1,3,9,22,33,39|2,6,16,18,27,38|10,17,19,21,25,30
1,13,17,22,27,30|2,6,18,26,33,39|3,16,19,25,28,34
2,13,18,22,25,38|3,11,21,27,34,40|10,17,19,28,30,39
2,13,19,25,28,38|3,11,21,27,34,40|10,17,18,22,30,39
2,13,22,27,32,33|3,6,19,26,38,39|10,17,18,21,30,31
2,13,22,27,38,40|3,11,18,21,25,34|10,17,19,28,30,39
2,14,18,21,26,33|3,6,11,13,27,34|10,17,19,28,30,39
2,15,16,18,26,33|3,6,11,13,27,34|10,17,19,21,25,30
2,19,21,26,31,33|3,6,11,13,27,34|10,17,18,22,30,39
2,19,22,26,33,39|3,6,11,13,27,34|10,17,18,21,30,31
3,6,19,26,38,39|7,9,12,13,22,25|10,17,18,21,30,31
3,11,18,21,25,34|6,7,9,12,16,27|10,17,19,28,30,39
3,11,18,28,34,39|6,7,9,12,16,27|10,17,19,21,25,30
3,11,21,27,34,40|7,9,12,13,22,25|10,17,19,28,30,39
3,13,15,26,32,33|6,7,9,12,16,27|10,17,18,21,30,31
3,13,15,26,38,40|6,7,9,12,16,27|10,17,18,21,30,31
3,13,25,28,34,40|6,7,9,12,16,27|10,17,18,21,30,31
3,14,19,21,26,38|6,7,9,12,16,27|10,17,18,22,30,39
3,15,16,19,26,38|7,9,12,13,22,25|10,17,18,21,30,31
3,15,18,25,31,34|6,7,9,12,16,27|10,17,19,28,30,39
3,15,27,31,34,40|7,9,12,13,22,25|10,17,19,28,30,39
3,16,18,22,25,34|7,9,12,13,28,31|11,19,21,26,27,30
3,16,18,28,31,34|7,9,12,13,22,25|11,19,21,26,27,30
3,16,19,25,28,34|7,9,12,14,15,27|10,17,18,21,30,31
3,16,22,27,34,40|7,9,12,13,28,31|10,17,19,21,25,30
3,18,20,21,31,34|6,7,9,12,16,27|10,17,19,28,30,39
3,18,20,22,34,39|6,7,9,12,16,27|10,17,19,21,25,30
3,18,21,25,32,38|6,7,9,12,16,27|10,17,19,28,30,39
3,18,28,32,38,39|6,7,9,12,16,27|10,17,19,21,25,30
3,19,20,21,25,34|6,7,9,12,16,27|10,17,18,22,30,39
3,19,20,28,34,39|6,7,9,12,16,27|10,17,18,21,30,31
3,21,27,32,38,40|7,9,12,13,22,25|10,17,19,28,30,39
2,10,13,15,17,33|3,6,18,26,38,39|7,9,11,12,21,27
2,11,18,21,27,38|3,6,9,10,33,39|7,12,13,15,17,26
2,13,18,25,28,38|3,6,9,10,33,39|7,12,17,21,27,32
2,16,18,22,27,38|3,6,9,10,33,39|7,12,13,15,17,26
2,16,19,27,28,38|3,6,9,10,33,39|7,12,13,15,17,26
2,19,20,21,27,38|3,6,9,10,33,39|7,12,13,15,17,26
2,19,21,25,26,33|3,6,13,20,27,34|10,17,18,28,30,39
2,19,26,28,33,39|3,6,13,20,27,34|10,17,18,21,25,30
3,9,10,15,16,33|7,12,17,21,27,32|13,18,25,26,28,30
2,18,21,25,26,33|3,10,13,15,17,38|7,9,12,16,27,28
2,18,26,28,33,39|3,10,13,15,17,38|7,9,12,20,21,27
1,2,13,15,29,33|3,6,11,19,34,39|7,9,12,14,21,40
1,6,13,27,29,30|2,14,18,21,32,33|3,11,15,16,19,34
1,6,17,18,30,39|2,11,13,15,19,38|7,9,12,14,21,40
1,14,17,18,21,30|2,6,13,19,31,38|7,9,12,15,16,40
1,15,16,17,18,30|2,6,13,19,31,38|7,9,12,14,21,40
1,17,19,21,30,31|2,6,13,14,18,38|7,9,12,15,16,40
1,17,19,22,30,39|2,6,13,14,18,38|7,9,12,15,16,40
1,18,21,25,29,30|2,6,13,19,31,38|7,9,12,15,16,40
1,18,28,29,30,39|2,6,13,19,31,38|7,9,12,14,21,40
1,21,27,29,30,40|2,6,13,14,18,38|3,11,15,16,19,34
2,6,13,19,31,38|3,14,17,21,29,33|7,9,12,15,16,40
2,6,18,32,33,39|3,11,13,15,34,40|10,19,21,29,30,31
2,13,14,19,22,38|3,6,17,29,33,39|7,9,12,15,16,40
2,14,18,21,32,33|3,6,11,19,34,39|7,9,12,15,16,40
2,15,16,18,32,33|3,6,11,19,34,39|7,9,12,14,21,40
2,19,22,32,33,39|3,6,13,31,34,40|10,14,18,21,29,30
3,6,11,19,34,39|7,9,12,14,21,40|10,15,16,18,29,30
3,6,16,19,31,34|7,9,12,14,21,40|13,18,22,25,30,32
3,6,17,29,33,39|7,9,12,14,21,40|11,13,15,19,26,30
3,6,19,21,22,34|7,9,12,15,16,40|13,18,28,30,31,32
3,6,19,32,38,39|7,9,12,14,21,40|10,15,16,18,29,30
3,11,14,19,21,34|6,7,9,12,39,40|10,15,16,18,29,30
3,14,15,19,31,34|6,7,9,12,39,40|13,18,22,25,30,32
3,14,16,19,22,34|6,7,9,12,39,40|13,18,28,30,31,32
3,14,17,21,29,33|6,7,9,12,39,40|11,13,15,19,26,30
3,14,19,21,32,38|6,7,9,12,39,40|10,15,16,18,29,30
3,15,16,17,29,33|6,7,9,12,13,14|11,19,21,27,30,32
1,3,8,9,13,15|2,18,21,31,32,33|6,10,17,19,30,39
1,3,13,15,29,38|2,8,19,21,27,32|7,9,12,22,39,40
1,13,22,27,29,30|2,18,21,31,32,33|3,6,16,19,25,34
1,17,18,21,30,31|2,6,13,19,25,38|7,9,12,22,39,40
1,17,18,22,30,39|2,6,13,19,25,38|7,9,12,21,31,40
1,17,19,21,25,30|2,6,13,18,31,38|7,9,12,22,39,40
2,6,13,19,25,38|3,11,14,18,21,34|7,9,12,22,39,40
2,8,13,15,19,26|3,6,11,18,34,39|7,9,12,21,31,40
2,8,19,21,27,32|3,6,11,18,34,39|7,9,12,13,14,22
2,11,13,15,18,38|3,6,16,19,25,34|7,9,12,21,31,40
2,13,14,18,22,38|3,6,16,19,25,34|7,9,12,21,31,40
2,13,14,19,28,38|3,6,11,18,34,39|7,9,12,21,31,40
2,13,15,19,20,38|3,6,11,18,34,39|7,9,12,21,31,40
2,18,21,31,32,33|3,6,13,25,34,40|10,15,16,17,19,30
2,18,21,31,38,40|3,6,16,19,25,34|7,9,11,12,13,15
2,18,22,32,33,39|3,6,13,25,34,40|10,14,17,19,21,30
2,18,22,38,39,40|3,6,16,19,25,34|7,9,11,12,13,15
2,19,21,25,32,33|3,6,11,18,34,39|7,9,12,13,14,22
2,19,21,25,38,40|3,6,11,18,34,39|7,9,12,13,14,22
2,19,28,32,33,39|3,6,13,25,34,40|10,18,21,29,30,31
2,19,28,38,39,40|3,6,16,18,31,34|7,9,11,12,13,15
3,6,11,18,34,39|7,9,12,13,14,22|10,15,16,17,19,30
3,6,16,18,31,34|7,9,11,12,13,15|10,14,17,19,21,30
3,6,16,19,25,34|7,9,11,12,13,15|10,18,21,29,30,31
3,6,18,21,22,34|7,9,11,12,13,15|10,19,28,29,30,39
3,6,18,32,38,39|7,9,11,12,13,15|10,14,17,19,21,30
3,6,19,20,34,39|7,9,11,12,13,15|10,18,21,29,30,31
3,6,19,21,28,34|7,9,11,12,13,15|10,18,22,29,30,39
3,11,14,18,21,34|6,7,9,12,13,31|10,15,16,17,19,30
3,11,15,16,18,34|6,7,9,12,13,31|10,14,17,19,21,30
3,14,15,19,25,34|6,7,9,12,13,31|10,18,22,29,30,39
3,14,16,18,22,34|6,7,9,12,13,31|10,19,21,25,29,30
3,14,16,19,28,34|6,7,9,12,13,31|10,18,22,29,30,39
3,14,18,21,32,38|6,7,9,12,13,31|10,15,16,17,19,30
3,14,19,20,21,34|6,7,9,12,13,31|10,18,22,29,30,39
3,15,16,18,32,38|6,7,9,12,13,31|10,14,17,19,21,30
3,15,16,19,20,34|6,7,9,12,13,31|10,18,22,29,30,39
3,17,21,29,31,33|6,13,19,25,26,30|7,9,12,22,39,40
3,17,22,29,33,39|6,7,9,12,13,31|11,18,21,27,30,32
3,19,21,31,32,38|7,9,11,12,13,15|10,18,22,29,30,39
1,2,13,15,17,33|3,6,16,18,25,34|7,9,12,28,39,40
1,3,6,9,33,39|2,8,13,15,18,26|7,12,21,27,29,32
1,3,9,14,21,33|2,6,13,18,25,38|10,17,19,22,30,39
1,3,9,15,16,33|2,6,13,18,25,38|7,12,21,27,29,32|10,17,19,22,30,39
1,6,13,17,27,30|2,14,19,21,26,33|3,11,18,22,34,39
1,13,27,28,29,30|2,6,19,26,33,39|3,11,18,21,31,34
1,17,18,21,25,30|2,6,13,27,32,33|3,11,19,28,34,39
1,17,18,28,30,39|2,6,13,27,32,33|3,11,19,21,25,34
1,17,21,27,30,40|2,6,13,18,25,38|3,11,19,28,34,39
2,6,13,18,25,38|3,8,17,21,27,29|7,9,12,28,39,40
2,6,13,27,32,33|3,11,18,21,31,34|7,9,12,28,39,40
2,6,13,27,38,40|3,11,18,21,31,34|10,17,19,22,30,39
2,6,16,19,27,38|3,11,18,21,31,34|7,9,12,13,14,28
2,6,19,26,33,39|3,8,17,21,27,29|7,9,12,13,14,28
2,8,13,15,18,26|3,6,16,27,34,40|10,17,19,21,30,31
2,8,18,21,27,32|3,11,19,28,34,39|6,7,9,12,13,25
2,10,13,15,29,33|3,6,16,18,25,34|7,9,12,28,39,40
2,13,14,18,28,38|3,6,16,27,34,40|10,17,19,21,30,31
2,13,15,18,20,38|3,6,16,27,34,40|10,17,19,21,30,31
2,13,15,26,33,40|3,6,16,18,25,34|7,12,21,27,29,32|10,17,19,22,30,39
2,13,19,22,25,38|3,6,16,27,34,40|10,14,17,18,21,30
2,13,19,28,31,38|3,6,16,18,25,34|7,12,21,27,29,32
2,14,15,19,27,38|3,6,16,18,25,34|7,9,12,13,22,31
2,14,19,21,26,33|3,6,16,18,25,34|7,9,12,13,15,20
2,15,16,19,26,33|3,6,18,20,34,39|7,9,12,13,14,28|10,21,27,29,30,40
2,18,21,25,32,33|3,6,16,27,34,40|7,9,12,13,14,28|10,17,19,22,30,39
2,18,21,25,38,40|3,11,19,28,34,39|6,10,13,27,29,30
2,18,28,32,33,39|3,6,16,27,34,40|7,9,12,13,15,20|10,17,19,21,30,31
2,18,28,38,39,40|3,8,17,21,27,29|6,7,9,12,13,25
2,21,27,32,33,40|3,6,16,18,25,34|7,9,12,13,14,28|10,17,19,22,30,39
3,6,16,18,25,34|7,9,12,13,14,28|10,17,19,21,30,31
3,6,16,27,34,40|7,9,12,13,14,28|10,17,19,21,30,31
3,6,18,20,34,39|7,9,12,13,14,28|10,17,19,21,30,31
3,6,18,21,28,34|7,9,12,13,15,20|10,17,19,22,30,39
3,8,17,21,27,29|6,7,9,12,13,25|18,26,28,30,39,40
3,11,18,21,31,34|6,7,9,12,13,25|10,17,19,22,30,39
3,11,18,22,34,39|6,7,9,12,13,25|10,17,19,21,30,31
3,11,19,21,25,34|6,10,13,27,29,30|7,9,12,28,39,40
3,11,19,28,34,39|6,7,9,12,13,25|10,14,17,18,21,30
3,13,22,25,34,40|6,10,17,18,30,39|7,12,21,27,29,32
3,13,28,31,34,40|6,10,17,18,30,39|7,12,21,27,29,32
3,14,15,18,25,34|6,10,13,27,29,30|7,9,12,28,39,40
3,14,15,27,34,40|6,7,9,12,13,25|10,17,19,21,30,31
3,14,16,18,28,34|6,7,9,12,13,25|10,17,19,21,30,31
3,14,18,20,21,34|6,7,9,12,13,25|10,17,19,22,30,39
3,15,16,18,20,34|6,7,9,12,13,25|10,17,19,21,30,31
3,15,19,25,31,34|6,10,13,27,29,30|7,9,12,28,39,40
3,16,18,22,31,34|6,7,9,12,13,25|10,21,27,29,30,40
3,16,19,22,25,34|6,10,13,27,29,30|7,9,12,28,39,40
3,16,19,28,31,34|6,7,9,12,13,25|10,14,17,18,21,30
3,17,28,29,33,39|6,7,9,12,13,25|14,15,19,26,27,30
3,18,21,31,32,38|6,7,9,12,13,25|10,17,19,22,30,39
3,18,22,32,38,39|6,7,9,12,13,25|10,17,19,21,30,31
3,19,20,21,31,34|6,7,9,12,13,25|10,15,16,17,18,30
3,19,20,22,34,39|6,7,9,12,13,25|10,14,17,18,21,30
3,19,21,22,28,34|6,7,9,12,13,25|10,15,16,17,18,30
3,19,21,25,32,38|6,10,13,27,29,30|7,9,12,28,39,40
3,19,28,32,38,39|6,7,9,12,13,25|10,14,17,18,21,30
2,3,13,16,17,25|6,9,27,28,33,39|10,15,18,21,31,34
1,13,16,25,34,40|6,9,14,21,27,33|15,17,18,22,38,39
1,13,21,28,34,40|6,9,15,16,27,33|14,17,18,31,38,39
1,15,19,21,25,34|2,3,13,14,16,17|8,9,27,31,39,40
2,3,13,16,25,29|6,9,14,21,27,33|15,17,18,22,38,39
2,3,13,21,28,29|6,9,15,16,27,33|14,17,18,31,38,39
6,10,16,19,21,34|8,9,13,14,27,31|15,17,18,22,38,39
8,9,11,13,16,27|10,14,15,19,21,34|18,25,29,31,38,39
8,9,27,31,39,40|10,14,15,19,21,34|13,16,17,25,32,33
8,13,16,17,27,32|9,25,31,33,39,40|10,14,15,19,21,34
9,11,13,16,25,33|10,14,15,19,21,34|27,29,31,38,39,40
9,13,16,22,28,33|10,14,15,19,21,34|18,25,29,31,38,39
9,25,31,33,39,40|10,14,15,19,21,34|11,13,16,27,29,38
1,14,18,25,34,39|2,3,13,16,17,31|9,11,15,21,27,33
1,15,18,21,25,34|2,3,11,13,17,39|9,14,16,27,31,33
1,15,18,28,34,39|2,3,13,16,17,31|9,14,21,22,27,33
2,3,13,16,17,31|6,9,22,27,33,39|10,14,15,18,21,34
2,3,13,17,21,22|6,10,15,18,34,39|9,14,16,27,31,33
2,3,14,27,29,39|6,10,16,18,21,34|9,13,15,25,28,33
6,9,22,27,33,39|10,13,16,31,34,40|15,17,18,21,25,38
8,9,13,16,20,27|10,14,15,18,21,34|17,19,25,31,38,39
8,13,16,26,27,29|10,14,15,18,21,34|17,19,25,31,38,39
9,11,14,27,33,39|10,13,16,31,34,40|15,17,18,21,25,38
9,11,15,21,27,33|10,13,16,31,34,40|14,17,18,25,38,39
9,14,16,27,31,33|10,11,13,34,39,40|15,17,18,21,25,38
10,15,19,21,31,34|13,14,16,17,26,33|25,27,29,38,39,40
8,9,14,18,25,39|13,16,17,31,32,33|15,21,27,29,38,40
8,9,14,27,39,40|13,16,17,31,32,33|15,18,21,25,29,38
1,6,8,9,19,39|11,13,15,17,29,33|14,16,18,22,34,40
1,8,9,15,16,19|6,11,13,14,18,34|17,21,29,31,33,40
1,6,9,13,14,33|2,3,15,16,19,32|8,17,18,21,25,29
1,8,9,14,18,21|2,3,6,19,32,39|13,15,17,20,29,33
1,8,9,15,16,18|2,3,6,19,32,39|13,14,17,28,29,33
1,9,15,16,33,40|2,3,6,19,32,39|8,17,18,21,25,29
2,3,14,19,21,32|6,8,13,17,27,29|11,18,22,34,39,40
2,3,15,16,19,32|6,8,13,17,27,29|11,18,21,31,34,40
1,2,3,13,15,29|6,8,9,10,19,39|11,18,21,25,34,40
1,6,9,13,31,33|2,3,14,18,21,32|10,15,16,19,29,38
1,6,17,19,38,39|2,3,14,18,21,32|8,9,10,13,15,40
1,8,9,18,21,31|2,3,19,22,32,39|6,11,13,27,34,40
1,8,9,18,22,39|2,3,19,21,31,32|6,11,13,27,34,40
1,8,9,19,21,25|2,3,6,18,32,39|10,13,15,29,38,40
1,8,9,19,28,39|2,3,14,18,21,32|6,11,13,27,34,40
1,9,11,13,15,33|2,3,6,18,32,39|10,14,19,21,29,38
1,9,13,14,22,33|2,3,6,18,32,39|10,15,16,19,29,38
1,9,21,31,33,40|2,3,6,18,32,39|8,13,17,22,27,29
1,9,22,33,39,40|2,3,14,18,21,32|6,11,16,19,27,34
1,13,15,17,32,33|6,8,9,10,19,39|11,18,21,25,34,40
1,13,15,17,38,40|2,3,6,18,32,39|8,9,10,14,19,21
1,14,17,19,21,38|2,3,6,18,32,39|8,9,10,13,15,40
1,18,21,29,31,38|2,3,19,22,32,39|6,11,13,27,34,40
1,18,22,29,38,39|2,3,19,21,31,32|6,11,13,27,34,40
1,19,21,25,29,38|2,3,6,18,32,39|8,9,10,13,15,40
1,19,28,29,38,39|2,3,14,18,21,32|6,11,13,27,34,40
2,3,14,18,21,32|6,8,9,10,19,39|13,17,22,25,29,33
2,3,15,16,18,32|6,8,9,10,19,39|13,17,22,25,29,33
2,3,19,21,31,32|6,11,13,18,25,34|14,15,17,27,29,33
2,3,19,22,32,39|6,11,13,18,25,34|14,15,17,27,29,33
6,13,19,20,25,34|14,15,17,27,29,33|18,28,32,38,39,40
8,13,17,22,27,29|11,18,21,25,34,40|15,16,19,26,32,33
11,13,19,22,25,34|14,15,17,27,29,33|18,28,32,38,39,40
11,13,19,28,31,34|14,15,17,27,29,33|18,21,25,32,38,40
11,14,15,19,27,34|13,17,22,25,29,33|18,28,32,38,39,40
11,18,21,25,34,40|13,17,28,29,31,33|14,15,19,27,32,38
11,18,28,34,39,40|13,17,22,25,29,33|14,15,19,27,32,38
13,17,22,25,29,33|14,15,19,27,32,38|16,18,28,31,34,40
