1,14,16,17,31,33|2,3,6,13,15,20|8,10,25,29,39,40
1,14,17,21,22,33|2,3,6,13,15,20|8,10,25,29,39,40
1,15,16,17,22,33|2,3,6,13,14,28|8,10,25,29,39,40
1,16,25,29,31,33|2,3,6,13,14,28|8,10,15,17,21,40
1,20,29,31,33,39|2,3,6,13,14,28|8,10,15,17,21,40
1,21,22,25,29,33|2,3,6,13,14,28|8,11,19,26,31,39
1,21,28,29,31,33|2,3,6,13,15,20|8,10,14,17,39,40
1,22,28,29,33,39|2,3,6,13,15,20|8,14,16,18,26,31
2,3,6,13,14,28|8,10,15,17,21,40|11,16,19,25,31,38
2,3,6,13,15,20|8,10,14,17,39,40|11,16,19,25,31,38
2,3,6,13,22,31|8,10,14,17,39,40|11,15,16,18,28,38
2,3,6,21,25,40|8,10,13,15,28,29|11,14,16,27,32,33
2,3,6,28,39,40|8,10,13,14,25,29|11,15,18,20,21,38
2,3,11,13,14,31|6,8,18,22,26,39|15,16,19,20,28,38
2,3,11,13,15,22|6,8,18,21,26,31|14,16,19,20,25,38
2,3,11,31,39,40|6,8,10,13,15,17|14,16,18,22,28,38
2,3,14,16,25,40|6,8,10,13,15,17|11,18,21,22,31,38
2,3,14,20,39,40|6,8,10,13,15,17|11,16,19,25,31,38
2,3,14,21,28,40|6,8,10,13,15,17|11,16,19,25,31,38
2,3,15,16,28,40|6,8,18,21,26,31|10,11,14,29,33,39
2,3,15,20,21,40|6,8,13,27,28,32|10,11,14,29,33,39
2,3,21,22,31,40|6,8,10,13,15,17|11,14,16,18,25,38
6,8,13,27,28,32|10,11,14,29,33,39|15,16,18,20,22,38
6,8,18,21,26,31|10,11,14,29,33,39|13,15,20,28,38,40
6,8,18,22,26,39|10,11,15,21,29,33|13,14,20,25,38,40
6,8,19,21,25,26|10,11,14,29,33,39|13,15,20,28,38,40
6,8,19,26,28,39|10,11,15,21,29,33|13,14,20,25,38,40
6,10,21,29,31,33|8,11,14,18,26,39|13,15,20,28,38,40
6,10,22,29,33,39|8,11,13,27,31,32|14,15,19,25,28,38
6,11,13,15,26,33|8,10,14,17,39,40|16,19,22,28,31,38
6,11,18,21,25,38|8,10,13,15,28,29|14,16,26,31,33,40
6,11,18,28,38,39|8,10,13,14,25,29|15,16,22,26,33,40
6,11,21,27,32,33|8,10,13,14,25,29|15,16,18,20,22,38
6,13,14,22,26,33|8,10,15,17,21,40|11,16,19,25,31,38
6,13,25,28,32,33|8,10,14,17,39,40|11,15,18,20,21,38
6,13,25,28,38,40|8,11,14,18,26,39|10,15,16,22,29,33
6,15,18,25,31,38|8,10,13,16,20,29|11,14,26,33,39,40
6,15,27,31,32,33|8,10,13,14,25,29|11,19,22,28,38,39
6,16,18,22,25,38|8,10,13,15,28,29|11,14,26,33,39,40
6,16,18,28,31,38|8,10,13,14,25,29|11,15,21,26,33,40
6,16,22,27,32,33|8,10,13,14,25,29|11,15,18,20,21,38
6,18,20,21,31,38|8,10,13,14,25,29|15,16,22,26,33,40
6,18,20,22,38,39|8,10,13,14,25,29|11,15,21,26,33,40
6,19,20,21,25,38|8,10,13,15,28,29|11,14,16,27,32,33
6,19,20,28,38,39|8,10,13,14,25,29|11,15,21,26,33,40
6,21,26,31,33,40|8,10,13,14,25,29|11,15,16,18,28,38
6,22,26,33,39,40|8,10,13,14,25,29|11,15,16,18,28,38
8,10,14,17,39,40|11,13,25,31,32,33|15,16,18,20,22,38
8,10,15,17,21,40|11,13,25,31,32,33|14,16,18,22,28,38
8,10,25,29,39,40|11,14,16,27,32,33|19,20,21,22,31,38
8,11,13,27,31,32|10,14,21,22,29,33|15,16,19,20,28,38
8,11,19,26,31,39|10,14,21,22,29,33|13,15,20,28,38,40
8,13,14,20,27,32|10,11,15,21,29,33|16,19,22,28,31,38
8,13,14,25,26,40|10,11,15,21,29,33|16,19,22,28,31,38
8,13,15,26,28,40|10,11,14,29,33,39|19,20,21,22,31,38
8,13,16,20,26,40|10,11,14,29,33,39|15,19,22,25,31,38
8,14,16,19,25,26|10,11,15,21,29,33|13,22,28,31,38,40
8,14,18,21,22,26|11,13,25,31,32,33|15,16,19,20,28,38
8,14,19,20,26,39|10,11,15,21,29,33|13,22,28,31,38,40
8,14,19,21,26,28|10,15,16,22,29,33|11,13,25,31,38,40
8,15,19,20,21,26|10,11,14,29,33,39|13,22,28,31,38,40
8,16,25,27,32,40|10,11,14,29,33,39|19,20,21,22,31,38
8,18,20,25,32,39|10,11,15,21,29,33|13,22,28,31,38,40
8,19,21,22,26,31|10,11,14,29,33,39|13,15,20,28,38,40
8,20,27,32,39,40|10,11,15,21,29,33|14,16,18,22,28,38
8,21,27,28,32,40|10,11,14,29,33,39|15,16,18,20,22,38
1,6,8,21,27,29|2,3,11,14,39,40|13,15,20,22,32,33
1,6,14,17,21,33|2,3,15,16,22,40|8,11,18,25,32,39
1,6,15,16,17,33|2,3,11,14,39,40|8,18,21,22,25,32
1,6,21,25,29,33|2,3,11,14,39,40|8,15,16,19,22,26
1,6,28,29,33,39|2,3,11,15,21,40|8,14,16,19,26,31
1,8,11,13,16,17|2,3,6,21,31,40|14,15,19,22,25,38
1,8,13,14,17,31|2,3,6,22,39,40|11,15,16,19,28,38
1,8,13,15,17,22|2,3,6,21,31,40|11,14,16,19,25,38
1,8,13,25,29,31|2,3,6,22,39,40|11,14,19,21,28,38
1,8,14,16,27,29|2,3,6,11,13,15|20,31,32,33,39,40
1,8,17,31,39,40|2,3,6,11,13,15|14,16,19,22,28,38
1,11,29,31,33,39|2,3,6,13,14,22|8,19,21,25,28,32
1,14,16,25,29,33|2,3,6,11,13,15|8,18,20,31,32,39
1,14,20,29,33,39|2,3,6,11,13,15|8,16,18,25,31,32
1,14,21,28,29,33|2,3,6,11,13,15|8,16,18,25,31,32
1,15,16,28,29,33|2,3,6,13,14,22|8,11,18,25,32,39
1,15,20,21,29,33|2,3,6,13,14,22|8,11,18,25,32,39
1,21,22,29,31,33|2,3,6,11,13,15|8,19,20,25,32,39
2,3,6,11,13,15|8,10,29,31,39,40|14,16,19,22,28,38
2,3,6,13,14,22|8,10,29,31,39,40|11,15,16,19,28,38
2,3,6,21,31,40|8,10,11,13,16,29|14,15,19,22,25,38
2,3,6,22,39,40|8,10,11,13,16,29|14,15,19,28,31,38
2,3,11,15,21,40|6,8,13,22,27,32|14,16,19,20,31,38
2,3,14,16,31,40|6,8,13,22,27,32|11,15,19,20,21,38
6,11,19,21,25,38|8,10,13,14,29,31|22,28,32,33,39,40
6,11,19,28,38,39|8,10,13,14,29,31|21,22,25,32,33,40
6,13,22,25,32,33|8,10,29,31,39,40|11,14,19,21,28,38
6,14,15,18,25,38|8,10,11,13,16,29|20,31,32,33,39,40
6,14,16,18,28,38|8,10,13,15,22,29|11,25,32,33,39,40
6,14,18,20,21,38|8,10,11,13,16,29|22,28,32,33,39,40
6,15,16,18,20,38|8,10,13,14,29,31|11,25,32,33,39,40
6,15,19,25,31,38|8,10,11,13,16,29|22,28,32,33,39,40
6,16,19,28,31,38|8,10,13,15,22,29|11,25,32,33,39,40
6,19,20,21,31,38|8,10,11,13,16,29|22,28,32,33,39,40
6,19,20,22,38,39|8,10,11,13,16,29|21,28,31,32,33,40
6,19,21,22,28,38|8,10,11,13,16,29|20,31,32,33,39,40
8,10,29,31,39,40|11,13,14,25,32,33|15,16,19,20,22,38
1,11,14,29,33,39|2,3,6,15,16,40|8,18,21,22,31,32
1,14,21,22,29,33|2,3,6,15,16,40|8,11,18,31,32,39
1,15,16,22,29,33|2,3,6,14,21,40|8,11,18,31,32,39
1,6,10,13,15,38|2,3,11,14,16,27|8,18,20,26,31,39
1,8,17,21,22,27|2,3,6,13,25,28|10,20,29,31,33,39
1,10,14,32,33,39|2,3,6,11,21,27|8,16,18,25,26,31
1,10,14,38,39,40|2,3,6,11,21,27|8,16,18,25,26,31
1,10,15,21,32,33|2,3,6,13,25,28|8,11,26,27,39,40
1,10,15,21,38,40|2,3,6,13,25,28|8,18,20,26,31,39
1,16,17,25,31,33|2,3,6,11,21,27|8,18,22,26,28,39
1,17,20,31,33,39|2,3,6,11,21,27|16,18,22,25,28,38
1,17,21,28,31,33|2,3,6,16,22,27|8,11,18,25,26,39
1,17,22,28,33,39|2,3,6,11,21,27|8,16,18,25,26,31
2,3,6,11,21,27|8,10,13,14,17,25|18,20,22,28,38,39
2,3,6,15,27,31|8,10,13,14,17,25|18,20,22,28,38,39
2,3,6,16,22,27|8,10,13,14,17,25|18,20,21,28,31,38
2,3,11,14,16,27|6,10,17,21,31,33|8,18,22,26,28,39
2,3,13,14,20,25|6,10,17,21,31,33|8,11,26,27,39,40
2,3,13,15,20,28|6,10,17,21,31,33|8,11,18,25,26,39
2,3,13,22,28,31|6,14,15,26,27,33|8,10,17,25,39,40
2,3,14,15,22,27|6,10,17,21,31,33|8,11,18,25,26,39
2,3,20,25,39,40|6,8,13,22,26,27|10,11,15,17,21,33
2,3,21,25,28,40|6,8,13,22,26,27|10,11,14,17,33,39
6,8,13,22,26,27|10,11,14,17,33,39|15,18,25,28,31,38
6,10,17,21,31,33|8,11,13,14,26,27|16,18,22,25,28,38
6,10,17,22,33,39|8,11,13,14,26,27|15,18,25,28,31,38
6,13,22,25,26,33|8,10,11,27,29,39|18,20,21,28,31,38
6,13,26,28,31,33|8,10,11,27,29,39|18,20,21,22,25,38
6,14,15,26,27,33|8,10,13,16,17,20|11,18,21,25,28,38
8,10,11,27,29,39|13,14,20,26,31,33|16,18,22,25,28,38
8,10,16,27,29,31|11,13,14,25,26,33|18,20,22,28,38,39
8,11,13,14,26,27|10,15,16,17,22,33|18,20,21,28,31,38
8,11,18,25,26,39|10,14,16,17,31,33|20,21,22,27,38,40
8,11,26,27,39,40|10,14,16,17,31,33|18,20,21,22,25,38
8,16,18,25,26,31|10,11,14,17,33,39|20,21,22,27,38,40
8,16,26,27,31,40|10,11,14,17,33,39|18,20,21,22,25,38
8,18,20,26,31,39|10,11,15,17,21,33|16,22,27,28,38,40
8,18,21,22,25,26|10,11,14,17,33,39|15,27,28,31,38,40
8,18,21,26,28,31|10,11,14,17,33,39|15,22,25,27,38,40
8,18,22,26,28,39|10,11,15,17,21,33|14,25,27,31,38,40
8,19,20,25,26,39|10,11,15,17,21,33|16,22,27,28,38,40
8,19,21,25,26,28|10,11,14,17,33,39|16,20,27,31,38,40
8,21,22,26,27,40|10,11,14,17,33,39|15,18,25,28,31,38
1,10,13,15,22,38|2,3,6,16,27,28|8,18,20,25,26,39
1,2,3,13,25,32|6,9,27,28,31,33|8,17,18,20,26,39
1,6,18,21,26,38|2,3,10,13,14,32|9,11,15,27,28,33
1,11,13,27,32,38|6,10,15,18,25,34|17,20,26,33,39,40
1,11,19,26,38,39|2,3,6,15,17,27|10,13,20,31,34,40
1,13,26,31,32,33|2,3,6,15,17,27|10,11,16,19,25,34
1,13,26,31,38,40|2,3,6,15,17,27|10,11,16,19,25,34
1,14,16,18,26,38|2,3,6,15,17,27|10,11,13,25,34,40
1,14,25,27,34,40|2,3,13,17,20,31|8,10,19,26,32,39
1,15,18,25,28,34|2,3,10,13,14,32|8,16,17,26,27,40
1,15,27,28,34,40|2,3,10,13,14,32|8,16,17,18,25,26
1,16,18,20,25,34|2,3,6,15,17,27|8,10,19,26,32,39
1,16,19,26,31,38|2,3,6,15,17,27|10,11,13,25,34,40
1,16,20,27,34,40|2,3,10,13,14,32|8,17,18,21,26,28
1,18,20,21,28,34|2,3,6,15,17,27|8,10,19,26,32,39
1,19,21,22,26,38|2,3,6,15,17,27|10,11,13,25,34,40
2,3,10,13,14,32|6,9,22,25,27,33|8,17,18,20,26,39
2,3,10,32,39,40|6,9,22,25,27,33|8,17,18,21,26,28
2,3,11,13,17,25|6,9,27,28,31,33|8,10,19,26,32,39
2,3,13,17,20,31|6,9,22,25,27,33|8,10,19,26,32,39
2,3,13,17,22,28|6,10,15,18,25,34|9,11,16,20,27,33
2,3,14,25,27,29|6,10,16,18,28,34|11,13,17,26,31,33
2,3,15,27,28,29|6,10,18,20,21,34|11,13,17,26,31,33
2,3,16,20,27,29|6,10,15,18,25,34|11,13,17,26,31,33
6,9,22,25,27,33|8,10,19,26,32,39|17,18,20,21,28,38
6,9,27,28,31,33|8,10,19,26,32,39|16,17,18,20,25,38
8,10,19,26,32,39|9,11,14,25,27,33|17,18,20,21,28,38
8,16,17,18,25,26|9,11,15,27,28,33|10,13,20,31,34,40
8,17,18,20,26,39|9,11,14,25,27,33|10,13,22,28,34,40
8,17,18,21,26,28|9,11,14,25,27,33|10,13,20,31,34,40
10,11,13,25,34,40|14,26,27,29,31,33|17,18,20,21,28,38
10,13,20,31,34,40|11,16,26,27,29,33|15,17,18,25,28,38
10,14,19,25,31,34|11,16,26,27,29,33|17,18,20,21,28,38
1,2,3,13,31,32|6,9,14,27,28,33|8,11,17,18,26,39
1,6,19,21,26,38|2,3,11,13,17,31|10,14,15,18,22,34
1,8,9,10,13,14|2,3,11,16,27,29|15,17,18,22,25,38
1,8,9,10,39,40|2,3,6,13,17,28|25,27,29,31,32,33
1,8,18,26,32,39|2,3,6,13,17,28|9,11,14,27,31,33
1,10,13,14,29,38|2,3,16,17,25,40|6,9,15,20,27,33
1,10,29,32,33,39|2,3,6,13,17,28|8,9,25,27,31,40
1,10,29,38,39,40|2,3,6,13,17,28|9,11,14,27,31,33
1,11,16,18,25,34|2,3,6,13,17,28|10,19,21,22,32,38
1,11,16,27,34,40|2,3,6,13,17,28|10,19,21,22,32,38
1,11,18,20,34,39|2,3,6,13,17,28|8,9,25,27,31,40|10,19,21,22,32,38
1,11,18,21,28,34|2,3,13,14,17,20|6,9,22,27,31,33
1,13,14,26,32,33|2,3,11,16,27,29|6,10,15,18,31,34|17,19,20,21,28,38
1,13,14,26,38,40|2,3,11,16,27,29|6,10,15,18,31,34
1,13,20,25,34,40|2,3,11,16,27,29|6,10,18,21,32,38
1,14,16,19,26,38|2,3,6,13,17,28|8,9,25,27,31,40
1,14,18,25,31,34|2,3,6,13,17,28|9,11,15,22,27,33
1,14,27,31,34,40|2,3,6,13,17,28|10,11,19,32,38,39
1,15,18,22,25,34|2,3,6,13,17,28|9,11,14,27,31,33
1,15,18,28,31,34|2,3,11,16,27,29|6,13,17,22,26,33
1,15,19,25,28,34|2,3,11,13,17,31|6,10,18,21,32,38
1,15,22,27,34,40|2,3,6,13,17,28|10,11,19,32,38,39
1,16,18,20,31,34|2,3,6,13,17,28|9,11,15,22,27,33
1,16,18,22,28,34|2,3,11,13,17,31|6,9,15,20,27,33
1,16,18,25,32,38|2,3,6,13,17,28|9,11,14,27,31,33
1,16,19,20,25,34|2,3,6,13,17,28|9,11,14,27,31,33
1,16,27,32,38,40|2,3,6,13,17,28|10,11,19,21,22,34
1,18,20,21,22,34|2,3,6,13,17,28|8,9,25,27,31,40|10,11,19,32,38,39
1,18,20,32,38,39|2,3,6,13,17,28|8,9,25,27,31,40|10,11,19,21,22,34
1,18,21,28,32,38|2,3,11,13,17,31|6,9,15,20,27,33
1,19,20,21,28,34|2,3,11,13,17,31|6,15,26,27,29,33|10,14,16,18,32,38
1,26,32,33,39,40|2,3,6,13,17,28|10,11,14,16,18,34
2,3,6,13,17,28|8,9,25,27,31,40|10,11,14,16,18,34
2,3,11,13,17,31|6,9,14,27,28,33|10,19,21,22,32,38
2,3,11,16,27,29|6,10,13,28,34,40|8,17,18,21,22,26
2,3,13,14,17,20|6,9,22,27,31,33|10,11,19,32,38,39
2,3,13,20,25,29|6,9,14,27,28,33|8,11,17,18,26,39|10,15,19,22,31,34
2,3,14,27,29,31|6,10,11,18,21,34|8,13,17,25,26,40
2,3,15,22,27,29|6,10,11,18,21,34|8,13,17,25,26,40
2,3,16,17,25,40|6,9,14,27,28,33|10,11,19,21,22,34
2,3,17,20,39,40|6,9,14,27,28,33|10,11,16,19,31,34
2,3,17,21,28,40|6,9,15,20,27,33|10,11,14,16,18,34
6,10,11,18,21,34|8,9,25,27,31,40|13,22,26,28,29,33
6,10,13,28,34,40|8,11,17,18,26,39|25,27,29,31,32,33
6,10,15,18,31,34|8,9,11,13,20,27|17,21,22,26,33,40
6,10,15,19,25,34|8,9,11,13,20,27|16,17,18,22,28,38
6,10,16,18,22,34|8,9,11,13,20,27|15,17,19,25,28,38
6,10,16,19,28,34|8,9,11,13,20,27|14,17,18,25,31,38
6,10,18,21,32,38|8,9,11,13,20,27|16,17,26,31,33,40
6,10,19,20,21,34|8,9,25,27,31,40|11,13,14,17,26,33
6,13,17,22,26,33|8,9,25,27,31,40|10,11,14,16,18,34
6,15,26,27,29,33|10,11,13,31,34,40|16,17,18,22,28,38
8,9,11,13,20,27|10,14,15,18,22,34|16,17,26,31,33,40
8,9,25,27,31,40|10,11,14,16,18,34|13,22,26,28,29,33
8,11,13,26,27,29|10,14,15,18,22,34|16,17,19,20,25,38
8,11,17,18,26,39|9,13,20,22,28,33|10,16,19,31,32,38
8,13,17,25,26,40|9,11,14,27,31,33|10,19,21,22,32,38
8,16,17,18,26,31|9,11,13,20,25,33|10,14,15,19,28,34
8,17,18,21,22,26|9,11,13,20,25,33|10,14,15,19,28,34
8,17,19,21,26,28|9,11,13,20,25,33|10,14,15,18,22,34
9,13,20,22,28,33|10,11,14,16,18,34|25,27,29,31,38,40
10,14,15,18,22,34|11,13,20,27,29,38|16,17,26,31,33,40
10,14,15,19,28,34|11,13,20,27,29,38|16,17,26,31,33,40
10,14,16,19,20,34|11,13,25,26,29,33|15,17,18,28,31,38
1,2,3,13,14,26|6,9,25,27,28,33|10,11,18,20,34,39
1,2,3,26,39,40|6,9,25,27,28,33|10,16,18,20,31,34
1,11,18,26,38,39|2,3,10,13,31,32|6,9,25,27,28,33
1,13,25,26,32,33|2,3,11,16,17,27|10,15,18,28,31,34
1,13,25,26,38,40|2,3,11,16,17,27|10,15,18,28,31,34
1,16,18,26,31,38|2,3,13,17,20,25|10,15,22,27,34,40
1,16,19,25,26,38|2,3,10,13,31,32|9,15,20,27,28,33
1,18,21,22,26,38|2,3,10,13,31,32|6,9,25,27,28,33
1,19,20,26,38,39|2,3,10,13,31,32|6,9,25,27,28,33
1,19,21,26,28,38|2,3,10,13,31,32|9,14,20,25,27,33
2,3,13,17,20,25|6,10,19,21,26,38|9,22,27,28,31,33
6,8,9,15,18,31|11,19,21,22,29,38|14,16,17,32,33,40
6,8,17,18,21,32|9,11,14,16,33,40|15,19,22,29,31,38
6,9,11,21,33,40|8,14,16,17,18,32|15,19,22,29,31,38
6,15,18,29,31,38|8,9,11,19,21,22|14,16,17,32,33,40
6,17,21,32,33,40|8,9,11,14,16,18|15,19,22,29,31,38
1,6,11,19,21,34|2,3,16,29,31,40|8,9,14,15,18,28
1,6,14,15,18,34|2,3,11,29,39,40|8,9,16,19,20,31
1,6,15,19,31,34|2,3,11,13,14,29|8,17,18,21,22,32
1,6,19,21,32,38|2,3,11,13,14,29|8,9,15,18,22,31
1,11,13,14,34,40|6,8,9,15,18,25|16,19,20,29,31,38
1,14,15,19,22,34|2,3,11,29,39,40|6,8,9,16,18,28
2,3,11,13,14,29|6,8,9,15,18,25|16,17,31,32,33,40
2,3,16,29,31,40|6,8,9,15,18,25|11,13,14,17,32,33
2,3,21,22,29,40|6,8,9,15,18,25|11,13,14,17,32,33
6,8,9,15,18,25|11,13,14,17,32,33|16,19,20,29,31,38
6,8,9,15,27,40|11,13,14,17,32,33|16,19,20,29,31,38
6,8,9,16,18,28|11,13,14,17,32,33|15,19,22,25,29,38
6,8,9,18,20,21|11,13,14,17,32,33|15,19,22,25,29,38
6,8,18,21,26,29|9,11,16,31,33,40|14,15,17,19,22,38
6,9,16,28,33,40|8,11,13,27,29,32|14,15,17,19,22,38
6,9,20,21,33,40|8,11,13,27,29,32|14,15,17,19,22,38
6,15,18,25,29,38|8,9,11,19,20,39|16,17,31,32,33,40
6,21,26,29,33,40|8,9,11,16,18,31|14,15,17,19,22,38
8,11,17,18,32,39|9,14,15,28,33,40|16,19,20,29,31,38
8,16,17,19,25,32|9,11,21,22,33,40|14,15,18,28,29,38
8,17,19,20,32,39|9,11,16,31,33,40|14,15,18,28,29,38
1,6,11,18,21,34|2,3,13,14,20,29|8,9,15,19,25,28
1,6,13,28,34,40|8,9,11,16,18,25|14,27,29,31,32,33
1,6,15,18,31,34|2,3,13,14,20,29|8,9,11,16,27,40
1,6,15,19,25,34|2,3,11,13,29,31|8,9,16,18,22,28|17,20,32,33,39,40
1,6,16,18,22,34|2,3,11,13,29,31|8,9,15,19,25,28|17,20,32,33,39,40
1,6,16,19,28,34|2,3,11,13,29,31|8,9,15,18,22,25|17,20,32,33,39,40
1,6,18,21,32,38|2,3,11,13,29,31|8,9,15,19,25,28
1,6,19,20,21,34|2,3,11,13,29,31|8,9,15,18,22,25
1,8,13,17,25,29|6,10,14,15,19,34|9,11,20,33,39,40
1,11,13,31,34,40|6,8,17,19,21,26|15,18,22,25,29,38
1,11,14,16,18,34|2,3,6,13,28,29|8,9,15,22,27,40
1,11,16,19,31,34|2,3,6,13,28,29|8,9,15,18,22,25|17,20,32,33,39,40
1,11,17,29,33,39|6,10,14,15,19,34|8,9,13,20,25,40
1,11,19,21,22,34|2,3,6,13,28,29|8,9,14,18,25,31|17,20,32,33,39,40
1,11,19,32,38,39|2,3,6,13,28,29|8,9,14,18,25,31
1,13,14,20,34,40|6,8,17,19,21,26|11,16,18,25,29,38
1,14,15,18,22,34|2,3,6,13,28,29|8,9,11,16,27,40
1,14,15,19,28,34|2,3,6,17,21,40|8,9,11,16,18,25
1,14,16,18,32,38|2,3,6,13,28,29|8,9,15,22,27,40
1,14,16,19,20,34|2,3,6,13,28,29|8,9,15,18,22,25
1,15,19,22,31,34|2,3,6,13,28,29|8,9,11,16,18,25|17,20,32,33,39,40
1,16,17,29,31,33|6,10,14,15,19,34|8,9,11,18,20,39
1,16,19,31,32,38|2,3,6,13,28,29|8,9,11,18,20,39
1,17,21,22,29,33|6,10,14,15,19,34|8,9,11,16,18,25
1,19,21,22,32,38|2,3,6,13,28,29|8,9,11,16,18,25
2,3,6,13,28,29|8,9,11,16,18,25|15,17,19,22,31,38
2,3,6,17,21,40|8,9,11,16,18,25|14,27,29,31,32,33
2,3,11,13,29,31|6,8,17,19,21,26|9,15,22,25,33,40
2,3,13,14,20,29|6,8,17,19,21,26|9,11,16,25,33,40
2,3,14,16,17,40|6,9,11,13,28,33|8,18,21,22,26,29
2,3,16,25,29,40|6,8,17,19,21,26|9,11,13,14,20,33
2,3,21,28,29,40|6,9,13,20,22,33|8,14,16,17,19,26
6,8,17,19,21,26|9,11,13,14,20,33|15,18,22,25,29,38
6,10,14,15,19,34|8,9,11,16,18,25|17,20,32,33,39,40
6,11,17,18,21,38|8,9,13,20,25,40|14,27,29,31,32,33
6,13,17,28,32,33|8,9,11,16,18,25|14,27,29,31,38,40
6,13,17,28,38,40|8,9,11,16,18,25|14,27,29,31,32,33
6,13,22,26,29,33|8,9,11,16,18,25|14,15,17,19,28,38
6,15,17,18,31,38|8,9,11,16,27,40|13,20,25,29,32,33
6,16,17,18,22,38|8,9,13,20,25,40|14,27,29,31,32,33
6,16,17,19,28,38|8,9,11,18,20,39|14,27,29,31,32,33
6,17,19,20,21,38|8,9,11,16,18,25|14,27,29,31,32,33
8,9,11,16,18,25|13,14,17,20,32,33|15,22,27,29,38,40
8,9,11,16,27,40|13,14,17,20,32,33|15,18,22,25,29,38
8,9,11,18,20,39|14,15,17,19,28,38|16,26,29,31,33,40
8,9,11,18,21,28|13,14,17,20,32,33|15,22,27,29,38,40
8,9,13,20,25,40|11,14,16,17,18,38|15,22,27,29,32,33
8,13,20,27,29,32|9,11,16,25,33,40|14,15,17,18,22,38
8,14,16,17,19,26|9,11,20,33,39,40|15,18,22,25,29,38
8,16,17,18,25,32|9,11,13,14,20,33|15,22,27,29,38,40
8,16,17,27,32,40|9,11,13,14,20,33|15,18,22,25,29,38
8,17,18,21,28,32|9,11,13,14,20,33|15,22,27,29,38,40
8,19,20,26,29,39|9,11,16,25,33,40|14,15,17,18,22,38
1,2,3,13,14,32|6,8,17,18,21,26|9,15,25,28,33,40
1,2,3,32,39,40|6,8,17,18,21,26|9,11,13,20,31,33|10,14,15,19,22,34
1,6,15,18,25,34|2,3,11,13,14,17|8,9,16,20,27,40
1,6,15,27,34,40|2,3,11,13,14,17|8,9,16,18,20,25
1,6,16,18,28,34|2,3,11,13,14,17|20,26,29,33,39,40
1,6,18,20,21,34|2,3,11,13,14,17|8,9,15,27,28,40
1,8,16,17,27,29|6,9,13,20,28,33|10,14,15,19,22,34
1,8,19,26,32,39|2,3,6,13,17,22|9,15,25,28,33,40
1,11,13,25,34,40|2,3,6,15,27,29|8,9,18,20,21,28|10,14,16,19,32,38
1,11,16,18,31,34|2,3,6,13,17,22|8,9,14,25,27,40
1,11,16,19,25,34|2,3,6,13,17,22|8,9,15,27,28,40
1,11,18,21,22,34|2,3,6,15,27,29|8,13,17,26,31,40|10,14,16,19,32,38
1,11,18,32,38,39|2,3,6,13,17,22|8,9,14,25,27,40
1,11,19,20,34,39|2,3,6,13,17,22|8,9,14,25,27,40
1,11,19,21,28,34|2,3,6,13,17,22|8,9,14,25,27,40
1,13,20,31,34,40|2,3,6,15,27,29|8,11,17,19,26,39
1,13,22,28,34,40|2,3,6,15,27,29|8,9,16,18,20,25
1,13,25,32,38,40|2,3,6,15,27,29|8,9,18,20,21,28|10,11,14,16,19,34
1,14,15,18,28,34|2,3,6,13,17,22|8,9,16,20,27,40
1,14,16,18,20,34|2,3,6,13,17,22|8,9,15,27,28,40
1,14,19,25,31,34|2,3,6,13,17,22|8,9,15,27,28,40
1,15,18,22,31,34|2,3,11,13,14,17|6,10,19,21,32,38|8,9,16,20,27,40
1,15,19,22,25,34|2,3,11,13,14,17|8,9,16,20,27,40
1,15,19,28,31,34|2,3,6,13,17,22|8,9,14,25,27,40
1,16,17,25,29,33|6,10,11,19,21,34|8,9,15,27,28,40
1,16,18,31,32,38|2,3,6,13,17,22|8,9,14,25,27,40
1,16,19,20,31,34|2,3,6,13,17,22|8,9,14,25,27,40
1,16,19,22,28,34|2,3,6,15,27,29|8,13,17,26,31,40
1,16,19,25,32,38|2,3,6,13,17,22|8,9,15,27,28,40
1,17,20,29,33,39|6,10,11,19,21,34|8,9,14,25,27,40
1,17,21,28,29,33|6,10,13,22,34,40|8,9,16,18,20,25
1,18,21,22,32,38|2,3,6,15,27,29|8,11,17,19,26,39|9,16,20,25,33,40
1,19,20,21,22,34|2,3,6,15,27,29|8,13,17,26,31,40
1,19,20,32,38,39|2,3,6,13,17,22|8,9,14,25,27,40
1,19,21,28,32,38|2,3,6,13,17,22|8,9,14,25,27,40
2,3,6,13,17,22|8,9,14,25,27,40|18,20,21,28,29,38
2,3,6,15,27,29|8,9,16,18,20,25|10,11,13,14,34,40
2,3,11,13,14,17|6,10,15,19,31,34|8,9,16,18,20,25|21,26,28,29,33,40
2,3,11,13,25,29|6,8,17,18,21,26|10,14,15,19,22,34
2,3,11,17,39,40|6,9,13,20,28,33|8,16,18,25,26,29|10,14,15,19,22,34
2,3,13,20,29,31|6,8,17,18,21,26|9,15,25,28,33,40|10,11,14,16,19,34
2,3,13,22,28,29|6,8,17,18,21,26|9,16,20,25,33,40
2,3,16,17,31,40|6,9,11,15,27,33|8,18,20,26,29,39
2,3,17,21,22,40|6,9,11,15,27,33|8,16,18,25,26,29
6,8,17,18,21,26|9,11,13,20,31,33|10,14,15,19,22,34
6,9,13,20,28,33|8,11,17,19,26,39|14,25,27,29,38,40
6,10,11,19,21,34|8,9,14,25,27,40|13,17,20,31,32,33
6,10,13,22,34,40|8,9,15,18,25,28|11,17,19,20,38,39
6,10,14,15,18,34|8,9,16,20,27,40|11,13,17,25,32,33
6,10,15,19,31,34|8,9,14,25,27,40|11,17,18,21,22,38
6,10,16,19,22,34|8,9,14,25,27,40|11,13,26,29,31,33
6,10,19,21,32,38|8,9,14,25,27,40|11,13,26,29,31,33
6,13,26,28,29,33|8,9,14,25,27,40|11,16,17,18,31,38
6,15,17,18,25,38|8,9,16,20,27,40|11,13,26,29,31,33
6,15,17,27,32,33|8,9,16,18,20,25|10,11,13,14,34,40
6,15,17,27,38,40|8,9,16,18,20,25|11,13,26,29,31,33
6,16,17,18,28,38|8,9,14,25,27,40|11,13,26,29,31,33
6,17,18,20,21,38|8,9,14,25,27,40|11,13,26,29,31,33
6,17,21,26,33,40|8,9,15,18,25,28|10,11,14,16,19,34
8,9,14,25,27,40|11,13,26,29,31,33|16,17,19,22,28,38
8,9,15,18,25,28|10,11,13,14,34,40|16,17,19,20,31,38
8,9,15,27,28,40|10,11,14,16,19,34|13,17,20,31,32,33
8,9,16,18,20,25|10,11,13,14,34,40|15,17,19,28,31,38
8,9,16,20,27,40|10,14,15,19,22,34|11,13,17,25,32,33
8,9,18,20,21,28|10,11,13,14,34,40|15,17,19,22,25,38
8,13,17,26,31,40|10,11,14,16,19,34|15,18,25,28,29,38
8,14,16,17,18,26|9,11,13,20,31,33|15,27,28,29,38,40
8,16,17,19,26,31|9,11,13,22,28,33|14,25,27,29,38,40
8,16,18,25,26,29|9,11,13,20,31,33|10,14,15,19,22,34
8,16,26,27,29,40|9,11,13,20,31,33|10,14,15,19,22,34
8,17,19,21,22,26|9,11,13,20,31,33|14,25,27,29,38,40
8,18,20,26,29,39|9,11,13,22,28,33|10,14,16,19,32,38
8,18,21,26,28,29|9,11,13,20,31,33|10,14,15,19,22,34
9,20,21,28,33,40|10,11,14,16,19,34|15,17,18,22,31,38
10,11,13,14,34,40|15,17,18,22,31,38|16,20,27,29,32,33
10,11,14,16,19,34|13,17,20,31,32,33|15,18,25,28,29,38
10,14,15,19,22,34|11,13,17,25,32,33|16,20,27,29,38,40
3,8,14,32,39,40|6,7,12,15,16,29|11,19,21,22,30,31
1,2,10,15,21,33|3,6,16,27,28,38|7,12,17,20,25,39
1,2,8,10,13,16|3,6,11,21,27,38|7,12,17,20,31,39
1,3,8,17,25,39|2,6,16,27,28,33|7,10,12,15,21,32
1,7,12,25,32,39|2,6,16,27,28,33|3,8,10,15,17,21
1,10,13,14,25,30|2,6,16,27,28,33|7,12,17,20,31,39
1,10,13,15,28,30|2,6,20,21,27,33|3,8,25,26,39,40
1,10,13,16,20,30|2,6,15,25,27,33|7,12,17,21,28,31
2,8,11,13,25,27|3,6,21,26,31,33|7,10,12,14,32,39
2,8,13,20,27,31|3,6,22,26,33,39|7,10,12,15,21,32
2,8,13,22,27,28|3,6,21,26,31,33|7,10,12,14,32,39
2,11,16,27,31,33|3,6,13,25,28,38|7,10,12,14,32,39
2,11,21,22,27,33|3,6,13,25,28,38|7,10,12,14,32,39
2,13,20,25,31,33|3,6,11,21,27,38|7,10,12,14,32,39
2,13,22,25,28,33|3,6,11,21,27,38|7,10,12,14,32,39
2,14,16,20,27,33|3,6,13,25,28,38|7,10,12,15,21,32
2,15,22,27,31,33|3,6,13,25,28,38|7,10,12,14,32,39
3,6,21,26,31,33|7,10,12,14,32,39|11,13,20,25,27,30
3,6,22,26,33,39|7,10,12,15,21,32|11,13,20,25,27,30
3,8,25,26,39,40|7,10,12,15,21,32|13,20,22,27,28,30
3,11,14,26,33,39|7,10,12,15,21,32|13,20,22,27,28,30
3,11,15,21,26,33|7,10,12,14,32,39|13,20,22,27,28,30
3,14,16,26,31,33|7,10,12,15,21,32|11,13,20,25,27,30
3,15,16,22,26,33|7,10,12,14,32,39|11,13,20,25,27,30
1,7,12,31,32,39|2,6,8,13,27,28|3,21,22,25,38,40
1,10,11,13,16,30|2,6,15,27,31,33|3,21,22,25,38,40|7,12,14,17,20,39
1,10,13,14,30,31|2,6,11,21,27,33|3,22,28,38,39,40
1,10,13,15,22,30|2,6,11,21,27,33|3,8,26,31,39,40|7,12,14,16,17,25
1,10,30,31,39,40|2,6,8,13,27,28|3,21,22,25,32,33
2,6,8,13,27,28|3,11,25,32,33,39|7,12,15,17,20,21
2,6,11,21,27,33|3,8,10,29,31,39|7,12,14,16,17,25
2,6,13,25,28,33|3,8,10,29,31,39|7,12,15,17,20,21
2,6,15,27,31,33|3,8,11,13,16,26|7,12,14,17,20,39
2,6,16,22,27,33|3,8,10,29,31,39|7,12,14,17,21,28
2,8,11,13,27,31|3,6,14,21,26,33|7,12,15,16,17,28
2,8,13,14,20,27|3,6,15,16,26,33|7,11,12,17,31,39
2,8,16,25,27,40|3,6,13,28,31,38|7,12,14,17,20,39
2,8,18,21,25,28|3,6,14,15,27,38|7,11,12,17,31,39
2,8,20,27,39,40|3,6,13,22,25,38|7,12,14,17,21,28
2,8,21,27,28,40|3,6,13,22,25,38|7,11,12,17,31,39
2,11,14,16,27,33|3,6,13,22,25,38|7,12,15,17,20,21
2,13,14,20,25,33|3,8,10,29,31,39|7,12,15,16,17,28
2,13,15,20,28,33|3,8,10,29,31,39|6,7,12,17,21,25
2,13,22,28,31,33|3,6,14,15,27,38|7,12,20,25,29,39
2,14,15,22,27,33|3,6,13,28,31,38|7,12,20,25,29,39
2,21,25,28,33,40|3,6,14,15,27,38|7,11,12,17,31,39
3,6,13,22,25,38|7,11,12,17,31,39|20,21,27,28,30,40
3,6,14,15,27,38|7,11,12,17,31,39|18,20,21,25,28,30
3,6,14,21,26,33|7,11,12,17,31,39|15,25,27,28,30,40
3,6,15,16,26,33|7,11,12,17,31,39|18,20,21,25,28,30
3,8,10,29,31,39|6,7,12,17,21,25|11,13,22,27,28,30
3,8,26,31,39,40|6,7,12,17,21,25|11,13,22,27,28,30
3,11,25,32,33,39|6,13,20,27,28,30|7,12,17,21,22,31
3,11,25,38,39,40|6,13,20,27,28,30|7,12,17,21,22,31
3,20,31,32,33,39|6,7,12,17,21,25|11,13,22,27,28,30
3,20,31,38,39,40|6,7,12,17,21,25|11,13,22,27,28,30
3,21,22,25,32,33|6,7,12,17,28,39|11,13,20,27,30,31
3,21,22,25,38,40|6,7,12,17,28,39|11,13,20,27,30,31
3,22,28,32,33,39|6,7,12,17,21,25|11,13,20,27,30,31
3,22,28,38,39,40|6,7,12,17,21,25|11,13,20,27,30,31
1,3,8,14,17,39|2,6,13,22,25,33|7,12,21,28,29,31
1,3,8,15,17,21|2,6,13,22,25,33|7,12,20,29,31,39
1,3,8,25,29,39|2,6,13,28,31,33|7,11,12,15,17,21
1,6,10,13,15,30|2,8,11,18,25,39|3,14,21,28,32,33
1,7,12,14,32,39|2,6,8,13,22,27|3,15,16,28,38,40
1,7,12,15,21,32|2,6,8,13,22,27|3,11,31,38,39,40
1,10,14,30,39,40|2,6,8,13,22,27|3,15,16,28,32,33
1,10,15,21,30,40|2,6,8,13,22,27|3,11,31,32,33,39
2,6,8,13,22,27|3,11,31,32,33,39|19,20,21,25,28,30
2,6,13,22,25,33|3,8,10,14,29,39|7,11,12,15,17,21|16,20,27,30,31,40
2,6,13,28,31,33|3,8,10,14,29,39|7,11,12,15,17,21
2,6,14,15,27,33|3,8,13,25,31,32|7,12,22,28,29,39
2,8,11,13,14,27|3,6,21,25,32,33|7,12,15,16,17,22
2,8,11,18,25,39|3,6,13,14,28,38|7,12,15,16,17,22
2,8,11,27,39,40|3,6,13,14,28,38|7,12,15,16,17,22
2,8,16,18,25,31|3,6,13,14,28,38|7,11,12,15,17,21
2,8,16,27,31,40|3,6,13,14,28,38|7,11,12,15,17,21
2,8,18,20,31,39|3,6,13,14,28,38|7,11,12,15,17,21
2,8,18,21,22,25|3,6,13,14,28,38|7,12,20,29,31,39
2,8,18,21,28,31|3,6,13,15,20,38|7,11,12,14,17,39
2,8,18,22,28,39|3,6,13,15,20,38|7,12,14,16,17,31
2,8,19,20,25,39|3,6,13,14,28,38|7,11,12,15,17,21
2,8,19,21,25,28|3,6,13,15,20,38|7,11,12,14,17,39
2,8,21,22,27,40|3,6,13,14,28,38|7,11,12,25,29,39
2,11,13,14,25,33|3,6,8,21,27,32|7,12,15,16,17,22
2,11,13,15,28,33|3,6,8,21,27,32|7,12,14,16,17,31
2,11,13,16,20,33|3,6,8,21,27,32|7,12,22,28,29,39
2,11,25,33,39,40|3,6,8,13,15,26|7,12,14,16,17,31
2,13,14,20,31,33|3,6,8,21,27,32|7,11,12,25,29,39
2,13,14,22,28,33|3,6,8,21,27,32|7,11,12,25,29,39
2,13,15,20,22,33|3,6,8,21,27,32|7,11,12,14,17,39
2,16,25,31,33,40|3,6,8,13,15,26|7,11,12,14,17,39
2,20,31,33,39,40|3,6,8,13,15,26|7,12,14,17,21,22
2,21,22,25,33,40|3,6,8,13,15,26|7,11,12,14,17,39
2,21,28,31,33,40|3,6,8,13,15,26|7,11,12,14,17,39
2,22,28,33,39,40|3,6,8,13,15,26|7,12,14,16,17,31
3,6,8,13,15,26|7,11,12,14,17,39|16,18,20,25,30,31
3,6,8,21,27,32|7,11,12,14,17,39|15,18,25,28,30,31
3,6,13,14,28,38|7,11,12,15,17,21|16,18,20,25,30,31
3,6,13,15,20,38|7,11,12,14,17,39|16,18,22,25,28,30
3,6,13,22,31,38|7,11,12,14,17,39|19,20,21,25,28,30
3,6,21,25,32,33|7,11,12,14,17,39|15,27,28,30,31,40
3,6,28,32,33,39|7,11,12,15,17,21|14,25,27,30,31,40
3,6,28,38,39,40|7,11,12,15,17,21|16,18,20,25,30,31
3,8,10,14,29,39|6,7,12,17,21,31|11,16,25,27,30,40
3,8,10,15,21,29|6,7,12,17,22,39|11,13,14,20,27,30
3,8,13,25,31,32|6,7,12,17,22,39|11,21,27,28,30,40
3,8,14,16,27,32|6,7,12,17,21,31|11,18,20,25,30,39
3,8,14,26,39,40|6,7,12,17,21,31|16,18,22,25,28,30
3,8,15,21,26,40|6,7,12,17,22,39|11,13,14,20,27,30
3,11,13,14,31,38|6,7,12,17,22,39|19,20,21,25,28,30
3,14,16,25,32,33|6,7,12,17,21,31|11,20,27,30,39,40
3,14,16,25,38,40|6,7,12,17,21,31|18,20,22,28,30,39
3,14,20,32,33,39|6,7,12,17,21,31|11,16,25,27,30,40
3,14,20,38,39,40|6,7,12,17,21,31|16,18,22,25,28,30
3,14,21,28,32,33|6,7,12,17,22,39|11,16,25,27,30,40
3,14,21,28,38,40|6,7,12,17,22,39|16,18,20,25,30,31
3,15,16,28,32,33|6,7,12,17,21,31|11,13,14,20,27,30
3,15,16,28,38,40|6,7,12,17,21,31|11,13,14,20,27,30
3,15,20,21,32,33|6,7,12,17,22,39|11,16,25,27,30,40
1,3,8,29,31,39|2,6,13,14,28,33|11,18,21,22,25,30
2,6,8,18,21,25|3,11,14,32,33,39|7,12,15,16,28,29
2,6,8,18,28,39|3,11,15,21,32,33|7,12,14,16,25,29
2,6,8,21,27,40|3,11,14,32,33,39|7,12,15,16,28,29
2,6,13,14,28,33|3,8,25,32,39,40|7,12,15,20,21,29
2,6,13,15,20,33|3,8,25,32,39,40|7,12,14,21,28,29
2,6,13,22,31,33|3,8,25,32,39,40|7,12,14,21,28,29
2,6,21,25,33,40|3,8,13,15,28,32|7,11,12,29,31,39
2,6,28,33,39,40|3,8,13,14,25,32|7,12,15,20,21,29
2,8,11,18,31,39|3,6,13,14,22,38|7,12,15,16,28,29
2,8,11,19,25,39|3,6,13,14,22,38|7,12,15,16,28,29
2,8,13,25,31,40|3,6,22,32,33,39|7,12,14,21,28,29
2,8,14,16,18,25|3,6,11,13,15,38|7,12,21,22,29,31
2,8,14,16,27,40|3,6,11,13,15,38|7,12,21,22,29,31
2,8,14,18,20,39|3,6,11,13,15,38|7,12,21,22,29,31
2,8,14,18,21,28|3,6,11,13,15,38|16,19,20,25,30,31
2,8,15,16,18,28|3,6,13,14,22,38|7,11,12,29,31,39
2,8,15,18,20,21|3,6,13,14,22,38|7,11,12,29,31,39
2,8,16,19,25,31|3,6,11,13,15,38|7,12,14,20,29,39
2,8,18,21,22,31|3,6,11,13,15,38|7,12,14,16,25,29
2,8,19,20,31,39|3,6,11,13,15,38|7,12,14,16,25,29
2,8,19,21,22,25|3,6,11,13,15,38|7,12,14,20,29,39
2,8,19,21,28,31|3,6,11,13,15,38|7,12,14,16,25,29
2,8,19,22,28,39|3,6,11,13,15,38|7,12,14,16,25,29
2,11,13,14,31,33|3,6,22,38,39,40|7,12,15,16,28,29
2,11,13,15,22,33|3,6,21,31,38,40|7,12,14,16,25,29
2,11,31,33,39,40|3,6,13,14,22,38|7,12,15,16,28,29
2,14,16,25,33,40|3,6,11,13,15,38|7,12,21,22,29,31
2,14,20,33,39,40|3,6,11,13,15,38|7,12,21,22,29,31
2,14,21,28,33,40|3,6,11,13,15,38|16,19,20,25,30,31
2,15,16,28,33,40|3,6,13,14,22,38|7,11,12,29,31,39
2,15,20,21,33,40|3,6,13,14,22,38|7,11,12,29,31,39
2,21,22,31,33,40|3,6,11,13,15,38|7,12,14,16,25,29
3,6,11,13,15,38|7,12,14,16,25,29|18,20,21,22,30,31
3,6,13,14,22,38|7,11,12,29,31,39|15,16,18,20,28,30
3,6,21,31,32,33|7,12,14,16,25,29|11,18,22,28,30,39
3,6,21,31,38,40|7,12,14,16,25,29|11,18,22,28,30,39
3,6,22,32,33,39|7,12,14,16,25,29|11,18,21,28,30,31
3,6,22,38,39,40|7,12,14,16,25,29|11,18,21,28,30,31
3,8,13,14,25,32|6,7,12,15,16,17|11,18,20,30,31,39
3,8,13,15,28,32|6,7,12,14,17,21|11,16,18,25,30,31
3,8,13,16,20,32|6,7,12,14,17,21|11,18,22,28,30,39
3,8,25,32,39,40|6,7,12,14,17,21|15,16,18,20,28,30
3,11,14,32,33,39|6,7,12,15,16,17|13,20,25,30,31,40
3,11,14,38,39,40|6,7,12,15,16,17|18,20,21,22,30,31
3,11,15,21,32,33|6,7,12,28,29,39|13,20,25,30,31,40
3,11,15,21,38,40|6,7,12,28,29,39|14,16,18,20,25,30
3,14,16,31,32,33|6,7,12,21,25,29|11,18,22,28,30,39
3,14,16,31,38,40|6,7,12,21,25,29|11,18,22,28,30,39
3,14,21,22,32,33|6,7,12,15,16,17|11,18,20,30,31,39
3,14,21,22,38,40|6,7,12,15,16,17|11,18,20,30,31,39
3,15,16,22,32,33|6,7,12,14,17,21|11,18,20,30,31,39
3,15,16,22,38,40|6,7,12,14,17,21|11,18,20,30,31,39
1,3,8,14,29,39|2,6,11,13,15,33|16,19,22,28,30,31
1,3,8,15,21,29|2,6,13,14,22,33|11,16,19,25,30,31
2,6,8,18,21,31|7,11,12,14,29,39|13,15,20,28,30,40
2,6,8,18,22,39|7,11,12,15,21,29|13,14,20,25,30,40
2,6,8,19,21,25|7,11,12,14,29,39|13,15,20,28,30,40
2,6,8,19,28,39|7,11,12,15,21,29|13,14,20,25,30,40
2,6,11,13,15,33|3,8,31,32,39,40|7,12,14,21,22,29
2,6,13,14,22,33|3,8,31,32,39,40|7,11,12,15,21,29
2,6,21,31,33,40|3,8,11,13,16,32|14,15,18,22,25,30
2,6,22,33,39,40|3,8,11,13,16,32|14,15,18,28,30,31
2,8,11,14,18,39|3,6,15,16,32,33|13,22,28,30,31,40
2,8,11,15,18,21|6,7,12,22,29,39|13,14,20,25,30,40
2,8,11,19,31,39|3,6,14,21,32,33|7,12,15,16,22,29
2,8,13,14,25,40|3,6,15,16,32,33|11,18,21,22,30,31
2,8,13,15,28,40|3,6,14,21,32,33|11,16,19,25,30,31
2,8,13,16,20,40|3,6,14,21,32,33|11,19,22,28,30,39
2,8,14,16,18,31|6,7,12,22,29,39|13,15,20,28,30,40
2,8,14,16,19,25|6,7,12,21,29,31|13,15,20,28,30,40
2,8,14,18,21,22|3,6,15,16,32,33|11,13,25,30,31,40
2,8,14,19,20,39|3,6,15,16,32,33|11,13,25,30,31,40
2,8,14,19,21,28|3,6,15,16,32,33|11,13,25,30,31,40
2,8,15,16,18,22|3,6,14,21,32,33|11,13,25,30,31,40
2,8,15,16,19,28|3,6,14,21,32,33|11,13,25,30,31,40
2,8,15,19,20,21|6,7,12,22,29,39|11,13,25,30,31,40
2,8,19,21,22,31|3,6,15,16,32,33|7,11,12,14,29,39
2,11,14,33,39,40|3,8,13,15,22,32|6,7,12,21,29,31
2,11,15,21,33,40|3,8,13,14,31,32|6,7,12,22,29,39
2,14,16,31,33,40|3,8,13,15,22,32|6,11,18,21,25,30
2,14,21,22,33,40|3,8,11,13,16,32|6,15,18,25,30,31
2,15,16,22,33,40|3,8,13,14,31,32|6,11,18,21,25,30
3,6,14,21,32,33|7,12,15,16,22,29|11,13,25,30,31,40
3,6,14,21,38,40|7,12,15,16,22,29|11,19,20,30,31,39
3,6,15,16,32,33|7,11,12,14,29,39|13,22,28,30,31,40
3,6,15,16,38,40|7,11,12,14,29,39|19,20,21,22,30,31
3,8,11,13,16,32|6,7,12,21,29,31|14,15,18,22,25,30
3,8,13,14,31,32|6,7,12,22,29,39|11,15,16,18,28,30
3,8,13,15,22,32|6,7,12,21,29,31|11,14,16,18,25,30
3,8,31,32,39,40|6,11,18,21,25,30|7,12,15,16,22,29
1,2,3,15,21,25|6,10,13,16,28,38|8,17,20,27,31,39
1,2,3,16,21,28|6,10,13,15,25,38|8,17,20,27,31,39
1,6,21,27,31,38|8,10,13,14,16,26|17,22,25,28,33,39
1,11,15,21,27,38|8,10,13,14,16,26|17,20,25,31,33,39
1,13,15,25,28,38|2,3,6,10,16,21|8,17,20,27,31,39
1,13,16,20,25,38|2,3,6,10,15,39|8,17,21,27,28,31
1,13,20,21,28,38|2,3,6,10,15,39|8,16,17,25,27,31
1,15,16,22,27,38|6,8,10,13,21,26|17,20,25,31,33,39
1,15,21,26,31,33|6,10,13,16,28,38|8,11,17,25,27,39
1,6,15,38,39,40|8,11,13,16,17,31|14,21,22,25,29,33
1,6,13,15,31,38|8,10,16,32,39,40|14,21,25,28,29,33
