1,8,13,15,25,33|3,6,7,12,14,39|10,11,16,19,21,23
1,8,13,16,28,33|3,6,7,12,14,39|10,15,19,21,22,23
1,8,13,20,21,33|3,6,7,12,14,39|10,15,16,19,23,31
1,6,8,27,33,39|3,7,11,12,16,21|10,13,15,23,25,40
1,8,14,21,27,33|3,6,7,12,31,39|10,13,15,23,25,40
1,8,15,16,27,33|3,6,7,12,31,39|10,13,20,21,23,40
1,18,21,23,25,31|3,7,11,12,15,39|8,10,13,16,22,33
1,18,22,23,25,39|3,7,11,12,16,21|8,10,13,15,31,33
1,19,23,25,28,39|3,7,11,12,16,21|8,10,13,15,31,33
1,21,23,27,31,40|3,7,11,12,15,39|8,10,13,16,22,33
1,22,23,27,39,40|3,7,11,12,16,21|8,10,13,15,31,33
2,6,15,25,28,30|8,11,20,21,31,34|14,16,22,23,26,32
2,6,16,20,25,30|8,11,21,22,28,34|14,15,23,26,31,32
2,6,20,21,28,30|8,11,15,25,31,34|14,16,22,23,26,32
2,11,16,22,25,30|6,8,20,21,28,34|14,15,23,26,31,32
2,11,16,28,30,31|6,21,22,23,26,32|8,14,15,20,25,34
2,14,22,25,30,31|6,8,20,21,28,34|11,15,16,23,26,32
2,16,20,22,30,31|6,8,15,25,28,34|11,14,21,23,26,32
1,6,14,17,21,27|10,11,13,16,25,29|15,19,20,22,26,39
1,6,15,16,17,27|10,11,13,20,29,39|14,18,21,22,26,31
1,6,21,25,27,29|10,11,13,14,16,17|15,19,20,22,26,39
1,6,27,28,29,39|10,11,13,14,16,17|15,19,20,21,26,31
1,11,13,16,17,25|6,10,14,21,27,29|15,19,20,22,26,39
1,11,13,17,20,39|6,10,14,21,27,29|15,16,18,22,26,31
1,11,13,17,21,28|6,10,15,16,27,29|14,19,20,26,31,39
1,11,27,29,31,39|6,10,13,16,17,22|14,15,18,20,21,26
1,13,15,17,22,25|6,10,14,21,27,29|11,16,19,20,26,39
1,13,15,17,28,31|6,10,14,21,27,29|11,16,19,20,26,39
1,13,16,17,20,31|6,10,14,21,27,29|11,15,18,22,26,39
1,13,16,17,22,28|6,10,14,21,27,29|18,20,25,31,32,39
1,13,17,20,21,22|6,10,15,16,27,29|11,14,18,26,31,39
1,14,16,25,27,29|6,10,11,13,17,21|15,19,20,22,26,39
1,14,20,27,29,39|6,10,11,13,17,21|15,16,18,22,26,31
1,14,21,27,28,29|6,10,13,15,17,31|11,16,19,20,26,39
1,15,16,27,28,29|6,10,11,13,17,21|14,19,20,26,31,39
1,15,20,21,27,29|6,10,13,16,17,22|11,14,18,26,31,39
6,10,11,13,17,21|14,15,16,18,26,28|20,27,31,32,39,40
6,10,15,16,27,29|11,13,20,26,39,40|18,21,25,28,31,32
6,13,22,25,27,32|10,11,16,17,39,40|14,15,18,20,21,26
6,13,27,28,31,32|10,11,16,17,39,40|14,15,18,20,21,26
6,15,16,18,25,26|10,11,13,20,29,39|21,27,28,31,32,40
6,15,16,26,27,40|10,11,13,20,29,39|18,21,25,28,31,32
6,15,18,20,26,39|10,11,13,14,16,17|21,22,25,27,32,40
6,15,18,21,26,28|10,11,13,14,16,17|20,27,31,32,39,40
6,16,18,20,21,26|10,13,14,15,17,22|11,25,27,32,39,40
6,19,21,25,26,31|10,11,13,14,16,17|22,27,28,32,39,40
6,19,22,25,26,39|10,11,13,14,16,17|21,27,28,31,32,40
6,19,26,28,31,39|10,11,13,14,16,17|21,22,25,27,32,40
10,11,13,14,16,17|15,19,20,21,26,31|18,22,25,28,32,39
10,11,13,16,25,29|14,15,18,20,21,26|22,27,28,32,39,40
10,11,13,20,29,39|14,15,16,18,26,28|21,22,25,27,32,40
10,11,16,17,39,40|13,14,20,27,31,32|15,19,21,22,26,28
10,13,14,15,17,22|11,16,19,20,26,39|18,21,25,28,31,32
10,14,17,31,39,40|11,13,15,27,28,32|16,19,20,21,22,26
10,25,29,31,39,40|11,13,15,27,28,32|16,19,20,21,22,26
1,6,13,15,17,25|10,16,20,29,39,40|14,19,21,22,26,31
1,6,13,16,17,28|10,14,25,29,39,40|11,15,19,21,26,31
1,6,13,17,20,21|10,14,25,29,39,40|15,16,19,22,26,31
1,11,13,16,17,31|6,14,18,22,26,39|10,15,21,25,29,40
1,11,15,21,27,29|6,13,16,26,28,40|14,18,20,25,32,39
1,13,14,15,17,28|6,11,16,18,21,26|19,20,25,31,32,39
1,13,14,16,17,20|6,11,15,18,26,39|19,21,25,28,31,32
1,13,15,17,22,31|6,11,16,18,21,26|10,14,25,29,39,40
1,13,15,25,28,29|6,10,16,17,21,40|11,14,19,26,31,39
1,13,16,20,25,29|6,10,15,17,39,40|14,19,21,22,26,31
1,14,17,25,39,40|6,10,13,16,28,29|11,15,19,21,26,31
1,15,16,22,27,29|6,13,20,21,26,40|11,18,25,31,32,39
1,15,17,21,25,40|6,10,13,16,28,29|11,14,19,26,31,39
1,16,17,20,39,40|6,10,13,15,25,29|14,19,21,22,26,31
1,16,17,21,28,40|6,10,13,15,25,29|11,14,19,26,31,39
6,10,13,15,25,29|11,14,19,26,31,39|16,18,20,21,28,32
6,10,13,16,28,29|11,14,15,18,21,26|19,20,25,31,32,39
6,10,13,20,21,29|11,14,19,26,31,39|15,16,18,25,28,32
6,11,15,18,26,39|10,13,14,16,20,29|19,21,25,28,31,32
6,11,16,18,21,26|10,13,14,15,28,29|19,20,25,31,32,39
6,13,15,20,27,32|10,14,25,29,39,40|11,16,19,21,22,26
6,14,18,22,26,39|10,11,13,16,29,31|15,20,21,27,32,40
6,14,19,21,25,26|10,11,13,16,29,31|15,18,20,28,32,39
6,14,19,26,28,39|10,11,13,16,29,31|15,18,20,21,25,32
6,15,16,18,26,31|10,11,13,21,22,29|14,20,27,32,39,40
6,15,16,19,25,26|10,11,13,21,22,29|14,20,27,32,39,40
6,15,18,21,22,26|10,11,13,16,29,31|14,20,27,32,39,40
6,15,19,20,26,39|10,11,13,16,29,31|14,18,21,25,28,32
6,15,19,21,26,28|10,11,13,16,29,31|14,18,20,25,32,39
6,16,19,20,21,26|10,13,14,15,28,29|11,18,25,31,32,39
6,18,25,28,32,39|10,11,13,16,29,31|14,15,19,20,21,26
6,27,28,32,39,40|10,11,13,16,29,31|14,15,19,20,21,26
1,6,11,13,17,21|10,14,29,31,39,40|15,16,18,22,25,32
1,6,13,15,17,31|10,11,16,29,39,40|14,18,21,22,25,32
1,6,13,16,17,22|10,14,29,31,39,40|11,15,18,21,25,32
1,11,13,16,25,29|6,14,19,21,26,31|15,18,20,22,32,39
1,11,13,20,29,39|6,14,15,16,18,26|19,21,22,25,31,32
1,11,16,17,39,40|6,10,13,15,29,31|14,18,21,22,25,32
1,13,14,25,29,31|6,11,15,19,26,39|16,18,20,21,22,32
1,13,15,22,25,29|6,11,16,19,21,26|14,18,20,31,32,39
1,13,16,20,29,31|6,11,15,19,26,39|14,18,21,22,25,32
1,13,20,21,22,29|6,11,15,19,26,39|14,16,18,25,31,32
1,14,17,31,39,40|6,10,11,13,21,29|15,16,18,22,25,32
1,15,17,21,31,40|6,10,13,16,22,29|11,14,18,25,32,39
1,15,17,22,39,40|6,10,11,13,21,29|14,16,18,25,31,32
1,16,17,21,22,40|6,10,13,15,29,31|11,14,18,25,32,39
1,6,17,21,27,31|10,13,15,25,28,29|11,16,18,20,26,39
1,11,25,27,29,39|6,10,13,16,17,28|15,18,20,21,26,31
1,13,15,17,25,28|6,10,21,27,29,31|11,16,18,20,26,39
1,13,16,17,20,25|6,10,21,27,29,31|11,15,18,26,28,39
1,13,17,20,21,28|6,10,22,27,29,39|14,16,18,25,26,31
1,14,16,17,27,31|6,18,22,25,26,39|10,13,20,21,28,29
1,14,17,21,22,27|6,18,26,28,31,39|10,13,16,20,25,29
1,16,25,27,29,31|6,10,13,17,20,21|11,15,18,26,28,39
1,20,27,29,31,39|6,10,13,15,17,25|11,16,18,21,26,28
1,21,22,25,27,29|6,10,13,16,17,28|14,18,20,26,31,39
1,21,27,28,29,31|6,10,13,15,17,25|11,16,18,20,26,39
10,15,17,21,25,40|11,16,18,20,26,39|13,22,27,28,31,32
10,15,17,28,39,40|11,13,25,27,31,32|16,18,20,21,22,26
10,16,17,20,39,40|11,13,25,27,31,32|15,18,21,22,26,28
10,16,17,21,28,40|11,13,25,27,31,32|15,18,20,22,26,39
1,8,14,27,33,39|3,7,12,15,21,31|10,13,16,23,25,40
1,6,9,10,11,16|14,17,20,22,27,32|25,26,28,29,31,40
1,6,10,16,17,32|9,11,14,20,22,27|25,26,28,29,31,40
1,10,16,28,29,32|6,9,11,20,27,31|14,17,22,25,26,40
1,16,26,28,32,40|6,9,11,20,27,31|10,14,17,22,25,29
1,17,25,28,29,31|6,10,16,26,32,40|9,11,14,20,22,27
1,9,11,19,26,30|2,12,18,20,33,35|3,10,29,32,34,40
2,12,18,20,33,35|3,9,11,17,38,40|10,19,26,29,30,32
2,17,26,29,33,40|3,11,12,18,35,38|9,10,19,20,30,32
1,9,12,19,30,38|2,8,18,20,33,35|7,11,17,32,34,40
1,12,17,19,30,34|2,8,18,20,33,35|7,9,11,32,38,40
2,8,18,20,33,35|7,9,11,32,38,40|10,12,19,29,30,34
2,8,9,17,33,40|3,12,18,23,32,35|10,11,19,29,30,34
2,8,12,18,33,35|3,9,17,23,32,40|10,11,19,29,30,34
1,7,17,20,29,34|3,11,18,23,26,35|9,10,12,19,30,38
1,7,8,26,35,40|2,9,10,19,23,32|3,17,20,29,33,34
1,9,18,20,30,38|2,10,29,33,34,40|3,12,19,23,26,35
1,18,26,29,30,38|2,9,10,19,23,32|7,11,17,20,33,35
1,7,8,9,17,32|2,12,18,34,38,40|3,11,19,23,26,35
1,8,10,18,30,35|3,9,12,29,33,38|7,17,20,32,34,40
1,9,12,18,30,38|3,8,10,29,33,35|7,17,20,32,34,40
1,12,17,18,30,34|3,8,10,29,33,35|7,9,20,32,38,40
1,19,26,29,30,38|2,9,11,17,18,23|7,8,10,32,35,40
2,9,11,17,18,23|3,12,33,35,38,40|10,19,20,29,30,34
2,17,19,23,26,29|3,8,12,18,35,38|9,10,30,32,33,40
1,8,9,19,20,34|2,3,12,33,35,40|17,18,23,26,29,32
1,8,19,26,29,34|2,3,12,33,35,40|9,17,18,20,23,32
1,17,32,33,34,40|2,3,8,12,18,35|9,19,20,23,26,29
1,2,7,9,20,29|10,11,17,18,23,35|12,19,26,32,33,34
1,3,9,30,32,40|8,17,18,20,29,34|11,12,19,33,35,38
1,8,17,19,32,34|3,11,12,18,30,35|9,20,29,33,38,40
1,2,7,8,9,29|3,12,18,30,32,34|11,19,23,26,33,35
1,7,9,20,29,30|2,3,11,18,23,35|12,19,32,33,34,38
1,18,23,26,29,34|2,3,8,9,17,33|7,10,20,30,35,40
2,18,26,30,32,33|3,7,8,17,20,35|9,10,11,19,23,34
2,18,26,30,38,40|3,7,8,17,20,35|9,10,11,19,23,34
2,3,8,18,32,34|7,10,11,30,35,40|9,17,19,20,23,38
2,10,19,29,30,38|3,7,8,11,17,35|18,23,26,32,34,40
2,19,26,30,38,40|3,7,8,11,17,35|10,18,23,29,32,34
1,6,18,23,25,28|3,7,11,12,14,31|8,10,16,20,33,40
1,11,18,23,25,31|3,6,7,12,14,28|8,10,16,20,33,40
1,14,18,20,23,25|3,6,7,12,22,31|8,10,15,28,33,40
1,15,18,20,23,28|3,6,7,12,22,31|8,10,14,25,33,40
1,18,22,23,28,31|3,6,7,12,15,20|8,10,14,25,33,40
1,15,19,20,23,28|3,6,7,12,14,22|8,10,11,16,33,40
1,6,8,27,28,33|3,7,11,12,14,25|10,15,18,20,22,23
1,8,11,27,31,33|3,6,7,12,22,25|10,15,19,20,23,28
1,8,14,20,27,33|3,6,7,12,22,25|10,11,15,18,23,28
1,6,18,23,25,31|3,7,11,12,14,15|8,10,16,22,33,40
1,11,15,18,23,25|3,6,7,12,14,31|8,10,16,22,33,40
1,11,18,20,21,23|3,6,7,12,14,31|8,10,16,22,33,40
1,14,18,22,23,25|3,6,7,11,12,16|8,10,15,31,33,40
1,14,19,23,25,28|3,6,7,11,12,16|8,10,15,31,33,40
1,16,18,20,22,23|3,6,7,12,14,31|8,10,11,21,33,40
1,16,19,20,23,28|3,6,7,12,14,31|8,10,11,21,33,40
1,6,8,27,31,33|3,7,11,12,16,22|10,14,15,18,20,23
1,8,11,15,27,33|3,6,7,12,14,25|10,13,20,22,23,40
1,8,13,20,28,33|3,6,7,12,14,25|10,11,15,18,23,31
1,8,14,22,27,33|3,6,7,12,15,28|10,11,19,20,21,23
1,14,18,23,25,28|3,6,7,12,16,20|8,10,11,13,22,33
1,14,23,27,28,40|3,6,7,12,16,20|8,10,11,13,22,33
1,15,20,23,27,40|3,6,7,12,14,25|8,10,11,13,22,33
1,16,18,20,23,28|3,6,7,12,14,25|8,10,11,13,22,33
1,18,22,23,25,31|3,6,7,12,15,28|8,10,20,21,33,40
1,19,23,25,28,31|3,6,7,12,16,20|8,10,11,13,22,33
1,6,8,25,27,33|3,7,11,12,16,28|10,15,18,20,23,31
1,8,14,27,28,33|3,6,7,12,25,31|10,11,18,20,21,23
1,8,15,20,27,33|3,6,7,12,25,31|10,11,16,18,23,28
1,8,22,27,31,33|3,7,11,12,15,25|10,13,20,23,28,40
1,18,23,25,28,31|3,7,11,12,20,21|6,8,10,14,27,33
1,23,27,28,31,40|3,7,11,12,15,25|8,10,13,20,22,33
1,13,15,17,25,31|6,10,14,27,29,39|16,19,21,22,26,28
1,13,16,17,22,25|6,10,14,27,29,39|15,19,21,26,28,31
1,13,16,17,28,31|6,10,14,27,29,39|15,19,21,22,25,26
1,13,17,21,22,28|6,10,14,27,29,39|15,16,19,25,26,31
1,14,15,16,17,27|6,19,25,26,31,39|10,13,21,22,28,29
1,14,27,28,29,39|6,10,13,16,17,31|15,19,21,22,25,26
6,16,18,21,26,28|10,13,14,15,17,31|22,25,27,32,39,40
1,13,16,17,22,31|6,14,19,25,26,39|15,21,27,28,32,40
1,15,21,22,27,29|6,10,13,14,16,17|19,25,28,31,32,39
1,16,17,28,39,40|6,13,14,25,27,32|15,19,21,22,26,31
6,13,14,25,27,32|10,16,28,29,39,40|15,19,21,22,26,31
1,19,21,23,27,31|3,7,12,13,16,22|8,10,15,18,33,39
1,6,13,20,23,27|3,7,11,12,21,31|8,10,28,33,39,40
1,8,11,21,27,33|3,6,7,12,16,25|10,13,23,28,31,40
1,8,13,25,28,33|3,6,7,12,20,39|10,11,18,21,23,31
1,8,15,27,31,33|3,6,7,12,16,25|10,11,18,22,23,39
1,8,16,22,27,33|3,6,7,12,20,39|10,11,18,21,23,31
1,11,13,22,23,27|3,6,7,12,16,25|8,10,28,33,39,40
1,15,23,25,27,40|3,6,7,12,20,39|8,10,13,14,28,33
1,16,18,23,25,28|3,6,7,12,20,39|8,10,13,22,31,33
1,16,23,27,28,40|3,6,7,12,20,39|8,10,13,22,31,33
1,18,20,21,23,25|3,7,11,12,22,39|8,10,13,14,28,33
1,18,20,23,28,39|3,6,7,12,16,25|8,10,13,22,31,33
1,20,21,23,27,40|3,6,7,12,16,25|8,10,13,14,28,33
1,6,8,16,27,33|3,7,11,12,14,21|10,13,15,20,23,40
1,6,11,13,23,27|3,7,12,14,15,31|8,10,22,33,39,40
1,8,13,22,25,33|3,6,7,11,12,39|10,14,15,18,23,31
1,8,13,28,31,33|3,6,7,11,12,39|10,14,15,19,23,25
1,8,14,15,27,33|3,6,7,11,12,39|10,13,22,23,31,40
1,11,18,21,23,25|3,6,7,12,16,31|8,10,13,14,22,33
1,11,18,23,28,39|3,6,7,12,16,31|8,10,13,14,22,33
1,11,21,23,27,40|3,6,7,12,16,31|8,10,13,14,22,33
1,15,18,23,25,31|3,6,7,11,12,39|8,10,13,14,22,33
1,15,23,27,31,40|3,6,7,11,12,39|8,10,13,14,22,33
1,16,18,22,23,25|3,6,7,11,12,39|8,10,21,31,33,40
1,16,18,23,28,31|3,6,7,11,12,39|8,10,13,14,22,33
1,16,19,23,25,28|3,6,7,11,12,39|8,10,13,14,22,33
1,18,20,21,23,31|3,6,7,11,12,39|8,10,13,14,22,33
1,18,20,22,23,39|3,6,7,12,16,31|8,10,11,13,15,33
1,19,20,21,23,25|3,6,7,11,12,39|8,10,13,14,22,33
1,19,20,23,28,39|3,6,7,12,16,31|8,10,11,13,15,33
1,8,15,25,27,33|3,7,11,12,28,39|10,18,20,21,23,31
1,8,16,27,28,33|3,7,11,12,21,25|10,18,20,22,23,39
1,8,20,21,27,33|3,7,11,12,28,39|10,15,18,23,25,31
1,8,14,25,27,33|3,7,11,12,20,39|10,15,18,23,28,31
1,8,15,27,28,33|3,7,11,12,16,25|10,18,20,21,22,23
1,8,16,20,27,33|3,7,11,12,21,28|10,14,18,23,25,31
1,23,25,27,31,40|3,7,11,12,20,39|8,10,13,22,28,33
1,8,11,13,25,33|3,6,7,12,15,31|10,14,16,19,20,23
1,8,13,20,31,33|3,6,7,11,12,21|10,14,15,18,22,23
1,8,13,22,28,33|3,6,7,11,12,21|10,14,16,19,20,23
1,11,16,18,23,25|3,6,7,12,15,31|8,10,21,22,33,40
1,11,18,20,23,39|3,6,7,12,15,31|8,10,21,22,33,40
1,15,18,22,23,25|3,6,7,11,12,21|8,10,16,31,33,40
1,15,19,23,25,28|3,6,7,11,12,21|8,10,16,31,33,40
1,18,20,21,22,23|3,6,7,12,15,31|8,10,11,13,14,33
1,19,20,21,23,28|3,6,7,12,15,31|8,10,11,13,14,33
1,8,11,16,27,33|3,6,7,12,15,25|10,13,20,23,31,40
1,8,13,20,25,33|3,6,7,12,16,28|10,11,18,21,22,23
1,8,14,27,31,33|3,6,7,12,15,25|10,11,18,21,22,23
1,8,15,22,27,33|3,6,7,12,16,28|10,11,13,23,25,40
1,14,23,25,27,40|3,6,7,12,16,28|8,10,11,13,31,33
1,15,18,23,25,28|3,6,7,12,20,21|8,10,11,13,31,33
1,15,23,27,28,40|3,6,7,12,20,21|8,10,11,13,31,33
1,16,18,20,23,25|3,7,11,12,21,22|6,8,10,13,28,33
1,16,20,23,27,40|3,6,7,12,15,25|8,10,11,13,31,33
1,18,20,21,23,28|3,6,7,12,15,25|8,10,11,13,31,33
1,6,9,13,17,22|10,12,14,16,19,35|11,18,26,29,32,39
1,9,11,13,14,17|6,10,12,19,21,35|16,18,26,29,31,32
1,9,11,17,39,40|6,10,12,19,21,35|16,18,26,29,31,32
1,9,16,17,31,40|6,10,12,19,21,35|11,18,26,29,32,39
1,9,17,21,22,40|10,12,14,16,19,35|11,18,26,29,32,39
1,11,12,18,35,39|6,9,10,13,22,29|14,16,17,19,26,32
1,12,18,21,22,35|6,9,15,19,26,31|10,13,14,17,29,32
1,6,9,13,17,28|10,11,12,19,35,39|16,18,25,26,29,32
1,9,11,13,17,31|6,10,12,18,21,35|16,26,27,29,32,40
1,9,11,16,27,29|6,10,12,18,21,35|13,17,26,31,32,40
1,9,13,14,17,20|6,10,12,18,21,35|16,26,27,29,32,40
1,9,13,20,25,29|6,10,12,18,21,35|11,17,19,26,32,39
1,9,14,27,29,31|6,10,12,18,21,35|11,17,19,26,32,39
1,9,15,22,27,29|6,10,12,18,21,35|11,17,19,26,32,39
1,9,17,21,28,40|10,11,12,19,35,39|16,18,25,26,29,32
1,12,16,18,25,35|6,9,10,13,28,29|11,17,19,26,32,39
1,12,16,27,35,40|6,9,10,13,28,29|11,17,19,26,32,39
1,12,18,20,35,39|6,9,10,13,28,29|16,17,19,26,31,32
1,12,18,21,28,35|6,9,15,19,25,26|10,13,17,29,31,32
1,13,14,17,26,29|6,10,12,18,21,35|9,15,27,28,32,40
1,16,17,27,29,32|6,9,11,18,21,26|10,12,13,31,35,40
1,9,14,25,27,29|10,11,12,18,35,39|17,19,21,26,28,32
1,9,15,27,28,29|10,11,12,18,35,39|13,17,25,26,32,40
1,9,16,20,27,29|10,11,12,18,35,39|13,17,25,26,32,40
1,9,11,18,21,32|6,12,19,27,31,35|13,17,22,26,29,40
1,9,13,28,32,40|6,12,14,18,27,35|11,17,19,21,26,29
1,9,15,19,25,32|6,12,14,18,27,35|13,17,22,26,29,40
1,9,16,19,28,32|6,12,14,18,27,35|13,17,22,26,29,40
1,9,19,20,21,32|6,12,14,18,27,35|13,17,22,26,29,40
1,9,18,20,21,32|6,12,19,25,27,35|13,17,26,28,29,40
6,12,18,27,31,35|9,10,11,19,21,32|13,17,26,28,29,40
6,12,19,25,27,35|9,10,13,22,32,40|11,17,18,21,26,29
9,10,13,22,32,40|11,12,15,18,27,35|16,17,19,26,28,29
9,10,14,15,18,32|12,19,22,27,31,35|13,17,26,28,29,40
9,10,16,19,22,32|11,12,15,18,27,35|13,17,26,28,29,40
1,6,13,16,25,32|11,14,21,27,29,31|15,17,22,28,39,40
1,6,13,21,28,32|11,14,22,27,29,39|15,16,17,25,31,40
1,11,13,21,31,32|6,14,16,25,27,29|15,17,22,28,39,40
1,11,13,22,32,39|6,14,16,25,27,29|15,17,21,28,31,40
1,13,14,15,25,32|6,11,27,29,31,39|16,17,21,22,28,40
1,13,14,16,28,32|6,11,27,29,31,39|15,17,21,22,25,40
1,15,25,32,39,40|6,11,13,17,21,28|14,16,22,27,29,31
1,16,28,32,39,40|6,13,14,17,25,31|11,15,21,22,27,29
6,13,17,20,21,28|10,15,31,32,39,40|14,16,22,25,27,29
1,14,16,19,21,26|6,13,15,17,22,27|18,25,28,29,31,39
1,15,18,31,32,39|6,13,14,25,27,29|16,17,19,21,22,28
1,16,18,21,31,32|6,13,14,25,27,29|15,17,19,22,28,39
1,16,18,22,32,39|6,13,14,25,27,29|15,17,19,21,28,31
1,16,19,21,25,32|6,13,15,27,28,29|14,17,18,22,31,39
1,16,19,28,32,39|6,13,14,25,27,29|15,17,18,21,22,31
1,9,16,18,25,32|12,13,20,27,35,40|17,19,21,26,28,29
1,9,18,21,28,32|12,13,20,27,35,40|16,17,19,25,26,29
6,9,10,18,21,32|12,13,20,27,35,40|16,17,19,25,26,29
9,10,13,31,32,40|11,12,16,18,27,35|17,19,20,26,29,39
9,10,14,16,18,32|12,13,20,27,35,40|17,19,21,26,28,29
9,10,16,19,31,32|11,17,18,26,29,39|12,13,20,27,35,40
9,10,19,21,22,32|11,12,16,18,27,35|13,17,25,26,29,40
1,9,13,25,32,40|6,12,15,18,27,35|11,17,19,26,29,39
1,9,16,18,31,32|11,12,13,27,35,40|17,19,21,22,26,29
1,9,16,19,25,32|6,12,15,18,27,35|13,17,26,29,31,40
1,9,18,21,22,32|11,12,13,27,35,40|16,17,19,26,29,31
1,9,19,20,32,39|6,12,15,18,27,35|13,17,26,29,31,40
1,9,19,21,28,32|6,12,15,18,27,35|13,17,26,29,31,40
1,19,26,29,32,39|6,9,15,17,18,25|11,12,13,27,35,40
6,12,15,18,27,35|9,10,13,14,32,40|11,17,19,26,29,39
6,17,18,21,26,29|9,10,13,14,32,40|11,12,16,19,27,35
6,9,10,18,32,39|12,13,27,28,35,40|17,19,21,25,26,29
9,10,15,16,18,32|12,13,27,28,35,40|17,19,21,25,26,29
1,9,14,18,21,32|6,12,13,27,35,40|15,16,17,19,26,29
1,9,15,16,18,32|6,12,13,27,35,40|14,17,19,21,26,29
6,12,16,18,27,35|9,10,13,15,32,40|17,19,21,26,29,31
6,17,18,26,29,39|9,10,13,15,32,40|11,12,19,21,27,35
1,9,14,18,31,32|6,12,19,22,27,35|11,13,17,26,29,40
6,9,17,18,25,28|10,13,26,29,32,40|12,19,20,27,31,35
6,12,18,27,28,35|9,10,13,20,32,40|17,19,25,26,29,31
9,11,17,18,25,31|10,13,26,29,32,40|12,19,22,27,28,35
9,14,17,18,20,25|10,13,26,29,32,40|12,19,22,27,28,35
9,15,17,18,20,28|10,13,26,29,32,40|11,12,19,25,27,35
9,17,18,22,28,31|10,13,26,29,32,40|11,12,19,25,27,35
9,17,19,22,25,28|10,13,26,29,32,40|11,12,18,27,31,35
1,9,14,18,25,32|6,12,19,27,28,35|13,17,20,26,29,40
1,9,15,18,28,32|11,12,19,27,31,35|13,17,20,26,29,40
1,9,19,25,31,32|6,12,18,22,27,35|13,17,20,26,29,40
6,9,10,15,18,32|11,12,19,27,31,35|13,17,20,26,29,40
6,12,18,22,27,35|9,10,11,13,32,40|14,17,19,25,26,29
6,12,19,27,28,35|9,10,11,13,32,40|14,17,18,26,29,31
9,10,11,13,32,40|12,14,19,20,27,35|15,17,18,22,26,29
9,10,15,19,22,32|11,12,14,18,27,35|13,17,20,26,29,40
1,11,12,13,20,35|6,9,10,14,28,29|15,17,22,26,32,40
1,6,9,17,22,25|10,12,15,28,35,40|11,14,26,27,29,32
1,6,12,22,27,35|9,10,11,14,25,29|15,17,26,28,32,40
1,9,11,14,17,25|6,22,26,27,29,32|10,12,15,28,35,40
1,9,11,15,17,28|6,22,26,27,29,32|10,12,14,25,35,40
1,9,11,16,17,20|6,22,26,27,29,32|10,12,14,25,35,40
1,9,14,17,20,31|6,22,26,27,29,32|10,12,15,28,35,40
1,11,12,14,27,35|6,9,10,22,25,29|15,17,26,28,32,40
1,11,16,17,26,29|6,9,20,22,27,32|10,12,14,25,35,40
1,14,17,26,29,31|6,9,11,27,28,32|10,12,16,20,35,40
1,15,17,22,26,29|6,9,11,27,28,32|10,12,14,25,35,40
1,16,17,20,26,29|9,11,22,27,28,32|10,12,25,31,35,40
1,6,12,27,31,35|9,10,11,14,15,17|13,20,26,28,29,32
1,9,11,15,17,25|6,10,12,13,20,35|14,22,26,27,29,32
1,9,11,16,17,28|6,10,12,13,20,35|14,22,26,27,29,32
1,9,11,17,20,21|6,26,27,29,31,32|10,12,15,25,35,40
1,9,14,17,22,25|6,10,12,13,20,35|11,15,26,27,29,32
1,9,14,17,28,31|6,10,12,13,20,35|11,15,26,27,29,32
1,9,16,17,20,22|6,26,27,29,31,32|10,12,15,25,35,40
1,11,12,15,27,35|6,9,10,14,17,31|13,20,26,28,29,32
1,11,17,21,26,29|6,9,20,27,31,32|10,12,15,25,35,40
1,12,13,20,28,35|6,9,10,11,16,17|14,22,26,27,29,32
1,12,14,22,27,35|6,9,10,11,16,17|13,20,26,28,29,32
1,15,17,26,29,31|6,9,11,25,27,32|10,12,16,28,35,40
1,16,17,22,26,29|6,9,11,25,27,32|10,12,20,21,35,40
1,6,9,14,17,25|10,11,12,21,35,40|13,20,22,26,29,32
1,6,9,15,17,28|10,11,12,21,35,40|13,20,22,26,29,32
1,6,12,14,27,35|9,10,11,15,29,31|16,17,22,26,32,40
1,6,16,17,26,29|9,11,13,20,28,32|10,12,15,31,35,40
1,9,11,15,17,31|6,14,26,27,29,32|10,12,16,22,35,40
1,9,11,16,17,22|6,14,26,27,29,32|10,12,15,31,35,40
1,9,14,25,28,29|6,10,11,12,13,35|15,17,26,31,32,40
1,9,15,20,25,29|6,10,11,12,13,35|16,17,22,26,32,40
1,9,16,20,28,29|6,10,11,12,13,35|15,17,26,31,32,40
1,11,12,13,28,35|6,9,10,14,25,29|15,17,26,31,32,40
1,12,13,20,22,35|6,9,10,14,25,29|11,17,21,26,32,40
1,14,15,17,26,29|6,9,11,27,31,32|10,12,16,22,35,40
1,9,14,18,32,39|6,12,19,21,27,35|13,16,17,26,29,40
6,12,18,21,27,35|9,10,13,16,32,40|17,19,26,29,31,39
9,10,13,16,32,40|11,12,19,27,35,39|15,17,18,21,26,29
6,9,10,11,16,18|13,19,20,22,26,32|17,27,28,29,31,40
6,9,10,14,18,31|11,13,19,26,28,32|17,22,25,27,29,40
6,9,10,14,19,25|11,13,18,22,26,32|17,27,28,29,31,40
6,9,10,16,19,20|11,13,18,22,26,32|17,27,28,29,31,40
6,13,18,20,26,32|9,10,11,15,19,31|17,22,25,27,29,40
6,14,19,26,27,32|9,10,11,13,22,40|17,18,25,28,29,31
9,10,11,14,15,18|13,19,20,22,26,32|17,27,28,29,31,40
9,10,14,15,19,20|11,13,18,22,26,32|17,27,28,29,31,40
6,9,10,15,19,25|11,13,17,20,27,29|18,21,26,28,32,40
9,10,11,19,21,22|13,14,18,20,26,32|17,25,27,29,31,40
9,10,14,15,19,28|11,13,17,20,27,29|16,18,25,26,32,40
9,10,15,19,22,31|11,13,17,20,27,29|16,18,25,26,32,40
1,9,11,16,19,25|6,13,18,22,26,32|15,17,27,28,29,40
1,9,11,18,21,22|6,13,19,26,28,32|14,17,25,27,29,40
1,9,11,19,20,39|6,13,18,22,26,32|14,17,25,27,29,40
1,9,11,19,21,28|6,13,18,22,26,32|14,17,25,27,29,40
1,9,14,19,25,31|6,13,18,22,26,32|15,17,27,28,29,40
1,9,15,19,28,31|6,13,18,22,26,32|14,17,25,27,29,40
1,9,16,19,20,31|6,13,18,22,26,32|14,17,25,27,29,40
6,9,10,14,15,18|11,13,19,26,31,32|16,17,20,27,29,40
6,9,10,15,19,31|11,13,14,18,26,32|16,17,20,27,29,40
6,9,10,16,19,22|11,13,14,18,26,32|15,17,27,28,29,40
6,13,18,22,26,32|9,10,11,14,16,19|15,17,27,28,29,40
1,7,20,29,32,38|3,10,11,23,35,40|8,12,17,18,26,30
1,3,9,17,20,23|2,8,10,11,18,34|7,12,26,32,38,40
1,3,20,34,38,40|2,11,17,18,23,26|7,8,9,10,12,32
1,7,11,12,17,34|2,8,10,18,32,38|3,9,20,23,26,40
1,7,12,17,32,38|2,8,10,11,18,34|3,9,20,23,26,40
1,2,3,8,34,40|7,10,12,29,30,32|9,11,18,20,23,38
1,7,9,11,12,30|2,3,8,17,32,33|19,20,23,26,29,38
1,7,12,17,30,32|2,3,8,9,11,33|19,20,23,26,29,38
1,8,11,18,34,38|2,3,9,20,23,40|7,10,12,29,30,32
1,2,7,8,9,12|3,10,11,30,34,40|18,20,23,26,29,38
1,2,7,12,29,38|3,10,11,30,34,40|8,9,18,20,23,26
1,2,8,18,26,30|3,7,11,12,32,34|9,10,20,23,29,33
1,2,10,29,30,33|3,7,11,12,32,34|8,9,18,20,23,26
1,7,9,12,20,30|2,3,8,26,29,33|10,11,18,23,32,34
1,7,12,26,29,30|2,3,8,9,20,33|10,11,18,23,32,34
1,13,21,26,29,32|6,9,14,16,17,27|12,18,22,25,35,39
1,9,13,15,31,32|6,12,18,25,35,39|16,17,21,26,29,40
1,9,15,16,27,32|12,18,25,28,35,39|13,17,20,21,26,29
1,6,13,15,17,22|10,11,16,21,29,40|14,19,20,28,32,39
1,14,17,22,39,40|6,10,11,13,16,29|15,19,20,21,28,32
1,15,17,21,22,40|6,10,11,13,16,29|14,19,20,28,32,39
1,6,11,27,29,39|10,14,15,16,17,40|18,21,22,28,31,32
1,6,13,14,17,25|10,15,20,29,39,40|18,21,22,28,31,32
1,6,13,15,17,28|10,14,21,25,29,40|18,20,22,31,32,39
1,6,13,16,17,20|10,14,21,25,29,40|11,18,28,31,32,39
1,6,16,27,29,31|11,14,19,22,26,39|15,18,20,21,28,32
1,6,21,22,27,29|10,14,15,16,17,40|11,18,28,31,32,39
1,11,13,16,17,22|6,10,25,29,39,40|15,18,20,21,28,32
1,11,14,21,27,29|6,13,15,26,28,40|16,18,22,25,31,32
1,11,15,16,27,29|6,10,14,17,39,40|18,21,22,28,31,32
1,13,14,15,17,20|6,10,25,29,39,40|18,21,22,28,31,32
1,13,14,17,22,31|6,10,25,29,39,40|15,18,20,21,28,32
1,13,14,25,28,29|6,10,15,17,21,40|18,20,22,31,32,39
1,13,15,20,25,29|6,10,14,17,39,40|18,21,22,28,31,32
1,13,16,20,28,29|6,10,14,17,39,40|11,15,19,21,22,26
1,13,22,25,29,31|6,10,14,17,39,40|15,18,20,21,28,32
1,14,15,27,29,31|6,13,16,20,26,40|11,18,22,25,32,39
1,14,16,22,27,29|6,10,15,17,21,40|11,18,28,31,32,39
1,14,17,21,25,40|6,10,13,15,28,29|18,20,22,31,32,39
1,14,17,28,39,40|6,10,13,16,20,29|11,15,19,21,22,26
1,15,17,20,39,40|6,10,13,14,25,29|18,21,22,28,31,32
1,15,17,21,28,40|6,10,13,14,25,29|18,20,22,31,32,39
1,16,17,20,21,40|6,10,13,14,25,29|11,18,28,31,32,39
1,17,22,31,39,40|6,10,13,14,25,29|15,18,20,21,28,32
1,25,28,29,39,40|6,11,13,27,31,32|14,15,16,19,20,26
6,14,16,18,26,31|10,15,20,29,39,40|19,21,22,25,28,32
6,15,16,18,22,26|10,14,21,25,29,40|19,20,28,31,32,39
1,6,14,16,17,27|10,11,13,15,25,29|18,20,28,31,32,39
1,6,16,25,27,29|10,11,13,14,15,17|18,20,28,31,32,39
1,6,20,27,29,39|10,11,13,14,15,17|16,18,25,28,31,32
1,6,21,27,28,29|10,11,13,14,15,17|18,20,22,25,32,39
1,11,13,15,17,25|6,10,14,16,27,29|18,20,28,31,32,39
1,11,13,16,17,28|6,14,18,20,26,39|10,21,25,29,31,40
1,11,21,27,29,31|6,10,13,15,17,22|19,20,25,28,32,39
1,13,15,17,20,31|6,10,14,16,27,29|11,18,25,28,32,39
1,13,15,17,22,28|6,10,14,16,27,29|18,20,21,25,31,32
1,14,15,25,27,29|6,10,11,13,16,17|18,20,28,31,32,39
1,14,16,27,28,29|6,10,13,15,17,22|18,20,21,25,31,32
1,15,16,20,27,29|6,10,13,14,17,31|11,18,25,28,32,39
1,17,21,25,31,40|6,10,14,16,27,29|11,15,19,20,26,39
1,17,22,25,39,40|6,10,14,16,27,29|11,15,19,21,26,28
1,17,28,31,39,40|6,10,14,16,27,29|11,15,18,21,22,26
6,10,11,13,16,17|14,15,19,25,26,31|20,22,27,32,39,40
6,10,13,14,17,31|11,15,16,19,25,26|20,22,27,32,39,40
6,10,13,15,17,22|11,14,18,21,26,31|19,20,25,28,32,39
6,10,14,16,27,29|11,13,15,25,26,40|18,20,28,31,32,39
6,10,17,31,39,40|11,13,14,27,28,32|15,19,20,21,22,26
6,11,13,25,27,32|10,14,17,21,31,40|15,16,19,22,26,28
6,13,20,27,31,32|10,11,15,17,39,40|14,16,19,22,25,26
6,13,22,27,28,32|10,11,15,17,39,40|14,19,20,21,26,31
6,14,16,26,27,40|10,11,13,15,25,29|18,20,28,31,32,39
6,14,18,20,26,39|10,11,13,15,25,29|16,27,28,31,32,40
6,14,18,21,26,28|10,11,13,15,25,29|20,22,27,32,39,40
6,16,19,25,26,31|10,11,13,14,15,17|20,22,27,32,39,40
6,18,21,22,26,31|10,11,13,14,15,17|19,20,25,28,32,39
6,19,20,26,31,39|10,11,13,14,15,17|16,22,25,27,32,40
6,19,21,22,25,26|10,11,13,14,15,17|16,27,28,31,32,40
6,19,21,26,28,31|10,11,13,14,15,17|16,22,25,27,32,40
6,19,22,26,28,39|10,11,13,14,15,17|18,20,21,25,31,32
10,11,13,16,28,29|14,15,19,25,26,31|20,22,27,32,39,40
10,13,14,28,29,31|11,15,16,19,25,26|20,22,27,32,39,40
10,22,25,29,39,40|11,13,14,27,28,32|15,16,19,20,26,31
10,28,29,31,39,40|11,13,15,20,27,32|14,16,19,22,25,26
1,6,11,17,27,39|10,13,14,25,28,29|15,16,18,20,26,31
1,6,16,17,27,31|10,13,14,25,28,29|11,15,18,20,26,39
1,6,17,21,22,27|10,13,14,25,28,29|11,15,18,20,26,39
1,11,15,16,17,27|6,18,20,26,31,39|10,13,14,25,28,29
1,11,21,25,27,29|6,10,13,15,17,28|14,18,20,22,26,39
1,11,27,28,29,39|6,10,13,14,17,25|15,16,18,20,26,31
1,13,14,17,25,28|6,10,11,27,29,39|15,16,18,20,26,31
1,13,15,17,20,25|6,10,11,27,29,39|14,16,18,26,28,31
1,13,16,17,20,28|6,10,11,27,29,39|14,15,18,25,26,31
1,13,17,22,25,31|6,10,11,27,29,39|15,19,20,21,26,28
1,14,15,17,27,31|6,11,18,25,26,39|10,13,16,20,28,29
1,15,25,27,29,31|6,10,13,16,17,20|11,14,18,26,28,39
1,16,22,25,27,29|6,10,13,15,17,28|14,18,20,21,26,31
1,16,27,28,29,31|6,10,13,14,17,25|11,15,18,20,26,39
1,17,25,28,39,40|6,10,16,27,29,31|15,18,20,21,22,26
1,20,21,27,29,31|6,10,13,14,17,25|15,16,18,22,26,28
1,20,22,27,29,39|6,10,13,14,17,25|11,15,18,21,26,28
1,21,22,27,28,29|6,10,13,14,17,25|11,15,18,20,26,39
6,10,17,25,39,40|11,13,27,28,31,32|15,18,20,21,22,26
6,18,21,22,25,26|10,11,13,15,17,31|20,27,28,32,39,40
6,18,22,26,28,39|10,11,13,15,17,31|20,21,25,27,32,40
6,21,22,26,27,40|10,11,13,15,17,31|18,20,25,28,32,39
10,11,13,15,17,31|14,16,18,22,25,26|20,27,28,32,39,40
10,11,13,16,17,22|14,15,18,25,26,31|20,27,28,32,39,40
10,13,14,15,17,20|11,18,22,26,31,39|16,25,27,28,32,40
10,13,14,17,22,31|11,15,16,18,25,26|20,27,28,32,39,40
10,14,17,28,39,40|11,13,22,25,27,32|15,16,18,20,26,31
10,15,16,17,25,40|11,13,27,28,31,32|14,18,20,22,26,39
10,15,17,20,39,40|11,13,22,25,27,32|14,16,18,26,28,31
1,8,9,10,29,30|2,12,18,20,23,35|3,11,32,34,38,40
2,8,9,17,20,33|3,10,12,23,29,35|11,18,26,30,32,38
1,8,10,35,38,40|2,7,9,11,20,32|3,12,17,26,29,30
1,2,3,8,9,32|10,11,29,34,38,40|12,19,20,23,26,35
1,2,3,11,29,34|8,9,10,32,38,40|12,19,20,23,26,35
1,2,3,29,32,38|8,9,10,11,34,40|12,19,20,23,26,35
1,6,9,13,31,32|11,12,18,22,35,39|14,17,21,26,29,40
1,9,11,13,15,32|6,12,16,18,25,35|14,17,21,26,29,40
1,6,9,13,25,32|11,12,18,28,35,39|17,21,26,29,31,40
1,9,13,14,28,32|11,12,18,21,25,35|17,22,26,29,39,40
1,9,13,15,20,32|11,12,18,21,25,35|17,22,26,29,39,40
1,13,15,26,29,32|9,11,17,21,25,40|12,16,18,28,31,35
6,9,10,13,14,32|11,12,18,21,25,35|17,22,26,29,39,40
6,9,10,32,39,40|11,12,18,21,25,35|13,14,17,22,26,29
6,13,17,26,29,31|9,10,14,21,32,40|11,12,18,28,35,39
9,10,15,16,32,40|11,12,18,21,25,35|13,14,17,22,26,29
1,6,9,16,27,32|12,18,20,21,25,35|13,14,17,26,28,29
1,9,14,15,27,32|6,13,17,25,26,29|12,18,20,28,35,39
6,13,17,25,26,29|9,10,21,31,32,40|12,18,20,28,35,39
9,10,22,32,39,40|12,16,18,25,28,35|13,15,17,20,26,29
1,6,9,13,28,32|11,12,16,18,25,35|17,21,22,26,29,40
1,9,13,14,20,32|11,12,16,18,25,35|17,21,22,26,29,40
1,9,16,25,32,40|6,13,17,22,26,29|11,12,18,20,35,39
1,9,20,32,39,40|6,13,17,22,26,29|11,12,16,18,25,35
1,9,21,28,32,40|6,13,17,22,26,29|11,12,16,18,25,35
1,13,14,26,29,32|9,11,16,17,25,40|12,15,18,28,31,35
1,26,29,32,39,40|6,9,11,13,17,28|12,14,18,25,31,35
6,13,17,22,26,29|9,10,14,16,32,40|11,12,18,20,35,39
1,6,9,15,27,32|11,13,17,26,29,31|12,16,18,20,25,35
1,6,9,21,26,40|12,15,18,25,28,35|16,17,20,27,29,32
1,13,26,29,31,32|6,9,11,15,17,27|12,16,18,20,25,35
6,13,17,26,28,29|9,10,11,32,39,40|12,16,18,20,25,35
9,10,11,13,14,32|12,15,18,25,28,35|17,20,26,29,39,40
9,10,11,32,39,40|12,15,18,25,28,35|13,14,17,20,26,29
9,10,16,31,32,40|12,15,18,25,28,35|13,14,17,20,26,29
9,10,21,22,32,40|11,13,17,26,29,31|12,15,18,25,28,35
1,14,17,20,27,29|6,10,15,19,26,32|9,11,18,22,25,28
1,11,16,19,26,32|6,9,18,20,22,25|10,15,17,28,29,40
1,14,19,26,31,32|6,9,11,18,25,28|10,16,17,20,29,40
1,15,19,22,26,32|6,9,11,18,25,28|10,16,17,20,29,40
1,9,11,13,16,32|6,12,18,21,25,35|14,17,26,29,39,40
1,9,13,15,22,32|6,12,18,21,25,35|14,17,26,29,39,40
1,13,16,26,29,32|6,9,14,15,17,27|11,12,18,25,35,39
9,10,14,32,39,40|11,13,16,17,26,29|12,18,21,22,25,35
1,6,9,21,27,32|12,18,20,25,35,39|13,15,17,26,28,29
1,9,14,16,27,32|12,18,20,25,35,39|13,15,17,26,28,29
1,6,15,17,18,39|10,13,16,29,31,40|14,19,21,22,27,32
1,13,16,17,31,40|6,10,15,18,29,39|14,19,21,22,27,32
1,13,17,21,22,40|6,10,15,18,29,39|14,16,19,27,31,32
1,14,17,19,31,39|6,10,16,18,21,29|13,15,22,27,32,40
1,15,17,19,22,39|6,10,16,18,21,29|13,14,27,31,32,40
1,16,17,19,21,22|6,10,15,18,29,39|13,14,27,31,32,40
1,13,15,27,28,29|6,10,16,17,18,21|19,25,26,31,39,40
1,15,17,18,21,25|10,14,27,29,39,40|13,16,19,20,26,31
1,15,17,21,27,40|6,13,16,18,26,28|10,19,25,29,31,39
1,16,17,18,21,28|6,10,13,15,27,29|19,25,26,31,39,40
1,17,19,25,31,39|6,10,13,15,27,29|16,18,21,26,28,40
1,25,27,29,39,40|6,10,16,17,18,21|13,15,19,26,28,31
1,13,14,27,29,31|6,10,15,17,19,39|16,18,21,22,26,40
1,13,15,22,27,29|6,10,16,17,19,21|14,18,26,31,39,40
1,13,16,17,25,40|6,18,21,27,31,32|10,15,19,28,29,39
1,18,25,29,31,39|6,10,13,17,21,40|15,16,19,27,28,32
1,27,29,31,39,40|6,10,16,17,19,21|13,14,15,18,22,26
1,11,18,26,32,39|6,9,25,27,28,40|10,13,17,20,29,31
1,16,17,20,27,29|6,10,19,21,26,32|9,18,22,25,28,31
1,18,21,22,26,32|6,9,25,27,28,40|10,13,17,20,29,31
1,10,13,29,31,32|6,9,22,25,27,40|11,14,16,17,18,26
1,11,19,26,32,39|6,9,18,25,28,31|10,13,14,17,20,29
1,14,16,18,26,32|6,9,22,25,27,40|10,11,13,17,29,31
1,16,19,26,31,32|6,9,22,25,27,40|10,13,14,17,20,29
1,19,21,22,26,32|6,9,18,25,28,31|10,13,14,17,20,29
1,14,16,19,26,32|6,9,15,18,20,25|10,11,17,29,39,40
6,9,14,27,28,40|11,16,17,18,25,32|19,20,21,22,26,29
6,15,18,25,26,29|9,11,14,27,31,40|17,19,20,21,28,32
6,15,26,27,29,40|9,11,14,18,25,31|17,19,20,21,28,32
6,18,20,21,26,29|9,11,14,27,31,40|15,17,19,25,28,32
6,9,11,16,18,28|13,14,20,26,29,40|15,17,19,22,25,32
6,9,13,20,28,40|11,14,16,18,26,29|15,17,19,22,25,32
6,9,16,18,20,22|11,13,17,25,32,40|14,15,19,26,28,29
6,9,16,19,20,28|11,13,17,25,32,40|14,15,18,22,26,29
6,13,26,28,29,40|9,11,14,16,18,20|15,17,19,22,25,32
1,6,11,13,21,26|10,14,25,32,39,40|15,16,20,27,28,29
1,6,13,16,22,26|10,14,25,32,39,40|11,21,27,28,29,31
1,11,13,14,16,26|6,20,21,25,27,29|10,15,28,32,39,40
1,11,16,26,39,40|6,10,13,15,25,32|14,20,21,27,28,29
1,13,14,15,22,26|6,11,17,21,27,31|10,16,20,32,39,40
1,16,21,22,26,40|6,10,13,15,25,32|11,20,27,29,31,39
1,6,13,16,26,28|10,25,31,32,39,40|11,15,17,20,21,27
1,6,13,20,21,26|10,25,31,32,39,40|11,15,16,17,27,28
1,14,20,27,32,39|6,10,16,21,26,40|13,17,22,25,28,31
1,15,21,25,26,40|6,11,17,27,28,39|10,13,16,20,31,32
1,16,20,26,39,40|6,10,14,21,27,32|13,17,22,25,28,31
1,16,21,26,28,40|6,15,17,25,27,31|10,11,13,20,32,39
1,6,9,25,32,39|11,12,14,21,27,35|15,16,17,26,29,31
1,9,14,21,25,32|6,11,12,27,35,39|15,16,17,26,29,31
1,9,14,28,32,39|6,12,16,27,31,35|15,17,21,22,26,29
1,9,15,16,25,32|6,11,12,27,35,39|14,17,21,26,29,31
1,15,26,29,32,39|6,9,16,17,25,31|11,12,14,21,27,35
1,16,21,26,29,32|6,9,11,17,25,39|12,14,15,27,31,35
1,9,15,16,31,32|6,14,17,26,29,39|11,12,13,20,21,35
6,9,10,31,32,39|12,14,15,25,27,35|16,17,20,21,26,29
9,10,11,15,32,39|12,13,25,28,31,35|16,17,20,21,26,29
9,10,11,16,21,32|12,13,25,28,31,35|15,17,20,26,29,39
9,10,14,21,31,32|11,12,22,27,35,39|15,16,17,25,26,29
9,10,14,22,32,39|11,12,21,27,31,35|15,16,17,25,26,29
9,10,15,16,31,32|11,12,22,27,35,39|14,17,21,25,26,29
1,6,13,17,22,25|10,20,29,31,39,40|11,14,19,21,26,28
1,6,13,17,28,31|10,11,25,29,39,40|14,19,20,21,22,26
1,6,15,25,27,29|10,11,14,17,39,40|18,20,21,28,31,32
1,6,16,27,28,29|10,11,14,17,39,40|18,20,21,22,25,32
