2,8,9,14,16,18|3,6,13,22,29,34|17,19,20,30,32,39
2,8,9,16,19,31|3,6,13,22,29,34|7,14,15,28,35,40|11,17,18,30,32,39
2,8,9,19,21,22|3,11,13,14,29,34|6,7,15,25,35,40|16,17,18,30,31,32
2,8,17,19,32,39|3,6,13,22,29,34|7,11,16,31,35,40|9,14,15,18,28,30
2,9,14,16,33,40|3,6,13,22,29,34|11,17,18,30,32,39
2,11,19,29,38,39|3,8,9,13,14,32|6,7,15,25,35,40
2,13,29,31,32,33|6,7,15,25,35,40|9,11,18,21,22,30
2,14,16,18,29,38|3,8,9,32,39,40|6,7,11,13,22,35
2,16,19,29,31,38|3,8,9,13,14,32|6,7,15,25,35,40
2,19,21,22,29,38|3,8,9,13,14,32|6,7,15,25,35,40
3,6,13,22,29,34|7,11,16,31,35,40|9,14,15,18,28,30
3,8,9,13,14,32|6,7,15,25,35,40|11,19,26,29,30,39
3,8,9,32,39,40|6,7,11,13,22,35|14,16,18,26,29,30
3,11,13,14,29,34|6,7,15,25,35,40|9,16,19,20,30,31
3,13,14,29,32,38|6,7,15,25,35,40|9,11,16,18,30,31
3,16,29,31,34,40|6,7,11,13,22,35|9,14,15,18,28,30
3,29,32,38,39,40|6,7,11,13,22,35|9,14,15,18,28,30
1,3,8,35,39,40|6,7,9,14,15,17|12,13,27,29,30,32
2,8,18,29,32,39|6,7,11,21,35,40|9,14,15,19,28,30
2,13,14,29,32,33|6,7,11,21,35,40|9,15,19,22,30,31
2,6,7,8,9,13|3,12,19,21,30,34|15,18,23,25,33,35
2,6,7,13,29,38|3,12,19,21,30,34|8,15,18,23,27,35
2,15,19,27,30,38|3,7,12,21,29,34|9,13,17,23,28,33
1,2,18,30,38,39|3,7,8,16,25,35|9,13,14,23,26,33
1,9,17,23,33,39|2,7,12,13,14,34|3,16,27,29,30,38
2,7,12,13,14,34|3,8,9,16,27,30|18,23,26,29,38,39
2,13,17,25,30,33|3,7,8,20,35,39|9,16,23,27,38,40
1,2,19,30,38,39|3,7,8,16,31,35|9,13,23,25,32,33
1,18,23,32,34,39|2,13,17,30,31,33|3,7,8,21,22,35
2,13,17,30,31,33|3,7,8,11,35,39|9,16,19,23,25,38
2,16,27,29,30,33|3,7,8,11,35,39|9,13,23,25,38,40
2,13,14,17,30,33|3,6,7,8,21,35|9,11,19,23,38,39
2,13,25,29,30,33|3,6,7,8,21,35|9,11,19,23,38,39
2,17,30,33,39,40|3,6,7,8,21,35|9,14,16,18,23,38
1,13,20,27,30,34|2,17,18,23,26,39|3,9,16,25,33,38
1,18,26,30,38,39|2,9,13,20,23,27|3,16,17,25,33,34
2,13,23,26,27,29|3,9,16,25,33,38|10,18,20,30,34,39
3,8,9,16,27,38|7,10,12,29,34,39|13,17,25,26,30,33
3,9,16,25,33,38|7,10,12,29,34,39|8,13,17,26,27,30
3,9,20,33,38,39|7,8,25,27,31,35|10,18,21,28,30,34
3,9,21,28,33,38|7,8,25,27,31,35|10,18,20,30,34,39
3,26,29,33,38,39|7,8,25,27,31,35|10,18,21,28,30,34
1,2,13,31,33,34|3,9,10,23,29,39|7,8,14,25,27,35
1,3,9,17,23,39|2,16,27,29,33,38|7,12,13,25,32,34
1,11,13,27,30,34|2,17,19,23,26,39|3,9,16,31,33,38
1,13,27,30,32,38|2,8,10,19,34,39|7,15,25,28,33,35
1,19,26,30,38,39|2,8,9,16,27,33|7,12,13,25,32,34
2,8,10,19,34,39|3,9,13,14,23,26|7,15,25,28,33,35
2,9,11,13,23,27|3,16,17,31,33,34|10,18,30,32,38,39
2,13,17,23,27,32|3,9,11,33,38,39|10,16,18,30,31,34
2,13,17,31,33,38|3,9,10,23,29,39|7,8,14,25,27,35
2,17,19,23,26,39|3,8,9,13,25,38|7,20,21,28,33,35|10,16,18,30,31,34
3,8,9,13,25,38|7,20,21,28,33,35|10,11,18,30,34,39
3,8,13,17,25,34|7,20,21,28,33,35|10,18,30,32,38,39
3,9,10,23,29,39|7,8,14,25,27,35|13,17,26,30,31,33
3,9,11,33,38,39|7,8,14,25,27,35|10,16,18,30,31,34
3,9,13,14,23,26|7,8,15,27,28,35|10,11,18,30,34,39
3,9,16,23,27,32|7,15,25,28,33,35|10,11,18,30,34,39
3,9,16,31,33,38|7,8,14,25,27,35|10,11,18,30,34,39
3,9,21,22,33,38|7,8,14,25,27,35|10,11,18,30,34,39
3,9,23,26,39,40|7,8,14,25,27,35|10,16,18,30,31,34
3,16,17,31,33,34|7,8,14,25,27,35|10,18,30,32,38,39
3,17,21,22,33,34|7,8,14,25,27,35|10,18,30,32,38,39
3,17,32,33,38,39|7,8,14,25,27,35|10,16,18,30,31,34
1,7,16,17,31,34|2,9,12,13,23,27|3,8,10,33,35,39
1,7,17,21,22,34|2,9,12,13,23,27|3,8,10,33,35,39
2,9,12,13,23,27|3,8,10,33,35,39|7,16,26,31,34,40
1,11,19,30,34,39|2,6,9,18,21,23|7,8,13,14,20,35
1,13,30,31,34,40|2,6,9,18,21,23|7,11,14,16,33,35
1,16,19,30,31,34|2,6,9,18,21,23|7,8,13,14,20,35
1,17,29,30,33,39|2,6,9,18,21,23|7,8,11,13,31,35
1,19,30,32,38,39|2,6,9,18,21,23|3,8,13,29,31,34|7,11,14,16,33,35
2,6,9,18,21,23|3,8,13,29,31,34|7,11,14,16,33,35
2,8,18,29,38,39|3,9,13,14,23,32|6,7,11,21,33,35
2,9,11,19,23,39|3,6,21,29,33,34|7,8,13,14,20,35
2,9,13,23,31,40|3,6,21,29,33,34|11,17,19,30,38,39
2,9,14,16,18,23|3,6,21,29,33,34|7,8,11,13,31,35
2,9,16,19,23,31|3,6,21,29,33,34|7,8,13,14,20,35
2,9,19,21,22,23|3,8,13,29,31,34|7,11,14,16,33,35
2,17,19,23,32,39|3,6,21,29,33,34|7,8,11,13,31,35
3,6,21,29,33,34|7,8,11,13,31,35|14,16,17,18,30,38
3,8,13,29,31,34|6,7,11,21,33,35|14,16,17,18,30,38
3,9,13,14,23,32|6,7,11,21,33,35|8,18,26,29,30,39
3,9,23,32,39,40|6,7,8,13,28,35|14,16,17,18,30,38
3,14,16,29,33,34|6,7,8,13,28,35|11,17,19,30,38,39
1,14,16,19,30,34|2,18,23,29,32,39|6,7,8,13,22,35
2,6,9,19,21,23|3,8,13,14,29,34|17,30,32,33,39,40
2,18,23,29,32,39|6,7,8,13,22,35|9,16,30,31,33,40
1,16,18,25,30,34|2,8,13,27,29,38|7,11,20,33,35,39
1,16,27,30,34,40|2,8,9,13,25,33|7,12,17,29,38,39
1,18,21,28,30,34|2,8,9,13,25,33|7,12,17,29,38,39
2,8,9,13,25,33|6,10,18,21,30,34|7,12,17,29,38,39
2,8,17,18,38,39|3,9,13,23,25,32|7,11,21,28,33,35|10,16,19,30,31,34
2,9,16,18,23,25|3,6,17,21,33,34|7,8,14,27,31,35|10,19,30,32,38,39
2,9,16,23,27,40|3,6,17,21,33,34|7,8,13,20,25,35|10,19,30,32,38,39
2,9,18,20,23,39|3,6,17,21,33,34|7,8,11,16,27,35
2,9,18,21,23,28|3,8,13,17,31,34|7,11,16,25,33,35|10,19,30,32,38,39
2,13,25,29,33,38|6,10,18,21,30,34|7,8,9,12,17,39
2,18,23,26,29,39|3,6,9,21,33,38|7,8,11,16,27,35|10,13,30,31,34,40
3,6,9,21,33,38|7,8,11,16,27,35|10,13,30,31,34,40
3,6,17,21,33,34|7,8,11,16,27,35|10,19,30,32,38,39
3,8,9,13,31,38|6,10,18,21,30,34|7,11,16,25,33,35
3,8,13,17,31,34|7,11,16,25,33,35|10,19,30,32,38,39
3,8,16,27,29,34|7,11,20,33,35,39|17,18,21,28,30,38
3,9,13,23,25,32|6,10,18,21,30,34|7,8,11,16,27,35
3,9,14,16,33,38|6,10,18,21,30,34|7,8,13,20,25,35
3,14,16,17,33,34|7,8,13,20,25,35|10,19,30,32,38,39
3,20,29,33,34,39|7,8,11,16,27,35|17,18,21,28,30,38
1,3,13,23,25,35|6,7,10,21,29,34|9,12,16,27,30,33
1,6,7,17,21,34|3,10,13,14,23,35|9,12,16,27,30,33
1,7,20,29,34,39|3,10,13,14,23,35|9,12,16,27,30,33
1,7,21,28,29,34|3,10,13,14,23,35|9,12,16,27,30,33
1,2,8,19,34,39|3,9,13,23,31,32|6,7,15,25,33,35|17,18,21,22,30,38
1,3,9,23,29,39|6,7,8,15,27,35|10,13,14,30,34,40
1,13,25,30,34,40|2,8,17,19,38,39|6,7,16,28,33,35
1,16,18,30,31,34|2,8,17,19,38,39|6,7,15,25,33,35
2,8,17,19,38,39|3,9,13,23,31,32|6,7,15,25,33,35
2,9,11,18,23,39|3,8,13,14,17,34|6,7,15,25,33,35
2,9,13,23,25,40|3,11,29,33,34,39|6,7,8,15,27,35|16,17,18,30,31,38
2,9,16,18,23,31|3,8,13,14,17,34|6,7,15,25,33,35
2,9,16,19,23,25|3,8,13,14,17,34|6,7,20,21,33,35
2,9,18,21,22,23|3,8,13,14,17,34|6,7,15,25,33,35
2,9,19,20,23,39|3,8,13,14,17,34|6,7,15,25,33,35
2,9,19,21,23,28|3,8,13,14,17,34|6,7,15,25,33,35
2,13,23,27,29,32|3,8,9,38,39,40|6,7,15,25,33,35|10,14,16,19,30,34
2,17,18,23,32,39|3,8,9,13,14,38|6,7,15,25,33,35
2,19,23,26,29,39|3,8,9,13,14,38|6,7,15,25,33,35
3,8,9,38,39,40|6,7,15,25,33,35|10,14,16,19,30,34
3,8,13,25,29,34|6,7,16,28,33,35|11,17,18,30,38,39
3,8,17,34,39,40|6,7,15,25,33,35|11,13,27,29,30,38
3,9,13,23,31,32|6,7,8,15,27,35|10,14,16,19,30,34
3,11,29,33,34,39|6,7,8,15,27,35|13,17,25,30,38,40
3,16,29,31,33,34|6,7,8,15,27,35|11,17,18,30,38,39
3,21,22,29,33,34|6,7,8,15,27,35|11,17,18,30,38,39
3,29,32,33,38,39|6,7,8,15,27,35|10,13,14,30,34,40
1,9,15,18,25,38|2,3,19,21,26,32|10,13,17,22,34,40
1,9,15,27,38,40|2,3,19,21,26,32|6,10,16,17,18,34
1,9,16,18,28,38|2,3,15,17,27,29|13,19,20,22,26,34
1,9,18,20,21,38|2,3,15,17,27,29|11,13,19,26,28,34
1,15,17,18,25,34|2,3,19,21,26,32|9,10,13,22,38,40
1,15,17,27,34,40|2,3,19,21,26,32|6,9,10,16,18,38
1,16,17,18,28,34|2,3,19,21,26,32|9,10,13,22,38,40
2,3,15,17,27,29|6,9,10,16,18,38|11,13,19,26,28,34
6,9,17,27,31,33|10,15,18,25,29,34|13,19,26,28,32,38
6,10,16,17,18,34|9,22,25,27,29,33|13,19,26,28,32,38
6,18,25,27,32,34|9,10,11,19,21,38|13,17,26,28,29,33
9,10,11,19,21,38|13,17,26,28,29,33|15,18,20,27,32,34
9,10,16,19,22,38|13,17,26,28,29,33|15,18,20,27,32,34
9,14,17,22,27,33|10,15,18,25,29,34|13,19,26,28,32,38
9,27,28,29,31,33|10,11,17,19,21,34|13,18,22,26,32,38
1,8,9,19,21,26|2,3,13,17,28,29|6,18,27,31,32,34
1,9,11,18,21,38|2,3,13,17,28,29|6,19,25,27,32,34
1,9,15,18,31,38|2,3,13,17,28,29|6,19,25,27,32,34
1,9,15,19,25,38|2,3,13,17,28,29|6,18,27,31,32,34
1,9,16,18,22,38|2,3,13,17,28,29|6,19,25,27,32,34
1,9,19,20,21,38|2,3,13,17,28,29|6,18,27,31,32,34
1,17,18,21,32,38|6,9,25,27,29,33|11,13,19,22,26,34
2,3,13,17,28,29|6,9,10,16,19,38|11,15,18,27,32,34
6,9,10,16,19,38|11,15,18,27,32,34|13,17,22,26,29,33
6,9,14,17,27,33|10,11,18,21,29,34|13,19,22,26,32,38
6,9,25,27,29,33|10,14,15,17,19,34|18,21,26,32,38,40
6,10,16,17,19,34|9,14,27,28,29,33|18,21,26,32,38,40
6,18,27,31,32,34|9,10,14,15,19,38|13,17,22,26,29,33
9,22,27,29,31,33|10,14,15,17,19,34|18,21,26,32,38,40
1,17,19,21,26,38|2,3,6,9,10,13|18,22,25,27,32,34
1,6,16,18,29,34|8,9,11,17,19,21|12,13,22,33,35,40
1,8,9,19,21,32|6,12,16,18,33,35|13,17,22,29,38,40
1,11,19,21,29,34|6,8,9,16,17,18|12,13,22,33,35,40
1,13,22,29,34,40|6,8,9,16,17,18|11,12,19,21,33,35
1,14,15,18,29,34|6,9,16,17,33,40|8,12,13,19,28,35
1,15,19,29,31,34|6,8,9,16,17,18|12,13,22,33,35,40
1,19,21,29,32,38|6,8,9,16,17,18|12,13,22,33,35,40
1,6,9,13,32,33|2,3,17,21,29,40|8,12,15,19,27,35
1,6,9,16,19,38|2,3,17,21,29,40|8,12,13,18,28,35
1,8,9,18,21,32|2,3,6,13,17,29|12,15,19,25,33,35
1,9,14,15,19,38|2,3,6,13,17,29|11,12,18,21,33,35
1,9,21,32,33,40|2,3,6,13,17,29|8,12,15,19,27,35
1,11,18,21,29,34|8,9,13,17,28,40|12,15,19,25,33,35
1,13,28,29,34,40|8,9,11,17,18,21|12,15,19,25,33,35
1,16,18,22,29,34|6,9,11,13,17,33|8,12,15,19,27,35
1,18,21,29,32,38|6,9,11,13,17,33|8,12,15,19,27,35
2,3,6,13,17,29|8,12,15,19,27,35|16,18,28,32,34,40
2,3,17,21,29,40|6,13,18,20,32,34|8,12,15,19,27,35
6,9,11,13,17,33|8,12,15,19,27,35|16,18,28,32,34,40
6,10,13,29,34,40|8,9,11,17,18,21|12,15,19,25,33,35
6,10,16,19,29,34|8,9,11,17,18,21|12,13,28,33,35,40
6,14,19,27,32,34|8,9,11,17,18,21|12,13,28,33,35,40
8,9,11,17,18,21|10,14,15,19,29,34|12,13,28,33,35,40
8,9,13,17,28,40|10,14,15,19,29,34|11,12,18,21,33,35
8,9,16,17,18,22|10,14,15,19,29,34|12,13,28,33,35,40
8,12,13,18,28,35|9,11,17,21,33,40|10,14,15,19,29,34
8,12,15,19,27,35|9,11,13,28,29,33|18,20,21,32,34,40
1,6,9,16,18,38|2,3,13,17,22,29|11,15,19,27,32,34
1,6,16,17,18,34|8,9,10,19,21,32|12,15,27,33,35,40
1,9,11,19,21,38|2,3,13,17,22,29|6,14,18,27,32,34
1,9,14,15,18,38|2,3,13,17,22,29|6,19,27,31,32,34
1,9,15,19,31,38|2,3,13,17,22,29|6,14,18,27,32,34
1,9,16,19,22,38|6,13,17,26,29,33|8,12,15,18,27,35
1,14,15,17,18,34|6,9,27,29,31,33|19,21,26,32,38,40
1,15,18,25,29,34|6,9,13,17,20,33|19,21,26,32,38,40
1,16,18,28,29,34|6,9,13,17,20,33|19,21,26,32,38,40
1,17,19,21,32,38|6,9,27,29,31,33|14,15,18,26,34,40
1,18,20,21,29,34|6,13,19,26,32,38|8,9,15,17,27,40
6,9,13,17,20,33|8,12,15,18,27,35|10,11,19,21,29,34
8,9,15,17,27,40|10,11,19,21,29,34|12,16,18,28,33,35
8,9,16,17,18,28|10,11,19,21,29,34|12,15,27,33,35,40
8,12,15,18,27,35|9,11,13,17,22,33|10,19,21,29,32,38
9,11,13,17,22,33|10,14,15,18,29,34|19,21,26,32,38,40
9,10,17,21,29,33|12,15,18,27,35,38|13,19,26,28,32,34
9,13,26,28,29,33|10,17,19,21,32,34|12,15,18,27,35,38
1,17,18,21,32,34|2,3,9,13,28,29|12,15,19,27,35,38
2,3,6,9,13,17|10,18,21,29,32,34|12,15,19,27,35,38
2,3,9,13,28,29|12,15,19,27,35,38|18,21,26,32,34,40
2,3,9,17,21,40|6,13,18,26,32,34|12,15,19,27,35,38
1,11,25,29,30,34|2,6,9,17,22,23|3,8,12,14,35,38
1,20,29,30,31,34|2,6,9,17,22,23|3,8,12,14,35,38
2,6,9,17,22,23|3,8,12,14,35,38|20,25,30,32,34,40
2,6,22,34,38,40|3,12,23,31,32,35|8,9,11,17,25,30
2,9,11,23,25,29|3,8,12,14,35,38|6,22,26,30,34,40
2,9,20,23,29,31|3,8,12,14,35,38|6,22,26,30,34,40
2,9,22,23,28,29|3,8,12,14,35,38|20,25,30,32,34,40
2,11,14,34,38,40|3,12,23,31,32,35|8,9,17,22,28,30
2,17,23,25,29,32|3,8,12,14,35,38|6,22,26,30,34,40
1,2,8,9,25,38|3,12,23,26,31,35|6,10,17,28,30,34
1,2,8,17,25,34|3,12,23,26,31,35|6,9,10,28,30,38
1,8,9,25,26,30|2,12,20,23,27,35|3,22,28,32,34,38
1,17,20,25,30,34|2,8,9,10,14,38|3,12,23,26,31,35
2,8,20,27,32,34|3,12,23,26,31,35|6,9,10,28,30,38
2,12,20,23,27,35|3,8,26,31,32,34|6,9,10,28,30,38
2,20,25,32,33,34|3,12,23,26,31,35|6,9,10,28,30,38
1,2,8,9,14,38|3,12,23,25,32,35|6,10,28,29,30,34
1,6,9,28,30,38|2,8,10,14,29,34|3,12,23,25,32,35
1,20,25,29,30,34|2,6,9,17,23,28|3,8,12,31,35,38
2,6,9,17,23,28|3,8,12,31,35,38|10,14,20,29,30,34
2,9,11,17,23,31|3,6,22,32,34,38|8,12,20,27,30,35
2,14,17,23,26,29|3,6,22,32,34,38|8,12,20,27,30,35
1,2,8,9,31,38|3,12,14,23,26,35|6,10,17,22,30,34
1,2,8,17,31,34|3,12,14,23,26,35|6,9,10,22,30,38
1,8,9,26,30,31|2,11,12,23,27,35|3,6,28,32,34,38
1,9,11,25,30,38|2,8,10,29,31,34|3,12,14,23,26,35
1,9,20,30,31,38|2,8,11,27,32,34|3,12,14,23,26,35
1,9,22,28,30,38|2,8,10,29,31,34|3,12,14,23,26,35
1,17,20,30,31,34|2,9,10,14,23,32|3,8,12,25,35,38
1,17,22,28,30,34|2,9,10,14,23,32|3,8,12,25,35,38
1,17,25,30,32,38|2,8,10,29,31,34|3,12,14,23,26,35
2,8,11,27,32,34|3,12,14,23,26,35|6,9,10,22,30,38
2,9,10,14,23,32|3,8,12,25,35,38|20,26,30,31,34,40
2,9,17,22,23,28|3,8,12,25,35,38|10,20,29,30,31,34
2,11,25,32,33,34|3,12,14,23,26,35|6,9,10,22,30,38
2,20,31,34,38,40|3,12,14,23,26,35|8,9,10,25,30,32
2,22,28,34,38,40|3,12,14,23,26,35|8,9,10,25,30,32
1,2,9,11,14,30|6,12,22,33,35,38|8,17,20,29,31,34
1,2,14,17,30,32|6,9,22,23,26,29|8,12,25,35,38,40
1,2,25,29,30,32|6,8,9,17,22,38|12,14,23,26,35,40
1,6,22,29,34,38|2,3,8,12,14,35|9,11,17,23,31,32
1,8,9,11,14,34|2,17,20,29,30,31|6,12,22,33,35,38
1,12,23,25,29,35|2,14,26,30,32,40|6,8,9,17,22,38
2,11,17,25,29,30|6,12,22,33,35,38|8,14,26,32,34,40
2,17,20,29,30,31|6,12,22,33,35,38|8,14,26,32,34,40
1,2,14,17,26,30|6,8,9,10,28,34|12,20,25,33,35,38
1,6,17,28,34,38|2,9,10,11,30,31|8,12,25,26,33,35
1,8,9,14,26,38|2,3,11,25,32,34|10,12,17,23,31,35
1,8,14,17,26,34|2,6,9,10,28,30|12,20,25,33,35,38
1,11,17,31,34,38|2,6,9,10,28,30|8,12,25,26,33,35
1,14,17,20,34,38|2,6,9,10,28,30|8,12,25,26,33,35
2,3,11,25,32,34|6,9,17,23,26,28|8,12,20,27,35,38
2,6,9,10,28,30|8,12,20,27,35,38|11,26,31,32,33,34
2,9,10,11,30,31|6,26,28,32,33,34|8,12,20,27,35,38
1,2,9,11,25,30|6,10,22,29,34,38|8,12,26,31,33,35
1,2,9,20,30,31|6,10,22,29,34,38|12,23,25,26,35,40
1,2,9,22,28,30|8,10,14,17,32,34|11,12,25,33,35,38
1,2,17,25,30,32|6,8,9,10,22,34|12,20,31,33,35,38
1,2,26,29,30,31|6,8,9,10,22,34|11,12,25,33,35,38
1,6,17,22,34,38|2,3,8,12,25,35|9,20,23,26,29,31
1,8,9,11,25,34|2,10,14,17,30,32|12,20,31,33,35,38
1,8,9,20,31,34|2,10,14,17,30,32|11,12,25,33,35,38
1,8,9,22,28,34|2,10,14,17,30,32|11,12,25,33,35,38
1,8,17,25,32,34|2,6,9,10,22,30|12,20,31,33,35,38
1,8,26,29,31,34|2,6,9,10,22,30|11,12,25,33,35,38
1,9,14,23,26,32|2,3,8,12,25,35|6,10,22,29,34,38
1,11,14,17,34,38|2,3,8,12,25,35|9,20,23,26,29,31
1,11,25,29,34,38|2,6,9,10,22,30|8,12,26,31,33,35
1,20,29,31,34,38|2,3,8,12,25,35|6,9,17,22,23,26
1,22,28,29,34,38|2,3,8,12,25,35|9,11,14,17,23,26
2,3,8,12,25,35|6,9,17,22,23,26|10,11,14,29,34,38
2,3,14,20,32,34|6,9,17,22,23,26|8,11,12,27,35,38
2,6,9,10,22,30|8,11,12,27,35,38|17,23,25,26,29,32
2,10,25,29,30,32|6,9,17,22,23,26|8,11,12,27,35,38
2,25,26,30,32,40|6,8,9,10,22,34|12,20,31,33,35,38
6,9,17,22,23,26|8,10,25,29,32,34|12,20,31,33,35,38
6,10,22,29,34,38|8,12,26,31,33,35|9,17,20,23,25,32
8,9,17,20,31,38|10,12,23,25,29,35|11,14,26,32,33,34
8,9,17,22,28,38|10,12,23,25,29,35|11,14,26,32,33,34
8,10,14,17,32,34|9,11,23,25,26,29|12,20,31,33,35,38
8,10,25,29,32,34|9,11,14,17,23,26|12,20,31,33,35,38
8,12,26,31,33,35|9,17,20,23,25,32|10,11,14,29,34,38
1,2,6,9,28,30|8,10,29,31,32,34|12,14,20,33,35,38
1,2,9,11,30,31|6,12,28,33,35,38|8,17,20,25,29,34
1,2,9,14,20,30|6,12,28,33,35,38|8,10,29,31,32,34
1,2,14,26,29,30|6,8,9,17,28,38|11,12,23,27,32,35
1,2,17,30,31,32|6,9,23,26,28,29|12,14,20,33,35,38
1,6,8,9,28,34|2,10,29,30,31,32|12,14,20,33,35,38
1,6,28,29,34,38|2,3,8,12,31,35|9,11,17,23,25,32
1,8,9,11,31,34|2,17,20,25,29,30|6,12,28,33,35,38
1,8,9,14,20,34|2,10,29,30,31,32|6,12,28,33,35,38
1,8,14,26,29,34|3,11,12,25,30,35|9,17,20,23,31,32
1,8,17,31,32,34|3,11,12,25,30,35|6,9,23,26,28,29
1,12,17,23,31,35|2,3,6,22,32,34|8,9,20,25,29,38
1,14,20,29,34,38|2,3,8,12,31,35|9,11,17,23,25,32
2,3,8,12,31,35|6,9,23,26,28,29|11,25,32,34,38,40
2,3,11,14,32,34|6,8,9,17,28,38|10,12,23,29,31,35
2,17,20,25,29,30|6,12,28,33,35,38|8,26,31,32,34,40
1,2,6,22,29,34|3,8,12,31,32,35|9,11,14,17,20,30
1,2,11,14,29,34|3,8,12,31,32,35|6,9,17,20,22,30
1,2,6,28,29,34|3,8,12,25,32,35|9,11,17,20,30,31
1,2,8,9,31,32|3,6,12,22,35,38|14,17,20,26,29,30
1,26,29,30,31,32|2,6,8,9,17,28|3,11,12,14,35,38
2,11,25,32,34,40|3,6,12,22,35,38|14,17,20,26,29,30
1,2,6,17,22,34|3,8,12,14,26,35|9,10,11,30,31,32
1,2,8,9,25,32|3,6,12,28,35,38|17,20,26,29,30,31
1,2,11,25,29,34|3,6,12,28,35,38|9,10,14,20,30,32
1,2,22,28,29,34|3,8,12,14,26,35|9,10,11,30,31,32
1,2,25,29,32,38|3,8,12,14,26,35|9,17,20,22,28,30
1,9,20,25,30,32|2,6,10,22,29,34|3,8,12,14,26,35
1,14,17,26,30,32|2,6,10,22,29,34|3,11,12,31,35,38
1,25,26,29,30,32|2,8,9,17,20,31|3,6,12,28,35,38
2,6,10,22,29,34|3,8,12,14,26,35|9,11,17,20,25,30
2,6,22,26,34,40|3,11,12,31,35,38|9,10,14,20,30,32
2,8,9,10,14,32|3,6,12,28,35,38|11,17,25,26,29,30
2,8,9,11,17,25|3,6,12,28,35,38|10,14,26,29,30,32
2,8,9,17,20,31|3,6,12,28,35,38|10,14,26,29,30,32
2,8,9,17,22,28|3,11,12,31,35,38|10,14,26,29,30,32
2,8,17,26,29,31|3,6,12,28,35,38|9,10,14,20,30,32
2,11,17,25,29,38|3,8,12,14,26,35|6,9,10,28,30,32
2,17,20,29,31,38|3,8,12,14,26,35|6,9,10,28,30,32
2,17,22,28,29,38|3,8,12,14,26,35|9,10,11,30,31,32
1,2,6,17,28,34|3,8,12,26,31,35|9,10,11,25,30,32
1,2,14,17,20,34|3,8,12,26,31,35|9,10,11,25,30,32
1,2,20,25,29,34|3,8,12,26,31,35|9,10,22,28,30,32
1,9,14,20,26,30|2,6,10,28,29,34|3,11,12,25,35,38
1,17,26,30,31,32|2,6,10,28,29,34|3,11,12,25,35,38
2,6,26,28,34,40|3,11,12,25,35,38|9,10,20,30,31,32
2,8,17,25,26,29|3,12,20,31,35,38|9,10,22,28,30,32
2,14,20,26,34,40|3,11,12,25,35,38|9,10,22,28,30,32
1,9,22,26,28,30|2,10,11,14,17,34|3,12,20,25,35,38
1,6,9,11,28,34|2,3,12,14,20,35|8,17,25,26,29,32
1,6,9,20,22,34|2,3,11,12,31,35|8,17,25,26,29,32
1,6,22,26,29,34|2,3,11,12,31,35|8,9,17,20,25,32
1,8,9,14,26,32|2,3,6,12,28,35|11,17,20,25,29,34
1,9,11,14,20,34|2,3,6,12,28,35|8,17,25,26,29,32
1,11,14,26,29,34|2,3,6,12,28,35|8,9,17,20,25,32
1,14,17,20,32,34|2,3,6,12,28,35|8,9,11,25,26,29
1,20,25,29,32,34|2,3,6,12,28,35|8,9,11,14,17,26
2,3,11,12,31,35|6,8,9,17,22,26|10,14,20,29,32,34
2,3,12,14,20,35|6,8,9,17,22,26|10,11,29,31,32,34
6,8,9,17,22,26|10,11,29,31,32,34|12,20,25,35,38,40
6,9,11,17,28,38|8,10,12,25,29,35|14,20,26,32,34,40
6,9,17,20,22,38|8,10,12,25,29,35|11,26,31,32,34,40
6,10,28,29,32,34|8,9,11,14,17,26|12,20,25,35,38,40
6,26,28,32,34,40|8,10,12,14,17,35|9,11,20,25,29,38
1,8,12,17,31,35|6,9,20,28,29,38|11,14,26,32,34,40
1,6,9,22,26,38|2,3,12,20,25,35|10,11,17,31,32,34
1,6,17,22,26,34|2,3,12,20,25,35|9,10,11,31,32,38
1,9,11,14,26,38|2,3,12,20,25,35|6,10,17,28,32,34
1,11,14,17,26,34|2,3,12,20,25,35|6,9,10,28,32,38
1,14,17,26,32,38|2,3,12,20,25,35|6,9,10,11,28,34
1,22,26,28,29,34|2,3,12,20,25,35|9,10,11,31,32,38
1,14,20,26,29,34|2,3,11,12,25,35|6,9,10,22,32,38
2,3,11,12,25,35|6,8,9,17,26,28|10,20,29,31,32,34
2,3,12,20,31,35|6,8,9,17,26,28|10,11,25,29,32,34
2,13,17,18,30,38|3,7,16,32,33,35|9,14,19,23,27,34
2,9,17,19,21,23|7,8,15,27,29,35|13,18,28,30,32,34
1,7,16,17,33,35|2,9,13,19,23,26|18,25,27,29,30,34
2,9,13,19,23,26|7,10,16,29,33,35|14,17,18,27,30,34
3,9,13,32,33,38|7,8,16,18,26,35|17,19,27,30,31,34
3,13,17,32,33,34|7,8,16,18,26,35|9,19,27,30,31,38
2,9,13,33,38,40|7,8,16,19,26,35|18,27,29,30,31,34
1,2,9,19,21,30|3,7,15,29,31,35|6,13,18,32,34,38
1,2,9,18,21,30|3,6,7,16,17,35|13,19,28,32,34,38
2,9,10,19,21,30|3,7,15,17,31,35|13,18,28,32,34,38
1,2,7,13,28,35|3,9,15,17,27,30|10,18,21,29,34,38
2,6,7,10,13,35|3,9,15,17,27,30|18,21,26,32,33,34
2,7,10,21,35,40|3,9,15,17,27,30|6,13,18,26,34,38
2,9,10,18,21,30|3,7,15,17,25,35|13,19,22,26,34,38
2,6,13,19,32,34|7,14,15,17,35,40|9,16,18,28,29,30
2,19,21,32,34,40|6,7,13,20,29,35|9,14,15,17,18,30
2,6,13,18,32,34|3,9,21,29,38,40|12,15,19,27,30,35
2,18,21,32,34,40|3,6,9,13,29,38|12,15,19,27,30,35
2,13,18,22,32,34|3,12,19,21,35,38|9,15,17,27,30,40
2,13,19,28,32,34|6,7,27,29,31,35|9,15,17,18,25,30
1,9,19,21,26,30|2,13,18,28,32,34|6,7,14,17,27,35
2,6,13,19,26,34|3,9,17,21,32,33|7,14,27,28,29,35
2,13,18,28,32,34|3,9,17,21,38,40|6,7,25,27,29,35
2,19,21,26,34,40|3,6,9,13,17,38|7,14,27,28,29,35
1,2,9,18,21,38|3,15,17,27,29,34|7,10,13,22,32,35
1,2,17,18,21,34|3,9,15,27,29,38|7,10,13,22,32,35
1,9,18,21,26,30|3,15,17,27,29,34|7,10,13,22,32,35
2,9,13,17,28,33|3,19,21,26,32,34|7,22,25,27,29,35
2,18,21,26,34,40|3,9,13,17,22,38|7,27,28,29,31,35
1,3,9,13,29,30|2,6,7,15,18,35|16,17,19,32,33,34
2,13,19,26,29,30|3,7,16,32,35,40|6,9,15,18,33,34
2,9,14,19,27,30|3,7,11,13,32,35|16,17,18,34,38,40
1,3,9,13,17,30|2,7,14,18,25,35|19,27,29,31,34,38
1,13,18,32,34,38|2,7,14,27,35,40|3,9,16,19,26,30
2,9,19,27,30,31|3,7,13,20,32,35|16,18,26,29,33,34
1,3,7,16,17,35|2,9,18,27,30,31|10,13,19,32,34,38
2,7,27,31,35,40|3,9,16,18,26,30|10,13,17,29,33,34
2,9,18,27,30,31|3,7,10,16,29,35|13,17,26,33,34,40
2,9,19,25,27,30|3,7,10,16,29,35|8,13,17,18,26,34
2,13,17,18,26,30|3,7,10,16,29,35|8,9,19,25,27,34
1,2,9,13,17,33|3,16,18,26,29,34|7,25,27,32,35,40
1,7,13,17,20,35|2,9,14,19,27,38|3,16,18,26,29,34
2,19,25,27,29,34|7,10,16,17,35,40|9,13,18,20,26,30
3,9,12,16,18,34|7,13,17,26,29,32|10,14,19,27,30,35
1,3,13,17,29,34|6,7,15,18,26,35|9,19,25,27,30,32
1,7,14,27,29,35|2,8,9,13,19,26|3,16,17,18,32,34
2,9,11,13,18,38|3,16,19,26,29,34|7,27,31,32,35,40
2,13,19,26,29,38|3,9,11,16,18,34|7,27,31,32,35,40
2,19,27,29,31,34|3,9,16,18,32,38|7,11,13,26,35,40
3,13,26,29,34,40|7,18,25,31,32,35|9,10,16,17,19,30
1,7,10,13,32,35|2,9,14,18,27,38|3,16,17,19,26,34
2,9,14,18,27,38|3,10,13,17,29,34|7,19,25,26,31,35
2,9,19,27,31,38|3,10,13,17,29,34|7,14,18,25,26,35
2,13,17,19,26,38|3,9,18,25,31,34|7,10,14,27,29,35
2,14,17,18,27,34|3,9,10,13,29,38|7,19,25,26,31,35
2,17,19,27,31,34|3,9,10,13,29,38|7,14,18,25,26,35
2,11,13,17,19,34|7,10,16,29,35,40|9,14,18,27,30,32
2,13,17,19,32,38|3,6,9,15,18,34|7,10,16,29,35,40
3,6,9,15,18,34|7,10,16,29,35,40|13,17,19,26,30,32
3,13,17,32,34,40|6,7,15,19,26,35|9,10,16,18,29,30
1,14,19,27,30,35|2,12,13,18,29,34|7,9,16,17,32,40
1,3,7,16,35,40|2,10,13,18,29,30|9,14,17,19,23,27
3,7,10,16,35,40|9,17,18,23,27,31|13,19,20,26,33,34
1,7,11,13,33,35|3,9,16,17,18,23|19,25,27,30,34,40
3,13,17,29,33,38|7,8,10,16,19,35|18,27,30,31,34,40
1,2,9,13,33,40|3,16,17,18,29,38|6,7,10,15,19,35
1,2,13,18,29,38|3,9,16,17,33,40|6,7,10,15,19,35
1,7,11,16,18,35|2,14,19,27,34,40|3,9,13,20,29,33
1,7,15,18,22,35|2,14,19,27,34,40|3,9,13,20,29,33
1,2,13,17,19,38|3,9,14,27,29,33|6,7,10,15,18,35
1,3,9,13,32,33|2,14,18,27,34,40|7,10,11,16,19,35
1,7,19,25,31,35|2,14,18,27,34,40|3,9,11,13,17,33
2,13,19,26,38,40|3,9,14,27,29,33|6,7,10,15,18,35
2,14,18,27,34,40|3,9,11,13,17,33|7,10,15,19,22,35
2,19,27,31,34,40|3,9,11,13,17,33|6,7,10,15,18,35
1,2,13,17,18,38|3,9,27,29,31,33|7,10,14,19,25,35
2,13,18,26,38,40|3,9,27,29,31,33|7,10,14,19,25,35
2,18,27,31,34,40|3,9,13,17,20,33|7,10,14,19,25,35
2,19,25,27,34,40|3,9,13,17,20,33|7,10,11,16,18,35
1,7,25,27,35,40|2,9,10,16,18,33|3,13,19,20,26,34
1,7,11,18,25,35|2,9,10,14,19,33|3,17,27,29,38,40
1,7,11,27,35,40|2,9,10,14,19,33|3,17,18,25,29,38
1,7,18,20,31,35|2,9,10,14,19,33|3,17,27,29,38,40
1,7,18,22,28,35|2,9,10,14,19,33|3,17,27,29,38,40
1,18,27,29,30,38|3,9,17,19,23,25|7,10,14,33,35,40
1,2,20,30,31,32|6,8,26,28,29,38|10,11,12,14,23,35
1,11,12,23,25,35|2,6,10,22,30,32|8,14,20,26,29,38
1,2,20,25,30,32|6,8,17,22,26,38|10,11,12,23,31,35
1,8,14,26,32,38|2,11,17,20,25,30|6,10,12,23,28,35
1,12,20,23,25,35|2,6,10,28,30,32|8,11,14,17,26,38
2,7,8,9,13,14|3,12,19,30,34,39|16,18,23,25,33,35
2,7,13,14,29,38|3,12,19,30,34,39|8,16,18,23,27,35
2,16,19,27,30,38|3,7,12,29,34,39|9,13,17,23,25,33
1,2,6,17,20,34|3,8,12,22,26,35|9,10,11,28,30,32
1,17,22,26,30,32|2,6,10,20,29,34|3,11,12,28,35,38
1,2,6,17,26,30|8,9,10,11,22,34|12,20,28,33,35,38
1,6,8,9,26,38|2,3,11,28,32,34|10,12,17,22,23,35
1,6,8,17,26,34|2,9,10,11,22,30|12,20,28,33,35,38
1,6,17,20,34,38|2,9,10,11,22,30|8,12,26,28,33,35
1,11,17,22,34,38|2,6,9,10,20,30|8,12,26,28,33,35
1,2,9,11,28,30|6,8,10,17,32,34|12,20,22,33,35,38
1,2,9,20,22,30|6,8,10,17,32,34|11,12,28,33,35,38
1,2,17,28,30,32|6,8,9,10,11,34|12,20,22,33,35,38
1,6,11,17,34,38|2,3,8,12,28,35|9,20,22,23,26,29
1,8,9,11,28,34|2,6,10,17,30,32|12,20,22,33,35,38
1,8,9,20,22,34|2,6,10,17,30,32|11,12,28,33,35,38
1,8,17,28,32,34|2,6,9,10,11,30|12,20,22,33,35,38
1,11,28,29,34,38|2,6,10,17,30,32|8,12,22,26,33,35
1,20,22,29,34,38|2,3,8,12,28,35|6,9,11,17,23,26
2,6,9,10,11,30|8,12,22,26,33,35|20,28,32,34,38,40
2,10,28,29,30,32|6,9,11,17,23,26|12,20,22,33,35,38
2,26,28,30,32,40|6,8,9,10,11,34|12,20,22,33,35,38
6,8,9,10,11,34|12,20,22,33,35,38|17,23,26,28,29,32
6,8,10,17,32,34|9,11,23,26,28,29|12,20,22,33,35,38
6,9,11,17,23,26|8,10,28,29,32,34|12,20,22,33,35,38
6,10,11,29,34,38|8,12,22,26,33,35|9,17,20,23,28,32
6,11,26,32,33,34|8,9,17,20,22,38|10,12,23,28,29,35
1,6,8,26,29,34|3,11,12,28,30,35|9,17,20,22,23,32
1,6,20,29,34,38|2,3,8,12,22,35|9,11,17,23,28,32
1,8,17,22,32,34|3,11,12,28,30,35|6,9,20,23,26,29
1,12,17,22,23,35|2,3,6,11,32,34|8,9,20,28,29,38
2,3,6,11,32,34|8,9,20,28,29,38|12,22,23,26,35,40
2,3,8,12,22,35|6,9,20,23,26,29|11,28,32,34,38,40
1,2,8,9,28,38|3,12,22,23,26,35|6,10,17,20,30,34
1,2,8,17,28,34|3,12,22,23,26,35|6,9,10,20,30,38
1,9,20,28,30,38|2,6,8,10,17,34|3,12,22,23,26,35
1,17,20,28,30,34|2,6,8,9,10,38|3,12,22,23,26,35
1,2,6,8,9,38|3,12,23,28,32,35|10,11,22,29,30,34
1,9,11,22,30,38|2,6,8,10,29,34|3,12,23,28,32,35
1,2,8,9,22,38|3,6,12,23,26,35|10,11,28,29,30,34
1,2,8,17,22,34|3,6,12,23,26,35|10,28,29,30,32,38
1,9,11,28,30,38|2,8,10,22,29,34|3,6,12,23,26,35
1,9,20,22,30,38|2,11,28,32,33,34|3,6,12,23,26,35
1,17,20,22,30,34|2,6,9,10,23,32|3,8,12,28,35,38
1,17,28,30,32,38|2,8,10,22,29,34|3,6,12,23,26,35
2,6,9,10,23,32|3,8,12,28,35,38|20,22,26,30,34,40
2,20,22,34,38,40|3,6,12,23,26,35|8,9,10,28,30,32
1,6,7,33,35,39|3,9,13,15,17,23|11,19,21,27,30,34
2,6,18,33,34,39|3,9,13,15,17,23|19,21,27,30,32,38
3,18,23,28,35,39|6,7,9,13,31,38|12,19,21,27,30,34
1,7,22,33,35,39|2,8,19,21,27,34|13,15,18,26,30,38
2,18,22,33,34,39|3,9,21,23,27,29|7,8,10,13,15,35
2,19,28,33,34,39|3,9,21,23,27,29|7,8,10,13,15,35
1,3,7,28,35,39|2,19,21,26,27,30|9,10,13,15,33,38
2,19,21,26,27,30|3,6,7,10,35,39|13,18,25,28,34,38
3,7,10,14,21,35|9,13,17,23,27,28|18,22,26,33,34,39
2,6,7,9,39,40|8,18,21,25,33,35|12,13,15,19,34,38
1,3,6,7,35,39|2,13,15,18,26,30|9,17,21,23,27,40
1,3,7,14,21,35|2,13,15,18,26,30|6,16,19,27,34,38
1,3,7,15,16,35|2,18,21,27,30,32|6,19,26,33,34,39
2,7,9,12,13,15|3,17,21,27,29,30|6,19,26,33,34,39
2,13,15,19,26,30|8,9,21,27,29,33|18,22,34,38,39,40
1,6,7,13,31,35|2,18,22,34,39,40|9,10,14,19,21,30
1,7,11,13,15,35|2,18,21,31,34,40|3,9,22,29,33,39
1,7,13,14,22,35|2,18,21,31,34,40|6,9,10,19,30,39
1,7,21,31,35,40|2,6,13,19,25,34|3,9,22,29,33,39
1,7,22,35,39,40|2,6,13,18,31,34|9,10,14,19,21,30
1,7,9,21,29,31|2,12,13,15,18,34|3,28,33,35,39,40
1,7,9,22,29,39|2,12,13,15,18,34|3,8,21,27,35,40
1,2,9,13,15,33|3,18,21,31,32,34|6,7,10,35,39,40
1,6,7,13,25,35|2,14,15,19,27,34|3,9,28,29,33,39
1,7,13,14,28,35|2,6,16,19,27,34|3,9,21,25,29,33
1,7,13,15,20,35|2,6,16,19,27,34|3,9,14,17,21,33
1,7,13,22,31,35|2,6,16,19,27,34|3,9,14,17,21,33
1,7,21,25,35,40|2,6,16,19,27,34|3,9,28,29,33,39
1,7,28,35,39,40|2,6,13,18,25,34|3,8,9,21,27,29
2,6,13,18,25,34|3,8,9,21,27,29|7,10,15,16,35,40
2,13,14,18,28,34|3,6,9,17,33,39|7,10,15,16,35,40
2,13,15,18,20,34|3,6,9,17,33,39|7,10,14,21,35,40
2,13,18,22,31,34|3,6,9,17,33,39|7,10,14,21,35,40
2,13,19,22,25,34|3,6,9,17,33,39|7,10,14,21,35,40
2,13,19,28,31,34|3,6,9,17,33,39|7,10,14,21,35,40
2,18,28,34,39,40|3,8,9,21,27,29|6,7,10,13,14,35
1,6,7,35,39,40|2,11,13,15,19,34|3,9,14,21,29,33
1,7,14,21,35,40|2,6,13,19,31,34|3,9,15,16,29,33
2,6,18,34,39,40|3,9,14,21,29,33|13,15,19,26,30,32
2,14,18,21,34,40|3,6,9,29,33,39|13,15,19,26,30,32
1,6,7,9,29,39|2,12,13,15,19,34|3,8,18,21,31,35
1,7,9,14,21,29|2,12,13,15,19,34|3,8,18,22,35,39
2,12,13,15,19,34|3,8,18,21,31,35|7,9,22,32,39,40
1,3,9,13,15,38|2,6,16,18,27,34|7,10,21,31,35,40
1,3,13,15,17,34|2,19,21,27,32,38|7,10,22,35,39,40
1,6,7,16,27,35|2,13,15,19,26,38|3,9,17,21,31,33
1,7,13,22,25,35|2,6,16,18,27,34|3,9,17,21,31,33
1,7,13,28,31,35|2,6,16,18,27,34|3,9,17,22,33,39
1,7,14,15,27,35|2,13,18,22,25,34|3,9,17,21,31,33
1,9,13,22,27,30|3,6,19,26,34,39|7,10,21,31,35,40
2,6,16,18,27,34|3,9,17,21,31,33|7,10,11,13,15,35
2,11,19,21,27,34|3,9,17,22,33,39|6,7,10,13,31,35
2,13,15,19,26,38|3,9,17,21,31,33|7,10,22,35,39,40
2,13,18,28,31,34|3,9,17,22,33,39|19,21,26,27,30,32
2,13,19,25,28,34|3,9,17,21,31,33|7,10,22,35,39,40
2,14,15,18,27,34|3,9,17,21,31,33|7,10,22,35,39,40
2,16,19,22,27,34|3,9,17,21,31,33|7,10,11,13,15,35
2,17,21,27,29,33|3,6,19,26,34,39|7,10,11,13,15,35
2,19,21,27,32,38|3,9,17,22,33,39|6,7,10,13,31,35
3,9,17,22,33,39|6,7,10,13,31,35|19,21,26,27,30,32
1,7,9,17,22,39|2,12,19,21,27,34|3,13,25,28,33,35
2,12,19,21,27,34|3,13,25,28,33,35|7,9,10,22,29,39
1,7,11,21,27,35|2,9,10,13,15,33|3,6,18,26,34,39
1,7,16,22,27,35|2,9,10,13,15,33|3,6,18,26,34,39
1,9,13,27,28,30|3,6,18,26,34,39|7,10,21,25,35,40
2,11,18,21,27,34|3,9,17,28,33,39|6,7,10,13,25,35
2,13,15,18,26,38|3,8,9,17,21,27|7,10,28,35,39,40
2,15,18,27,31,34|3,9,17,21,25,33|7,10,13,14,28,35
2,15,19,25,27,34|3,9,17,28,33,39|7,10,13,22,31,35
2,16,18,22,27,34|3,9,17,21,25,33|7,10,13,14,28,35
2,16,19,27,28,34|3,9,17,21,25,33|7,10,13,15,20,35
2,18,21,27,32,38|3,9,17,28,33,39|6,7,10,13,25,35
2,19,20,21,27,34|3,9,17,28,33,39|6,7,10,13,25,35
3,9,17,28,33,39|6,7,10,13,25,35|18,21,26,27,30,32
1,8,12,28,33,35|2,3,6,20,29,38|9,11,22,23,26,40
1,9,12,17,23,28|2,6,7,11,26,32|8,10,20,22,33,35
1,12,28,34,38,40|2,6,7,11,26,32|8,10,20,22,33,35
1,2,3,6,11,34|8,10,12,22,33,35|17,23,26,28,32,40
1,2,3,6,32,38|8,9,11,22,26,33|10,12,23,28,35,40
1,20,22,32,33,34|2,3,6,11,17,38|10,12,23,28,35,40
1,9,17,20,23,28|2,6,7,12,26,32|10,11,22,34,38,40
1,8,12,22,33,35|2,3,6,11,29,38|9,20,23,28,32,40
1,12,23,28,35,40|2,3,6,8,9,11|20,22,29,32,33,38
1,2,28,32,38,40|3,6,8,9,11,26|10,17,20,22,29,30
1,6,9,10,11,30|2,8,17,22,26,40|3,20,28,29,32,38
1,10,28,29,30,32|2,8,17,22,26,40|3,6,9,11,20,38
1,26,28,30,32,40|2,8,10,17,22,29|3,6,9,11,20,38
1,6,9,19,38,39|2,3,13,15,17,29|12,18,21,31,33,35
1,6,17,19,34,39|8,9,13,22,27,29|12,18,21,31,33,35
1,9,13,15,38,40|6,10,19,29,34,39|12,18,21,31,33,35
1,9,14,19,21,38|2,3,13,15,17,29|12,18,22,33,35,39
1,15,16,17,19,34|8,9,13,22,27,29|12,18,21,31,33,35
1,18,22,29,34,39|6,9,13,17,31,33|8,12,19,21,27,35
2,3,13,15,17,29|6,16,19,27,32,34|12,18,21,31,33,35
6,9,13,17,31,33|8,12,19,21,27,35|18,28,32,34,39,40
6,13,27,32,34,40|8,9,17,18,21,31|12,19,28,33,35,39
6,19,26,34,39,40|8,9,13,22,27,29|12,18,21,31,33,35
8,9,13,22,27,29|12,18,21,31,33,35|15,16,19,26,34,40
8,9,17,18,21,31|10,13,15,29,34,40|12,19,28,33,35,39
8,9,17,18,22,39|10,13,15,29,34,40|12,19,21,25,33,35
8,9,17,19,21,25|10,13,15,29,34,40|12,18,22,33,35,39
8,9,17,19,28,39|10,13,15,29,34,40|12,18,21,31,33,35
8,12,19,21,27,35|9,11,13,15,17,33|18,28,32,34,39,40
1,9,14,18,21,38|6,12,13,27,33,35|10,19,22,29,34,39
1,9,15,16,18,38|6,12,13,27,33,35|10,19,21,29,31,34
1,9,19,22,38,39|6,12,13,27,33,35|10,14,18,21,29,34
6,9,13,17,25,33|8,12,18,21,27,35|10,19,22,29,34,39
6,10,18,29,34,39|8,9,17,21,27,40|13,15,19,26,32,38
6,12,13,27,33,35|8,9,17,18,21,25|10,19,22,29,34,39
6,13,17,27,29,38|12,18,21,25,33,35|19,22,26,34,39,40
8,9,13,27,28,29|12,18,21,25,33,35|19,22,26,34,39,40
8,12,18,21,27,35|9,13,14,17,28,33|10,19,22,29,34,39
9,17,28,33,39,40|10,14,18,21,29,34|13,15,19,26,32,38
12,18,28,33,35,39|13,14,19,22,26,34|17,21,27,29,38,40
12,21,27,33,35,40|13,14,19,22,26,34|17,18,28,29,38,39
6,8,9,13,27,29|12,14,18,21,33,35|19,28,32,34,39,40
8,9,21,27,29,40|11,13,15,18,32,34|12,19,22,33,35,39
1,9,18,28,38,39|2,3,17,21,27,29|13,19,22,25,26,34
1,17,18,21,25,34|9,10,19,22,38,39|12,13,27,28,33,35
2,3,17,21,27,29|6,9,10,18,38,39|13,19,22,25,26,34
9,10,19,22,38,39|12,13,27,28,33,35|18,21,25,26,34,40
1,9,18,21,31,38|6,10,17,19,34,39|12,13,22,27,33,35
1,17,18,21,31,34|6,9,10,19,38,39|12,13,22,27,33,35
1,2,9,13,23,27|3,8,18,26,34,39|7,10,16,31,33,35
1,3,17,33,34,39|7,8,10,13,25,35|16,19,26,27,30,38
2,19,26,33,38,39|3,9,16,17,23,27|7,8,10,13,25,35
2,8,16,18,27,34|3,9,13,17,23,25|6,7,10,21,33,35
2,16,18,25,33,34|3,12,13,23,27,35|10,17,19,30,38,39
3,9,13,17,23,25|6,7,10,21,33,35|15,18,27,28,30,34
1,7,8,35,39,40|2,6,19,21,33,34|3,9,13,23,29,31
3,11,18,23,35,39|6,7,9,21,32,33|12,13,19,25,30,34
3,16,18,23,31,35|6,7,9,21,32,33|12,13,19,25,30,34
3,16,19,23,25,35|6,7,9,21,32,33|12,13,18,30,31,34
3,19,20,23,35,39|6,7,9,21,32,33|12,13,18,30,31,34
3,19,21,22,23,35|7,8,9,13,14,32|12,18,30,34,39,40
1,3,29,33,34,39|7,8,10,13,14,35|16,18,27,30,32,38
1,7,8,13,25,35|2,11,18,33,34,39|3,9,16,23,27,29
1,7,11,33,35,39|2,8,13,18,25,34|3,9,16,23,27,29
