2,13,20,21,33,40|3,6,14,18,38,39|16,19,22,27,30,31
2,14,18,21,31,33|3,11,15,19,38,39|6,7,12,13,16,17
2,14,18,22,33,39|3,11,13,21,38,40|6,16,19,25,27,30
2,14,19,21,25,33|3,13,15,31,38,40|6,11,18,27,30,39
2,14,19,28,33,39|3,6,15,18,21,38|13,22,27,30,31,40
2,15,16,18,31,33|3,11,13,21,38,40|6,19,20,27,30,39
2,15,16,19,25,33|3,6,14,18,38,39|7,12,13,20,21,29
2,15,18,21,22,33|3,6,19,31,38,39|7,12,13,16,28,29
2,15,19,20,33,39|3,11,13,21,38,40|6,16,18,27,30,31
2,15,19,21,28,33|3,6,14,18,38,39|13,22,27,30,31,40
2,16,19,20,21,33|3,6,14,18,38,39|7,12,13,15,25,29
2,19,22,31,33,39|3,6,15,18,21,38|7,12,13,16,28,29
3,6,14,18,38,39|7,12,13,15,25,29|11,19,21,27,30,31
3,6,15,18,21,38|7,12,13,16,28,29|11,19,22,27,30,39
3,11,13,21,32,33|6,16,18,27,30,31|7,12,15,17,39,40
3,13,15,31,32,33|6,11,18,27,30,39|7,12,16,17,21,40
3,14,19,21,31,38|6,7,12,13,16,17|18,25,28,30,39,40
3,15,16,19,31,38|6,11,18,27,30,39|7,12,13,20,21,29
3,15,19,21,22,38|6,7,12,13,16,17|18,25,28,30,39,40
1,2,12,28,33,35|3,6,20,26,29,34|9,10,11,17,22,30
1,9,17,20,28,30|2,6,10,12,33,35|3,11,22,26,29,34
1,17,26,28,29,30|2,6,10,12,33,35|3,9,11,20,22,34
1,2,6,8,9,17|3,11,28,29,32,34|10,12,22,30,35,40
1,2,8,9,28,29|3,6,11,17,32,34|10,12,22,30,35,40
1,2,8,9,17,22|3,6,11,26,29,34|10,12,28,30,35,40
1,2,17,22,29,38|3,6,8,9,26,32|10,12,28,30,35,40
1,3,6,12,35,38|2,8,9,10,22,29|17,26,28,30,32,40
2,9,20,22,32,33|3,6,11,26,29,34|10,12,28,30,35,40
2,22,26,29,32,33|3,6,9,11,20,34|10,12,28,30,35,40
1,6,15,18,26,34|2,3,9,11,13,20|17,27,31,32,38,40
1,8,9,10,13,32|6,15,17,18,26,38|20,25,27,29,34,40
1,8,9,14,17,27|2,3,11,13,26,29|10,15,18,22,32,34
1,9,14,17,25,33|2,3,11,13,26,29|10,15,18,22,32,34
1,9,15,17,28,33|2,3,11,13,26,29|10,14,18,31,32,34
1,9,16,17,20,33|2,3,11,13,26,29|10,14,18,31,32,34
1,10,11,13,29,34|2,3,9,25,31,40|6,15,17,18,26,38
1,10,13,29,32,38|2,3,9,25,31,40|15,17,18,20,28,34
1,11,13,26,34,40|2,3,27,29,31,32|6,9,10,15,17,33
1,12,14,27,33,35|2,3,9,11,13,20|6,15,17,18,26,38
1,14,17,27,29,38|2,3,9,11,13,20|10,15,18,22,32,34
1,15,19,22,26,34|2,3,9,11,13,20|17,18,25,31,32,38
1,16,17,26,29,33|2,3,9,11,13,20|10,14,18,31,32,34
1,16,19,26,32,38|2,3,9,11,13,20|6,17,18,25,28,34
1,18,25,31,32,34|2,3,9,11,13,20|14,26,27,29,38,40
1,27,31,32,34,40|2,3,9,11,13,20|6,15,17,18,26,38
2,3,9,11,13,20|6,15,17,18,26,38|10,14,19,25,32,34
2,3,9,25,31,40|6,15,17,18,26,38|10,11,12,13,33,35
6,9,18,25,28,38|10,11,12,13,33,35|14,17,20,27,34,40
6,9,27,28,38,40|10,11,12,13,33,35|14,17,18,20,25,34
6,17,27,28,34,40|8,9,14,18,25,26|10,11,12,13,33,35
8,9,14,18,25,26|10,11,12,13,33,35|17,27,31,32,38,40
8,9,14,26,27,40|10,11,12,13,33,35|15,17,18,20,28,34
8,9,15,18,26,28|10,11,12,13,33,35|14,17,20,27,34,40
8,9,16,18,20,26|10,11,12,13,33,35|17,19,22,25,28,34
8,9,19,25,26,31|10,11,12,13,33,35|14,17,20,27,34,40
9,14,20,27,38,40|10,11,12,13,33,35|17,18,22,28,31,34
9,18,22,28,31,38|10,11,12,13,33,35|14,17,20,27,34,40
9,19,22,25,28,38|10,11,12,13,33,35|14,17,20,27,34,40
1,2,3,16,17,29|6,9,18,22,25,38|10,11,13,32,34,40
1,6,15,19,26,34|2,3,9,14,25,40|8,10,12,16,18,35
1,8,9,13,17,20|2,3,14,27,29,32|10,12,16,33,35,40
1,8,9,27,29,31|2,3,11,13,17,32|10,12,16,33,35,40
1,8,13,17,26,29|2,3,9,14,25,40|6,10,15,18,32,34
1,9,14,17,31,33|2,3,16,26,29,40|6,10,15,18,32,34
1,9,15,17,22,33|2,3,14,27,29,32|8,10,12,16,18,35
1,9,25,29,31,33|2,3,11,13,17,32|8,10,12,16,18,35
1,10,16,29,34,40|2,3,11,13,17,32|6,9,18,22,25,38
1,12,13,20,33,35|2,3,9,14,25,40|6,10,15,18,32,34
1,13,17,20,29,38|2,3,9,14,25,40|6,10,15,18,32,34
1,14,18,25,32,34|2,3,9,15,28,40|16,19,20,26,29,38
1,15,18,28,32,34|2,3,9,14,25,40|16,19,20,26,29,38
1,16,18,20,32,34|2,3,9,14,25,40|6,15,17,19,26,38
1,19,25,31,32,34|2,3,9,15,28,40|8,10,12,16,18,35
2,3,9,14,25,40|6,10,15,18,32,34|16,19,20,26,29,38
2,3,9,15,28,40|6,17,18,22,25,34|13,20,26,29,32,33
2,3,9,16,20,40|6,10,15,18,32,34|14,19,25,26,29,38
2,3,11,13,17,32|6,9,18,22,25,38|10,12,16,33,35,40
2,3,14,27,29,32|6,9,18,22,25,38|10,12,16,33,35,40|15,17,19,20,28,34
2,3,16,26,29,40|6,9,18,22,25,38|10,14,19,31,32,34
6,9,19,25,28,38|8,10,12,16,18,35|11,14,17,27,34,40|13,20,26,29,32,33
6,9,22,27,32,33|8,10,12,16,18,35|11,17,19,25,31,34|13,20,26,29,38,40
6,9,22,27,38,40|8,10,12,16,18,35|11,17,19,25,31,34|13,20,26,29,32,33
8,9,25,27,32,40|11,15,17,18,28,34|16,19,20,26,29,38
8,10,12,16,18,35|9,11,14,27,32,33|13,20,26,29,38,40|17,19,22,28,31,34
9,11,14,18,25,38|10,12,16,33,35,40|15,17,19,20,28,34
9,11,15,18,28,38|10,12,16,33,35,40|14,17,19,20,25,34
9,11,19,25,31,38|10,12,16,33,35,40|14,17,18,22,28,34
10,12,16,33,35,40|11,14,17,18,25,34|15,19,26,28,29,38
1,8,9,17,27,31|2,3,13,20,26,29|10,14,18,25,32,34
1,9,10,16,32,33|2,3,13,20,26,29|11,17,25,27,34,40
1,9,10,16,38,40|2,3,13,20,26,29|17,18,22,25,28,34
1,9,17,25,31,33|2,3,13,20,26,29|10,14,27,32,34,40
1,10,13,20,29,34|2,3,6,9,22,27|11,16,17,18,26,38
1,10,16,17,34,40|2,3,6,9,22,27|18,25,26,29,31,38
1,11,16,18,26,34|2,3,6,9,22,27|10,12,13,20,33,35
1,12,27,31,33,35|2,3,10,16,17,29|9,18,22,25,28,38
1,14,18,26,31,34|2,3,6,9,22,27|10,12,13,20,33,35
1,14,19,25,26,34|2,3,6,9,22,27|10,12,13,20,33,35
1,15,18,22,26,34|2,3,9,11,14,27|10,12,13,20,33,35
1,15,19,26,28,34|2,3,6,9,22,27|10,12,13,20,33,35
1,16,18,26,32,38|2,3,6,9,22,27|10,12,13,20,33,35
1,25,27,32,34,40|2,3,10,16,17,29|9,11,13,20,26,33
2,3,14,17,27,32|6,10,15,19,26,34|9,18,20,25,31,38
8,9,18,25,26,31|10,12,13,20,33,35|17,22,27,28,34,40
8,9,26,27,31,40|10,12,13,20,33,35|17,18,22,25,28,34
1,8,12,16,19,35|6,14,18,28,29,34|9,15,22,32,33,40
1,8,12,16,18,35|2,3,6,9,15,40|11,14,17,19,31,34
1,12,16,33,35,40|2,3,11,13,29,32|6,8,9,15,19,26
2,3,6,9,15,40|8,16,18,26,29,32|11,14,17,19,31,34
6,8,9,15,19,26|11,13,17,32,38,40|14,18,20,29,31,34
1,6,9,15,17,33|2,3,13,20,29,32|8,10,12,16,19,35
1,11,12,13,33,35|2,3,9,14,31,40|6,10,15,19,32,34
1,11,13,17,29,38|2,3,9,14,31,40|6,10,15,19,32,34
1,11,16,18,32,34|2,3,9,14,31,40|15,19,22,26,29,38
1,14,18,31,32,34|2,3,9,11,16,40|15,19,22,26,29,38
1,14,19,25,32,34|2,3,9,11,16,40|6,15,18,26,29,38
1,15,18,22,32,34|2,3,9,11,16,40|14,19,26,29,31,38
1,16,19,20,32,34|2,3,9,14,31,40|6,15,18,26,29,38
2,3,9,15,22,40|6,14,17,18,28,34|8,10,12,16,19,35|11,13,26,29,32,33
2,3,13,20,29,32|6,8,9,15,18,26|11,14,17,19,25,34
2,3,16,17,32,40|6,8,9,15,18,26|19,20,25,29,31,34
6,9,14,18,28,38|8,10,12,13,35,40|11,16,17,19,20,34
6,9,15,18,20,38|8,10,12,13,35,40|11,14,17,19,25,34
6,9,15,26,33,40|8,10,12,16,19,35|11,14,17,18,31,34
6,9,18,22,31,38|8,10,12,13,35,40|11,14,17,19,25,34
6,9,19,22,25,38|8,10,12,13,35,40|11,14,17,18,31,34
6,9,19,28,31,38|8,10,12,13,35,40|11,15,17,18,22,34
6,15,18,26,29,38|8,9,27,31,32,40|11,14,17,19,25,34
6,18,25,28,29,34|8,9,11,13,26,40|16,17,19,20,32,38
6,27,28,29,34,40|8,9,11,16,19,26|14,17,18,31,32,38
8,9,11,13,26,40|14,17,18,31,32,38|19,22,25,28,29,34
8,9,11,16,19,26|13,17,20,32,38,40|18,22,28,29,31,34
8,9,15,19,22,26|11,13,17,20,34,40|18,25,29,31,32,38
8,9,18,25,31,32|11,13,17,20,34,40|15,19,22,26,29,38
8,10,12,13,35,40|9,11,14,18,31,38|15,17,19,20,22,34
8,10,12,16,19,35|9,11,13,20,32,33|18,22,28,29,31,34
8,13,17,26,32,40|9,11,14,18,31,38|19,22,25,28,29,34
8,16,17,19,26,32|9,11,13,20,38,40|18,22,28,29,31,34
1,3,22,32,34,38|2,6,9,10,17,23|7,8,11,26,28,35
1,6,9,10,30,38|2,11,17,28,33,34|7,8,20,22,26,35
1,6,10,17,30,34|2,8,9,22,26,33|7,11,20,28,35,38
1,2,9,17,22,23|3,11,28,29,34,38|6,7,8,20,26,35
1,10,22,29,30,34|2,6,8,9,26,33|3,12,17,23,28,35
1,22,26,30,34,40|2,6,9,20,33,38|3,12,17,23,28,35
2,9,12,22,33,38|3,17,20,23,28,35|6,7,11,26,32,34
1,2,6,9,17,23|3,11,22,29,34,38|7,8,20,28,32,35
1,2,6,32,33,34|3,12,17,22,23,35|8,9,10,28,29,30
1,2,6,34,38,40|3,12,17,22,23,35|8,9,10,28,29,30
1,2,9,23,28,29|3,8,17,22,32,34|6,7,11,20,35,38
1,6,10,29,30,34|2,8,9,28,32,33|3,12,17,22,23,35
1,6,26,30,34,40|2,8,9,28,32,33|3,12,17,22,23,35
1,12,28,30,33,35|2,6,9,10,23,29|3,8,17,22,32,34
1,12,22,30,33,35|2,9,23,28,32,40|3,6,11,29,34,38
1,15,18,23,26,34|2,17,22,27,30,33|3,7,8,25,28,35
1,15,19,23,26,34|2,6,17,27,30,33|3,7,8,22,25,35
2,6,17,27,30,33|3,7,8,22,25,35|9,18,23,28,31,38
2,10,15,19,30,38|3,7,8,22,25,35|17,18,23,28,31,34
2,27,28,29,30,33|3,7,8,22,25,35|10,15,18,23,32,34
2,15,17,30,33,40|3,6,7,8,14,35|18,22,23,29,31,34
1,2,15,19,30,38|3,6,7,8,31,35|14,17,18,22,23,34
1,15,18,23,32,34|2,6,27,29,30,33|3,7,8,14,22,35
2,6,27,29,30,33|3,7,8,11,15,35|9,14,18,22,23,38
1,2,15,18,30,38|3,6,7,8,25,35|17,19,23,28,31,34
2,22,27,29,30,33|3,6,7,8,25,35|9,14,18,23,28,38
1,9,17,22,23,38|2,7,8,20,28,35|3,6,10,30,32,34
2,7,8,20,28,35|3,6,10,30,32,34|9,22,23,26,38,40
1,3,22,30,32,34|2,7,8,11,28,35|6,9,10,23,29,38
6,8,26,29,33,34|7,11,20,22,30,35|9,23,28,32,38,40
1,2,12,16,18,34|3,6,10,15,33,35|7,9,11,14,17,25
1,3,8,14,27,35|2,9,12,13,20,33|7,11,16,17,26,29
1,3,14,25,33,35|2,12,16,17,18,38|6,7,9,10,15,32
1,3,15,28,33,35|2,12,16,17,18,38|7,9,20,25,29,31
2,12,16,17,18,38|3,6,10,15,33,35|7,9,20,25,29,31
1,2,11,16,18,34|3,8,9,14,27,32|7,20,25,31,35,40|15,17,19,26,28,30
1,2,13,20,34,40|3,8,9,10,16,29|6,7,11,22,27,35|14,17,18,26,30,31
1,2,14,18,31,34|3,8,9,10,16,29|6,7,11,22,27,35|13,17,20,26,30,40
1,2,14,19,25,34|3,8,9,10,16,29|6,7,11,22,27,35|13,17,20,26,30,40
1,2,15,18,22,34|3,8,9,10,16,29|7,20,25,31,35,40
1,2,15,19,28,34|3,8,9,10,16,29|6,7,11,22,27,35|13,17,20,26,30,40
1,2,16,18,32,38|3,6,22,27,29,34|7,9,12,14,17,31
1,2,16,19,20,34|3,8,9,14,27,32|7,22,25,28,35,40
1,3,8,9,16,17|2,6,10,15,19,34|7,20,25,31,35,40
1,3,11,13,32,34|2,8,9,18,25,31|15,17,19,26,28,30
1,3,12,16,33,35|2,6,10,15,19,34|9,11,25,27,30,40
1,3,16,17,29,38|2,6,10,15,19,34|7,20,25,31,35,40
1,7,9,12,16,32|2,6,10,15,19,34|13,17,20,26,30,40
1,16,18,26,30,32|2,6,10,15,19,34|3,9,14,25,38,40
1,17,27,29,30,31|2,6,10,15,19,34|3,8,9,16,26,40
2,6,10,15,19,34|3,8,9,14,27,32|7,20,25,31,35,40|11,16,17,18,26,30
2,8,9,18,25,31|3,6,22,27,29,34|13,17,20,26,30,40
2,8,10,13,17,29|3,9,14,25,32,33|6,7,11,22,27,35
2,8,13,17,26,40|3,6,22,27,29,34|9,18,20,25,30,31
2,8,16,17,19,26|3,6,22,27,29,34|7,20,25,31,35,40
2,9,11,13,20,33|3,6,22,27,29,34|14,17,18,26,30,31
2,9,25,31,33,40|3,6,22,27,29,34|11,16,17,18,26,30
2,11,13,26,29,33|3,8,9,14,27,32|7,20,25,31,35,40
2,11,16,17,18,38|3,6,22,27,29,34|7,20,25,31,35,40
2,15,17,18,22,38|3,8,9,10,16,29|7,20,25,31,35,40
2,15,17,19,28,38|3,6,22,27,29,34|7,20,25,31,35,40
2,18,25,29,31,38|3,8,9,14,27,32|13,17,20,26,30,40
2,27,29,31,38,40|3,9,14,25,32,33|11,16,17,18,26,30
3,8,9,10,16,29|6,7,11,22,27,35|13,17,20,26,30,40
3,8,9,14,27,32|7,20,25,31,35,40|11,16,17,18,26,30
3,8,9,16,26,40|6,7,11,22,27,35|10,13,17,20,29,30
3,9,14,25,32,33|6,7,11,22,27,35|10,13,17,20,29,30
3,9,14,25,38,40|6,7,11,22,27,35|10,13,17,20,29,30
3,9,15,28,32,33|6,7,11,22,27,35|10,13,17,20,29,30
3,9,15,28,38,40|6,7,11,22,27,35|10,13,17,20,29,30
3,9,16,20,32,33|6,7,11,22,27,35|14,17,18,26,30,31
3,9,16,20,38,40|6,7,11,22,27,35|14,17,18,26,30,31
3,15,17,28,34,40|6,7,11,22,27,35|9,18,20,25,30,31
3,16,17,20,34,40|6,7,11,22,27,35|18,25,26,29,30,31
3,16,26,29,32,33|6,7,11,22,27,35|9,18,20,25,30,31
3,16,26,29,38,40|6,7,11,22,27,35|9,18,20,25,30,31
1,3,8,27,31,35|2,10,12,13,34,40|6,7,9,17,25,28
1,3,25,31,33,35|2,10,12,13,34,40|7,9,15,17,20,28
2,9,12,14,27,33|3,8,10,13,20,35|7,15,17,26,28,29
1,2,15,18,28,34|3,8,9,11,13,26|6,7,20,22,27,35
1,2,16,18,20,34|3,6,9,15,26,33|10,14,17,27,29,30
1,2,19,25,31,34|3,6,9,15,26,33|7,11,14,20,27,35
1,3,13,20,32,34|2,6,9,22,27,33|7,12,16,17,26,29
1,6,7,10,15,35|2,8,9,25,27,40|3,11,13,17,20,34
1,9,10,11,13,30|2,8,16,17,18,26|3,6,27,28,29,34
1,17,25,27,29,30|2,6,10,15,18,34|3,8,9,11,13,26
2,6,9,22,27,33|3,8,10,12,13,35|14,17,18,25,26,30
2,8,9,25,27,40|3,11,13,17,20,34|10,16,19,26,30,32
2,9,11,14,27,33|3,8,10,12,13,35|15,17,18,26,28,30
2,10,13,32,38,40|3,6,9,15,26,33|7,11,14,20,27,35
2,10,16,17,29,33|3,8,9,11,13,26|6,7,20,22,27,35
2,10,16,19,32,38|3,6,9,15,26,33|7,11,14,20,27,35
2,15,17,18,28,38|3,8,9,11,13,26|6,7,20,22,27,35
2,17,19,25,31,38|3,6,9,15,26,33|7,11,14,20,27,35
3,6,27,28,29,34|7,9,12,14,17,25|10,13,26,30,32,40
3,9,25,31,32,33|6,7,11,27,28,35|16,17,18,20,26,30
3,9,25,31,38,40|6,7,11,27,28,35|10,16,19,26,30,32
3,10,16,32,34,40|6,7,11,27,28,35|14,17,18,25,26,30
3,11,27,29,31,34|7,9,12,14,17,25|10,13,26,30,32,40
3,14,20,27,29,34|7,9,12,15,17,28|10,13,26,30,32,40
3,17,25,31,34,40|6,7,11,27,28,35|10,16,19,26,30,32
1,2,13,26,38,40|3,6,17,22,27,34|7,9,10,12,16,32
1,3,10,16,29,34|2,6,9,27,28,33|17,18,25,26,30,31
1,7,10,11,16,35|2,6,9,27,28,33|3,13,20,26,29,38
1,7,10,14,31,35|2,6,9,27,28,33|3,13,20,26,29,38
1,7,10,15,22,35|2,6,9,27,28,33|3,13,20,26,29,38
2,6,9,27,28,33|3,10,11,13,32,34|17,18,25,26,30,31
2,9,14,20,27,33|3,10,11,13,32,34|17,18,25,26,30,31
2,10,13,20,34,40|3,6,9,22,27,38|17,18,25,26,30,31
2,10,15,19,28,34|3,6,9,22,27,38|17,18,25,26,30,31
2,10,16,19,20,34|3,6,9,22,27,38|17,18,25,26,30,31
2,17,18,25,31,38|3,8,9,13,20,26|7,11,22,27,28,35
3,10,11,13,32,34|6,7,20,27,28,35|17,18,25,26,30,31
3,22,27,28,29,34|7,9,10,12,16,32|17,18,25,26,30,31
1,7,9,12,16,26|2,10,14,18,25,34|3,17,27,31,32,38
1,7,10,14,25,35|2,9,20,27,31,33|3,11,13,17,26,38
2,6,8,9,15,18|3,11,16,29,34,40|14,17,19,25,30,32
2,8,9,11,16,19|3,14,29,31,34,40|15,17,18,22,30,32
2,8,9,14,19,31|3,11,16,29,34,40|15,17,18,22,30,32
2,8,9,15,19,22|3,11,16,29,34,40|14,17,18,30,31,32
2,8,16,17,19,32|3,14,29,31,34,40|6,9,15,18,20,30
2,11,13,29,32,33|6,7,14,28,35,40|9,15,19,20,22,30
2,11,16,19,29,38|6,7,14,28,35,40|15,17,18,22,30,32
1,3,6,15,33,35|2,8,9,12,16,18|7,14,17,25,29,32
1,3,8,11,13,35|2,9,12,16,33,40|7,14,17,25,29,32
1,2,6,15,19,34|3,8,9,11,13,32|7,14,20,31,35,40
1,2,8,13,17,29|3,6,9,15,32,33|7,11,14,25,35,40
1,3,8,9,16,29|2,6,15,17,19,38|7,11,14,25,35,40
1,13,17,20,29,30|2,8,9,11,16,18|6,7,22,25,35,40
2,6,15,17,19,38|3,8,9,11,13,32|7,14,20,31,35,40
2,8,9,11,16,18|3,6,15,17,34,40|14,19,25,26,29,30
2,8,9,14,18,31|3,6,15,17,34,40|16,19,20,26,29,30
2,8,9,14,19,25|3,6,15,17,34,40|11,16,18,26,29,30
2,8,9,15,18,22|3,11,13,29,32,38|6,7,28,31,35,40
2,8,9,15,19,28|3,11,13,29,32,38|6,7,22,25,35,40
2,8,9,16,19,20|3,6,15,17,34,40|14,18,26,29,30,31
2,8,16,17,18,32|3,6,9,15,38,40|14,19,25,26,29,30
2,8,16,19,26,29|3,6,9,15,32,33|7,11,14,25,35,40
2,9,14,31,33,40|3,11,13,29,32,38|6,15,17,19,26,30
2,11,16,18,29,38|3,6,9,15,32,33|7,14,20,31,35,40
2,14,18,29,31,38|3,6,9,15,32,33|7,11,16,20,35,40
2,14,19,25,29,38|3,6,9,15,32,33|7,11,16,20,35,40
2,15,18,22,29,38|3,8,9,11,13,32|6,7,28,31,35,40
2,15,19,28,29,38|3,8,9,11,13,32|6,7,22,25,35,40
2,16,19,20,29,38|3,6,9,15,32,33|7,11,14,25,35,40
3,6,9,15,32,33|7,11,14,25,35,40|16,19,20,26,29,30
3,8,9,11,13,32|6,7,22,25,35,40|14,18,26,29,30,31
3,11,13,29,32,38|6,7,22,25,35,40|9,14,18,20,30,31
1,3,8,13,20,35|2,12,16,17,19,38|6,7,9,25,28,29
1,3,11,16,33,35|2,12,13,17,38,40|6,7,9,25,28,29
1,3,14,31,33,35|2,12,13,17,38,40|6,7,9,25,28,29
1,3,15,22,33,35|2,12,13,17,38,40|6,7,9,25,28,29
2,9,11,12,13,33|3,8,10,16,35,40|6,7,15,17,26,29
2,12,13,17,32,33|3,8,10,16,35,40|6,7,9,25,28,29
1,2,6,15,18,34|3,8,9,13,20,32|7,11,25,31,35,40
1,2,11,13,34,40|3,9,14,31,32,33|6,15,17,18,26,30
1,2,11,16,19,34|3,8,9,13,20,32|6,7,25,28,35,40
1,2,13,32,38,40|6,7,9,12,15,17|14,18,25,26,29,30
1,2,14,19,31,34|3,8,9,13,20,32|6,7,25,28,35,40
1,2,15,19,22,34|3,8,9,13,20,32|6,7,25,28,35,40
1,2,16,17,29,33|3,8,9,13,20,32|6,7,25,28,35,40
1,2,16,19,32,38|3,11,13,20,29,34|6,7,9,12,15,17
1,3,8,12,13,35|2,6,15,17,18,38|9,11,27,30,31,40
1,3,16,32,34,40|2,6,15,17,18,38|7,9,12,14,25,29
1,10,13,29,30,32|2,6,15,17,18,38|7,11,25,31,35,40
1,13,26,30,32,40|2,6,15,17,18,38|7,9,12,14,25,29
1,14,17,27,29,30|2,8,9,15,18,28|7,11,25,31,35,40
1,16,19,26,30,32|2,6,15,17,18,38|3,11,13,20,29,34|7,22,28,31,35,40
2,6,15,17,18,38|3,8,9,13,20,32|7,11,25,31,35,40
2,8,9,14,18,25|3,11,13,20,29,34|7,22,28,31,35,40
2,8,9,14,27,40|3,11,13,20,29,34|6,15,17,18,26,30
2,8,9,15,18,28|3,11,13,20,29,34|14,17,19,26,30,31
2,8,9,19,25,31|3,11,13,20,29,34|6,15,17,18,26,30
2,8,16,18,26,29|3,9,14,31,32,33|6,7,25,28,35,40
2,11,13,17,32,33|3,9,14,31,38,40|15,18,26,28,29,30
2,11,13,17,38,40|3,9,14,31,32,33|15,18,26,28,29,30
2,11,16,17,19,38|3,8,9,13,20,32|6,7,25,28,35,40
2,14,17,19,31,38|3,8,9,13,20,32|6,7,25,28,35,40
2,14,18,25,29,38|3,8,9,13,20,32|7,22,28,31,35,40|11,16,17,19,26,30
2,14,27,29,32,33|3,9,11,16,38,40|6,15,17,18,26,30
2,14,27,29,38,40|3,8,9,13,20,32|6,15,17,18,26,30
2,15,17,19,22,38|3,8,9,13,20,32|6,7,25,28,35,40
2,15,18,28,29,38|3,8,9,13,20,32|7,11,25,31,35,40
2,16,18,20,29,38|3,9,14,31,32,33|6,7,25,28,35,40|15,17,19,22,26,30
2,19,25,29,31,38|3,8,9,13,20,32|6,15,17,18,26,30
3,8,9,13,20,32|6,7,25,28,35,40|11,16,17,19,26,30
3,9,11,16,32,33|6,7,25,28,35,40|14,17,19,26,30,31
3,9,14,31,32,33|6,7,25,28,35,40|10,11,13,17,29,30
3,9,15,22,32,33|6,7,25,28,35,40|10,11,13,17,29,30
1,2,6,7,9,15|3,12,13,26,29,30|10,11,16,18,23,35
1,12,13,32,33,34|2,7,14,17,25,29|10,11,16,18,23,35
1,12,13,34,38,40|2,7,14,17,25,29|10,11,16,18,23,35
1,12,16,19,34,38|2,7,14,17,25,29|8,10,11,13,33,35
2,7,14,17,25,29|3,9,12,13,20,30|10,11,16,18,23,35
2,7,15,17,28,29|3,9,12,13,20,30|10,11,16,18,23,35
1,6,15,18,34,38|2,3,8,9,11,13|10,12,16,19,23,35
1,9,11,13,17,23|2,10,16,19,30,32|3,6,7,14,28,35|8,25,27,29,34,40
1,11,13,32,33,34|2,7,12,16,17,29|3,9,25,30,31,40
1,11,13,34,38,40|2,3,6,9,15,33|10,12,16,19,23,35
1,11,16,19,34,38|2,3,6,9,15,33|10,12,13,23,35,40
1,14,19,31,34,38|2,3,6,9,15,33|10,12,13,23,35,40
2,3,8,9,11,13|6,22,27,29,33,34|10,12,16,19,23,35
2,3,8,13,17,32|6,9,15,18,23,26|11,14,27,29,33,34
2,3,11,13,29,38|6,9,15,18,23,26|8,10,16,19,32,34
2,10,13,30,32,40|3,6,7,14,28,35|8,9,16,18,20,38
2,10,16,19,30,32|3,6,7,14,28,35|8,25,27,29,34,40
2,14,17,18,25,30|3,6,7,15,20,35|8,9,10,16,29,33
2,14,17,27,30,40|3,6,7,15,20,35|8,9,10,16,29,33
2,15,17,18,28,30|3,6,7,22,31,35|8,9,10,16,29,33
2,16,17,18,20,30|3,6,7,14,28,35|8,9,19,25,31,38
2,17,19,25,30,31|3,6,7,14,28,35|8,9,10,16,29,33
2,25,27,29,30,40|3,6,7,14,28,35|8,9,16,18,20,38
3,6,7,14,28,35|8,9,10,16,29,33|13,17,23,26,32,40
3,6,7,15,20,35|8,9,10,16,29,33|13,17,23,26,32,40
3,6,7,22,31,35|8,9,10,16,29,33|13,17,23,26,32,40
3,7,11,14,31,35|6,9,15,18,23,26|8,10,13,32,34,40
3,7,11,15,22,35|8,9,10,16,29,33|13,17,23,26,32,40
3,9,11,13,20,30|6,22,27,29,33,34|10,12,16,19,23,35
3,9,25,30,31,40|6,22,27,29,33,34|10,12,16,19,23,35
3,11,13,26,29,30|8,9,14,18,25,38|10,12,16,19,23,35|15,17,28,33,34,40
3,13,17,20,30,32|6,9,15,18,23,26|8,25,27,29,34,40
3,27,29,30,31,32|6,9,15,18,23,26|14,17,25,33,34,40
6,22,27,29,33,34|8,9,14,18,25,38|10,12,13,23,35,40
8,9,15,18,28,38|10,12,13,23,35,40|11,14,27,29,33,34
8,9,16,18,20,38|10,12,13,23,35,40|11,14,27,29,33,34
8,9,19,25,31,38|10,12,13,23,35,40|11,14,27,29,33,34
1,2,7,16,29,32|3,9,11,12,13,30|6,10,15,18,23,35
1,16,18,20,23,35|2,7,14,17,29,31|3,9,11,12,13,30
2,7,14,17,29,31|3,9,11,12,13,30|6,10,15,18,23,35
2,7,15,17,22,29|3,9,11,12,13,30|8,10,16,33,35,40
1,2,16,18,30,32|3,6,7,11,15,35|8,9,13,20,38,40
1,8,12,13,33,35|2,3,16,29,38,40|6,9,15,19,23,26
1,8,13,17,29,38|3,6,7,11,15,35|9,14,18,23,25,32
1,8,16,18,32,34|2,13,17,20,30,40|3,6,7,11,15,35
1,9,13,20,23,29|2,11,16,17,18,30|3,6,7,14,22,35
1,9,16,17,23,40|2,18,25,29,30,31|3,6,7,11,15,35
1,12,16,18,23,35|2,13,17,20,30,40|8,9,14,19,25,38
1,16,32,33,34,40|2,14,17,18,30,31|3,6,7,11,15,35
2,3,16,29,32,33|6,9,15,19,23,26|8,13,17,20,34,40
2,3,16,29,38,40|6,9,15,19,23,26|8,14,17,18,31,34
2,11,16,17,18,30|3,6,7,14,22,35|8,9,13,20,32,33
2,13,17,20,30,40|3,6,7,11,15,35|8,9,14,18,31,38
2,14,17,18,30,31|3,6,7,11,15,35|8,9,13,20,32,33
2,14,17,19,25,30|3,6,7,11,15,35|8,9,13,20,32,33
2,15,17,19,28,30|3,6,7,14,22,35|8,9,11,16,18,38|25,29,31,33,34,40
2,16,17,19,20,30|3,6,7,11,15,35|8,9,14,18,31,38
2,18,25,29,30,31|3,6,7,11,15,35|8,9,13,20,32,33
2,27,29,30,31,40|3,6,7,11,15,35|8,9,13,20,32,33
3,6,7,14,22,35|8,9,11,16,18,38|25,29,31,33,34,40
3,9,14,25,30,40|8,11,16,17,18,34|13,20,29,32,33,38
3,9,15,28,30,40|8,11,16,17,18,34|13,20,29,32,33,38
3,11,13,17,30,32|6,9,15,19,23,26|8,18,25,29,31,34
3,14,27,29,30,32|6,9,15,19,23,26|8,11,16,17,18,34
6,9,15,19,23,26|8,11,16,17,18,34|13,20,29,32,33,38
8,16,19,26,29,38|9,14,18,23,25,32|15,17,22,33,34,40
1,8,11,13,33,35|2,6,7,15,17,29|3,9,12,16,30,40
1,11,16,18,23,35|2,6,7,15,17,29|8,9,12,13,32,33
1,13,20,23,35,40|2,6,7,15,17,29|8,9,12,16,19,38
1,14,18,23,31,35|2,6,7,15,17,29|3,9,12,16,30,40
1,14,19,23,25,35|2,6,7,15,17,29|3,9,12,16,30,40
1,16,19,20,23,35|2,6,7,15,17,29|8,9,12,13,32,33
1,2,16,19,30,32|6,8,9,15,18,38|14,25,29,33,34,40
1,12,13,23,35,40|2,6,15,17,18,30|8,9,11,16,19,38
1,12,16,19,23,35|2,3,8,13,29,32|6,9,15,33,38,40
2,11,13,17,30,40|6,8,9,15,18,38|16,19,23,26,29,32
2,11,16,17,19,30|6,8,9,15,18,38|13,23,26,29,32,40
2,14,17,19,30,31|6,8,9,15,18,38|13,23,26,29,32,40
2,14,18,25,29,30|6,9,15,33,38,40|8,11,16,17,19,34
2,16,18,20,29,30|6,9,15,33,38,40|8,14,17,19,31,34
3,9,14,30,31,40|6,8,15,17,18,34|11,13,29,32,33,38
1,2,10,13,17,30|3,7,20,25,31,35|6,9,27,28,33,38
1,3,9,10,16,30|2,7,12,13,26,32|6,17,27,28,33,34
1,8,9,10,13,38|3,7,20,25,31,35|6,17,27,28,33,34
2,7,12,13,26,32|3,9,11,25,27,30|10,14,18,31,34,38
2,10,13,26,30,40|3,7,20,25,31,35|6,9,27,28,33,38
2,10,16,19,26,30|3,7,20,25,31,35|6,9,27,28,33,38
3,7,20,25,31,35|6,9,27,28,33,38|8,10,13,26,34,40
3,7,22,25,28,35|8,9,14,26,27,33|10,11,16,18,34,38
1,2,3,13,32,38|6,17,22,27,33,34|9,14,18,23,25,26
1,2,7,9,12,16|3,11,13,17,26,30|6,10,15,18,34,38
1,2,16,18,26,30|3,6,7,25,28,35|9,10,11,13,17,23|20,27,29,31,33,34
1,9,14,17,23,27|2,3,16,26,29,33|6,10,15,18,34,38
1,14,27,32,33,34|2,3,11,13,17,38|9,15,18,23,26,28
2,17,25,27,30,40|3,7,15,20,28,35|10,11,13,32,33,34
3,6,9,27,28,30|8,16,17,18,26,38|10,11,13,32,33,34
3,7,22,28,31,35|6,10,15,18,34,38|8,9,13,20,26,33
3,17,27,30,31,32|6,10,15,18,34,38|8,9,13,20,26,33
1,2,7,9,14,25|3,12,13,17,26,30|10,23,27,31,35,40
1,2,7,9,15,28|3,12,13,17,26,30|8,10,14,27,33,35
1,2,7,9,16,20|3,12,13,17,26,30|8,10,14,27,33,35
1,2,10,13,29,30|3,6,7,22,25,35|8,9,27,31,32,33
1,2,13,26,30,40|3,6,7,22,25,35|8,9,27,31,32,33
1,2,16,19,26,30|3,6,7,22,25,35|8,9,27,31,32,33
1,9,13,17,20,23|2,10,16,18,30,32|3,6,7,22,25,35|11,27,29,31,33,34
1,9,23,27,29,31|2,3,16,17,32,33|6,10,15,19,34,38
1,13,17,23,26,29|2,3,9,11,16,33|6,10,15,19,34,38
1,13,20,32,33,34|2,3,16,17,38,40|9,14,18,23,26,31
1,14,19,25,34,38|2,3,8,9,13,20|10,12,16,18,23,35
1,15,19,28,34,38|2,3,8,9,13,20|10,12,16,18,23,35
1,16,19,20,34,38|2,3,8,13,26,29|9,23,25,27,32,40
2,3,8,9,13,20|6,10,15,19,34,38|16,17,18,23,26,32
2,3,8,13,26,29|6,10,15,19,34,38|9,23,25,27,32,40
2,3,9,14,31,33|6,10,15,19,34,38|16,17,18,23,26,32
2,3,13,20,29,38|8,9,27,31,32,33|10,12,16,18,23,35
2,3,16,17,32,33|6,10,15,19,34,38|9,13,20,23,26,40
2,3,16,17,38,40|6,27,28,29,33,34|9,14,18,23,26,31
2,10,16,18,30,32|3,6,7,22,25,35|8,9,11,13,26,33
2,17,18,25,30,31|3,7,11,15,28,35|9,10,13,20,23,29
2,17,27,30,31,40|3,6,7,22,25,35|8,9,11,13,26,33
3,6,9,22,27,30|8,10,12,13,33,35|16,17,18,23,26,32
3,7,11,14,25,35|6,10,15,19,34,38|8,9,27,31,32,33
3,7,11,15,28,35|8,9,18,25,31,38|10,16,32,33,34,40
3,7,11,16,20,35|6,10,15,19,34,38|8,9,27,31,32,33
3,7,14,20,31,35|6,10,15,19,34,38|8,9,11,13,26,33
3,7,14,22,28,35|6,10,15,19,34,38|8,9,11,13,26,33
3,7,15,20,22,35|6,27,28,29,33,34|8,9,18,25,31,38
3,9,11,14,27,30|6,10,15,19,34,38|8,13,17,26,32,33
3,13,20,26,29,30|6,10,15,19,34,38|8,9,27,31,32,33
3,14,17,27,30,32|6,10,15,19,34,38|8,9,11,13,26,33
3,16,17,26,30,40|6,10,15,19,34,38|8,9,27,31,32,33
3,25,27,29,30,32|6,10,15,19,34,38|8,9,11,13,26,33
8,9,27,31,38,40|10,12,16,18,23,35|11,13,17,20,33,34
8,13,17,26,38,40|10,12,16,18,23,35|11,27,29,31,33,34
1,2,7,16,17,32|3,9,12,14,27,30|8,10,13,20,33,35
1,12,16,18,34,38|2,7,17,25,29,31|8,10,13,20,33,35
2,7,16,26,32,40|3,9,12,14,27,30|8,10,13,20,33,35
2,7,17,25,29,31|3,9,12,14,27,30|8,10,13,20,33,35
2,14,17,27,33,38|3,9,13,20,23,26|10,18,25,30,31,34
2,25,27,29,33,38|3,9,10,16,17,23|7,11,12,13,26,34
1,2,11,13,33,34|3,9,10,16,23,29|6,7,8,27,28,35|17,18,25,30,31,38
1,3,9,16,17,23|2,8,10,13,34,40|6,7,25,28,33,35
1,3,16,32,33,34|2,9,18,23,25,31|6,7,8,27,28,35
1,16,19,26,30,38|2,8,9,14,27,33|7,12,13,20,32,34
1,27,30,31,34,40|2,10,13,17,23,29|3,9,11,16,33,38
2,8,9,14,27,33|7,12,13,20,32,34|17,18,25,30,31,38
2,8,10,16,19,34|3,9,14,23,27,32|6,7,25,28,33,35
2,9,18,23,25,31|3,8,13,17,20,34|14,26,27,29,30,33
2,9,23,27,31,40|3,8,13,17,20,34|6,7,25,28,33,35|10,16,18,30,32,38
2,10,13,17,23,29|3,9,11,16,33,38|6,7,8,27,28,35
2,13,17,23,26,40|3,8,27,29,31,34|6,7,25,28,33,35|10,16,18,30,32,38
2,16,17,19,23,26|3,8,9,13,20,38|6,7,25,28,33,35|10,14,18,30,31,34
3,8,9,13,20,38|6,7,25,28,33,35|10,11,16,18,30,34
3,8,13,17,20,34|6,7,25,28,33,35|10,16,18,30,32,38
3,8,13,26,29,38|6,7,25,28,33,35|10,11,16,18,30,34
3,8,27,29,31,34|6,7,25,28,33,35|10,16,18,30,32,38
3,9,10,16,23,29|6,7,8,27,28,35|11,13,17,26,30,33
3,9,11,16,33,38|6,7,8,27,28,35|10,13,20,30,34,40
3,9,14,23,27,32|6,7,25,28,33,35|10,11,16,18,30,34
3,9,14,31,33,38|6,7,8,27,28,35|10,11,16,18,30,34
3,9,15,22,33,38|6,7,8,27,28,35|10,11,16,18,30,34
3,9,16,23,26,40|6,7,8,27,28,35|10,14,18,30,31,34
3,14,17,31,33,34|6,7,8,27,28,35|10,16,18,30,32,38
3,15,17,22,33,34|6,7,8,27,28,35|10,16,18,30,32,38
3,16,17,32,33,38|6,7,8,27,28,35|10,13,20,30,34,40
3,25,29,31,33,34|6,7,8,27,28,35|10,16,18,30,32,38
1,3,14,23,27,35|2,12,13,17,33,38|7,8,9,10,16,32
1,7,16,17,32,38|3,10,11,13,23,35|9,12,27,30,31,33
1,16,18,26,30,38|2,8,9,27,31,33|3,10,12,13,23,35
2,8,10,16,18,34|3,9,11,13,23,26|7,20,25,31,33,35
2,8,13,17,26,33|3,9,23,27,31,32|7,10,12,16,29,34
2,16,17,18,23,26|3,8,9,14,27,38|7,20,25,31,33,35
3,8,9,14,27,38|7,10,12,16,29,34|13,17,20,26,30,33
3,9,11,13,23,26|7,8,20,27,31,35|10,14,18,25,30,34
3,9,14,25,33,38|7,8,20,27,31,35|10,15,18,28,30,34
3,9,15,28,33,38|7,8,11,25,27,35|10,16,18,20,30,34
3,9,16,20,33,38|7,8,11,25,27,35|10,15,18,28,30,34
3,9,23,27,31,32|7,10,12,16,29,34|13,17,20,26,30,33
3,13,17,23,26,32|7,8,11,25,27,35|10,15,18,28,30,34
3,16,26,29,33,38|7,8,11,25,27,35|10,15,18,28,30,34
1,7,16,26,29,38|3,10,13,20,23,35|9,12,25,27,30,33
1,2,8,16,19,34|3,9,11,13,23,32|6,7,14,28,33,35|15,17,18,22,30,38
1,2,13,17,23,29|3,8,9,16,32,33|6,10,15,19,30,34
1,3,9,16,23,29|2,8,13,17,32,33|6,10,15,19,30,34
1,13,20,30,34,40|2,8,16,17,19,38|6,7,14,28,33,35
2,8,16,17,19,38|3,9,11,13,23,32|6,7,14,28,33,35
2,9,11,16,18,23|3,8,13,20,29,34|6,7,14,28,33,35
2,9,13,20,23,40|3,11,16,29,33,34|14,17,18,30,31,38
2,9,14,18,23,31|3,8,13,20,29,34|7,11,15,22,33,35
2,9,14,19,23,25|3,8,13,20,29,34|6,7,22,31,33,35|11,16,17,18,30,38
2,9,15,18,22,23|3,8,13,20,29,34|6,7,14,28,33,35
2,9,15,19,23,28|3,8,13,20,29,34|6,7,22,31,33,35|11,16,17,18,30,38
2,9,16,19,20,23|3,14,29,31,33,34|8,13,17,26,30,40
2,13,23,26,29,40|3,8,9,16,32,33|6,10,15,19,30,34
2,16,17,18,23,32|3,8,13,20,29,34|6,7,14,28,33,35
2,16,19,23,26,29|6,7,14,28,33,35|8,9,18,25,30,31
3,8,13,20,29,34|6,7,14,28,33,35|11,16,17,18,30,38
3,8,16,17,34,40|6,7,14,28,33,35|18,25,29,30,31,38
3,9,11,13,23,32|6,7,14,28,33,35|8,16,17,19,26,30
3,11,16,29,33,34|7,8,25,31,35,40|15,17,18,22,30,38
3,14,29,31,33,34|7,8,11,13,20,35|15,17,18,22,30,38
3,15,22,29,33,34|7,8,11,13,20,35|14,17,18,30,31,38
3,16,29,32,33,38|6,10,15,19,30,34|7,8,11,13,20,35
1,3,8,13,32,34|2,9,14,18,23,25|6,7,28,31,33,35
1,3,12,13,23,35|2,8,16,17,18,38|6,9,22,27,30,33
1,14,18,25,30,34|2,8,9,13,20,33|7,12,16,17,29,38
1,14,27,30,34,40|2,8,9,13,20,33|7,12,16,17,29,38
1,15,18,28,30,34|2,8,9,13,20,33|7,12,16,17,29,38
1,19,25,30,31,34|2,8,9,13,20,33|7,12,16,17,29,38
2,8,9,13,20,33|6,10,15,18,30,34|7,12,16,17,29,38
2,8,16,17,18,38|3,9,13,20,23,32|6,7,22,25,33,35|10,14,19,30,31,34
2,9,14,18,23,25|3,6,15,17,33,34|10,13,30,32,38,40
2,9,14,23,27,40|3,6,15,17,33,34|10,16,19,30,32,38
2,9,15,18,23,28|3,8,11,13,17,34|6,7,22,25,33,35|10,16,19,30,32,38
2,9,16,18,20,23|3,6,15,17,33,34|7,8,11,14,27,35|10,13,30,32,38,40
2,9,19,23,25,31|3,6,15,17,33,34|7,8,11,14,27,35|10,13,30,32,38,40
2,13,20,29,33,38|6,7,8,22,27,35|10,11,16,19,30,34
2,16,18,23,26,29|3,6,9,15,33,38|7,8,11,14,27,35
3,6,15,17,33,34|7,8,11,14,27,35|10,13,30,32,38,40
3,8,9,11,13,38|6,7,22,25,33,35|10,14,19,30,31,34
3,8,11,13,17,34|6,7,22,25,33,35|10,16,19,30,32,38
3,8,13,17,32,38|6,7,22,25,33,35|10,11,16,19,30,34
3,8,14,27,29,34|6,7,22,25,33,35|10,13,30,32,38,40
3,9,13,20,23,32|6,7,8,22,27,35|10,11,16,19,30,34
3,13,23,26,29,32|6,7,8,22,27,35|10,11,16,19,30,34
3,14,25,29,33,34|6,7,8,22,27,35|10,13,30,32,38,40
3,15,28,29,33,34|6,7,8,22,27,35|10,13,30,32,38,40
3,16,20,29,33,34|6,7,8,22,27,35|10,13,30,32,38,40
1,3,13,20,23,35|6,7,10,15,29,34|9,12,14,27,30,33
2,16,18,23,29,32|6,15,17,19,30,38|7,8,14,31,35,40
1,11,16,19,30,34|2,6,9,15,18,23|3,8,13,29,32,38
1,14,19,30,31,34|2,6,9,15,18,23|3,8,13,29,32,38
1,16,17,29,30,33|2,6,9,15,18,23|7,8,14,25,35,40
1,16,19,30,32,38|2,6,9,15,18,23|3,8,11,13,29,34
2,6,9,15,18,23|3,8,11,13,29,34|14,17,19,30,31,38
2,9,11,13,23,40|3,6,15,29,33,34|14,17,19,30,31,38
2,9,11,16,19,23|3,6,15,29,33,34|7,8,14,25,35,40
2,9,14,19,23,31|3,6,15,29,33,34|7,8,16,20,35,40
2,13,17,23,32,40|3,6,15,29,33,34|8,9,14,18,25,30
2,16,17,19,23,32|3,6,15,29,33,34|7,8,14,25,35,40
3,6,15,29,33,34|7,8,14,25,35,40|11,16,17,19,30,38
3,9,16,23,32,40|6,7,11,15,33,35|14,17,19,30,31,38
1,8,13,22,33,35|2,6,7,16,17,29|3,9,12,21,30,40
1,13,23,28,35,40|2,6,7,16,17,29|8,9,12,19,21,38
1,15,18,23,31,35|2,6,7,16,17,29|3,9,12,21,30,40
1,15,19,23,25,35|2,6,7,16,17,29|3,9,12,21,30,40
1,16,18,22,23,35|2,7,14,15,17,29|3,6,9,12,13,30
1,16,19,23,28,35|2,7,14,15,17,29|3,6,9,12,13,30
2,6,7,16,17,29|3,9,12,21,30,40|10,14,15,19,23,35
1,2,19,21,30,32|6,8,9,16,18,38|11,13,22,29,33,34
1,8,19,21,32,34|2,6,16,17,18,30|9,14,15,33,38,40
1,12,19,21,23,35|2,6,16,17,18,30|8,9,13,22,32,33
2,6,16,17,18,30|8,9,11,19,21,38|15,25,29,33,34,40
2,11,17,19,21,30|6,8,9,16,18,38|15,25,29,33,34,40
2,13,17,22,30,40|6,8,9,16,18,38|19,21,23,26,29,32
2,14,15,17,18,30|6,9,16,33,38,40|19,21,23,26,29,32
2,15,17,19,30,31|6,8,9,16,18,38|11,13,22,29,33,34
2,15,18,25,29,30|6,9,16,33,38,40|8,11,17,19,21,34
2,16,17,19,22,30|6,13,20,29,33,34|8,9,14,15,18,38
2,16,18,28,29,30|8,9,11,19,21,38|14,15,17,33,34,40
2,18,20,21,29,30|6,9,16,33,38,40|8,15,17,19,31,34
3,6,9,11,13,30|8,14,15,17,18,34|19,21,23,26,29,32
3,6,13,17,30,32|8,9,11,19,21,38|15,25,29,33,34,40
3,9,11,21,30,40|6,8,16,17,18,34|13,22,29,32,33,38
3,9,15,30,31,40|6,8,16,17,18,34|13,22,29,32,33,38
3,9,16,22,30,40|6,13,20,29,33,34|8,17,19,21,32,38
3,13,28,29,30,32|6,8,9,16,18,38|14,15,17,33,34,40
3,17,21,30,32,40|6,8,9,16,18,38|11,13,22,29,33,34
1,2,7,21,29,32|3,9,12,13,22,30|6,10,16,18,23,35
1,15,18,23,25,35|2,7,11,17,21,29|3,9,12,13,22,30
1,15,23,27,35,40|2,7,11,17,21,29|3,9,12,13,22,30
1,16,18,23,28,35|2,7,11,17,21,29|3,9,12,13,22,30
1,18,20,21,23,35|2,7,15,17,29,31|3,9,12,13,22,30
2,7,11,17,21,29|3,9,12,13,22,30|6,10,16,18,23,35
2,7,15,17,29,31|3,9,12,13,22,30|6,10,16,18,23,35
1,2,18,21,30,32|3,6,7,11,16,35|8,9,13,28,38,40
1,6,13,34,38,40|2,3,21,29,32,33|9,14,15,19,23,26
1,8,18,21,32,34|2,3,6,13,29,38|9,14,15,19,23,26
1,9,13,23,28,29|2,11,17,18,21,30|3,6,7,14,31,35
1,12,18,21,23,35|2,3,6,8,9,13|15,17,31,33,34,40
1,14,15,19,34,38|2,3,6,8,9,13|18,21,23,26,29,32
2,3,6,13,29,38|8,11,17,18,21,34|9,14,15,19,23,26
2,3,21,29,32,33|6,9,13,23,26,40|8,15,17,18,31,34
2,3,21,29,38,40|6,9,16,19,23,26|8,15,17,18,31,34
2,11,17,18,21,30|3,6,7,14,31,35|8,9,13,28,32,33
2,13,17,28,30,40|3,6,7,11,16,35|8,9,15,18,31,38
2,15,17,18,30,31|3,6,7,11,16,35|8,9,13,28,32,33
2,15,17,19,25,30|3,6,7,11,16,35|8,9,13,28,32,33
2,16,17,18,22,30|3,6,7,14,31,35|8,9,13,28,32,33
2,16,17,19,28,30|3,6,7,14,31,35|8,9,11,18,21,38|13,20,22,29,33,34
2,17,19,20,21,30|3,6,7,11,16,35|8,9,13,28,32,33
3,6,7,14,31,35|8,9,11,18,21,38|13,20,22,29,33,34
3,6,13,26,29,30|8,9,11,18,21,38|15,17,31,33,34,40
3,7,11,14,15,35|6,9,10,13,23,29|8,16,17,18,22,34
3,9,11,13,22,30|6,14,27,29,33,34|8,17,18,21,32,38
3,9,15,25,30,40|6,11,13,17,33,34|8,19,21,26,29,38
3,9,16,28,30,40|6,11,13,17,33,34|8,19,21,26,29,38
3,15,27,29,30,32|6,9,11,13,33,38|8,16,17,18,22,34
3,21,26,29,30,40|6,9,11,13,33,38|8,15,17,18,31,34
6,9,16,19,23,26|8,11,17,18,21,34|13,28,29,32,33,38
8,11,17,18,21,34|9,14,15,19,23,26|13,28,29,32,33,38
8,17,18,21,32,38|9,14,15,19,23,26|11,13,28,29,33,34
8,19,21,26,29,38|9,15,18,23,25,32|16,17,22,33,34,40
1,8,15,27,33,35|2,7,16,17,28,29|9,12,19,21,23,26
1,12,19,21,34,38|2,7,15,17,25,29|8,10,13,22,33,35
2,7,15,17,25,29|3,9,12,13,28,30|10,11,18,21,23,35
2,7,16,17,28,29|8,10,13,22,33,35|9,12,19,21,23,26
2,7,17,20,21,29|3,9,12,13,28,30|10,15,18,23,31,35
1,6,16,18,34,38|2,3,8,9,13,22|10,12,19,21,23,35
1,9,13,17,22,23|2,10,19,21,30,32|3,6,7,14,25,35|11,15,27,29,33,34
1,9,15,23,27,29|2,10,19,21,30,32|3,6,7,14,25,35|8,16,17,18,28,34
1,13,22,32,33,34|2,7,12,17,21,29|3,6,9,14,27,30
1,13,22,34,38,40|2,3,6,9,16,33|10,12,19,21,23,35
