1,2,9,16,25,33|3,6,13,22,26,34|7,10,14,15,28,35
1,2,9,20,33,39|3,6,13,22,26,34|7,10,11,16,31,35
1,2,9,21,28,33|3,6,13,22,26,34|7,10,11,16,31,35
1,2,16,27,29,38|3,6,13,22,26,34|7,10,14,15,28,35
1,2,26,29,33,39|3,11,16,27,32,34|6,7,10,15,25,35
1,3,9,11,38,39|2,13,26,31,32,33|6,7,10,15,25,35
1,3,9,16,31,38|2,14,25,27,34,40|6,7,10,20,21,35
1,3,9,21,22,38|2,13,26,31,32,33|6,7,10,15,25,35
1,3,16,17,31,34|2,6,9,10,21,33|11,13,26,27,30,32
1,7,15,25,28,35|2,6,9,10,21,33|3,11,13,14,26,34
1,7,16,20,25,35|2,6,9,10,21,33|3,11,13,14,26,34
1,7,20,21,28,35|2,8,9,10,13,31|3,11,16,27,32,34
1,9,14,25,27,30|2,6,18,21,26,38|3,10,11,29,34,39
1,9,15,27,28,30|2,6,18,21,26,38|3,10,11,29,34,39
1,9,16,20,27,30|2,6,18,21,26,38|3,10,11,29,34,39
1,13,17,26,30,31|2,6,9,10,21,33|3,11,16,27,32,34
1,16,26,27,29,30|2,6,9,10,21,33|3,13,20,25,32,34
2,10,13,29,31,38|3,11,16,27,32,34|6,7,9,12,21,26
2,11,13,27,32,38|3,10,16,29,31,34|6,7,9,12,21,26
1,3,8,10,35,39|2,11,12,13,27,34|6,7,9,15,25,26
1,2,13,17,25,38|3,10,20,29,34,39|7,9,12,16,26,31
1,3,9,16,25,38|2,8,13,26,27,32|7,10,11,20,35,39
1,3,9,20,38,39|2,8,13,26,27,32|7,10,11,16,25,35
1,3,9,21,28,38|2,8,13,26,27,32|7,10,11,16,25,35
1,3,16,17,25,34|2,8,13,26,27,32|7,10,11,20,35,39
1,9,25,27,30,31|2,10,13,14,17,38|3,20,26,34,39,40
1,13,17,25,26,30|2,9,10,11,33,39|3,15,27,28,32,34
2,10,13,14,17,38|3,15,27,28,32,34|7,9,11,12,26,39
2,10,13,25,29,38|3,15,27,28,32,34|7,9,11,12,26,39
2,11,13,20,27,34|3,6,9,10,21,38|7,12,17,26,32,39
2,13,20,27,32,38|3,6,10,17,21,34|7,9,11,12,26,39
2,25,27,31,34,40|3,6,9,10,21,38|7,12,17,26,32,39
1,2,16,17,27,38|3,11,13,25,26,34|7,10,20,21,28,35
2,3,9,23,32,39|6,17,21,33,34,38|7,15,25,28,30,35
2,7,8,16,25,35|3,9,11,30,38,39|13,23,26,29,31,34
2,7,8,20,35,39|3,9,16,30,31,38|13,17,23,25,32,34
2,7,8,21,28,35|3,9,11,30,38,39|13,17,23,25,32,34
1,9,23,29,38,39|2,7,8,16,31,35|3,6,17,21,30,34
1,17,23,29,34,39|2,7,8,16,31,35|3,6,9,21,30,38
2,3,8,29,34,39|7,11,16,25,30,35|9,13,23,31,32,38
2,7,8,11,35,39|3,6,9,21,30,38|13,14,23,26,29,34
2,7,8,16,31,35|3,6,9,21,30,38|13,14,23,26,29,34
2,7,8,21,22,35|3,9,14,16,30,38|13,17,23,31,32,34
2,6,7,8,21,35|3,11,29,30,34,39|9,13,14,23,32,38
3,14,19,25,38,39|7,12,13,16,17,31|15,18,20,21,27,30
3,15,19,21,25,38|6,18,27,28,30,39|7,12,13,16,17,31
3,15,19,28,38,39|6,18,21,25,27,30|7,12,13,16,17,31
2,13,16,25,33,40|3,6,15,18,38,39|14,19,21,27,28,30
2,13,21,28,33,40|3,6,15,18,38,39|14,16,19,25,27,30
2,14,18,31,33,39|3,13,21,22,38,40|15,16,19,27,28,30
2,14,19,25,33,39|3,6,16,18,21,38|13,15,27,28,30,40
2,15,18,21,31,33|3,11,13,38,39,40|14,16,19,25,27,30
2,15,18,22,33,39|3,13,16,31,38,40|6,19,21,25,27,30
2,15,19,21,25,33|3,11,13,38,39,40|14,16,18,27,30,31
2,15,19,28,33,39|3,6,16,18,21,38|13,14,25,27,30,40
2,16,19,21,28,33|3,6,15,18,38,39|13,14,25,27,30,40
3,6,15,18,38,39|7,12,13,14,16,17|19,21,22,27,30,31
3,14,15,18,21,38|6,19,27,28,30,39|7,12,13,16,25,29
3,14,19,31,38,39|6,7,12,13,17,21|15,16,18,22,27,30
3,15,19,21,31,38|6,18,22,27,30,39|7,12,13,14,16,17
3,15,19,22,38,39|6,7,12,13,17,21|14,16,18,27,30,31
2,14,15,18,21,33|6,19,22,27,30,39|7,12,13,16,29,31
1,10,16,19,38,39|2,3,13,14,27,31|15,18,21,25,26,33
2,3,14,18,25,39|6,10,13,17,21,33|15,16,19,27,28,38
2,3,15,18,21,25|6,19,27,28,38,39|10,13,14,16,17,33
2,3,15,18,28,39|6,10,13,17,21,33|14,16,19,25,27,38
2,3,19,25,31,39|6,10,13,17,21,33|15,16,18,22,27,38
2,3,13,16,25,40|6,14,18,21,27,38|15,19,22,26,33,39
2,3,13,21,28,40|6,15,16,18,27,38|14,19,26,31,33,39
2,3,14,19,25,39|6,15,16,18,27,38|10,13,21,22,29,33
2,3,15,19,28,39|6,14,18,21,27,38|10,13,16,29,31,33
2,3,16,19,21,28|6,15,18,26,33,39|13,14,27,31,38,40
2,3,13,16,31,40|6,14,19,21,27,38|15,18,28,32,33,39
2,3,13,21,22,40|6,15,16,19,27,38|14,18,25,32,33,39
2,3,15,19,21,31|6,13,16,18,28,38|14,27,32,33,39,40
2,3,16,19,21,22|6,13,15,18,25,38|14,27,32,33,39,40
8,15,18,21,27,32|10,13,14,16,29,33|19,25,31,38,39,40
8,19,27,31,32,39|10,13,14,16,29,33|15,18,21,25,38,40
1,9,10,13,23,25|3,7,12,26,32,39|15,17,27,28,33,38
1,3,13,26,30,31|2,7,10,12,29,39|11,16,17,27,33,38
1,8,9,10,33,39|2,7,12,13,14,26|3,15,17,27,28,30
1,8,13,20,27,34|2,3,16,17,25,33|10,19,23,26,32,39
1,11,16,27,33,34|2,7,10,12,29,39|17,18,21,23,26,28
1,13,20,25,33,34|2,3,8,16,17,27|10,19,23,26,32,39
1,14,27,31,33,34|2,7,10,12,29,39|16,17,18,23,25,26
1,15,22,27,33,34|2,7,10,12,29,39|16,17,18,23,25,26
1,16,27,32,33,38|2,7,10,12,29,39|17,18,21,23,26,28
2,3,17,21,28,33|8,10,16,18,25,34|13,20,23,26,27,29
2,7,12,13,14,26|3,15,17,27,28,30|8,10,16,18,25,34
2,7,12,16,27,32|6,10,13,28,33,34|17,18,20,23,26,39
2,7,12,26,39,40|3,10,13,25,30,32|11,16,17,27,33,38
1,2,3,13,14,38|8,9,15,27,28,33|11,17,18,23,26,39
1,2,3,32,33,39|8,10,13,25,34,40|16,17,18,23,26,31
1,2,3,38,39,40|6,10,13,22,33,34|16,17,18,23,26,31
1,2,11,13,27,30|8,10,16,18,31,34|17,19,20,23,26,39
1,3,10,29,30,39|2,7,12,13,25,32|6,15,17,27,33,38
1,3,13,14,26,30|6,15,17,27,33,38|8,10,11,18,34,39
1,3,16,27,30,32|6,10,13,22,33,34|11,17,18,23,26,39
1,3,26,30,39,40|2,7,12,13,25,32|6,15,17,27,33,38|8,10,16,18,31,34
1,8,19,26,38,39|2,3,16,17,31,33|9,11,13,20,23,27
1,9,10,23,39,40|2,3,8,13,17,25|15,27,28,29,33,38
1,11,13,25,33,34|2,10,16,18,30,31|17,19,20,23,26,39
1,13,20,31,33,34|2,10,11,18,30,39|16,17,19,23,25,26
1,13,22,28,33,34|2,10,11,18,30,39|9,23,25,27,31,40
1,13,25,32,33,38|2,10,11,18,30,39|17,19,21,23,26,28
1,18,23,26,32,39|2,3,8,13,17,25|10,16,31,33,34,40
2,3,17,21,22,33|8,10,11,18,34,39|9,23,25,27,31,40
2,7,12,13,25,32|3,11,16,17,27,30|8,10,18,21,22,34
3,25,27,29,30,31|6,10,13,22,33,34|11,17,18,23,26,39
8,10,11,18,34,39|9,23,25,27,31,40|13,17,22,28,33,38
8,10,13,25,34,40|11,17,18,23,26,39|15,27,28,29,33,38
8,10,19,20,34,39|9,23,25,27,31,40|13,17,22,28,33,38
1,2,7,12,29,39|3,6,15,17,27,30|8,9,13,20,25,33
1,2,16,18,25,30|6,10,21,33,34,40|8,13,20,27,29,38|11,17,19,23,26,39
1,2,16,27,30,40|6,8,10,18,21,34|11,13,17,31,33,38
1,2,18,20,30,39|6,10,21,33,34,40|11,13,17,23,27,32
1,2,18,21,28,30|8,9,11,16,27,33|10,13,17,23,29,31
1,3,13,25,30,32|6,8,10,18,21,34|9,15,23,27,28,40
1,6,13,28,33,34|2,3,8,16,27,29|11,17,19,23,26,39
1,8,16,18,25,34|2,3,6,17,21,33|9,15,23,27,28,40
1,8,16,27,34,40|2,3,6,17,21,33|9,15,18,23,25,28
1,8,18,20,34,39|2,3,6,17,21,33|9,14,23,25,27,40
1,11,13,31,33,34|2,3,8,16,27,29|6,17,18,21,23,26
1,13,14,20,33,34|2,3,8,16,27,29|6,17,18,21,23,26
1,13,31,32,33,38|2,3,8,16,27,29|6,17,18,21,23,26
1,16,17,23,27,29|2,6,10,18,21,30|8,9,13,20,25,33
1,16,25,33,34,40|2,3,8,13,17,31|9,18,20,21,23,28
1,19,23,26,32,39|2,3,6,17,21,33|8,10,13,31,34,40
1,20,33,34,39,40|2,3,8,13,17,31|9,15,18,23,25,28
1,21,28,33,34,40|2,3,8,13,17,31|9,16,18,20,23,25
2,3,6,17,21,33|8,10,11,19,34,39|9,14,23,25,27,40
2,3,8,13,17,31|6,10,21,33,34,40|9,15,18,23,25,28
2,3,8,16,27,29|6,10,21,33,34,40|9,15,18,23,25,28
2,3,14,16,17,33|6,8,10,18,21,34|9,15,23,27,28,40
2,3,16,25,29,33|6,8,10,18,21,34|9,15,23,27,28,40
2,3,20,29,33,39|6,8,10,18,21,34|9,14,23,25,27,40
2,3,21,28,29,33|8,10,11,19,34,39|9,14,23,25,27,40
2,6,10,18,21,30|8,9,11,16,27,33|13,17,23,26,31,40
2,7,12,13,31,32|3,6,15,17,27,30|8,10,11,19,34,39|9,16,18,20,23,25
2,10,11,19,30,39|6,13,17,28,33,38|9,14,23,25,27,40
2,10,13,30,31,40|6,17,18,21,23,26|8,9,11,16,27,33
2,10,16,19,30,31|6,13,17,28,33,38|9,14,23,25,27,40
2,10,19,21,22,30|6,13,17,28,33,38|9,14,23,25,27,40
3,6,15,17,27,30|8,9,13,20,25,33|18,21,23,26,28,29
3,10,13,14,30,32|6,17,18,21,23,26|8,9,11,16,27,33
3,10,30,32,39,40|6,13,17,28,33,38|9,16,18,20,23,25
3,11,13,17,25,30|6,8,10,18,21,34|9,15,23,27,28,40
3,13,17,20,30,31|6,8,10,18,21,34|9,14,23,25,27,40
3,13,17,22,28,30|6,8,10,18,21,34|9,14,23,25,27,40
3,14,25,27,29,30|6,8,10,18,21,34|11,13,17,31,33,38
3,15,27,28,29,30|6,8,10,18,21,34|11,13,17,31,33,38
3,16,20,27,29,30|6,8,10,18,21,34|11,13,17,31,33,38
6,8,10,18,21,34|9,14,23,25,27,40|11,13,17,31,33,38
6,10,21,33,34,40|8,13,20,27,29,38|9,15,18,23,25,28
6,13,17,28,33,38|8,10,11,19,34,39|9,14,23,25,27,40
8,10,13,31,34,40|9,15,18,23,25,28|11,16,27,29,33,38
8,10,14,16,18,34|9,15,23,27,28,40|11,13,17,31,33,38
8,10,19,21,22,34|9,14,23,25,27,40|11,13,17,31,33,38
8,13,20,27,29,38|9,15,18,23,25,28|10,14,16,33,34,40
1,2,11,18,30,39|6,8,9,15,27,33|10,13,14,17,23,29
1,2,13,25,30,40|6,8,9,15,27,33|11,18,23,26,29,39
1,2,16,18,30,31|6,8,9,15,27,33|10,13,14,17,23,29
1,2,16,19,25,30|6,8,9,15,27,33|10,13,14,17,23,29
1,2,18,21,22,30|6,8,9,15,27,33|10,13,14,17,23,29
1,2,19,20,30,39|6,8,9,15,27,33|10,13,14,17,23,29
1,2,19,21,28,30|6,8,9,15,27,33|10,13,14,17,23,29
1,3,13,30,31,32|6,8,9,15,27,33|10,17,23,29,39,40
1,6,13,22,33,34|2,3,8,17,39,40|9,11,16,18,23,25
1,8,11,18,34,39|2,3,16,29,31,33|6,17,19,21,23,26
1,8,13,25,34,40|2,3,11,29,33,39|6,17,19,21,23,26
1,8,16,18,31,34|2,3,11,29,33,39|6,17,19,21,23,26
1,8,16,19,25,34|2,3,11,29,33,39|9,14,23,27,31,40
1,8,18,21,22,34|2,3,11,29,33,39|9,13,20,23,25,40
1,8,18,32,38,39|2,3,16,29,31,33|6,17,19,21,23,26
1,8,19,20,34,39|2,3,16,29,31,33|9,11,18,21,23,28
1,8,19,21,28,34|2,3,11,29,33,39|9,13,20,23,25,40
1,11,13,14,33,34|2,3,8,17,39,40|9,15,18,22,23,25
1,11,33,34,39,40|2,3,8,13,14,17|9,15,18,22,23,25
1,13,14,32,33,38|2,3,8,17,39,40|9,11,16,18,23,25
1,16,31,33,34,40|2,3,8,13,14,17|9,11,18,20,23,39
1,21,22,33,34,40|2,3,8,13,14,17|9,11,16,18,23,25
1,32,33,38,39,40|2,3,8,13,14,17|9,11,16,18,23,25
2,3,8,13,14,17|6,15,27,29,33,38|9,11,16,18,23,25
2,3,8,17,39,40|6,15,27,29,33,38|9,11,16,18,23,25
2,3,11,29,33,39|6,8,10,19,21,34|9,13,20,23,25,40
2,3,16,29,31,33|6,8,10,19,21,34|9,11,18,20,23,39
2,3,21,22,29,33|8,10,13,14,34,40|9,11,16,18,23,25
2,6,10,19,21,30|8,9,11,13,25,33|16,17,23,27,32,40
2,7,12,13,14,32|3,11,16,27,29,30|6,8,10,19,21,34|9,15,18,22,23,25
2,7,12,32,39,40|3,6,13,17,28,30|8,10,14,16,19,34|9,15,18,22,23,25
2,10,13,14,30,40|6,8,9,15,27,33|11,18,23,26,29,39
2,10,14,16,19,30|6,8,9,15,27,33|11,18,23,26,29,39
3,6,13,17,28,30|8,10,14,16,19,34|9,11,18,20,23,39
3,11,13,17,30,31|6,8,9,15,27,33|16,19,23,25,26,29
3,11,16,27,29,30|6,8,10,19,21,34|9,13,20,23,25,40
3,13,14,17,20,30|6,8,9,15,27,33|11,18,23,26,29,39
3,13,20,25,29,30|6,8,9,15,27,33|14,16,17,19,23,26
3,14,27,29,30,31|6,8,10,19,21,34|9,11,16,18,23,25
3,15,22,27,29,30|6,8,10,19,21,34|9,11,16,18,23,25
3,16,17,25,30,40|6,8,9,15,27,33|11,18,23,26,29,39
3,17,20,30,39,40|6,8,9,15,27,33|16,18,23,26,29,31
3,17,21,28,30,40|6,8,9,15,27,33|11,18,23,26,29,39
6,8,10,19,21,34|9,11,16,18,23,25|13,20,29,31,33,38
6,13,17,22,33,38|8,10,14,16,19,34|9,11,18,20,23,39
6,15,27,29,33,38|8,10,13,14,34,40|9,11,16,18,23,25
8,10,14,16,19,34|9,11,18,20,23,39|13,22,28,29,33,38
1,2,6,18,21,30|8,9,11,13,31,33|16,17,19,23,25,32
1,2,11,19,30,39|6,8,9,13,28,33|14,16,18,23,26,29
1,2,13,30,31,40|6,8,17,18,21,38|9,11,16,19,23,25
1,2,14,16,18,30|6,8,9,13,28,33|11,19,23,26,29,39
1,2,16,19,30,31|6,8,9,13,28,33|11,17,18,23,32,39
1,2,19,21,22,30|6,8,9,13,28,33|11,17,18,23,32,39
1,3,13,14,30,32|6,8,17,18,21,38|9,11,16,19,23,25
1,3,30,32,39,40|6,8,9,13,28,33|14,16,18,23,26,29
1,6,8,18,21,34|2,3,14,16,29,33|9,11,13,23,25,40
1,6,21,33,34,40|2,3,8,13,29,31|9,11,16,19,23,25
1,8,11,19,34,39|2,3,6,21,29,33|9,13,20,23,31,40
1,8,13,31,34,40|2,3,6,21,29,33|9,11,16,19,23,25
1,8,14,16,18,34|2,3,6,21,29,33|9,11,13,23,25,40
1,8,16,19,31,34|2,3,6,21,29,33|9,11,13,23,25,40
1,8,19,21,22,34|2,3,14,16,29,33|6,9,15,18,23,25
1,8,19,32,38,39|2,3,6,21,29,33|9,11,13,23,25,40
1,14,16,33,34,40|2,3,8,13,29,31|6,9,15,18,23,25
2,3,6,21,29,33|8,11,17,19,38,39|9,13,20,23,31,40
2,3,8,13,29,31|6,9,15,18,23,25|14,16,17,33,38,40
2,3,14,16,29,33|6,8,17,18,21,38|9,11,13,23,25,40
3,6,13,17,22,30|8,9,16,25,33,40|11,19,23,26,29,39
3,6,15,27,29,30|8,9,11,13,31,33|16,17,19,23,25,32
3,11,13,14,17,30|6,9,15,18,23,25|8,16,27,29,32,33
3,11,13,25,29,30|6,8,17,18,21,38|9,15,19,23,28,31
3,11,17,30,39,40|6,8,9,13,28,33|14,16,18,23,26,29
3,13,20,29,30,31|6,8,17,18,21,38|9,11,16,19,23,25
3,13,22,28,29,30|6,8,17,18,21,38|9,11,16,19,23,25
3,16,17,30,31,40|6,8,9,13,28,33|11,19,23,26,29,39
3,17,21,22,30,40|6,8,9,13,28,33|11,19,23,26,29,39
1,2,6,19,21,30|8,9,11,13,14,33|16,18,23,25,29,32
1,2,13,14,30,40|6,8,17,19,21,38|16,18,23,25,29,32
1,2,14,16,19,30|6,8,9,13,22,33|18,20,23,29,32,39
1,6,8,19,21,34|3,11,13,29,30,31|9,14,15,18,22,23
3,6,13,28,29,30|8,9,11,33,39,40|14,16,17,18,23,32
3,6,17,21,30,40|8,9,11,13,14,33|16,18,23,25,29,32
3,11,13,29,30,31|6,8,17,19,21,38|9,14,15,18,22,23
3,14,16,17,30,40|6,8,9,13,22,33|18,20,23,29,32,39
3,16,25,29,30,40|6,8,9,13,22,33|11,17,19,23,32,39
3,20,29,30,39,40|6,8,9,13,22,33|14,16,17,18,23,32
3,21,28,29,30,40|6,8,9,13,22,33|11,17,19,23,32,39
1,2,7,12,31,39|3,11,16,25,27,30|10,13,15,17,23,28
1,8,10,13,16,38|2,3,11,25,33,39|18,21,23,26,28,31
1,8,14,29,33,39|3,6,11,13,15,30|19,21,22,23,31,32
1,8,15,21,29,33|3,6,13,14,22,30|11,19,23,31,32,39
1,13,14,23,29,31|3,6,22,30,39,40|8,11,15,19,21,38
1,13,15,22,23,29|3,6,21,30,31,40|8,11,14,19,38,39
1,23,29,31,39,40|3,6,11,13,15,30|8,14,19,21,22,38
3,11,14,30,39,40|6,8,15,16,18,38|19,21,22,23,31,32
3,11,15,21,30,40|6,8,19,22,38,39|14,16,18,23,31,32
3,14,16,30,31,40|6,8,19,22,38,39|11,15,18,21,23,32
3,14,21,22,30,40|6,8,15,16,18,38|11,19,23,31,32,39
3,15,16,22,30,40|6,8,14,18,21,38|11,19,23,31,32,39
1,8,29,31,33,39|3,6,13,14,28,30|15,18,20,21,23,32
1,15,17,21,23,40|3,6,13,14,28,30|8,11,19,31,38,39
2,3,8,15,21,40|6,13,14,22,33,38|11,18,23,31,32,39
3,6,13,14,28,30|8,11,15,18,21,38|16,19,23,25,31,32
3,6,13,15,20,30|8,11,14,18,38,39|16,19,23,25,31,32
3,6,13,22,30,31|8,11,14,18,38,39|10,15,21,23,29,40
3,6,28,30,39,40|8,11,15,18,21,38|16,19,23,25,31,32
3,11,13,14,30,31|6,8,18,22,38,39|10,15,21,23,29,40
3,11,13,15,22,30|6,8,18,21,31,38|10,14,23,29,39,40
3,11,30,31,39,40|6,8,19,21,25,38|15,16,18,23,28,32
3,14,16,25,30,40|6,8,18,21,31,38|19,22,23,28,32,39
3,14,21,28,30,40|6,8,18,22,38,39|16,19,23,25,31,32
3,15,16,28,30,40|6,8,18,21,31,38|11,19,23,25,32,39
3,15,20,21,30,40|6,8,18,22,38,39|16,19,23,25,31,32
3,21,22,30,31,40|6,8,19,28,38,39|14,16,18,23,25,32
1,6,21,23,27,29|2,3,8,11,13,16|14,20,33,38,39,40
1,8,14,17,33,39|3,6,13,22,25,30|11,15,19,21,23,26
1,8,15,17,21,33|3,6,13,22,25,30|10,23,29,31,39,40
1,8,25,29,33,39|3,6,13,28,30,31|11,15,19,21,23,26
1,11,13,16,17,23|2,3,6,14,21,33|8,19,20,31,38,39
1,13,14,17,23,31|2,3,6,15,16,33|8,11,19,25,38,39
1,13,15,17,22,23|2,3,6,14,21,33|8,11,18,31,38,39
1,13,23,25,29,31|2,3,6,14,21,33|8,15,16,18,28,38
1,14,16,23,27,29|2,3,8,13,15,22|6,21,25,33,38,40
1,17,23,31,39,40|2,3,6,14,21,33|8,15,16,18,28,38
2,3,6,14,21,33|8,11,18,31,38,39|10,13,15,22,23,29
2,3,6,15,16,33|8,11,18,31,38,39|14,19,21,22,23,26
2,3,8,13,15,22|6,14,18,21,23,26|11,31,33,38,39,40
2,3,8,31,39,40|6,13,14,28,33,38|11,15,19,21,23,26
3,6,13,22,25,30|8,10,14,29,33,39|11,15,19,21,23,26
3,6,13,28,30,31|8,10,14,29,33,39|11,15,19,21,23,26
3,6,14,15,27,30|8,11,18,31,38,39|19,21,23,25,28,32
3,11,13,14,25,30|6,8,18,28,38,39|15,16,19,22,23,26
3,11,13,15,28,30|6,8,18,21,25,38|10,23,29,31,39,40
3,11,13,16,20,30|6,8,18,21,25,38|10,23,29,31,39,40
3,11,25,30,39,40|6,8,13,15,26,33|18,21,23,28,31,32
3,13,14,20,30,31|6,8,18,21,25,38|11,23,27,32,39,40
3,13,14,22,28,30|6,8,18,21,25,38|10,23,29,31,39,40
3,13,15,20,22,30|6,8,18,21,25,38|10,23,29,31,39,40
3,16,25,30,31,40|6,8,13,15,26,33|18,22,23,28,32,39
3,20,30,31,39,40|6,8,13,15,26,33|18,21,22,23,25,32
3,21,22,25,30,40|6,8,13,15,26,33|18,20,23,31,32,39
3,21,28,30,31,40|6,8,13,15,26,33|11,18,23,25,32,39
3,22,28,30,39,40|6,8,13,15,26,33|16,18,23,25,31,32
1,8,17,31,33,39|3,6,11,21,27,30|10,13,14,23,25,29
1,13,14,17,23,25|2,3,6,21,31,33|8,11,27,38,39,40
1,13,15,17,23,28|2,3,6,21,31,33|8,11,18,25,38,39
1,13,16,17,20,23|2,3,6,21,31,33|8,11,18,25,38,39
1,16,23,27,29,31|2,3,6,22,33,39|8,19,21,25,28,38
1,17,23,25,39,40|2,3,6,21,31,33|8,11,13,14,27,38
1,21,22,23,27,29|2,3,8,13,14,25|20,31,33,38,39,40
2,3,6,21,31,33|8,11,13,14,27,38|10,23,25,29,39,40
2,3,6,22,33,39|8,11,13,14,27,38|10,15,17,21,23,40
2,3,8,13,14,25|6,18,21,23,26,31|22,28,33,38,39,40
2,3,8,13,15,28|6,18,21,23,26,31|11,25,33,38,39,40
2,3,8,13,16,20|6,14,15,27,33,38|10,23,25,29,39,40
2,3,11,14,33,39|6,8,13,22,27,38|10,15,17,21,23,40
2,3,11,15,21,33|6,8,13,22,27,38|10,14,17,23,39,40
2,3,14,16,31,33|6,8,13,22,27,38|10,15,17,21,23,40
2,3,14,21,22,33|6,10,13,15,17,23|8,11,18,25,38,39
2,3,15,16,22,33|6,13,23,27,28,32|8,11,18,25,38,39
3,6,11,21,27,30|8,10,29,31,33,39|13,14,23,25,26,40
3,6,13,25,28,30|8,10,29,31,33,39|11,15,18,21,23,26
3,6,15,27,30,31|8,11,13,16,26,33|10,14,17,23,39,40
3,6,16,22,27,30|8,10,29,31,33,39|11,15,18,21,23,26
3,11,14,16,27,30|6,10,13,15,17,23|8,18,20,31,38,39
3,13,14,20,25,30|6,18,21,23,26,31|8,11,27,32,33,39
3,13,15,20,28,30|6,18,21,23,26,31|8,11,27,32,33,39
3,13,22,28,30,31|6,14,15,27,33,38|10,23,25,29,39,40
3,14,15,22,27,30|6,13,28,31,33,38|10,23,25,29,39,40
3,20,25,30,39,40|6,8,13,22,27,38|11,15,18,21,23,26
3,21,25,28,30,40|6,8,13,22,27,38|11,14,18,23,26,39
1,2,7,12,14,39|3,6,15,25,27,30|8,13,16,20,26,33
1,2,7,12,15,21|3,6,16,27,28,30|8,10,14,17,33,39|13,23,25,26,31,40
1,8,17,25,33,39|3,6,16,27,28,30|15,18,20,21,23,26
1,10,13,16,23,32|2,3,6,8,21,27|20,25,33,38,39,40
2,3,6,8,21,27|10,11,13,16,17,23|20,25,33,38,39,40
2,3,6,21,25,33|8,11,13,27,31,38|14,18,20,23,26,39
2,3,6,28,33,39|8,11,13,27,31,38|14,16,18,23,25,26
2,3,8,14,16,27|6,13,25,28,33,38|10,17,23,31,39,40
2,3,11,31,33,39|6,8,13,27,28,38|14,16,18,23,25,26
2,3,14,16,25,33|6,8,13,27,28,38|10,17,23,31,39,40
2,3,14,20,33,39|6,8,13,27,28,38|16,19,23,25,26,31
2,3,15,16,28,33|6,10,21,23,27,29|8,18,20,25,38,39
2,3,15,20,21,33|6,8,13,27,28,38|10,17,23,31,39,40
2,3,21,22,31,33|6,8,13,27,28,38|11,19,23,25,26,39
3,6,15,25,27,30|8,10,14,17,33,39|18,21,22,23,26,31
3,6,16,27,28,30|8,10,14,17,33,39|13,23,25,26,31,40
3,6,20,21,27,30|8,10,14,17,33,39|13,23,25,26,31,40
3,11,16,27,30,31|6,13,25,28,33,38|14,18,20,23,26,39
3,11,21,22,27,30|6,13,25,28,33,38|10,17,23,31,39,40
3,14,16,20,27,30|6,13,25,28,33,38|10,17,23,31,39,40
3,15,22,27,30,31|6,13,25,28,33,38|14,18,20,23,26,39
1,11,19,30,32,39|2,6,13,22,29,33|3,8,9,14,16,40
2,11,13,14,29,33|3,6,8,9,21,40|15,17,19,22,30,31
1,2,8,19,32,39|3,6,9,14,15,33|11,13,17,25,30,40
1,11,18,30,32,39|2,6,13,28,29,33|3,8,9,16,31,40
1,16,18,30,31,32|2,6,13,28,29,33|3,8,9,11,39,40
1,16,19,25,30,32|2,6,8,17,18,21|3,11,13,14,29,38
1,18,21,22,30,32|2,6,13,28,29,33|3,8,9,11,39,40
1,19,20,30,32,39|2,6,8,17,18,21|3,11,13,14,29,38
1,19,21,28,30,32|2,8,13,17,31,40|3,6,9,14,15,33
2,6,13,28,29,33|3,8,9,11,39,40|10,14,16,19,30,32
2,6,17,21,33,40|3,8,9,11,13,14|15,18,25,28,29,30
2,8,11,17,19,39|3,6,9,14,15,33|16,18,20,25,29,30
2,8,13,17,31,40|3,6,9,14,15,33|16,18,20,25,29,30
2,8,16,17,19,31|3,6,9,14,15,33|18,20,21,28,29,30
2,8,16,18,25,29|3,6,9,14,15,33|11,17,19,20,30,39
2,8,16,27,29,40|3,6,9,14,15,33|11,17,18,21,22,30
2,8,17,19,21,22|3,6,9,14,15,33|16,18,20,25,29,30
2,8,18,20,29,39|3,6,9,14,15,33|11,13,17,25,30,40
2,8,18,21,28,29|3,6,9,14,15,33|11,13,17,25,30,40
2,11,13,29,31,33|3,8,9,21,22,40|6,15,17,18,25,30
2,13,14,20,29,33|3,8,9,11,39,40|6,10,19,21,30,32
2,14,16,17,33,40|3,6,8,9,13,22|15,18,25,28,29,30
2,16,25,29,33,40|3,6,8,9,13,22|11,17,19,20,30,39
2,20,29,33,39,40|3,6,8,9,13,22|10,14,16,19,30,32
2,21,28,29,33,40|3,6,8,9,13,22|10,14,16,19,30,32
3,8,9,11,39,40|6,7,12,17,21,29|10,14,16,19,30,32
1,2,6,19,21,38|3,8,9,11,13,31|10,14,16,18,30,32
1,2,8,18,32,39|3,6,9,11,21,33|7,12,16,17,29,31
1,2,13,14,38,40|3,6,9,11,21,33|7,12,16,17,29,31
1,2,14,16,19,38|3,6,8,9,13,28|7,11,12,17,29,39
1,2,32,33,39,40|3,6,8,9,13,28|7,12,16,17,29,31
1,3,6,21,34,40|2,8,11,13,27,29|10,14,16,18,30,32
1,3,14,16,34,40|2,6,13,17,22,33|10,11,19,30,32,39
1,6,19,21,26,30|2,8,11,13,27,29|3,9,14,15,22,33
1,7,12,29,32,39|2,6,13,17,22,33|3,8,9,16,25,40
1,10,13,14,29,30|2,8,11,17,18,39|3,6,9,15,31,33
1,14,16,19,26,30|2,6,13,17,22,33|3,8,9,20,39,40
1,16,18,25,30,32|2,6,13,17,22,33|3,8,9,20,39,40
1,18,20,30,32,39|2,6,13,17,22,33|3,8,9,16,25,40
1,18,21,28,30,32|2,6,13,17,22,33|3,8,9,16,25,40
2,6,13,17,22,33|3,8,9,16,25,40|10,11,19,30,32,39
2,6,15,27,29,33|3,8,9,11,13,31|10,14,16,18,30,32
2,8,11,13,27,29|3,6,9,15,31,33|10,14,16,18,30,32
2,8,11,17,18,39|3,6,9,15,31,33|10,19,21,22,30,32
2,8,13,17,25,40|3,6,9,11,21,33|10,14,16,18,30,32
2,8,16,17,19,25|3,6,9,11,21,33|10,13,30,31,32,40
2,8,17,18,21,22|3,6,9,15,31,33|10,11,19,30,32,39
2,8,17,19,20,39|3,6,9,11,21,33|10,13,30,31,32,40
2,8,17,19,21,28|3,6,9,15,31,33|10,14,16,18,30,32
2,11,13,14,17,33|3,8,9,16,25,40|6,10,18,21,30,32
2,11,13,25,29,33|3,6,17,21,38,40|10,14,16,18,30,32
2,11,17,33,39,40|3,6,8,9,13,28|10,14,16,18,30,32
2,13,20,29,31,33|3,6,17,21,38,40|10,11,19,30,32,39
2,13,22,28,29,33|3,6,17,21,38,40|10,11,19,30,32,39
2,16,17,31,33,40|3,6,8,9,13,28|10,11,19,30,32,39
2,17,21,22,33,40|3,6,8,9,13,28|10,11,19,30,32,39
3,6,8,9,13,28|7,11,12,17,29,39|10,14,16,18,30,32
3,6,9,15,31,33|7,11,12,17,29,39|10,14,16,18,30,32
3,6,9,16,22,33|7,11,12,17,29,39|10,13,30,31,32,40
3,8,9,13,14,20|6,10,18,21,30,32|7,11,12,17,29,39
3,8,9,16,25,40|6,10,18,21,30,32|7,11,12,17,29,39
3,8,9,20,39,40|6,10,18,21,30,32|7,12,16,17,29,31
3,8,9,21,28,40|7,11,12,17,29,39|10,14,16,18,30,32
3,9,14,15,22,33|6,10,18,21,30,32|7,11,12,17,29,39
1,2,6,18,21,38|3,8,9,11,13,25|7,12,17,20,29,39
1,2,11,19,38,39|3,6,8,9,15,27|7,12,16,17,25,29|10,18,21,22,30,32
1,2,13,31,32,33|3,6,8,9,15,27|7,12,16,17,25,29
1,2,13,31,38,40|3,6,8,9,15,27|7,12,16,17,25,29|10,11,18,30,32,39
1,2,14,16,18,38|3,6,8,9,15,27|7,12,17,20,29,39|10,13,25,30,32,40
1,2,16,19,31,38|3,6,8,9,15,27|7,12,17,20,29,39|10,13,25,30,32,40
1,2,19,21,22,38|3,6,8,9,15,27|7,12,16,17,25,29|10,11,18,30,32,39
1,3,6,13,22,34|2,8,10,19,32,39|7,12,16,17,25,29
1,3,11,13,14,34|2,8,10,19,32,39|7,12,16,17,25,29
1,3,11,34,39,40|2,6,13,17,28,33|10,16,18,30,31,32
1,3,16,31,34,40|2,6,13,17,28,33|10,11,18,30,32,39
1,3,21,22,34,40|2,6,13,17,28,33|10,11,18,30,32,39
1,6,7,9,12,21|2,8,10,19,32,39|3,11,13,14,17,38
1,6,18,21,26,30|2,8,10,19,32,39|3,9,11,16,31,33
1,7,9,12,14,16|2,6,13,17,28,33|10,11,18,30,32,39
1,10,13,29,30,31|2,8,16,17,18,25|3,6,9,20,21,33
1,11,13,27,30,32|2,8,16,17,18,25|3,6,9,20,21,33
1,13,26,30,31,40|2,8,10,19,32,39|3,6,9,15,25,33|7,12,17,21,28,29
2,8,10,19,32,39|3,6,9,15,25,33|7,12,17,21,28,29
2,8,13,20,27,29|3,6,9,15,25,33|10,11,18,30,32,39
2,8,16,17,27,40|3,6,9,15,25,33|10,11,18,30,32,39
2,8,17,18,20,39|3,6,9,15,25,33|10,19,21,28,30,32
2,8,17,18,21,28|3,6,9,15,25,33|10,19,20,30,32,39
2,11,13,17,31,33|3,6,8,9,15,27|10,16,19,25,30,32
2,11,16,27,29,33|3,6,13,17,22,38|10,19,20,30,32,39
2,13,14,17,20,33|3,6,8,9,15,27|10,11,18,30,32,39
2,13,20,25,29,33|3,6,8,9,15,27|10,11,18,30,32,39
2,14,27,29,31,33|3,6,13,17,22,38|10,11,18,30,32,39
2,15,22,27,29,33|3,8,9,11,13,25|10,16,18,30,31,32
2,16,17,25,33,40|3,6,8,9,15,27|10,11,18,30,32,39
2,17,20,33,39,40|3,6,8,9,15,27|10,16,18,30,31,32
2,17,21,28,33,40|3,6,8,9,15,27|10,11,18,30,32,39
3,6,8,9,15,27|7,12,16,17,25,29|10,11,18,30,32,39
3,6,9,15,25,33|7,12,17,20,29,39|10,16,18,30,31,32
3,6,9,16,28,33|7,12,17,20,29,39|10,13,25,30,32,40
3,6,9,20,21,33|7,12,16,17,25,29|10,11,18,30,32,39
3,8,9,11,13,25|7,12,17,20,29,39|10,16,18,30,31,32
3,8,9,13,20,31|7,12,16,17,25,29|10,11,18,30,32,39
3,8,9,13,22,28|7,12,16,17,25,29|10,11,18,30,32,39
3,9,11,16,31,33|7,12,17,20,29,39|10,13,25,30,32,40
3,9,11,21,22,33|7,12,16,17,25,29|10,19,20,30,32,39
3,9,14,15,28,33|7,12,16,17,25,29|10,11,18,30,32,39
3,9,14,16,20,33|7,12,17,21,28,29|10,11,18,30,32,39
3,9,15,22,31,33|7,12,16,17,25,29|10,11,18,30,32,39
1,2,8,19,26,39|3,6,10,21,34,40|11,13,17,20,27,30
1,2,11,18,38,39|3,6,10,21,34,40|7,12,13,14,26,32
1,2,13,25,38,40|3,8,9,11,16,27|6,10,19,21,26,30
1,2,16,18,31,38|3,6,10,21,34,40|7,12,13,14,26,32
1,2,16,19,25,38|3,6,10,21,34,40|7,12,13,14,26,32
1,2,18,21,22,38|3,8,9,11,16,27|7,10,12,29,32,39
1,2,19,20,38,39|3,6,10,21,34,40|7,12,13,14,26,32
1,2,19,21,28,38|3,8,9,11,16,27|7,10,12,29,32,39
1,3,6,13,28,34|2,8,10,18,32,39|17,25,27,30,31,40
1,3,11,13,31,34|2,6,10,19,21,38|7,12,26,32,39,40
1,3,13,14,20,34|2,6,10,19,21,38|7,12,26,32,39,40
1,3,13,31,32,38|2,6,15,17,27,33|10,14,16,19,26,30
1,3,16,25,34,40|2,6,10,19,21,38|7,12,13,14,26,32
1,3,20,34,39,40|2,6,10,19,21,38|7,12,13,14,26,32
1,3,21,28,34,40|2,6,15,17,27,33|7,10,12,29,32,39
1,7,9,11,12,39|2,6,10,19,21,38|3,8,13,14,17,26
1,7,9,12,16,31|2,6,10,19,21,38|3,8,13,14,17,26
1,7,9,12,21,22|2,6,15,17,27,33|3,8,13,25,26,29|10,18,20,30,32,39
1,7,12,17,32,39|2,6,10,19,21,38|3,8,9,11,16,27
1,10,13,14,17,30|2,15,27,28,29,33|7,12,26,32,39,40
1,10,13,25,29,30|2,6,15,17,27,33|7,12,26,32,39,40
1,11,18,26,30,39|2,6,10,19,21,38|3,8,9,13,20,25
1,13,20,27,30,32|2,6,10,19,21,38|3,8,17,26,39,40
1,13,25,26,30,40|2,6,10,19,21,38|3,8,9,11,16,27
1,16,18,26,30,31|2,6,10,19,21,38|3,8,9,13,20,25
1,16,19,25,26,30|2,6,15,17,27,33|7,10,12,29,32,39
1,18,21,22,26,30|2,6,15,17,27,33|3,8,9,13,20,25|7,10,12,29,32,39
1,19,20,26,30,39|2,6,15,17,27,33|3,10,14,16,34,40
1,19,21,26,28,30|2,6,15,17,27,33|3,8,9,13,20,25|7,10,12,29,32,39
2,6,10,19,21,38|3,8,9,11,16,27|7,12,13,14,26,32
2,6,15,17,27,33|3,8,9,13,20,25|7,10,12,29,32,39
2,10,14,16,19,38|3,8,9,13,20,25|7,12,26,32,39,40
2,15,27,28,29,33|3,6,10,21,34,40|7,12,13,14,26,32
2,16,20,27,29,33|3,6,10,21,34,40|7,12,13,14,26,32
3,9,11,21,28,33|7,10,12,29,32,39|17,25,27,30,31,40
3,9,20,21,22,33|7,10,12,29,32,39|17,25,27,30,31,40
1,2,10,29,33,39|3,6,15,17,27,38|7,12,13,26,31,32
1,3,6,15,27,34|2,10,11,19,38,39|7,12,13,26,31,32
1,3,13,25,32,38|2,11,16,17,27,33|6,7,9,10,12,21
1,7,9,12,16,25|2,6,10,18,21,38|3,8,13,17,26,31
1,7,9,12,20,39|2,6,10,18,21,38|3,8,13,17,26,31
1,7,9,12,21,28|2,8,13,17,20,27|3,10,11,34,39,40
1,7,12,26,29,39|2,6,10,18,21,38|3,8,9,14,25,27
1,16,18,25,26,30|2,8,13,17,20,27|3,10,11,34,39,40
1,16,26,27,30,40|2,6,10,18,21,38|3,9,15,25,28,33
1,18,20,26,30,39|2,10,13,31,32,33|3,6,15,17,27,38
1,18,21,26,28,30|2,8,13,17,20,27|3,10,11,34,39,40
2,6,10,18,21,38|3,8,9,14,25,27|7,12,13,26,31,32
2,8,13,17,20,27|3,9,15,25,28,33|6,10,18,21,26,30
2,10,19,21,22,38|3,8,9,14,25,27|7,12,13,26,31,32
2,13,17,20,25,33|3,8,9,15,27,28|6,10,18,21,26,30
1,3,13,14,26,38|2,15,17,27,28,33|7,9,10,11,12,39
1,2,13,20,27,38|3,16,17,25,26,33|7,9,10,12,21,28
1,7,12,31,38,39|2,8,16,25,27,33|3,10,15,17,21,23
2,6,18,21,23,25|3,8,11,13,16,38|14,15,22,27,30,33
2,6,18,23,28,39|3,8,11,13,16,38|14,15,22,27,30,33
2,11,18,23,31,39|3,6,14,21,33,38|8,16,25,27,30,40
2,14,16,18,23,25|3,8,13,15,22,38|6,11,21,27,30,33
2,14,18,20,23,39|3,6,15,16,33,38|8,11,13,27,30,31
2,14,18,21,23,28|3,6,15,16,33,38|7,8,12,25,29,39
2,15,16,18,23,28|3,6,14,21,33,38|7,8,12,25,29,39
2,16,19,23,25,31|3,6,14,21,33,38|8,20,27,30,39,40
2,18,21,22,23,31|3,6,15,16,33,38|7,8,12,14,17,39
2,19,20,23,31,39|3,6,14,21,33,38|8,16,25,27,30,40
2,19,21,22,23,25|3,6,15,16,33,38|7,8,12,14,17,39
2,19,21,23,28,31|3,6,15,16,33,38|7,8,12,14,17,39
2,19,22,23,28,39|3,6,14,21,33,38|8,11,13,27,30,31
3,13,15,23,28,32|6,11,21,27,30,33|7,8,12,14,17,39
3,13,16,20,23,32|6,11,21,27,30,33|7,8,12,14,17,39
2,11,14,18,23,39|3,6,8,13,15,38|16,25,30,31,33,40
2,11,19,23,31,39|3,6,8,13,15,38|21,22,25,30,33,40
2,14,16,18,23,31|3,6,8,13,15,38|11,25,30,33,39,40
2,14,16,19,23,25|3,6,8,13,15,38|20,30,31,33,39,40
2,14,18,21,22,23|3,6,8,13,15,38|11,25,30,33,39,40
2,14,19,20,23,39|3,6,8,13,15,38|16,25,30,31,33,40
2,14,19,21,23,28|3,6,8,13,15,38|11,25,30,33,39,40
2,19,21,22,23,31|3,6,8,13,15,38|11,25,30,33,39,40
3,11,13,16,23,32|6,14,15,27,30,33|7,8,12,29,31,39
1,7,12,14,38,39|2,6,13,23,27,28|3,8,15,21,26,33
1,7,12,15,21,38|2,6,13,23,27,28|3,8,14,26,33,39
1,10,15,21,30,33|2,6,13,23,27,28|7,8,12,17,25,39
3,11,13,16,23,26|7,8,12,17,25,39|15,27,28,30,31,33
3,13,14,23,26,31|7,8,12,17,25,39|11,21,27,28,30,33
3,13,15,22,23,26|7,8,12,17,25,39|11,21,27,28,30,33
1,8,10,13,16,30|2,11,18,23,25,39|3,6,21,31,33,38
2,11,18,23,25,39|3,6,21,31,33,38|8,13,22,27,28,30
2,18,20,23,31,39|3,8,13,14,25,38|6,16,27,28,30,33
2,18,21,22,23,25|3,8,13,15,28,38|11,16,27,30,31,33
2,18,21,23,28,31|3,6,22,33,38,39|8,11,13,25,27,30
2,18,22,23,28,39|3,6,21,31,33,38|8,11,13,25,27,30
2,19,20,23,25,39|3,6,21,31,33,38|8,13,22,27,28,30
2,19,21,23,25,28|3,6,22,33,38,39|8,13,20,27,30,31
3,6,13,15,23,26|7,8,12,17,31,39|11,21,22,27,30,33
3,6,21,23,27,32|7,8,12,17,31,39|13,22,25,28,30,33
3,10,15,21,23,29|6,16,27,28,30,33|7,8,12,17,31,39
3,14,16,23,27,32|7,8,12,17,31,39|13,22,25,28,30,33
3,15,21,23,26,40|6,16,27,28,30,33|7,8,12,17,31,39
2,6,15,16,18,23|7,8,12,14,29,39|21,22,30,31,33,40
2,6,19,21,23,31|7,8,12,14,29,39|11,13,15,22,30,33
2,6,19,22,23,39|7,8,12,15,21,29|11,13,14,30,31,33
3,6,13,15,23,32|7,8,12,14,29,39|21,22,30,31,33,40
1,6,8,17,21,27|2,3,11,13,14,25|10,15,16,28,29,33
1,6,17,21,25,33|2,3,11,13,15,28|8,10,14,16,27,29
1,6,17,28,33,39|2,3,11,13,14,25|8,15,18,20,21,26
1,8,10,13,16,32|2,3,6,14,15,27|11,18,20,31,38,39
1,8,13,17,25,31|2,3,6,14,15,27|11,18,22,28,38,39
1,8,14,16,17,27|2,3,6,13,22,25|10,11,29,31,33,39
1,8,16,25,27,29|2,3,6,13,28,31|14,20,26,33,39,40
1,8,20,27,29,39|2,3,6,13,22,25|11,18,21,28,31,38
1,8,21,27,28,29|2,3,6,13,22,25|11,18,20,31,38,39
1,11,17,31,33,39|2,3,6,13,22,25|8,10,14,16,27,29
1,14,16,17,25,33|2,3,6,13,28,31|8,15,18,20,21,26
1,14,17,20,33,39|2,3,6,13,22,25|8,15,16,18,26,28
1,14,17,21,28,33|2,3,6,13,22,25|8,11,18,26,31,39
1,15,16,17,28,33|2,3,6,13,22,25|8,11,18,26,31,39
1,15,17,20,21,33|2,3,6,13,22,25|8,10,14,16,27,29
1,17,21,22,31,33|2,3,6,14,15,27|8,11,19,25,26,39
1,20,25,29,33,39|2,3,6,13,28,31|8,14,16,26,27,40
1,21,25,28,29,33|2,3,6,14,15,27|8,10,11,13,16,17
2,3,6,13,22,25|8,10,14,16,27,29|11,18,20,31,38,39
2,3,6,13,28,31|8,10,14,16,27,29|11,18,21,22,25,38
2,3,6,14,15,27|8,10,11,13,16,17|18,20,21,22,31,38
2,3,11,13,14,25|6,8,10,21,27,29|15,16,18,20,28,38
2,3,11,13,15,28|6,8,10,21,27,29|14,16,18,20,25,38
2,3,11,13,16,20|6,8,10,21,27,29|14,15,18,25,28,38
2,3,11,25,39,40|6,8,10,21,27,29|15,16,18,20,28,38
2,3,13,14,20,31|6,8,10,21,27,29|11,18,22,28,38,39
2,3,13,14,22,28|6,8,10,21,27,29|11,16,18,25,31,38
2,3,13,15,20,22|6,8,10,21,27,29|11,16,18,25,31,38
2,3,16,25,31,40|6,8,10,21,27,29|11,13,15,22,26,33
2,3,20,31,39,40|6,8,10,21,27,29|11,13,15,22,26,33
2,3,21,22,25,40|6,8,18,26,28,39|11,16,27,31,32,33
2,3,21,28,31,40|6,10,15,16,17,33|8,11,13,25,27,32
2,3,22,28,39,40|6,8,10,21,27,29|11,13,14,26,31,33
6,8,10,21,27,29|11,13,14,26,31,33|15,16,18,20,28,38
6,8,18,21,25,26|10,11,29,31,33,39|14,15,27,28,38,40
6,8,18,26,28,39|10,14,16,25,29,33|11,21,22,27,38,40
6,8,21,26,27,40|10,11,29,31,33,39|14,15,18,25,28,38
6,10,14,17,21,33|8,11,13,25,27,32|15,16,18,20,28,38
6,10,15,16,17,33|8,11,13,25,27,32|14,18,20,21,28,38
6,10,21,25,29,33|8,11,18,26,31,39|14,15,27,28,38,40
6,10,28,29,33,39|8,11,13,25,27,32|18,20,21,22,31,38
6,13,14,26,28,33|8,10,17,31,39,40|11,18,21,22,25,38
6,13,15,20,26,33|8,10,14,16,27,29|11,18,21,22,25,38
6,13,22,26,31,33|8,10,14,16,27,29|11,19,20,25,38,39
6,15,25,27,32,33|8,10,11,13,16,17|14,18,20,21,28,38
6,16,18,25,28,38|8,10,13,14,17,31|11,21,22,27,32,33
6,16,27,28,32,33|8,10,13,14,17,31|11,18,21,22,25,38
6,18,20,21,25,38|8,10,11,13,16,17|14,15,27,28,32,33
6,18,20,28,38,39|8,10,11,13,16,17|15,22,27,31,32,33
6,20,21,27,32,33|8,10,11,13,16,17|14,15,18,25,28,38
6,21,25,26,33,40|8,10,11,13,16,17|19,20,22,28,38,39
6,26,28,33,39,40|8,10,11,13,16,17|15,18,22,25,31,38
8,10,11,13,16,17|14,15,18,25,28,38|21,22,26,31,33,40
8,10,13,14,17,31|11,18,21,22,25,38|15,16,26,28,33,40
8,10,13,15,17,22|11,16,18,25,31,38|14,20,26,33,39,40
8,10,13,25,29,31|11,18,22,28,38,39|14,16,20,27,32,33
8,10,14,16,27,29|11,13,15,22,26,33|19,20,21,28,31,38
8,10,17,31,39,40|11,13,15,22,26,33|14,16,18,20,25,38
8,11,13,25,27,32|10,14,20,29,33,39|16,18,22,28,31,38
8,11,19,25,26,39|10,14,21,28,29,33|15,22,27,31,38,40
8,13,20,27,31,32|10,14,16,25,29,33|11,18,22,28,38,39
8,13,22,27,28,32|10,11,29,31,33,39|14,16,18,20,25,38
8,14,16,26,27,40|10,11,29,31,33,39|19,20,21,22,25,38
8,14,18,20,26,39|10,15,16,28,29,33|11,21,22,27,38,40
8,15,16,18,26,28|10,11,29,31,33,39|19,20,21,22,25,38
8,15,18,20,21,26|10,11,29,31,33,39|13,22,25,28,38,40
8,16,19,25,26,31|10,14,20,29,33,39|11,21,22,27,38,40
8,19,20,26,31,39|10,14,16,25,29,33|11,21,22,27,38,40
8,19,21,22,25,26|10,11,29,31,33,39|14,15,27,28,38,40
1,6,17,21,31,33|2,3,11,13,15,22|8,10,25,29,39,40
1,6,17,22,33,39|2,3,11,13,14,31|8,15,16,19,26,28
1,8,11,27,29,39|2,3,6,13,14,28|15,16,18,20,22,38
1,8,13,14,17,25|2,3,6,28,39,40|10,11,15,21,29,33
1,8,13,15,17,28|2,3,6,21,25,40|10,11,14,29,33,39
1,8,13,16,17,20|2,3,6,21,25,40|10,11,14,29,33,39
1,8,16,27,29,31|2,3,6,13,14,28|11,15,18,20,21,38
1,8,17,25,39,40|2,3,6,13,14,28|10,11,15,21,29,33
1,8,21,22,27,29|2,3,6,13,14,28|11,16,19,25,31,38
1,11,14,17,33,39|2,3,6,13,15,20|8,16,25,27,32,40
1,11,15,17,21,33|2,3,6,13,14,28|8,10,25,29,39,40
1,11,25,29,33,39|2,3,6,13,14,28|8,10,15,17,21,40
