3,27,29,31,34,40|6,7,18,25,28,35|13,17,19,20,26,30
1,2,12,13,18,34|3,10,16,33,35,40|6,7,9,27,28,29
1,7,13,26,29,32|3,8,10,16,18,35|9,12,19,25,27,30
2,12,13,17,18,38|3,10,16,33,35,40|6,7,9,27,28,29
3,10,16,33,35,40|6,7,9,27,28,29|12,13,17,18,26,30
1,7,10,11,13,35|2,8,9,18,25,27|3,16,17,19,26,38
1,2,13,17,29,33|3,6,9,15,18,38|7,11,14,27,35,40
1,2,13,19,32,38|3,6,15,17,18,34|7,11,14,27,35,40
1,2,16,18,34,40|3,9,11,13,32,33|6,7,19,25,28,35
1,3,9,16,29,33|2,11,13,17,19,38|6,7,18,22,25,35
1,3,13,32,34,40|2,8,9,14,19,27|6,7,18,22,25,35
1,3,16,19,32,34|2,8,9,13,18,20|6,7,22,27,35,40
1,13,19,26,30,32|2,9,11,16,18,33|3,14,27,29,34,40
2,8,9,13,18,20|3,11,16,17,19,34|6,7,22,27,35,40
2,8,13,18,26,29|3,9,11,16,19,38|6,7,22,27,35,40
2,9,11,16,18,33|3,13,17,32,38,40|6,7,19,25,28,35
2,9,13,20,33,40|3,6,15,17,18,34|7,11,19,25,31,35
2,9,14,18,31,33|3,11,13,17,34,40|6,7,19,25,28,35
2,9,15,18,22,33|3,11,13,17,34,40|6,7,19,25,28,35
2,9,15,19,28,33|3,11,13,17,34,40|6,7,18,22,25,35
2,9,16,19,20,33|3,6,15,17,18,34|7,11,14,27,35,40
2,11,13,17,19,38|3,14,18,25,29,34|6,7,22,27,35,40
2,13,18,20,29,38|3,11,16,17,19,34|6,7,22,27,35,40
2,13,26,29,33,40|3,6,9,15,18,38|7,11,19,25,31,35
2,16,17,18,32,33|3,9,11,13,38,40|6,7,19,25,28,35
2,16,17,18,38,40|3,9,11,13,32,33|6,7,19,25,28,35
2,16,19,26,29,33|3,6,9,15,18,38|7,11,14,27,35,40
3,9,11,13,32,33|6,7,18,22,25,35|14,19,26,27,29,30
3,9,11,13,38,40|6,7,18,22,25,35|14,19,26,27,29,30
3,11,13,17,34,40|6,7,18,22,25,35|9,14,19,20,27,30
3,13,17,32,38,40|6,7,18,22,25,35|9,11,19,27,30,31
3,14,18,25,29,34|6,7,22,27,35,40|11,13,17,19,26,30
3,14,27,29,34,40|6,7,18,22,25,35|11,13,17,19,26,30
3,15,18,28,29,34|6,7,22,27,35,40|11,13,17,19,26,30
2,9,12,16,18,33|3,8,10,13,35,40|7,14,17,27,29,32
1,3,8,9,13,29|2,16,17,19,32,33|6,7,14,18,28,35
2,6,9,15,18,33|3,13,20,29,34,40|7,11,14,19,25,35
2,8,13,19,26,29|3,9,16,32,33,40|6,7,14,18,28,35
2,9,11,13,33,40|3,6,15,17,19,34|18,27,29,30,31,32
2,9,11,16,19,33|3,13,20,29,34,40|6,7,14,18,28,35
2,13,17,32,33,40|3,6,9,15,19,38|7,11,14,18,31,35
2,16,17,19,32,33|3,13,20,29,34,40|6,7,14,18,28,35
3,6,9,15,19,38|7,11,13,20,35,40|18,27,29,30,31,32
3,8,9,16,18,32|6,7,19,22,25,35|10,13,17,29,30,40
3,9,16,32,33,40|6,7,14,18,28,35|13,19,20,26,29,30
1,15,16,32,34,38|2,9,11,21,25,30|12,17,23,28,35,39
2,6,9,16,25,30|8,14,21,26,29,34|12,17,22,23,35,39
2,6,9,21,28,30|8,15,16,26,29,34|12,17,22,23,35,39
2,9,14,15,25,30|6,8,26,29,34,39|12,17,21,23,31,35
2,9,14,16,28,30|6,8,26,29,34,39|12,17,21,23,31,35
2,9,15,16,20,30|6,8,26,29,34,39|12,17,21,23,31,35
2,14,21,26,29,30|6,8,9,16,25,34|12,17,22,23,35,39
2,15,16,26,29,30|6,8,9,20,34,39|12,17,21,23,31,35
2,6,9,16,30,31|8,14,17,21,32,34|12,23,28,29,35,39
2,6,9,21,22,30|8,15,16,17,32,34|12,23,28,29,35,39
2,9,11,15,16,30|6,8,17,32,34,39|12,21,23,25,29,35
2,9,14,15,30,31|6,8,17,32,34,39|12,21,23,25,29,35
2,9,14,16,22,30|6,8,17,32,34,39|12,21,23,25,29,35
2,15,16,17,30,32|6,8,9,11,34,39|12,21,23,25,29,35
2,21,25,29,30,32|6,8,9,11,34,39|12,15,16,17,23,35
2,28,29,30,32,39|6,8,9,16,31,34|12,14,17,21,23,35
1,2,7,11,21,35|3,9,15,17,25,30|6,10,13,29,34,38
1,2,7,15,31,35|3,9,16,17,28,30|6,10,13,29,34,38
1,2,7,16,22,35|3,9,15,17,25,30|6,10,13,29,34,38
3,9,15,17,25,30|6,10,13,29,34,38|12,18,21,23,26,35
3,9,16,17,28,30|6,10,13,29,34,38|12,18,21,23,26,35
1,2,7,15,25,35|3,9,10,21,30,32|6,16,18,26,34,38
1,2,7,16,28,35|3,9,10,21,30,32|13,22,26,34,38,40
1,8,9,15,27,34|2,6,7,10,16,35|17,21,26,29,33,38
1,13,17,22,34,38|2,6,7,10,16,35|9,15,23,26,27,29
1,15,27,29,34,38|2,6,7,10,16,35|8,9,17,21,26,33
1,21,26,29,33,34|2,6,7,10,16,35|8,9,15,17,27,38
2,6,7,10,16,35|8,9,15,17,27,38|13,22,26,32,33,34
2,6,7,9,16,32|3,11,13,28,30,35|12,17,21,29,33,34
2,7,9,14,15,32|3,11,13,28,30,35|12,17,21,29,33,34
1,2,6,9,13,30|8,12,18,21,35,38|15,17,29,31,33,34
1,9,17,21,23,29|3,12,13,22,30,35|6,16,18,32,34,38
3,12,13,22,30,35|6,16,18,32,34,38|9,21,23,26,29,40
1,2,6,7,16,35|3,9,11,17,21,30|13,28,32,34,38,40
1,2,7,14,15,35|3,9,11,17,21,30|13,28,32,34,38,40
1,2,9,13,22,30|8,15,17,27,29,34|12,19,21,23,26,35
1,3,9,21,30,32|8,15,17,27,29,34|12,13,22,33,35,38
1,6,9,16,33,34|2,15,17,27,29,30|12,19,21,23,26,35
1,8,9,13,22,34|2,15,17,27,29,30|12,19,21,23,26,35
2,3,6,13,32,34|8,9,15,27,29,38|12,19,21,23,26,35
2,15,17,27,29,30|8,19,21,26,32,34|12,13,22,33,35,38
3,9,15,17,30,31|8,19,21,26,32,34|12,13,22,33,35,38
3,12,13,28,30,35|6,9,16,17,33,38|8,19,21,26,32,34
1,2,17,23,28,32|3,6,8,11,26,34|10,20,22,29,30,38
1,2,22,23,26,29|3,6,11,20,34,38|8,10,17,28,30,32
1,6,10,11,30,34|2,8,22,26,32,33|3,12,20,23,28,35
1,7,8,21,26,35|2,9,15,17,23,27|3,13,28,32,34,38
1,7,11,21,35,38|2,9,13,17,23,28|15,18,26,30,31,34
2,9,13,17,23,28|3,12,21,33,35,38|15,18,26,30,31,34
1,6,7,16,35,38|2,8,9,17,21,33|10,13,22,29,30,34
1,7,14,15,35,38|2,8,9,17,21,33|6,16,18,26,30,34
2,6,16,18,34,38|3,9,17,21,23,32|12,15,27,30,33,35
2,9,13,17,22,23|3,21,32,34,38,40|12,15,27,30,33,35
2,9,15,23,27,29|3,6,13,32,34,38|7,8,16,17,28,35
2,13,22,34,38,40|3,9,17,21,23,32|12,15,27,30,33,35
2,16,19,22,34,38|3,9,17,21,23,32|12,15,27,30,33,35
1,7,8,21,32,35|2,6,9,13,17,23|14,15,19,26,30,34
1,9,21,30,32,33|2,6,13,34,38,40|7,8,15,17,31,35
1,9,21,30,38,40|2,6,13,32,33,34|7,8,15,17,31,35
2,9,13,23,28,29|6,16,19,26,30,34|7,8,11,17,21,35
2,9,13,22,23,29|6,7,8,16,17,35|11,18,21,30,32,34
6,9,11,16,25,34|8,12,17,28,35,39|14,21,26,29,32,38
6,9,11,20,34,39|8,12,17,21,25,35|15,16,26,29,32,38
6,9,14,25,31,34|8,12,17,28,35,39|15,16,26,29,32,38
6,9,15,22,25,34|8,12,17,28,35,39|14,21,26,29,32,38
6,9,16,25,32,38|8,12,17,28,35,39|11,14,21,26,29,34
6,9,20,21,22,34|8,12,17,28,35,39|15,16,26,29,32,38
6,9,20,32,38,39|8,12,17,21,25,35|11,15,16,26,29,34
6,11,26,29,34,39|8,12,17,21,25,35|9,14,16,28,32,38
6,16,26,29,31,34|8,12,17,21,25,35|9,11,22,32,38,39
6,21,22,26,29,34|8,12,17,28,35,39|9,14,15,25,32,38
6,26,29,32,38,39|8,12,17,21,25,35|9,11,14,16,28,34
1,7,15,30,31,35|2,3,9,21,23,29|6,13,32,33,34,38
1,7,16,22,30,35|2,3,9,21,23,29|6,13,32,33,34,38
1,2,7,8,21,35|3,13,28,30,32,34|9,15,23,27,29,38
2,7,8,10,21,35|3,13,22,26,30,34|9,15,17,23,27,38
2,3,9,17,21,23|7,10,15,30,31,35|13,28,32,33,34,38
2,3,21,32,33,34|7,10,15,30,31,35|9,13,17,23,28,38
2,7,9,16,32,40|3,14,18,25,30,35|12,13,17,29,33,34
1,2,9,16,18,30|3,6,7,15,17,35|8,13,19,26,32,34
1,8,9,16,18,34|2,13,19,26,30,32|3,6,7,15,17,35
1,9,16,33,34,40|2,13,19,26,30,32|3,6,7,15,17,35
1,16,18,29,34,38|2,13,19,26,30,32|3,6,7,15,17,35
3,9,14,27,29,30|8,13,19,26,32,34|12,16,18,33,35,38
1,2,7,11,13,35|3,9,27,29,30,31|16,19,26,32,33,34
1,3,7,16,32,35|2,9,10,13,30,40|14,17,27,29,33,34
1,13,17,32,33,34|2,9,10,16,19,30|3,7,25,29,31,35
1,13,17,34,38,40|2,9,10,16,19,30|3,7,25,29,31,35
2,9,10,13,30,40|3,7,11,16,17,35|14,19,27,32,34,38
2,9,10,16,19,30|3,7,14,17,31,35|8,13,18,26,32,34
2,13,18,26,30,32|3,7,11,16,17,35|9,14,27,29,33,38
1,2,7,13,20,35|3,9,14,17,27,30|10,16,18,29,34,38
1,13,26,29,33,34|2,7,10,16,35,40|3,9,14,17,27,30
2,7,10,16,35,40|3,9,14,17,27,30|11,13,19,26,34,38
2,9,10,16,18,30|3,7,14,17,25,35|11,13,19,26,34,38
1,2,16,18,29,34|3,8,9,13,17,32|12,19,27,30,31,35
1,3,13,29,32,34|2,8,9,16,17,18|12,19,27,30,31,35
2,11,13,18,32,34|3,12,16,19,35,38|9,14,17,27,30,40
2,13,19,20,32,34|6,7,22,27,29,35|9,14,17,18,25,30
1,10,16,19,30,35|2,12,13,18,32,34|7,9,14,17,25,29
2,12,13,18,32,34|3,8,16,19,26,35|7,9,14,17,25,29
2,16,18,32,34,40|7,11,13,20,29,35|9,14,17,19,25,30
2,12,13,19,32,34|3,6,15,18,35,38|7,9,11,16,17,29
1,7,10,16,17,35|2,13,18,20,26,34|3,9,25,27,29,38
1,7,13,20,26,35|2,9,10,16,18,38|3,17,25,27,29,34
1,3,13,26,29,34|2,9,10,16,19,38|6,7,17,27,28,35
1,7,11,13,26,35|2,9,10,16,19,38|3,17,27,29,31,34
2,9,10,13,38,40|3,16,18,26,32,34|6,7,17,27,28,35
2,13,18,26,32,38|3,9,10,16,34,40|6,7,17,27,28,35
1,2,9,16,18,38|3,10,13,29,32,34|6,7,17,22,27,35
1,2,16,17,18,34|3,9,14,27,29,38|7,10,11,13,32,35
1,3,9,13,32,38|2,10,16,18,29,34|6,7,17,22,27,35
2,9,13,17,20,33|3,16,19,26,32,34|7,11,25,27,29,35
2,16,18,26,34,40|3,9,11,13,17,38|7,20,27,29,31,35
1,2,9,16,19,38|3,13,17,20,29,34|12,18,27,30,31,35
1,2,16,17,19,34|3,8,9,13,26,29|12,18,27,30,31,35
1,9,10,13,29,30|2,14,19,27,32,34|3,12,16,18,35,38
2,10,13,29,34,40|3,9,16,17,32,33|12,18,27,30,31,35
2,13,18,20,32,34|3,9,16,17,38,40|6,7,27,28,29,35
2,14,19,27,32,34|3,8,9,13,26,29|7,17,25,31,35,40
2,16,19,26,34,40|3,9,13,20,29,38|12,18,27,30,31,35
1,2,6,22,29,38|3,8,11,12,31,35|14,20,26,30,32,40
1,2,6,17,22,38|3,8,12,20,25,35|10,11,14,26,29,30
1,2,22,28,29,38|3,8,12,20,25,35|10,11,17,30,31,32
2,6,22,26,38,40|3,8,12,20,25,35|10,11,17,30,31,32
1,2,6,28,29,38|3,8,11,12,25,35|20,26,30,31,32,40
1,7,27,30,31,35|2,3,16,18,34,38|9,13,17,23,26,33
2,14,19,27,30,34|3,7,8,16,17,35|9,13,23,26,29,33
1,2,6,17,22,30|8,10,11,14,29,34|12,20,23,25,35,40
1,2,11,14,17,30|6,8,10,22,29,34|12,20,23,25,35,40
1,6,8,9,22,38|2,10,11,14,29,30|12,20,23,25,35,40
1,6,8,17,22,34|2,10,11,14,29,30|12,20,23,25,35,40
1,6,9,23,28,32|2,10,11,14,29,30|8,12,20,31,33,35
1,8,9,11,14,38|2,6,10,22,29,30|12,20,23,25,35,40
1,8,11,14,17,34|2,6,10,22,29,30|12,20,23,25,35,40
1,8,14,17,32,38|2,6,10,22,29,30|12,20,23,25,35,40
1,8,25,29,32,38|2,6,22,26,30,40|9,11,14,17,20,23
1,9,14,20,23,32|2,6,10,22,29,30|8,11,12,25,33,35
1,14,23,26,29,32|6,11,28,34,38,40|8,12,20,31,33,35
1,2,20,25,29,30|6,8,26,28,34,40|9,10,11,14,23,32
1,9,11,23,25,32|2,6,10,28,29,30|8,14,20,26,34,40
1,9,22,23,28,32|2,10,11,29,30,31|8,12,20,25,33,35
1,23,26,29,31,32|2,3,6,11,22,34|8,12,20,25,33,35
1,6,9,22,23,26|2,3,11,14,20,34|8,10,25,29,32,38
1,8,9,11,25,38|2,3,6,20,22,34|10,14,23,26,29,32
1,8,9,20,31,38|2,3,6,11,28,34|10,14,23,26,29,32
1,8,10,14,32,34|2,11,25,26,30,40|9,17,20,22,23,28
1,8,26,29,31,38|2,3,6,11,28,34|9,10,14,20,23,32
1,9,11,14,23,26|2,3,6,20,22,34|8,10,25,29,32,38
1,10,12,14,23,35|2,3,6,11,28,34|8,25,26,32,38,40
1,8,9,20,25,38|2,3,11,22,28,34|10,23,26,29,31,32
1,8,14,17,26,38|2,3,6,20,28,34|9,10,11,23,25,32
1,9,14,20,23,26|2,3,11,22,28,34|8,10,17,31,32,38
1,7,9,16,29,38|2,14,18,23,27,35|12,13,19,26,30,34
1,7,16,35,38,40|2,8,9,13,17,33|14,18,27,30,32,34
2,9,16,17,18,23|3,13,32,34,38,40|7,8,27,29,31,35
2,16,18,34,38,40|3,9,13,17,23,32|7,8,27,29,31,35
3,9,13,17,23,32|7,8,27,29,31,35|16,18,26,30,34,40
3,9,16,29,33,38|7,8,13,17,20,35|14,18,27,30,32,34
3,16,19,32,34,38|7,8,13,17,20,35|9,27,29,30,31,33
1,9,13,30,32,33|2,16,19,34,38,40|7,8,14,27,29,35
1,9,13,30,38,40|2,16,19,32,33,34|7,8,14,27,29,35
1,9,16,19,30,38|2,8,13,18,32,34|6,7,15,17,33,35
2,9,16,17,19,23|7,8,14,27,29,35|13,18,20,30,32,34
3,8,9,13,29,38|6,7,15,17,33,35|14,19,27,30,32,34
2,13,26,33,34,40|7,8,17,27,31,35|9,10,16,18,30,38
1,2,8,29,31,38|3,6,12,23,28,35|11,14,26,30,32,33
1,6,17,22,30,38|2,8,11,25,34,40|3,12,14,20,23,35
1,8,9,11,25,30|2,6,22,32,33,38|3,12,14,20,23,35
1,8,17,25,30,32|2,6,11,22,33,34|3,12,14,20,23,35
1,8,26,29,30,31|2,6,11,22,33,34|3,12,14,20,23,35
1,11,14,17,30,38|2,8,20,31,34,40|3,6,12,23,28,35
1,11,25,29,30,38|2,8,20,31,34,40|3,6,12,23,28,35
1,22,28,29,30,38|2,8,11,25,34,40|3,12,14,20,23,35
2,6,11,22,33,34|3,12,14,20,23,35|8,10,25,29,30,32
2,8,20,31,34,40|3,6,12,23,28,35|10,11,14,29,30,38
2,17,20,23,29,31|3,6,8,28,32,34|11,14,26,30,38,40
1,2,8,14,29,38|3,6,12,22,23,35|11,20,30,31,34,40
1,2,8,17,31,38|3,12,20,23,25,35|22,26,28,30,32,33
1,2,9,11,23,25|3,6,8,22,26,34|10,20,29,30,31,38
1,2,9,20,23,31|3,6,8,22,26,34|10,11,14,17,30,38
1,2,9,22,23,28|3,8,11,14,26,34|10,20,29,30,31,38
1,2,17,23,25,32|3,6,8,22,26,34|10,20,29,30,31,38
1,2,23,26,29,31|3,6,11,28,34,38|8,10,17,25,30,32
1,6,10,22,30,34|2,8,11,27,32,38|3,12,20,23,25,35
1,8,17,26,30,31|2,6,9,10,22,23|3,11,14,20,34,38
1,10,11,14,30,34|2,8,26,31,32,33|3,12,20,23,25,35
1,17,20,30,31,38|2,6,9,10,22,23|3,8,11,14,26,34
1,17,22,28,30,38|2,8,26,31,32,33|3,12,20,23,25,35
2,8,10,29,31,38|3,12,20,23,25,35|22,26,28,30,32,33
2,23,25,26,32,40|3,6,11,28,34,38|8,9,10,20,30,31
1,2,6,9,23,28|3,8,11,25,32,34|10,14,20,29,30,38
1,2,8,14,17,38|3,11,12,23,25,35|6,26,28,30,32,33
1,2,8,25,29,38|3,12,20,23,31,35|6,26,28,30,32,33
1,2,9,11,23,31|3,8,22,28,32,34|10,14,20,29,30,38
1,2,9,14,20,23|3,6,11,22,34,38|8,10,17,30,31,32
1,2,14,23,26,29|3,6,11,22,34,38|8,10,17,30,31,32
1,2,17,23,31,32|3,6,11,22,34,38|8,9,10,14,20,30
1,6,17,28,30,38|2,8,14,26,32,33|3,11,12,23,25,35
1,8,14,17,26,30|2,6,11,28,33,34|3,12,20,23,31,35
1,8,25,26,29,30|2,6,11,28,33,34|3,12,20,23,31,35
2,6,11,28,33,34|3,12,20,23,31,35|8,10,14,26,29,30
2,6,20,22,33,34|3,11,12,23,25,35|8,10,14,26,29,30
2,6,28,32,33,38|3,11,12,23,25,35|8,9,10,14,20,30
2,8,10,14,29,38|3,11,12,23,25,35|6,26,28,30,32,33
2,8,20,25,34,40|3,12,22,23,28,35|10,11,29,30,31,38
2,11,14,20,33,34|3,12,22,23,28,35|8,10,17,30,31,32
2,11,31,32,33,38|3,12,22,23,28,35|8,9,10,14,20,30
2,14,20,32,33,38|3,11,12,23,25,35|6,8,9,10,28,30
2,23,26,31,32,40|3,6,11,22,34,38|8,9,10,14,20,30
1,2,9,20,23,25|3,6,8,26,28,34|10,11,17,30,31,38
1,8,17,25,26,30|2,6,9,10,23,28|3,11,20,31,34,38
1,17,20,25,30,38|2,6,9,10,23,28|3,8,11,26,31,34
1,2,13,15,32,34|6,7,14,16,26,35|9,10,21,29,30,31
1,9,17,21,30,31|2,6,16,27,29,34|7,11,28,32,35,39
1,9,17,22,30,39|2,6,16,27,29,34|7,11,21,25,32,35
2,6,16,27,29,34|3,9,14,21,32,38|10,12,13,15,30,35
2,9,21,31,38,40|3,6,17,32,34,39|10,12,13,15,30,35
2,9,22,38,39,40|3,14,17,21,32,34|10,12,13,15,30,35
2,17,21,31,34,40|3,6,9,32,38,39|10,12,13,15,30,35
2,17,22,34,39,40|3,9,14,21,32,38|10,12,13,15,30,35
1,6,9,17,30,39|2,13,14,28,29,34|7,11,21,31,32,35
1,9,14,17,21,30|2,6,13,25,29,34|7,11,22,32,35,39
1,9,15,16,17,30|2,6,13,25,29,34|7,11,21,31,32,35
1,9,21,25,29,30|2,6,13,14,17,34|7,11,22,32,35,39
1,9,28,29,30,39|2,6,13,14,17,34|7,11,21,31,32,35
2,6,13,14,17,34|7,11,21,31,32,35|9,10,15,16,29,30
2,6,13,25,29,34|7,11,21,31,32,35|9,15,16,26,30,40
2,6,17,34,39,40|7,11,21,31,32,35|9,10,15,16,29,30
2,13,15,20,29,34|6,7,16,25,32,35|9,14,21,26,30,40
2,13,22,29,31,34|6,7,16,25,32,35|9,14,21,26,30,40
2,15,16,17,34,40|6,7,20,32,35,39|9,10,14,21,29,30
2,9,13,25,28,38|3,6,17,26,34,39|10,12,21,27,30,35
2,13,15,17,26,38|3,9,16,25,28,34|10,12,21,27,30,35
2,13,17,25,28,34|3,6,9,26,38,39|10,12,21,27,30,35
2,17,21,27,32,38|3,9,16,25,28,34|7,20,22,26,35,39
2,6,9,16,27,38|3,17,21,25,32,34|7,11,22,26,35,39
2,6,16,17,27,34|3,9,21,25,32,38|7,11,22,26,35,39
2,9,13,22,25,38|3,17,28,32,34,39|7,11,21,26,31,35
2,9,13,28,31,38|3,17,21,25,32,34|6,7,20,26,35,39
2,9,14,15,27,38|3,17,21,25,32,34|6,7,20,26,35,39
2,13,17,22,25,34|3,9,28,32,38,39|7,11,21,26,31,35
2,13,17,28,31,34|3,9,21,25,32,38|6,7,20,26,35,39
2,14,15,17,27,34|3,9,21,25,32,38|6,7,20,26,35,39
2,15,25,27,29,34|3,9,28,32,38,39|7,11,21,26,31,35
2,16,27,28,29,34|3,9,21,25,32,38|6,7,20,26,35,39
2,20,21,27,29,34|3,9,28,32,38,39|6,7,16,25,26,35
1,9,17,21,25,30|2,13,15,26,29,38|7,20,28,32,35,39
1,9,17,28,30,39|2,11,21,27,29,34|6,7,16,26,31,35
1,12,21,27,30,35|2,6,9,13,25,38|3,15,16,26,29,34
2,6,9,13,25,38|3,14,21,26,29,34|7,20,28,32,35,39
2,6,13,17,25,34|3,9,21,31,32,38|7,11,15,16,26,35
2,9,13,14,28,38|3,6,26,29,34,39|7,20,21,25,32,35
2,9,13,15,20,38|3,6,26,29,34,39|7,16,25,28,32,35
2,9,13,22,31,38|3,6,26,29,34,39|7,16,25,28,32,35
2,11,21,27,29,34|3,9,22,32,38,39|6,7,16,26,31,35
2,13,14,17,28,34|3,9,21,31,32,38|6,7,11,26,35,39
2,13,15,17,20,34|3,9,21,31,32,38|6,7,11,26,35,39
2,13,15,26,29,38|3,6,9,16,25,34|7,20,28,32,35,39
2,13,17,22,31,34|6,7,11,26,35,39|9,10,21,25,29,30
2,13,25,28,29,34|3,9,21,31,32,38|6,7,11,26,35,39
2,15,27,29,31,34|3,9,22,32,38,39|7,11,14,21,26,35
2,16,22,27,29,34|3,9,21,31,32,38|6,7,11,26,35,39
2,17,21,25,34,40|3,9,22,32,38,39|6,7,16,26,31,35
2,17,28,34,39,40|3,9,21,31,32,38|7,11,15,16,26,35
2,21,27,29,32,38|3,6,9,16,25,34|7,14,15,26,31,35
3,6,26,29,34,39|7,16,25,28,32,35|9,10,14,17,21,30
3,14,21,26,29,34|6,9,10,17,30,39|7,16,25,28,32,35
3,15,16,26,29,34|6,9,10,17,30,39|7,20,21,25,32,35
3,17,22,32,34,39|6,7,16,26,31,35|9,10,21,25,29,30
2,3,28,29,34,39|8,9,13,15,26,38|12,17,21,23,27,35
2,7,11,21,25,35|3,6,9,26,30,39|13,14,17,28,34,38
2,7,11,28,35,39|3,9,14,21,26,30|6,13,17,25,34,38
2,7,15,25,31,35|3,6,9,26,30,39|8,17,21,27,32,34
2,7,16,22,25,35|3,6,9,26,30,39|8,17,21,27,32,34
2,7,16,28,31,35|3,6,9,26,30,39|8,17,21,27,32,34
2,7,20,21,31,35|3,6,9,26,30,39|13,14,17,28,34,38
2,7,20,22,35,39|3,9,14,21,26,30|6,13,17,25,34,38
2,7,21,22,28,35|3,6,9,26,30,39|13,15,17,20,34,38
2,7,16,25,28,35|3,9,21,26,30,31|10,13,15,32,34,38
2,7,20,21,25,35|3,9,22,26,30,39|6,16,17,27,34,38
2,7,20,28,35,39|3,9,21,26,30,31|6,16,17,27,34,38
2,6,7,11,35,39|3,9,21,30,31,32|8,13,15,26,29,34
2,6,7,16,31,35|3,9,22,30,32,39|8,13,15,26,29,34
2,7,11,14,21,35|3,9,22,30,32,39|6,13,25,29,34,38
2,7,11,15,16,35|3,9,21,30,31,32|6,13,14,17,34,38
2,7,14,15,31,35|3,9,22,30,32,39|6,13,25,29,34,38
2,7,14,16,22,35|3,9,21,30,31,32|6,13,25,29,34,38
2,9,13,14,28,30|6,17,32,33,34,39|12,21,23,27,29,35
2,9,13,15,20,30|6,17,32,33,34,39|12,21,23,27,29,35
2,9,13,22,30,31|6,17,32,33,34,39|12,21,23,27,29,35
2,9,28,30,39,40|6,13,14,17,34,38|12,21,23,27,29,35
3,9,22,30,32,39|6,13,14,17,34,38|12,21,23,27,29,35
2,6,7,16,25,35|3,9,28,30,32,39|11,13,15,17,34,38
2,6,7,20,35,39|3,9,21,25,30,32|11,13,15,17,34,38
2,7,11,21,31,35|3,9,28,30,32,39|6,16,27,29,34,38
2,7,11,22,35,39|3,9,21,25,30,32|6,13,17,31,34,38
2,7,14,15,25,35|3,9,28,30,32,39|6,13,17,31,34,38
2,7,14,16,28,35|3,9,21,25,30,32|6,13,17,31,34,38
2,7,14,20,21,35|3,9,28,30,32,39|6,13,17,31,34,38
2,7,15,16,20,35|3,9,21,25,30,32|6,13,17,31,34,38
2,7,16,22,31,35|3,9,21,25,30,32|6,26,29,33,34,39
1,8,12,25,28,35|6,10,11,31,32,34|14,20,22,26,29,38
1,11,28,31,32,34|6,8,10,12,25,35|14,20,22,26,29,38
1,9,13,32,38,40|2,3,12,16,19,35|14,17,18,25,29,34
1,9,16,19,32,38|2,3,12,13,35,40|14,17,18,25,29,34
1,13,17,32,34,40|2,3,12,16,19,35|9,14,18,25,29,38
2,3,12,13,35,40|6,9,15,17,18,38|10,16,19,29,32,34
2,3,12,16,19,35|6,9,15,17,18,38|10,13,29,32,34,40
2,3,9,13,17,20|10,16,19,26,29,34|12,18,27,31,35,38
2,3,13,17,26,29|9,10,11,16,18,34|12,19,25,27,35,38
1,9,14,19,25,34|2,3,12,16,18,35|13,17,26,29,32,33
1,9,15,19,28,34|2,3,12,16,18,35|13,17,26,29,32,33
1,13,26,29,34,40|2,3,12,16,18,35|9,14,17,19,25,38
1,16,17,18,32,34|2,3,9,13,20,29|12,14,19,27,35,38
2,3,9,13,20,29|12,14,19,27,35,38|16,18,26,32,34,40
2,3,12,16,18,35|6,9,10,15,19,34|13,17,26,29,32,33
8,9,10,13,17,29|12,14,19,27,35,38|16,18,26,32,34,40
8,9,13,17,26,40|10,16,18,29,32,34|12,14,19,27,35,38
9,14,17,19,25,38|10,12,13,29,33,35|16,18,26,32,34,40
9,15,17,19,28,38|10,12,13,29,33,35|16,18,26,32,34,40
1,16,18,26,29,34|2,3,9,11,13,17|12,19,27,31,35,38
2,3,9,14,27,29|10,13,17,32,34,40|12,16,18,26,33,35
9,10,16,17,29,33|11,13,18,26,32,34|12,19,27,31,35,38
9,13,20,26,29,33|10,16,17,19,32,34|12,14,18,27,35,38
1,12,13,15,35,38|2,3,6,9,32,39|21,26,29,31,34,40
2,3,6,9,32,39|11,13,15,26,29,34|12,17,21,31,33,35
2,3,9,14,21,32|6,13,26,29,31,34|12,17,22,33,35,39
2,3,9,15,16,32|6,13,26,29,31,34|12,17,22,33,35,39
6,9,13,25,32,38|12,17,21,31,33,35|22,26,29,34,39,40
6,13,26,29,31,34|9,21,25,32,38,40|12,17,22,33,35,39
9,11,21,25,34,40|12,17,22,33,35,39|13,15,26,29,32,38
9,11,28,34,39,40|12,17,21,31,33,35|13,15,26,29,32,38
9,13,14,28,32,38|12,17,21,31,33,35|22,26,29,34,39,40
9,13,15,20,32,38|12,17,21,31,33,35|22,26,29,34,39,40
9,16,22,25,34,40|12,17,21,31,33,35|13,15,26,29,32,38
9,16,28,31,34,40|12,17,22,33,35,39|13,15,26,29,32,38
9,20,21,31,34,40|12,17,22,33,35,39|13,15,26,29,32,38
9,20,22,34,39,40|12,17,21,31,33,35|13,15,26,29,32,38
9,21,25,32,38,40|11,13,15,26,29,34|12,17,22,33,35,39
9,28,32,38,39,40|11,13,15,26,29,34|12,17,21,31,33,35
6,13,14,26,29,34|9,21,31,32,38,40|12,15,16,17,33,35
6,26,29,34,39,40|9,11,13,15,32,38|12,14,17,21,33,35
9,14,15,27,32,38|12,17,21,25,33,35|13,22,26,29,31,34
1,10,16,38,39,40|2,3,6,21,27,31|13,15,22,25,26,33
2,3,15,16,22,27|8,10,13,17,20,39|18,21,25,28,31,38
6,15,16,26,27,33|8,10,13,17,20,39|18,21,25,28,31,38
8,13,15,22,26,27|10,11,16,17,33,39|18,21,25,28,31,38
8,18,25,26,31,39|10,16,17,21,22,33|11,13,15,27,28,38
1,8,13,16,25,29|2,3,6,15,39,40|14,19,21,22,31,38
1,15,21,29,31,33|6,13,16,28,38,40|8,14,18,25,32,39
1,16,21,22,29,33|2,3,6,13,14,15|8,19,25,31,32,39
6,13,15,25,32,33|8,10,16,29,39,40|14,19,21,22,31,38
6,14,19,21,25,38|8,10,16,29,39,40|13,15,22,31,32,33
6,19,22,31,38,39|8,10,13,14,16,29|15,21,25,32,33,40
1,6,16,17,21,33|2,3,13,14,15,22|8,18,25,31,32,39
1,8,13,16,17,31|2,3,15,22,39,40|6,14,18,21,25,38
1,8,14,27,29,39|2,3,6,11,13,21|15,16,18,22,31,38
1,8,15,21,27,29|2,3,6,13,16,22|11,14,18,31,38,39
1,14,15,17,21,33|2,3,6,13,16,22|8,18,25,31,32,39
1,14,25,29,33,39|2,3,6,11,13,21|15,16,18,22,31,38
1,15,21,25,29,33|2,3,6,13,16,22|8,14,19,26,31,39
1,15,28,29,33,39|2,3,6,11,13,21|14,16,19,25,31,38
1,16,21,28,29,33|2,3,6,13,15,31|11,14,19,25,38,39
2,3,6,13,16,22|8,14,15,18,21,26|25,31,32,33,39,40
2,3,13,14,15,22|6,8,16,18,21,26|25,31,32,33,39,40
2,3,14,31,39,40|6,8,16,18,21,26|13,15,22,25,32,33
2,3,15,21,31,40|6,14,18,28,38,39|8,11,13,16,27,32
2,3,15,22,39,40|6,8,16,18,21,26|13,14,25,31,32,33
2,3,16,21,22,40|6,8,15,18,26,39|13,14,25,31,32,33
6,8,15,18,26,39|11,13,16,25,32,33|14,19,21,28,31,38
6,10,15,29,33,39|8,11,13,16,27,32|14,18,21,22,31,38
6,13,14,15,26,33|8,18,25,31,32,39|11,16,19,21,28,38
6,14,21,27,32,33|8,10,11,13,29,39|15,16,18,22,31,38
6,15,16,27,32,33|8,10,11,13,29,39|14,18,21,22,31,38
6,15,26,33,39,40|8,10,13,16,29,31|14,19,21,22,25,38
6,18,22,31,38,39|8,11,13,16,27,32|10,14,15,21,29,33
6,19,22,25,38,39|8,10,13,16,29,31|14,15,21,26,33,40
8,18,25,31,32,39|10,14,15,21,29,33|13,16,22,28,38,40
1,8,13,16,17,25|2,3,15,28,39,40|6,21,27,31,32,33
1,8,13,17,20,39|2,3,15,21,25,40|14,16,27,31,32,33
1,8,13,17,21,28|2,3,14,25,39,40|15,16,22,27,32,33
1,8,27,29,31,39|2,3,6,13,15,25|11,16,18,21,28,38
1,11,16,17,33,39|2,3,6,13,15,25|14,18,21,28,31,38
1,14,17,31,33,39|2,3,6,13,15,25|8,16,18,21,22,26
1,15,17,21,31,33|2,3,6,13,16,28|8,14,19,25,26,39
1,16,17,21,22,33|2,3,6,13,15,25|8,14,18,26,31,39
1,25,29,31,33,39|2,3,6,13,16,28|11,15,21,27,38,40
2,3,6,13,15,25|8,10,16,17,39,40|14,18,21,28,31,38
2,3,6,13,16,28|8,14,18,26,31,39|11,15,21,27,32,33
2,3,13,14,15,28|6,18,21,25,31,38|8,10,16,17,39,40
2,3,13,14,16,20|6,18,21,25,31,38|8,15,19,26,28,39
2,3,14,25,39,40|6,8,10,13,17,21|15,16,18,28,31,38
2,3,15,21,25,40|6,13,14,22,27,38|8,11,16,18,26,39
2,3,15,28,39,40|6,8,10,13,17,21|14,16,18,25,31,38
2,3,16,21,28,40|6,11,13,15,27,38|8,14,18,26,31,39
6,8,10,13,17,21|11,14,18,25,38,39|15,16,22,27,32,33
6,13,15,26,31,33|8,10,16,17,39,40|14,18,21,22,25,38
6,13,16,22,26,33|8,25,27,32,39,40|14,18,21,28,31,38
6,18,21,25,31,38|8,10,13,14,16,17|15,22,26,33,39,40
6,18,22,25,38,39|8,10,13,14,16,17|11,15,21,27,32,33
6,18,28,31,38,39|8,10,13,14,16,17|11,15,21,27,32,33
6,19,25,28,38,39|8,10,13,14,16,17|11,15,21,27,32,33
6,21,27,31,32,33|8,10,13,14,16,17|11,15,18,28,38,39
6,22,27,32,33,39|8,10,13,14,16,17|11,15,18,21,25,38
8,10,13,16,25,29|11,14,27,32,33,39|15,18,20,21,31,38
8,10,13,20,29,39|11,15,18,21,25,38|14,16,27,31,32,33
8,10,13,21,28,29|11,14,18,25,38,39|15,16,22,27,32,33
8,13,14,25,27,32|10,11,16,29,33,39|15,18,20,21,31,38
8,13,15,27,28,32|10,11,16,29,33,39|14,18,21,22,25,38
8,13,16,20,27,32|10,14,29,31,33,39|11,15,18,21,25,38
8,13,16,25,26,40|10,14,29,31,33,39|15,18,21,22,28,38
8,14,18,26,31,39|10,16,21,22,29,33|13,15,25,28,38,40
8,16,18,21,22,26|10,14,29,31,33,39|13,15,25,28,38,40
1,8,10,13,32,39|2,3,6,14,21,27|15,16,18,25,28,38
1,8,15,17,21,27|2,3,11,13,16,25|18,22,28,31,38,39
2,3,6,14,21,27|8,10,11,13,17,39|15,16,18,25,28,38
2,3,6,15,16,27|8,10,11,13,17,39|14,18,21,25,28,38
2,3,11,13,16,25|6,10,15,17,33,39|14,21,27,28,38,40
2,3,11,13,21,28|6,10,15,17,33,39|14,16,25,27,38,40
2,3,13,14,25,31|6,10,15,17,33,39|8,16,18,21,26,28
2,3,13,15,22,25|6,10,16,17,21,33|8,14,26,27,39,40
2,3,13,15,28,31|6,10,16,17,21,33|8,14,18,25,26,39
2,3,13,16,20,31|6,10,15,17,33,39|14,18,21,25,28,38
2,3,13,20,21,22|6,10,15,17,33,39|14,16,25,27,38,40
2,3,25,31,39,40|6,8,13,15,26,27|10,16,21,28,29,33
6,8,13,15,26,27|10,14,25,29,33,39|16,18,20,21,28,38
6,10,15,17,33,39|8,13,25,27,31,32|16,18,20,21,28,38
6,10,16,17,21,33|8,13,25,27,31,32|15,18,20,28,38,39
6,13,14,27,28,38|8,15,18,21,25,26|10,16,20,29,33,39
6,13,15,20,27,38|8,14,18,25,26,39|10,16,21,28,29,33
6,13,15,25,26,33|8,10,14,27,29,39|16,18,20,21,28,38
6,13,16,26,28,33|8,10,14,27,29,39|15,18,20,21,25,38
6,13,20,21,26,33|8,10,14,27,29,39|15,16,18,25,28,38
6,13,22,27,31,38|8,14,18,25,26,39|10,16,21,28,29,33
6,18,25,28,38,39|8,10,13,16,17,31|15,20,21,27,32,33
6,27,28,32,33,39|8,10,13,16,17,31|15,18,20,21,25,38
8,10,13,17,21,22|11,18,25,31,38,39|15,16,27,28,32,33
8,10,14,27,29,39|11,13,16,26,31,33|15,18,20,21,25,38
8,10,15,21,27,29|11,13,16,26,31,33|14,18,20,25,38,39
8,14,18,25,26,39|10,16,21,28,29,33|11,13,15,22,27,38
8,15,18,21,25,26|10,16,20,29,33,39|11,13,14,27,31,38
8,16,18,21,26,28|10,14,25,29,33,39|11,13,15,22,27,38
2,8,13,16,31,40|6,7,12,15,29,39|14,19,21,22,25,30
2,8,13,21,22,40|6,7,12,15,29,39|14,16,19,25,30,31
2,8,14,19,31,39|6,7,12,16,21,29|13,15,22,25,30,40
2,8,15,19,22,39|6,7,12,16,21,29|13,14,25,30,31,40
2,8,16,19,21,22|6,7,12,15,29,39|13,14,25,30,31,40
3,15,21,26,31,33|7,10,12,16,32,39|13,22,25,27,28,30
2,6,11,13,21,33|7,12,14,29,31,39|15,16,18,22,25,30
2,6,13,15,31,33|7,11,12,16,29,39|14,18,21,22,25,30
2,6,13,16,22,33|3,14,15,21,38,40|11,19,25,30,31,39
2,8,11,16,18,39|3,6,13,14,15,38|19,21,22,25,30,31
2,8,13,16,25,40|3,6,15,32,33,39|14,18,21,28,30,31
2,8,13,21,28,40|3,6,15,32,33,39|14,16,18,25,30,31
2,8,14,18,31,39|3,6,16,21,32,33|13,15,25,28,30,40
2,8,15,18,21,31|6,13,14,22,27,30|7,11,12,16,29,39
2,8,15,19,21,25|6,13,14,22,27,30|7,11,12,16,29,39
2,8,16,18,21,22|3,6,13,14,15,38|11,19,25,30,31,39
2,11,13,14,16,33|3,6,15,38,39,40|19,21,22,25,30,31
2,11,16,33,39,40|3,6,13,14,15,38|19,21,22,25,30,31
2,13,14,15,22,33|3,6,16,21,38,40|11,19,25,30,31,39
2,14,31,33,39,40|3,8,13,21,22,32|15,16,19,25,28,30
2,15,22,33,39,40|3,8,13,16,31,32|14,19,21,25,28,30
2,16,21,22,33,40|3,6,13,14,15,38|11,19,25,30,31,39
3,6,13,14,15,38|7,11,12,16,29,39|19,21,22,25,30,31
3,6,16,21,32,33|7,12,14,29,31,39|13,15,25,28,30,40
2,6,8,13,15,27|3,11,16,32,33,39|14,18,21,25,28,30
2,6,13,16,28,33|3,14,31,38,39,40|7,12,15,21,25,29
2,8,14,18,25,39|3,6,11,13,21,38|15,16,27,28,30,40
2,8,14,27,39,40|3,6,11,13,21,38|15,16,18,25,28,30
2,8,15,18,21,25|3,6,13,16,22,38|11,27,30,31,39,40
2,8,15,18,28,39|3,6,11,13,21,38|14,16,25,27,30,40
2,8,15,21,27,40|3,6,13,16,22,38|7,12,14,25,29,39
2,8,16,18,21,28|3,6,13,15,31,38|7,12,14,25,29,39
2,8,19,25,31,39|3,6,11,13,21,38|15,16,27,28,30,40
2,11,13,16,31,33|3,15,22,38,39,40|14,18,21,25,28,30
2,11,13,21,22,33|3,14,31,38,39,40|15,16,18,25,28,30
2,13,14,15,28,33|3,11,16,38,39,40|18,21,22,25,30,31
2,13,14,16,20,33|3,15,21,31,38,40|6,18,25,28,30,39
2,13,15,22,31,33|3,11,16,38,39,40|14,18,21,25,28,30
2,16,21,28,33,40|3,6,13,15,31,38|7,12,14,25,29,39
3,6,11,13,21,38|7,12,14,25,29,39|15,16,27,28,30,40
3,6,13,15,31,38|7,12,14,25,29,39|16,18,20,21,28,30
3,6,13,16,22,38|7,12,14,15,17,21|11,18,25,30,31,39
3,8,13,16,25,32|6,7,12,15,17,39|14,21,27,28,30,40
3,8,13,21,28,32|6,7,12,15,17,39|14,16,25,27,30,40
3,11,13,14,16,38|6,7,12,15,17,39|18,21,22,25,30,31
3,11,16,32,33,39|6,13,14,27,28,30|7,12,15,21,25,29
3,11,16,38,39,40|6,13,14,27,28,30|7,12,15,21,25,29
3,13,14,15,22,38|6,7,12,16,17,21|11,18,25,30,31,39
3,14,31,32,33,39|6,7,12,16,17,21|11,13,15,22,27,30
3,14,31,38,39,40|6,7,12,16,17,21|11,13,15,22,27,30
3,15,21,31,32,33|6,13,14,27,28,30|7,12,16,20,29,39
3,15,21,31,38,40|6,13,14,27,28,30|7,12,16,20,29,39
3,15,22,32,33,39|6,7,12,16,17,21|11,13,14,27,30,31
3,15,22,38,39,40|6,7,12,16,17,21|11,13,14,27,30,31
3,16,21,22,32,33|6,7,12,15,17,39|11,13,14,27,30,31
3,16,21,22,38,40|6,7,12,15,17,39|11,13,14,27,30,31
1,7,12,16,32,39|2,6,14,21,27,33|3,13,15,22,31,38
1,10,16,30,39,40|2,6,14,21,27,33|3,13,15,22,31,38
2,6,15,16,27,33|3,11,13,21,22,38|7,12,14,17,31,39
2,8,11,13,16,27|3,14,25,32,33,39|7,12,15,17,21,31
2,8,13,14,27,31|3,15,21,25,32,33|7,11,12,16,17,39
2,8,27,31,39,40|3,6,13,15,25,38|7,12,16,17,21,22
2,11,13,16,25,33|3,8,14,27,32,39|7,12,15,17,21,31
2,13,15,22,25,33|3,8,10,16,29,39|21,27,28,30,31,40
2,13,15,28,31,33|3,8,10,16,29,39|21,22,25,27,30,40
2,13,16,22,28,33|3,8,14,27,32,39|7,12,15,17,21,31
3,6,13,15,25,38|7,11,12,16,17,39|21,27,28,30,31,40
3,6,13,16,28,38|7,12,14,17,31,39|21,22,25,27,30,40
3,8,10,16,29,39|6,13,22,25,27,30|7,12,15,17,21,31
3,8,13,14,16,26|7,12,15,17,21,31|11,25,27,30,39,40
3,8,16,26,39,40|6,13,22,25,27,30|7,12,15,17,21,31
3,13,14,15,28,38|7,11,12,16,17,39|21,22,25,27,30,40
3,13,14,16,20,38|7,12,15,17,21,31|11,25,27,30,39,40
3,14,25,32,33,39|6,13,27,28,30,31|7,12,16,17,21,22
3,14,25,38,39,40|6,13,27,28,30,31|7,12,16,17,21,22
3,15,21,25,32,33|6,13,27,28,30,31|7,11,12,16,17,39
3,15,21,25,38,40|6,13,27,28,30,31|7,11,12,16,17,39
3,16,20,32,33,39|6,13,22,25,27,30|7,12,15,17,21,31
3,16,20,38,39,40|6,13,22,25,27,30|7,12,15,17,21,31
3,16,21,28,32,33|6,13,22,25,27,30|7,12,14,17,31,39
3,16,21,28,38,40|6,13,22,25,27,30|7,12,14,17,31,39
1,10,13,16,30,31|2,6,22,27,33,39|7,12,15,17,21,25
2,6,22,27,33,39|3,8,13,16,26,31|7,12,15,17,21,25
2,8,13,14,25,27|3,6,15,26,33,39|7,12,16,17,21,28
2,8,13,15,27,28|3,6,16,21,26,33|7,12,14,17,25,39
2,11,14,27,33,39|3,8,13,16,26,31|7,12,15,17,21,25
2,11,15,21,27,33|3,8,13,16,26,31|7,12,14,17,25,39
2,13,15,25,28,33|3,6,14,21,27,38|7,12,16,17,20,39
2,13,16,20,25,33|3,6,14,21,27,38|7,12,15,17,28,39
2,13,20,21,28,33|3,6,15,16,27,38|7,12,14,17,25,39
2,14,16,27,31,33|3,8,11,13,26,39|7,12,15,17,21,25
3,6,15,26,33,39|7,12,16,17,21,28|11,13,25,27,30,31
3,6,16,21,26,33|7,12,14,17,25,39|13,15,20,27,28,30
3,14,15,21,26,33|6,13,25,27,28,30|7,12,16,17,20,39
1,2,3,14,25,32|6,8,9,20,27,28|11,15,17,22,26,33
1,2,3,15,28,32|6,10,22,25,34,40|8,9,11,20,27,31
1,2,3,16,20,32|6,8,26,27,28,29|10,11,14,25,34,40
1,6,11,22,27,34|2,3,14,17,20,31|8,10,16,26,32,40
1,6,22,27,32,38|2,3,11,14,17,25|15,20,26,28,29,33
1,8,9,10,11,16|2,3,6,17,22,25|15,20,26,28,29,33
1,8,9,10,14,31|2,3,6,17,22,25|15,20,26,28,29,33
1,8,9,10,15,22|2,3,6,17,28,31|14,20,25,26,29,33
1,8,13,20,26,32|2,3,6,17,22,25|10,11,15,28,34,40
1,11,14,27,32,38|2,3,6,17,22,25|15,20,26,28,29,33
1,11,16,26,32,33|2,3,6,17,22,25|10,14,20,31,34,40
1,11,16,26,38,40|2,3,6,10,15,32|9,20,22,28,31,33
1,14,26,31,32,33|2,3,6,17,22,25|10,11,15,28,34,40
1,14,26,31,38,40|2,3,6,10,15,32|8,9,11,22,27,28
1,15,22,26,32,33|2,3,6,17,28,31|10,11,14,25,34,40
1,20,25,31,34,40|2,3,6,10,15,32|8,9,11,22,27,28
1,22,25,28,34,40|2,3,6,10,15,32|8,9,11,20,27,31
2,3,6,10,15,32|8,9,11,20,27,31|17,22,25,28,38,40
2,3,6,17,22,25|8,9,11,20,27,31|10,15,28,32,38,40
2,3,11,15,17,28|6,10,22,25,34,40|8,14,20,26,27,29
2,3,11,16,17,20|6,8,26,27,28,29|10,14,25,32,38,40
2,3,15,17,20,22|6,8,26,27,28,29|10,11,14,25,34,40
2,3,20,25,29,31|6,11,17,22,27,38|8,10,16,26,32,40
6,15,17,20,26,33|8,9,11,22,27,28|10,14,25,32,38,40
1,2,3,14,31,32|6,8,9,11,27,28|15,20,22,26,29,33
1,2,3,15,22,32|6,8,9,11,27,28|14,17,20,25,38,40
1,6,15,26,38,40|2,3,11,14,17,31|8,20,25,27,29,32
1,6,25,28,34,40|2,3,11,14,17,31|15,20,22,26,29,33
1,11,25,31,34,40|2,3,6,14,17,28|15,20,22,26,29,33
1,14,20,25,34,40|2,3,6,17,22,31|11,15,26,28,29,33
1,15,20,28,34,40|2,3,6,17,22,31|8,11,14,26,27,29
1,22,28,31,34,40|2,3,6,15,17,20|8,11,14,26,27,29
1,25,31,32,38,40|2,3,6,14,17,28|11,16,20,26,29,33
2,3,6,14,17,28|8,20,25,27,29,32|10,11,15,22,34,40
2,3,6,25,28,29|8,9,11,14,20,27|10,15,22,32,38,40
2,3,14,20,25,29|6,8,9,11,27,28|10,15,22,32,38,40
6,8,9,11,27,28|10,14,31,32,38,40|15,20,22,26,29,33
6,10,14,28,34,40|8,11,17,27,31,32|15,20,22,26,29,33
6,10,15,20,34,40|8,11,14,26,27,29|17,22,28,31,32,33
6,26,28,29,31,33|8,9,11,14,20,27|10,15,22,32,38,40
1,2,3,6,15,26|8,9,11,20,25,27|10,22,28,31,34,40
1,2,3,25,31,32|6,8,17,22,26,27|10,15,20,28,34,40
1,6,11,27,28,34|2,3,10,14,31,32|15,17,20,22,26,33
1,14,25,26,38,40|2,3,10,11,16,32|8,9,20,22,27,28
2,3,10,15,22,32|6,11,17,27,28,38|20,25,26,29,31,33
2,3,11,17,25,31|6,10,15,26,32,33|8,9,20,22,27,28
2,3,17,22,28,31|6,10,15,26,32,33|8,9,11,20,25,27
1,6,22,25,34,40|2,3,11,15,28,29|14,17,20,31,32,33
1,6,28,31,34,40|2,3,11,14,25,29|15,17,20,22,32,33
1,11,14,25,34,40|2,3,6,28,29,31|15,17,20,22,32,33
1,11,15,28,34,40|2,3,6,14,17,22|8,20,27,29,31,32
1,14,20,31,34,40|2,3,6,11,15,17|8,22,27,28,29,32
1,14,22,28,34,40|2,3,6,11,15,17|8,20,27,29,31,32
1,15,20,22,34,40|2,3,6,28,29,31|8,11,14,17,27,32
1,15,28,32,38,40|2,3,6,14,17,22|8,11,13,20,26,29
2,3,8,13,16,25|6,14,21,27,33,38|15,18,22,23,26,39
2,3,8,13,21,28|6,15,16,27,33,38|14,18,23,26,31,39
2,3,15,21,31,33|8,11,13,16,27,38|14,19,23,25,26,39
2,3,16,21,22,33|8,13,14,27,31,38|15,19,23,26,28,39
3,13,15,25,28,30|6,14,21,27,33,38|10,16,17,23,39,40
3,13,16,20,25,30|6,14,21,27,33,38|15,18,22,23,26,39
3,13,20,21,28,30|6,15,16,27,33,38|14,18,23,26,31,39
