2,6,15,28,33,34|3,12,20,21,23,35|8,9,10,16,22,30
2,6,16,20,33,34|3,12,15,23,25,35|8,9,10,11,21,30
2,8,11,13,28,34|3,12,15,23,25,35|6,27,30,31,32,38
2,8,13,20,22,34|3,12,15,23,25,35|6,27,30,31,32,38
2,8,13,28,32,38|3,12,15,23,25,35|6,11,27,30,31,34
2,11,15,31,33,34|3,12,16,23,28,35|8,10,17,21,30,32
2,11,16,22,33,34|3,12,15,23,25,35|6,27,30,31,32,38
2,11,21,32,33,38|3,12,15,23,25,35|6,14,20,27,30,34
2,14,15,20,33,34|3,12,16,23,28,35|6,11,13,26,30,38
2,14,22,31,33,34|3,12,15,23,25,35|6,11,13,26,30,38
2,15,31,32,33,38|3,12,16,23,28,35|6,14,20,27,30,34
2,16,22,32,33,38|3,12,15,23,25,35|6,11,27,30,31,34
2,21,23,26,32,40|3,6,11,16,34,38|8,9,10,15,30,31
1,2,6,9,16,23|3,8,11,21,32,34|10,14,15,29,30,38
1,2,8,21,29,38|3,12,15,23,31,35|6,11,14,27,30,34
1,2,9,14,15,23|3,8,11,21,32,34|6,10,16,29,30,38
1,6,16,17,30,38|2,8,11,13,22,34|3,12,15,23,31,35
1,8,9,16,28,30|2,6,14,31,33,34|3,11,12,21,23,35
1,8,9,20,21,30|2,6,11,16,33,34|3,12,15,23,31,35
1,8,21,26,29,30|2,6,11,16,33,34|3,12,15,23,31,35
1,14,15,17,30,38|2,6,8,13,20,34|3,11,12,21,23,35
1,15,25,29,30,38|2,6,8,13,20,34|3,11,12,21,23,35
1,16,28,29,30,38|2,6,8,13,20,34|3,11,12,21,23,35
1,20,21,29,30,38|2,6,11,16,33,34|3,12,15,23,31,35
2,6,8,13,20,34|3,11,12,21,23,35|10,14,15,29,30,38
2,6,11,16,33,34|3,12,15,23,31,35|8,13,22,26,30,32
2,6,14,31,33,34|3,11,12,21,23,35|8,13,22,26,30,32
2,6,16,32,33,38|3,11,12,21,23,35|8,9,10,14,15,30
2,8,11,13,22,34|3,12,15,23,31,35|6,10,16,29,30,38
2,8,13,22,32,38|3,11,12,21,23,35|14,25,28,30,34,40
2,8,15,25,34,40|3,11,12,21,23,35|6,10,16,29,30,38
2,8,16,28,34,40|3,11,12,21,23,35|6,14,27,30,32,38
2,8,20,21,34,40|3,12,15,23,31,35|6,10,16,29,30,38
2,14,15,32,33,38|3,11,12,21,23,35|6,8,9,10,16,30
2,15,17,23,25,29|3,8,11,21,32,34|6,16,26,30,38,40
2,16,17,23,28,29|3,8,11,21,32,34|14,15,26,30,38,40
2,17,20,21,23,29|3,8,15,31,32,34|6,16,26,30,38,40
2,9,10,15,23,31|3,8,11,21,26,34|22,25,27,30,32,38
1,2,9,15,23,25|3,6,8,16,26,34|10,20,21,29,30,38
1,2,9,16,23,28|3,6,14,25,34,38|8,10,21,26,29,30
1,2,9,20,21,23|3,6,8,16,26,34|10,14,15,17,30,38
1,2,21,23,26,29|3,6,14,25,34,38|8,9,10,16,28,30
1,8,17,21,26,30|2,6,9,10,16,23|3,11,15,31,34,38
2,6,9,10,16,23|3,8,14,15,26,34|22,27,30,31,32,38
2,9,10,14,15,23|3,6,8,16,26,34|22,27,30,31,32,38
2,13,22,23,26,32|3,6,14,25,34,38|8,9,10,16,28,30
1,6,8,10,32,39|2,3,11,14,15,25|16,20,28,31,38,40
1,8,10,15,16,32|2,3,6,11,20,39|14,25,28,31,38,40
2,3,6,11,16,25|8,10,14,15,17,31|20,21,22,28,32,33
2,3,6,11,21,28|8,10,14,15,17,31|16,20,22,25,32,33
2,3,6,14,25,31|8,10,11,15,16,17|20,21,22,28,32,33
2,3,6,15,22,25|8,10,11,14,17,21|16,20,28,31,32,33
2,3,6,15,28,31|8,10,11,14,17,21|16,20,22,25,32,33
2,3,6,16,20,31|8,10,11,14,17,21|15,22,25,28,32,33
2,3,6,16,22,28|8,10,11,14,17,21|15,20,25,31,32,33
2,3,6,20,21,22|8,10,11,15,16,17|14,25,28,31,32,33
2,3,11,14,15,25|6,8,10,16,17,31|20,21,22,28,32,33
2,3,11,14,16,28|6,8,10,17,21,22|15,20,25,31,32,33
2,3,11,14,20,21|6,8,10,16,17,31|15,22,25,28,32,33
2,3,11,15,16,20|6,8,10,17,21,22|14,25,28,31,32,33
1,6,10,14,16,38|2,3,11,15,25,31|8,20,26,28,39,40
1,8,10,21,31,32|2,3,6,15,25,28|14,16,20,22,26,33
1,8,10,22,32,39|2,3,6,15,25,28|11,14,20,21,26,33
2,3,6,15,25,28|8,10,11,17,21,31|14,16,20,22,26,33
2,3,6,16,20,25|8,10,11,17,21,31|14,15,22,26,28,33
2,3,11,20,21,31|6,8,10,16,17,25|14,15,22,26,28,33
2,3,11,21,22,28|6,8,10,16,17,25|14,15,20,26,31,33
2,3,14,15,20,25|6,8,10,17,21,28|11,16,22,26,31,33
2,3,15,22,28,31|6,8,10,16,17,25|11,14,20,21,26,33
2,3,16,20,22,31|6,8,10,17,21,28|11,14,15,25,26,33
1,6,10,21,22,38|2,3,11,16,25,28|8,14,15,20,26,27
1,10,14,16,22,38|2,3,11,20,21,25|6,8,15,26,27,28
1,2,3,8,26,39|9,20,23,25,27,31|10,11,21,28,33,34
1,2,3,21,28,38|8,10,11,16,27,34|13,17,20,23,25,26
1,8,10,17,38,39|2,7,12,16,26,31|9,22,23,25,27,28
1,9,10,21,23,28|2,7,11,12,26,39|8,17,25,27,31,38
1,2,3,11,38,39|6,8,10,15,27,34|13,17,20,23,26,31
1,2,3,16,31,38|6,8,10,15,27,34|11,13,17,23,25,26
1,2,3,21,22,38|6,8,10,15,27,34|11,13,17,23,25,26
1,2,14,25,27,30|6,10,16,28,33,34|13,17,20,23,26,31
1,2,15,27,28,30|6,10,20,21,33,34|11,13,17,23,25,26
1,2,16,20,27,30|6,10,15,25,33,34|13,17,22,23,26,28
1,3,11,26,30,39|6,8,10,15,27,34|16,17,20,25,33,38
1,3,16,26,30,31|6,8,10,15,27,34|17,20,21,28,33,38
1,3,21,22,26,30|6,8,10,15,27,34|16,17,20,25,33,38
1,6,21,26,33,38|2,3,8,10,32,39|9,11,23,25,27,31
1,8,14,25,27,34|2,6,7,12,21,26|3,10,20,30,32,39
1,8,15,27,28,34|2,6,7,12,21,26|3,10,16,25,30,32
1,8,16,20,27,34|2,6,7,12,21,26|10,11,32,33,38,39
1,9,10,11,23,39|2,6,7,12,21,26|8,14,17,25,27,38
1,9,10,16,23,31|2,6,7,12,21,26|8,14,17,25,27,38
1,9,10,21,22,23|2,7,12,14,16,26|8,15,17,27,28,38
1,13,23,25,26,32|2,6,10,15,27,30|17,20,21,28,33,38
1,14,16,26,33,38|2,3,8,10,32,39|6,9,23,25,27,28
1,15,25,28,33,34|2,3,8,10,32,39|13,17,20,23,26,31
1,16,20,25,33,34|2,3,8,10,32,39|6,15,17,23,26,27
1,20,21,28,33,34|2,3,8,10,32,39|6,15,17,23,26,27
2,6,7,12,21,26|3,10,16,25,30,32|8,15,17,27,28,38
2,7,12,14,16,26|3,10,20,30,32,39|6,9,23,25,27,28
1,2,3,6,21,38|8,10,11,13,31,34|9,14,22,23,27,28
1,2,3,14,16,38|6,8,10,13,28,34|9,15,20,22,23,27
1,2,11,16,27,30|6,8,10,13,28,34|14,17,25,31,33,38
1,2,13,20,25,30|6,9,23,27,28,31|8,11,17,26,33,39
1,2,14,27,30,31|6,8,10,13,28,34|11,16,17,25,33,38
1,2,15,22,27,30|6,8,10,13,28,34|11,16,17,25,33,38
1,3,6,21,26,30|2,7,12,16,25,32|8,10,11,13,31,34|9,14,22,23,27,28
1,3,14,16,26,30|2,7,12,20,32,39|6,8,10,13,28,34|15,17,22,25,33,38
1,8,10,29,38,39|2,7,12,16,25,32|3,17,20,21,28,30
1,8,11,16,27,34|2,6,10,13,28,30|14,17,25,31,33,38
1,8,13,14,26,38|2,7,12,16,25,32|3,17,20,21,28,30|6,10,15,31,33,34
1,8,13,20,25,34|2,7,12,21,28,32|11,16,23,26,27,29
1,8,14,27,31,34|2,6,10,13,28,30|11,16,17,25,33,38
1,8,15,22,27,34|2,6,10,13,28,30|11,16,17,25,33,38
1,8,16,27,32,38|2,6,10,13,28,30|17,20,23,26,39,40
1,8,26,32,33,39|2,6,10,13,28,30|9,11,14,23,25,27
1,8,26,38,39,40|2,6,10,13,28,30|9,11,14,23,25,27
1,11,16,25,33,34|2,3,8,17,20,39|6,9,23,27,28,31
1,11,20,33,34,39|2,3,8,16,17,25|6,9,23,27,28,31
1,11,21,28,33,34|2,3,8,16,17,25|9,14,20,23,27,31
1,13,23,26,31,32|2,3,8,16,17,25|6,10,11,21,33,34
1,14,25,31,33,34|2,3,8,17,20,39|9,11,15,23,27,28
1,15,22,25,33,34|2,3,8,17,20,39|6,9,23,27,28,31
1,16,20,31,33,34|2,3,8,17,21,28|6,9,22,23,25,27
1,16,22,28,33,34|2,3,8,17,20,39|9,11,14,23,25,27
1,16,25,32,33,38|2,3,8,17,20,39|6,9,23,27,28,31
1,20,21,22,33,34|2,3,8,16,17,25|6,9,23,27,28,31
1,20,32,33,38,39|2,3,8,16,17,25|6,9,23,27,28,31
1,21,28,32,33,38|2,3,8,16,17,25|9,14,20,23,27,31
2,3,8,16,17,25|6,9,23,27,28,31|10,14,15,22,33,34
2,3,8,17,20,39|6,9,22,23,25,27|10,11,14,16,33,34
2,3,8,17,21,28|6,9,22,23,25,27|10,11,14,16,33,34
2,7,12,16,25,32|3,17,20,21,28,30|6,10,15,31,33,34
2,7,12,20,32,39|3,15,17,25,28,30|6,10,11,21,33,34|14,23,26,27,29,31
2,7,12,21,28,32|3,16,17,20,25,30|6,10,15,31,33,34
2,10,13,14,20,30|6,9,22,23,25,27|8,11,17,26,33,39
2,10,16,25,30,40|6,9,23,27,28,31|8,11,17,26,33,39
2,10,20,30,39,40|6,9,22,23,25,27|8,16,17,26,31,33
2,10,21,28,30,40|6,9,22,23,25,27|8,11,17,26,33,39
3,10,11,30,32,39|6,9,22,23,25,27|8,16,17,26,31,33
3,10,16,30,31,32|6,9,22,23,25,27|8,11,17,26,33,39
3,10,21,22,30,32|6,9,23,27,28,31|8,11,17,26,33,39
3,15,17,25,28,30|6,10,11,21,33,34|9,14,20,23,27,31
3,16,17,20,25,30|6,8,10,13,28,34|14,23,26,27,29,31
3,17,20,21,28,30|6,9,22,23,25,27|8,10,11,13,31,34
6,8,10,13,28,34|9,11,14,23,25,27|16,17,20,31,33,38
6,9,23,27,28,31|8,10,13,14,20,34|11,16,17,25,33,38
6,10,11,21,33,34|8,13,17,20,25,38|9,14,22,23,27,28
6,10,15,31,33,34|8,11,16,17,27,38|13,20,23,25,26,29
6,10,16,22,33,34|8,13,17,20,25,38|9,11,15,23,27,28
8,10,16,25,34,40|9,11,15,23,27,28|17,20,21,22,33,38
8,10,20,34,39,40|9,11,14,23,25,27|15,17,28,31,33,38
8,10,21,28,34,40|9,11,14,23,25,27|16,17,20,31,33,38
8,11,16,17,27,38|10,14,15,22,33,34|13,20,23,25,26,29
8,15,17,22,27,38|10,11,14,16,33,34|13,20,23,25,26,29
8,25,27,29,31,38|10,11,14,16,33,34|17,20,23,26,39,40
1,2,3,8,32,39|6,9,14,23,27,28|11,16,17,31,33,38
1,2,6,15,27,30|8,9,16,20,25,33|10,11,17,23,29,39
1,3,16,25,30,32|6,8,10,13,22,34|9,11,14,23,27,31|20,21,28,29,33,38
1,3,20,30,32,39|6,8,10,13,22,34|9,11,14,23,27,31|15,25,28,29,33,38
1,3,21,28,30,32|6,8,10,13,22,34|9,11,14,23,27,31|16,20,25,29,33,38
1,6,8,15,27,34|2,7,11,12,32,39|3,14,17,25,30,31|9,13,20,22,23,28
1,6,15,25,33,34|2,3,8,11,17,39|9,13,20,22,23,28
1,6,16,28,33,34|2,3,8,11,17,39|13,20,23,26,29,31
1,6,20,21,33,34|2,3,8,11,17,39|13,22,23,26,28,29
1,8,11,13,25,34|2,7,12,16,31,32|3,17,20,21,22,30|6,9,14,23,27,28
1,8,13,20,31,34|2,7,11,12,32,39|3,15,17,22,25,30|6,9,14,23,27,28
1,8,13,22,28,34|2,7,11,12,32,39|3,14,17,25,30,31|6,9,15,20,23,27
1,8,13,25,32,38|2,10,11,30,39,40|6,9,14,23,27,28
1,11,16,31,33,34|2,3,8,17,21,22|6,9,14,23,27,28
1,11,21,22,33,34|2,3,8,16,17,31|6,9,14,23,27,28
1,11,32,33,38,39|2,3,8,16,17,31|6,9,14,23,27,28
1,13,14,23,26,32|2,3,8,11,17,39|15,25,28,29,33,38
1,14,15,28,33,34|2,3,8,11,17,39|6,9,22,23,27,31
1,14,16,20,33,34|2,3,8,11,17,39|6,9,22,23,27,31
1,15,22,31,33,34|2,3,8,11,17,39|6,9,14,23,27,28
1,16,31,32,33,38|2,3,8,11,17,39|6,9,14,23,27,28
1,21,22,32,33,38|2,3,8,11,17,39|6,9,14,23,27,28
1,23,26,32,39,40|2,3,8,16,17,31|6,10,14,15,33,34
2,3,8,11,17,39|6,9,14,23,27,28|16,20,25,29,33,38
2,3,8,17,21,22|6,9,14,23,27,28|16,20,25,29,33,38
2,6,10,13,22,30|8,9,15,25,28,33|11,16,17,23,27,32
2,7,11,12,32,39|3,14,17,25,30,31|6,8,10,13,22,34|20,21,28,29,33,38
2,7,12,16,31,32|3,11,17,20,30,39|6,8,10,13,22,34|15,25,28,29,33,38
2,7,12,21,22,32|3,11,16,17,25,30|6,9,14,23,27,28|8,20,26,29,33,39
2,10,11,30,39,40|6,8,15,17,27,38|9,13,20,22,23,28
2,10,16,30,31,40|6,8,15,17,27,38|9,11,13,20,23,25
2,10,21,22,30,40|6,8,15,17,27,38|9,11,13,20,23,25
3,6,10,21,30,32|8,9,15,25,28,33|11,13,14,17,23,26
3,10,14,16,30,32|6,8,15,17,27,38|9,11,13,20,23,25
3,11,16,17,25,30|6,8,10,13,22,34|20,21,28,29,33,38
3,11,17,20,30,39|6,8,10,13,22,34|15,25,28,29,33,38
3,11,17,21,28,30|6,8,10,13,22,34|16,20,25,29,33,38
3,14,17,25,30,31|6,8,10,13,22,34|20,21,28,29,33,38
3,15,17,22,25,30|6,9,14,23,27,28|8,10,11,34,39,40
3,15,17,28,30,31|6,8,10,13,22,34|16,20,25,29,33,38
3,16,17,20,30,31|6,8,10,13,22,34|15,25,28,29,33,38
3,16,17,22,28,30|6,9,15,20,23,27|8,10,11,13,14,34
3,17,20,21,22,30|6,9,14,23,27,28|8,10,11,34,39,40
6,8,10,13,22,34|9,11,14,23,27,31|15,25,28,29,33,38
6,9,14,23,27,28|8,10,11,34,39,40|15,17,22,31,33,38
6,9,22,23,27,31|8,10,11,13,14,34|15,25,28,29,33,38
6,16,17,28,33,38|8,10,11,13,14,34|23,25,27,29,31,32
6,17,20,21,33,38|8,10,11,13,14,34|23,25,27,29,31,32
8,10,11,13,14,34|15,17,22,23,27,32|16,20,25,29,33,38
8,10,16,31,34,40|9,11,13,20,23,25|14,15,17,28,33,38
8,10,21,22,34,40|9,11,13,20,23,25|14,15,17,28,33,38
1,2,6,13,28,30|8,9,11,16,25,33|20,23,26,29,39,40
1,2,11,13,30,31|6,8,10,21,34,40|14,15,17,22,33,38|16,20,23,27,29,32
1,2,13,14,20,30|6,8,10,21,34,40|11,16,25,29,33,38
1,2,20,30,39,40|6,8,13,17,28,38|14,23,25,27,29,32
1,2,21,28,30,40|6,9,11,15,23,27|8,13,14,17,20,38
1,3,11,30,32,39|6,8,10,21,34,40|13,14,20,23,26,29
1,3,16,30,31,32|6,8,10,21,34,40|9,11,13,22,23,28
1,3,21,22,30,32|6,8,13,17,28,38|9,16,20,23,25,40
1,6,8,13,28,34|2,7,12,14,16,32|3,11,17,21,22,30|20,23,26,29,39,40
1,6,11,21,33,34|2,3,8,14,16,17|9,15,23,25,28,40
1,6,15,31,33,34|2,3,8,14,16,17|9,11,13,22,23,28
1,6,16,22,33,34|2,3,8,20,29,39|9,15,23,25,28,40
1,6,21,32,33,38|2,3,8,14,16,17|9,11,13,20,23,31
1,8,11,13,31,34|2,6,7,12,21,32|3,14,15,17,28,30|9,16,20,23,25,40
1,8,13,14,20,34|2,6,7,12,21,32|3,11,16,17,30,31|9,15,23,25,28,40
1,8,16,25,34,40|2,6,7,12,21,32|3,14,15,17,28,30|9,11,13,20,23,31
1,8,20,34,39,40|2,6,7,12,21,32|3,11,16,17,30,31|15,22,25,29,33,38
1,8,21,28,34,40|2,7,12,14,16,32|3,6,15,17,25,30|9,11,13,20,23,31
1,11,14,16,33,34|2,3,6,8,17,21|9,15,23,25,28,40
1,14,15,22,33,34|2,3,6,8,17,21|9,11,13,20,23,31
1,14,16,32,33,38|2,3,6,8,17,21|9,11,13,20,23,31
1,16,17,23,25,29|2,6,7,12,21,32|8,9,11,20,33,39
1,17,20,23,29,39|2,6,7,12,21,32|8,9,11,16,25,33
1,17,21,23,28,29|2,7,12,14,16,32|8,9,11,20,33,39
2,3,6,8,17,21|9,11,13,20,23,31|15,22,25,29,33,38
2,3,8,14,16,17|6,9,11,15,23,27|20,21,22,29,33,38
2,6,7,12,21,32|3,11,16,17,30,31|8,9,15,22,25,33|13,14,20,23,26,29
2,6,10,21,30,40|8,9,11,16,25,33|13,14,20,23,26,29
2,7,12,14,16,32|3,6,15,17,25,30|8,9,11,20,33,39|21,23,26,28,29,40
3,6,15,17,25,30|8,9,11,20,33,39|21,23,26,28,29,40
3,6,16,17,28,30|8,9,11,20,33,39|14,23,25,27,29,32
3,6,17,20,21,30|8,9,11,16,25,33|15,23,27,28,29,32
3,11,16,17,30,31|6,8,10,21,34,40|13,14,20,23,26,29
3,11,17,21,22,30|6,9,13,20,23,28|8,10,14,16,34,40
3,14,15,17,28,30|6,8,10,21,34,40|9,11,13,20,23,31
3,14,16,17,20,30|6,8,10,21,34,40|9,11,13,22,23,28
3,15,17,22,30,31|6,8,10,21,34,40|11,16,25,29,33,38
3,15,25,28,29,30|6,8,10,21,34,40|9,11,13,20,23,31
3,16,20,25,29,30|6,8,10,21,34,40|9,11,13,22,23,28
3,20,21,28,29,30|6,9,11,15,23,27|8,10,14,16,34,40
6,8,10,21,34,40|9,11,13,20,23,31|14,15,17,22,33,38
6,9,11,15,23,27|8,10,14,16,34,40|20,21,22,29,33,38
6,9,13,20,23,28|8,10,14,16,34,40|15,22,25,29,33,38
6,11,17,21,33,38|8,10,14,16,34,40|15,23,27,28,29,32
6,15,17,31,33,38|8,10,14,16,34,40|9,11,13,22,23,28
8,10,14,16,34,40|9,11,13,20,23,31|15,22,25,29,33,38
1,2,6,13,22,30|8,9,11,16,31,33|17,20,23,32,39,40
1,2,11,13,14,30|6,8,9,15,25,33|16,23,26,29,31,40
1,2,11,30,39,40|6,8,9,15,25,33|13,14,17,20,23,32
1,2,16,30,31,40|6,8,9,15,25,33|11,13,14,23,26,29
1,2,21,22,30,40|6,8,9,15,25,33|11,13,14,23,26,29
1,3,14,16,30,32|6,8,9,15,25,33|11,23,26,29,39,40
1,6,8,13,22,34|3,11,14,16,17,30|9,15,23,28,31,40
1,6,14,15,33,34|2,3,8,11,29,39|9,16,20,23,31,40
1,8,11,13,14,34|3,6,15,17,30,31|9,16,22,23,28,40
1,8,11,34,39,40|3,6,15,17,30,31|13,20,23,25,29,32
1,8,13,14,32,38|3,6,11,17,21,30|9,15,22,23,25,40
1,8,16,31,34,40|3,6,11,17,21,30|13,20,23,25,29,32
1,8,21,22,34,40|3,6,15,17,30,31|9,11,13,14,20,23
3,6,11,17,21,30|8,9,14,15,28,33|13,20,23,25,29,32
3,6,15,17,30,31|8,9,11,21,22,33|13,20,23,25,29,32
3,6,16,17,22,30|8,9,14,15,28,33|11,23,26,29,39,40
3,11,14,16,17,30|6,8,9,15,25,33|21,22,23,26,29,40
3,11,20,29,30,39|6,8,9,15,25,33|17,21,23,28,32,40
3,11,21,28,29,30|6,8,9,15,25,33|13,14,17,20,23,32
3,14,15,17,22,30|6,8,9,16,28,33|11,23,26,29,39,40
3,14,25,29,30,31|6,8,9,16,28,33|17,20,23,32,39,40
3,15,22,25,29,30|6,8,9,16,28,33|11,13,17,23,31,32
3,15,28,29,30,31|6,8,9,20,21,33|16,17,23,25,32,40
3,16,20,29,30,31|6,8,9,15,25,33|17,21,23,28,32,40
3,16,22,28,29,30|6,8,9,15,25,33|11,13,17,23,31,32
3,20,21,22,29,30|6,8,9,15,25,33|11,13,17,23,31,32
1,2,6,21,30,40|8,9,11,14,16,33|13,20,23,29,31,32
1,2,14,16,30,40|6,8,9,11,21,33|13,20,23,29,31,32
3,6,15,25,29,30|8,9,11,14,16,33|17,21,22,23,32,40
3,6,16,28,29,30|8,9,14,15,22,33|11,17,23,32,39,40
3,11,16,29,30,31|6,8,17,21,32,33|9,14,15,23,28,40
3,14,15,28,29,30|6,8,9,11,21,33|16,17,23,31,32,40
1,2,8,13,14,38|3,6,9,15,23,25|11,17,20,30,33,39
1,2,8,32,33,39|3,6,9,15,23,25|7,11,12,14,16,34
1,2,8,38,39,40|3,6,9,15,23,25|7,11,12,14,16,34|17,20,21,22,30,33
1,2,13,23,31,32|3,6,8,17,21,38|7,11,12,14,16,34
1,3,6,8,21,34|2,11,13,17,23,31|7,12,14,16,32,38
1,6,13,28,30,38|2,8,11,17,33,39|3,9,14,16,20,23
1,8,10,29,30,39|2,6,13,17,23,28|7,11,12,14,16,34
1,8,13,14,26,30|2,11,16,23,27,29|6,7,12,15,31,34
1,8,16,27,30,32|2,6,13,17,23,28|7,12,14,15,22,34
1,8,26,30,39,40|2,6,13,17,23,28|7,11,12,14,16,34
1,11,13,30,31,38|2,8,17,21,22,33|3,6,9,15,23,25
1,13,14,20,30,38|2,8,11,17,33,39|3,6,9,15,23,25
1,16,25,30,32,33|2,6,13,17,23,28|3,8,20,29,38,39|7,12,14,15,22,34
1,16,25,30,38,40|2,6,13,17,23,28|7,12,14,15,22,34
1,20,30,32,33,39|2,6,13,17,23,28|3,8,16,25,29,38|7,12,14,15,22,34
1,20,30,38,39,40|2,6,13,17,23,28|7,11,12,14,16,34
1,21,28,30,32,33|2,11,13,17,23,31|3,8,16,25,29,38|7,12,14,15,22,34
1,21,28,30,38,40|2,8,11,17,33,39|3,6,9,15,23,25
2,6,13,17,23,28|3,8,16,25,29,38|7,12,14,15,22,34
2,8,11,17,33,39|3,6,9,15,23,25|7,12,14,16,32,38
2,8,17,21,22,33|3,6,9,15,23,25|7,11,12,14,16,34
2,11,13,17,23,31|3,8,16,25,29,38|6,10,21,30,32,33|7,12,14,15,22,34
2,11,16,23,27,29|3,6,8,17,21,38|7,12,14,15,22,34
2,13,14,17,20,23|3,8,16,25,29,38|6,7,11,12,21,34
2,13,20,23,25,29|3,6,8,17,21,38|7,11,12,14,16,34
2,15,22,23,27,29|3,6,8,17,21,38|7,11,12,14,16,34
2,16,17,23,25,40|3,8,20,29,38,39|6,7,11,12,21,34
2,17,20,23,39,40|3,8,16,25,29,38|6,7,11,12,21,34
2,17,21,23,28,40|3,8,16,25,29,38|6,7,12,15,31,34
3,6,9,15,23,25|7,11,12,14,16,34|8,10,13,30,31,32
3,6,9,16,23,28|7,12,14,15,22,34|8,10,13,30,31,32
3,6,9,20,21,23|7,11,12,14,16,34|8,10,13,30,31,32
3,6,21,23,26,29|7,11,12,14,16,34|8,10,13,30,31,32
3,8,16,25,29,38|6,7,11,12,21,34|15,17,28,30,31,33
3,8,20,29,38,39|6,7,11,12,21,34|10,14,16,30,32,33
3,8,21,28,29,38|6,7,12,15,31,34|10,14,16,30,32,33
3,9,11,16,23,31|6,7,12,21,32,38|8,13,17,20,25,30
3,9,11,21,22,23|6,7,12,15,31,34|8,13,17,20,25,30
3,9,14,15,23,28|6,7,11,12,21,34|8,10,13,30,31,32
3,9,14,16,20,23|6,7,11,12,21,34|8,10,13,30,31,32
3,9,15,22,23,31|6,7,11,12,21,34|8,13,17,20,25,30
3,11,17,23,32,39|6,7,12,15,31,34|10,14,16,30,38,40
3,14,16,23,26,29|6,7,11,12,21,34|8,10,13,30,31,32
3,17,21,22,23,32|6,7,12,15,31,34|10,14,16,30,38,40
1,2,6,21,33,38|3,9,11,16,23,25|7,12,14,15,28,34
1,2,8,13,31,38|3,9,11,16,23,25|6,7,12,20,21,34
1,2,13,23,25,32|3,8,11,17,38,39|6,7,12,16,28,34
1,2,14,16,33,38|3,9,11,20,23,39|6,7,12,15,25,34
1,3,8,11,34,39|2,6,15,17,23,27|7,12,16,31,32,38
1,3,8,16,31,34|2,6,15,17,23,27|7,11,12,32,38,39
1,3,8,21,22,34|2,6,15,17,23,27|7,11,12,32,38,39
1,3,8,32,38,39|2,6,15,17,23,27|7,11,12,16,31,34
1,6,15,27,30,38|2,8,16,17,25,33|3,9,11,20,23,39
1,6,21,26,30,33|2,10,13,14,23,32|3,8,11,17,38,39|7,12,15,22,31,34
1,8,13,26,30,31|2,6,15,17,23,27|7,11,12,21,22,34
1,11,13,25,30,38|2,6,15,17,23,27|7,12,14,16,20,34
1,13,20,30,31,38|2,6,15,17,23,27|7,11,12,21,22,34
1,13,22,28,30,38|2,6,15,17,23,27|7,11,12,16,31,34
1,14,16,26,30,33|2,6,15,17,23,27|7,11,12,21,22,34
2,6,15,17,23,27|7,11,12,16,31,34|8,10,13,25,30,32
2,8,16,17,25,33|3,9,11,20,23,39|6,10,13,22,30,38|7,12,14,15,28,34
2,8,17,20,33,39|3,9,11,16,23,25|6,10,13,22,30,38|7,12,14,15,28,34
2,8,17,21,28,33|3,9,11,16,23,25|6,10,13,22,30,38
2,10,13,14,23,32|3,8,11,17,38,39|6,7,12,15,25,34
2,10,23,32,39,40|3,8,16,17,31,38|6,7,12,15,25,34
2,11,13,17,23,25|6,7,12,16,28,34|10,21,22,30,32,33
2,13,17,20,23,31|6,7,12,15,25,34|10,11,30,32,33,39
2,13,17,22,23,28|6,7,12,15,25,34|10,11,30,32,33,39
2,14,23,25,27,29|3,8,11,17,38,39|6,7,12,16,28,34|10,21,22,30,32,33
2,15,23,27,28,29|3,8,11,17,38,39|6,7,12,20,21,34|10,16,30,31,32,33
2,16,20,23,27,29|3,8,11,17,38,39|6,7,12,15,25,34|10,21,22,30,32,33
3,8,11,17,38,39|6,7,12,15,25,34|10,16,30,31,32,33
3,8,16,17,31,38|6,7,12,15,25,34|10,11,30,32,33,39
3,8,17,21,22,38|6,7,12,15,25,34|10,11,30,32,33,39
3,9,11,16,23,25|6,7,12,20,21,34|8,15,17,27,28,30
3,9,11,20,23,39|6,7,12,15,25,34|10,16,30,31,32,33
3,9,11,21,23,28|6,7,12,15,25,34|8,16,17,20,27,30
3,9,14,23,25,31|6,7,12,16,28,34|10,11,30,32,33,39
3,9,15,22,23,25|6,7,12,16,28,34|10,11,13,14,30,38
3,9,15,23,28,31|6,7,12,20,21,34|8,10,13,25,30,32
3,9,16,20,23,31|6,7,12,15,25,34|10,11,13,14,30,38
3,9,16,22,23,28|6,7,12,15,25,34|10,11,13,14,30,38
3,9,20,21,22,23|6,7,12,15,25,34|10,11,13,14,30,38
3,11,23,26,29,39|6,7,12,15,25,34|8,16,17,20,27,30
3,16,17,23,25,32|6,7,12,20,21,34|10,11,13,14,30,38
3,16,23,26,29,31|6,7,12,15,25,34|10,11,13,14,30,38
3,17,20,23,32,39|6,7,12,15,25,34|10,11,13,14,30,38
3,17,21,23,28,32|6,7,12,15,25,34|10,11,13,14,30,38
3,21,22,23,26,29|6,7,12,15,25,34|8,16,17,20,27,30
1,2,13,14,23,32|3,8,11,29,38,39|6,15,17,25,30,33
1,2,23,32,39,40|3,8,16,29,31,38|6,7,12,14,15,34|11,17,21,22,30,33
1,6,13,22,30,38|2,8,14,16,17,33|3,20,23,29,32,39
1,11,13,14,30,38|2,6,8,17,21,33|3,16,23,25,29,32
1,11,30,32,33,39|2,6,13,17,22,23|3,8,16,29,31,38
1,11,30,38,39,40|2,6,8,17,21,33|3,9,14,15,22,23
1,16,30,31,32,33|2,6,13,17,22,23|3,8,11,29,38,39
1,16,30,31,38,40|2,6,8,17,21,33|3,9,14,15,22,23
2,11,13,23,25,29|6,7,12,14,15,34|8,10,30,32,39,40
2,11,17,23,39,40|3,8,16,29,31,38|6,7,12,14,15,34
2,13,20,23,29,31|6,7,12,14,15,34|8,10,30,32,39,40
2,13,22,23,28,29|6,7,12,14,15,34|8,10,30,32,39,40
2,16,17,23,31,40|3,8,11,29,38,39|6,7,12,14,15,34
2,17,21,22,23,40|3,8,11,29,38,39|6,7,12,14,15,34
3,8,16,29,31,38|6,7,12,14,15,34|11,17,21,22,30,33
3,8,21,22,29,38|6,7,12,14,15,34|11,16,17,30,31,33
3,16,23,25,29,32|6,7,12,14,15,34|8,13,17,20,30,31
3,20,23,29,32,39|6,7,12,14,15,34|8,11,13,17,25,30
3,21,23,28,29,32|6,7,12,14,15,34|8,11,13,17,25,30
2,17,23,25,27,31|3,8,10,20,34,39|7,12,21,22,26,38
1,2,8,13,25,38|3,6,17,21,23,26|7,11,12,20,34,39
1,2,10,23,29,39|3,8,16,17,25,38|7,11,12,21,28,34
1,2,13,14,23,26|3,6,8,10,21,34|7,12,16,25,32,38
1,2,23,26,39,40|3,6,8,10,21,34|7,12,16,25,32,38
1,8,10,17,30,39|2,23,25,27,29,31|7,11,12,21,28,34
1,8,13,25,26,30|2,11,16,17,23,27|7,12,15,28,31,34
1,11,16,27,30,38|2,8,10,32,33,39|3,6,17,21,23,26|7,12,14,25,31,34
1,11,26,30,33,39|2,8,10,13,14,38|3,9,15,23,25,28|7,12,16,20,31,34
1,13,20,25,30,38|2,8,10,32,33,39|3,6,17,21,23,26|7,12,15,28,31,34
1,14,27,30,31,38|2,8,10,32,33,39|3,6,17,21,23,26|7,11,12,16,25,34
1,15,22,27,30,38|2,8,10,32,33,39|3,6,17,21,23,26|7,11,12,16,25,34
1,16,26,30,31,33|2,8,10,13,14,38|3,9,15,23,25,28|7,11,12,20,34,39
1,21,22,26,30,33|2,8,10,13,14,38|3,9,15,23,25,28|7,11,12,20,34,39
2,8,10,13,14,38|3,6,17,21,23,26|7,11,12,16,25,34
2,8,10,32,33,39|3,6,17,21,23,26|7,11,12,16,25,34
2,8,10,38,39,40|3,6,17,21,23,26|7,11,12,16,25,34
2,10,13,23,31,32|3,8,16,17,25,38|7,11,12,20,34,39
2,11,16,17,23,27|3,6,8,10,21,34|7,12,20,32,38,39
2,14,17,23,27,31|3,6,8,10,21,34|7,12,16,25,32,38
2,15,17,22,23,27|3,6,8,10,21,34|7,12,16,25,32,38
2,23,25,27,29,31|3,6,8,10,21,34|7,12,20,32,38,39
3,6,17,21,23,26|7,11,12,16,25,34|10,13,14,20,30,38
3,8,16,17,25,38|7,11,12,20,34,39|10,21,28,30,32,33
3,8,17,20,38,39|7,11,12,16,25,34|10,21,28,30,32,33
3,8,17,21,28,38|7,11,12,16,25,34|10,20,30,32,33,39
3,9,15,23,25,28|7,8,12,26,32,39|10,11,13,30,31,38
3,9,16,20,23,25|6,10,13,28,30,38|7,8,12,26,32,39
3,9,20,21,23,28|7,8,12,26,32,39|10,11,13,30,31,38
3,14,16,17,23,26|6,10,13,28,30,38|7,11,12,20,34,39
3,16,23,25,26,29|6,10,13,28,30,38|7,11,12,20,34,39
3,20,23,26,29,39|6,10,13,28,30,38|7,11,12,16,25,34
3,21,23,26,28,29|7,11,12,16,25,34|10,13,14,20,30,38
1,2,8,16,27,38|3,11,17,23,26,39|7,12,15,25,28,34
1,2,8,26,33,39|6,10,15,27,30,38|7,12,16,20,25,34
1,3,23,26,32,39|2,6,10,21,33,38|7,12,15,25,28,34
1,8,16,26,27,30|2,6,10,21,33,38|7,12,15,25,28,34
1,16,25,26,30,33|2,8,10,13,31,38|7,12,20,21,28,34
1,20,26,30,33,39|2,8,10,13,31,38|7,12,15,25,28,34
1,21,26,28,30,33|2,8,10,13,31,38|7,12,16,20,25,34
2,6,10,21,33,38|3,11,17,23,26,39|7,12,15,25,28,34
2,8,10,13,31,38|3,11,17,23,26,39|7,12,15,25,28,34
2,10,14,16,33,38|3,11,17,23,26,39|7,12,15,25,28,34
2,14,17,23,25,27|3,8,10,11,34,39|6,7,12,21,26,38
2,15,17,23,27,28|3,8,10,11,34,39|6,7,12,21,26,38
2,16,17,20,23,27|3,8,10,11,34,39|6,7,12,21,26,38
3,11,17,23,26,39|6,10,15,27,30,38|7,12,16,20,25,34
3,16,17,23,26,31|6,10,15,27,30,38|7,12,20,21,28,34
3,17,21,22,23,26|6,10,15,27,30,38|7,12,16,20,25,34
2,3,9,15,21,31|6,27,28,29,34,39|13,16,17,25,32,38
2,3,9,15,28,39|6,13,17,21,26,38|16,25,27,29,31,34
2,3,16,26,29,39|6,9,21,27,31,38|13,15,17,25,28,34
9,13,15,25,28,38|10,12,16,33,35,39|14,17,21,22,27,34
1,2,3,16,25,32|6,8,15,17,26,27|10,11,13,14,20,34
1,2,3,20,32,39|6,8,9,25,27,28|11,16,17,26,31,33
1,2,3,21,28,32|6,8,15,17,26,27|10,11,13,14,20,34
1,6,13,22,26,38|2,3,10,14,16,32|8,9,11,25,27,31
1,6,14,27,28,34|2,3,11,16,17,25|8,10,26,32,39,40
1,6,15,20,27,34|2,3,10,14,16,32|8,11,13,17,25,26
1,6,22,27,31,34|2,3,10,14,16,32|8,11,13,17,25,26
1,8,9,10,11,39|2,3,14,17,25,31|15,20,27,28,29,38
1,8,9,10,16,31|2,3,11,17,20,39|6,25,27,28,29,38
1,8,9,10,21,22|2,3,11,16,17,25|15,20,27,28,29,38
1,8,13,25,26,32|2,3,11,17,20,39|10,15,28,31,34,40
1,10,11,29,38,39|2,3,14,17,25,31|8,9,15,20,27,28
1,10,16,29,31,38|2,3,11,17,20,39|6,8,9,25,27,28
1,10,21,22,29,38|2,3,11,16,17,25|8,9,15,20,27,28
1,11,13,14,26,38|2,3,6,10,21,32|8,9,15,20,27,28
1,11,13,20,25,34|2,3,6,10,21,32|8,9,22,27,28,31
1,11,14,27,31,34|2,3,6,10,21,32|8,13,17,22,26,28
1,11,15,22,27,34|2,3,6,10,21,32|8,13,17,20,26,31
1,11,16,27,32,38|2,3,14,17,25,31|6,10,13,20,22,34
1,11,26,32,33,39|2,3,14,17,25,31|6,10,13,20,22,34
1,11,26,38,39,40|2,3,6,10,21,32|8,9,14,20,25,27
1,13,20,22,28,34|2,3,6,10,21,32|8,9,11,25,27,31
1,14,27,31,32,38|2,3,11,16,17,25|6,10,13,20,22,34
1,15,22,27,32,38|2,3,11,16,17,25|20,21,26,28,29,33
1,16,26,31,32,33|2,3,11,17,20,39|6,8,9,25,27,28
1,16,26,31,38,40|2,3,6,10,21,32|8,9,14,20,25,27
1,21,22,26,32,33|2,3,11,16,17,25|8,9,15,20,27,28
1,21,22,26,38,40|2,3,10,14,16,32|6,8,9,25,27,28
2,3,6,10,21,32|8,9,11,25,27,31|13,17,20,22,28,38
2,3,10,14,16,32|6,8,9,25,27,28|11,17,21,22,26,33
2,3,11,16,17,25|6,10,13,20,22,34|8,15,26,27,28,29
2,3,11,17,21,28|6,10,13,20,22,34|8,14,25,26,27,29
2,3,14,17,25,31|6,10,11,13,28,34|8,16,20,26,27,29
2,3,15,17,22,25|6,10,11,13,28,34|8,16,20,26,27,29
2,3,15,17,28,31|6,10,13,20,22,34|8,14,25,26,27,29
2,3,16,17,22,28|8,9,11,25,27,31|10,13,14,20,32,38
2,3,17,20,21,22|6,8,9,25,27,28|10,11,13,31,32,38
6,8,9,25,27,28|10,11,13,14,20,34|15,17,22,26,31,33
6,8,15,17,26,27|9,22,25,28,31,33|10,11,13,14,20,34
6,10,11,13,28,34|8,9,14,20,25,27|15,17,22,26,31,33
6,10,13,20,22,34|8,9,11,25,27,31|14,15,17,26,28,33
6,10,13,28,32,38|8,9,11,25,27,31|14,16,17,20,26,33
6,15,17,20,27,38|8,10,13,14,26,32|9,22,25,28,31,33
6,15,17,25,26,33|8,9,22,27,28,31|10,11,13,14,20,34
6,16,17,26,28,33|8,9,11,25,27,31|10,13,14,20,32,38
6,17,20,21,26,33|8,9,11,25,27,31|10,16,22,28,34,40
6,17,22,27,31,38|8,10,13,14,26,32|9,15,20,25,28,33
8,10,26,32,39,40|9,15,20,25,28,33|11,14,17,27,31,38
10,14,25,31,34,40|11,15,17,22,27,38|20,21,26,28,29,33
10,15,22,25,34,40|11,14,17,27,31,38|20,21,26,28,29,33
10,20,21,22,34,40|11,14,17,27,31,38|15,25,26,28,29,33
1,2,3,11,32,39|6,8,9,22,25,27|10,14,15,28,34,40|16,20,26,29,31,33
1,2,3,16,31,32|6,8,9,22,25,27|10,14,15,28,34,40|11,20,26,29,33,39
1,2,3,21,22,32|6,8,9,27,28,31|10,14,16,20,34,40
1,6,8,9,10,21|2,3,11,16,17,31|14,22,27,28,29,38
1,6,10,21,29,38|2,3,11,16,17,31|8,9,14,22,27,28
1,6,11,15,27,34|2,3,14,16,17,20|10,21,22,32,38,40
1,6,13,20,28,34|2,3,11,16,17,31|8,15,22,26,27,29
1,6,14,22,27,34|2,3,11,16,17,31|8,13,20,25,26,29
1,6,15,27,32,38|2,3,11,16,17,31|8,13,20,25,26,29
1,6,21,26,32,33|2,3,11,16,17,31|8,9,14,22,27,28
1,6,21,26,38,40|2,3,11,16,17,31|8,9,14,22,27,28
1,8,9,10,14,16|2,3,6,15,17,25|11,20,26,29,33,39
1,8,13,26,31,32|2,3,6,15,17,25|9,11,20,21,28,33
1,10,14,16,29,38|2,3,6,15,17,25|9,11,20,21,28,33
1,11,13,20,31,34|2,3,6,15,17,25|8,9,14,22,27,28
1,11,13,22,28,34|2,3,6,15,17,25|8,9,14,20,27,31
1,11,13,25,32,38|2,3,6,16,17,28|8,9,14,20,27,31
1,13,20,31,32,38|2,3,6,15,17,25|8,9,14,22,27,28
1,13,22,28,32,38|2,3,6,15,17,25|8,9,11,16,20,27
1,14,16,26,32,33|2,3,6,15,17,25|10,11,21,22,34,40
1,14,16,26,38,40|2,3,6,15,17,25|9,11,20,21,28,33
1,15,25,28,34,40|2,3,6,17,20,21|8,11,16,26,27,29
1,16,20,25,34,40|2,3,11,17,21,22|6,8,9,27,28,31
1,20,21,28,34,40|2,3,6,15,17,25|8,11,16,26,27,29
2,3,6,15,17,25|8,9,11,16,20,27|10,21,22,32,38,40
2,3,6,16,17,28|8,9,11,14,25,27|10,15,22,31,34,40
2,3,6,17,20,21|8,9,11,14,25,27|10,15,22,31,34,40
2,3,11,16,17,31|6,8,9,22,25,27|10,14,15,28,34,40
2,3,11,17,21,22|6,8,9,27,28,31|10,14,16,20,34,40
2,3,14,15,17,28|6,8,9,22,25,27|10,11,16,31,34,40
2,3,14,16,17,20|6,8,9,22,25,27|10,11,32,38,39,40|15,26,28,29,31,33
2,3,15,17,22,31|6,10,16,28,34,40|8,9,11,14,25,27
2,3,15,25,28,29|6,10,11,13,22,34|8,9,14,20,27,31
2,3,16,20,25,29|6,8,9,27,28,31|10,11,13,14,32,38
2,3,20,21,28,29|6,8,9,22,25,27|10,11,13,14,32,38
6,8,9,22,25,27|10,11,13,14,32,38|15,26,28,29,31,33
6,8,9,27,28,31|10,11,13,14,32,38|15,22,25,26,29,33
6,8,13,17,26,28|9,11,16,20,25,33|10,15,22,31,34,40
6,10,11,13,22,34|8,9,14,20,27,31|15,17,25,28,32,33
6,10,13,22,32,38|8,9,11,14,25,27|15,26,28,29,31,33
6,10,16,28,34,40|8,9,11,14,25,27|20,21,22,26,29,33
6,10,20,21,34,40|8,9,11,14,25,27|15,26,28,29,31,33
6,13,17,20,28,38|8,9,11,14,25,27|10,15,22,31,34,40
6,14,17,22,27,38|8,13,20,25,26,29|10,11,16,31,34,40
6,15,17,26,31,33|8,9,11,14,25,27|10,21,22,32,38,40
6,22,25,27,29,38|8,11,13,17,26,31|10,14,15,28,34,40
6,27,28,29,31,38|8,13,14,17,20,26|10,11,21,22,34,40
8,9,11,14,25,27|10,15,22,31,34,40|17,20,21,28,32,33
8,9,14,20,27,31|10,11,21,22,34,40|15,17,25,28,32,33
8,11,16,26,27,29|9,14,20,25,31,33|10,21,22,32,38,40
8,13,14,17,20,26|9,11,15,25,28,33|10,16,31,32,38,40
8,14,17,25,27,32|9,11,20,21,28,33|10,15,22,31,34,40
8,14,26,27,29,31|9,11,15,25,28,33|10,21,22,32,38,40
10,11,21,22,34,40|14,20,27,29,31,38|15,17,25,28,32,33
1,2,3,6,21,26|8,9,20,25,27,31|10,11,13,22,28,34
1,6,13,26,28,38|2,3,10,11,32,39|8,9,20,25,27,31
1,6,22,25,27,34|2,3,10,11,32,39|15,17,26,28,31,33
1,6,27,28,31,34|2,3,10,11,32,39|8,13,17,20,25,26
1,8,16,26,27,32|2,3,15,17,25,28|10,11,13,20,31,34
1,11,14,25,27,34|2,3,10,16,31,32|17,20,21,22,26,33
1,11,15,27,28,34|2,3,10,16,31,32|8,13,17,20,25,26
1,11,16,20,27,34|2,3,10,21,22,32|14,17,25,26,31,33
1,13,14,20,26,38|2,3,10,11,32,39|8,9,22,25,27,28
1,14,20,27,31,34|2,3,10,11,32,39|15,17,22,25,26,33
1,14,22,27,28,34|2,3,10,11,32,39|8,13,17,20,25,26
1,15,20,22,27,34|2,3,10,11,32,39|14,17,25,26,31,33
1,16,25,26,32,33|2,3,17,20,21,28|6,10,11,15,27,34
1,20,26,32,33,39|2,3,15,17,25,28|6,10,14,22,27,34
1,20,26,38,39,40|2,3,10,16,31,32|8,9,22,25,27,28
1,21,26,28,32,33|2,3,16,17,20,25|6,10,11,15,27,34
1,21,26,28,38,40|2,3,10,11,32,39|8,9,20,25,27,31
1,6,16,22,34,40|8,9,11,13,14,20|15,28,29,31,32,33
6,8,9,11,13,28|14,15,17,22,32,33|16,20,29,31,38,40
6,8,9,13,20,22|11,14,16,17,32,33|15,28,29,31,38,40
6,8,13,17,28,32|9,11,14,15,22,33|16,20,29,31,38,40
6,9,11,15,31,33|8,13,14,17,20,32|16,22,28,29,38,40
6,9,11,16,22,33|8,13,14,17,20,32|15,28,29,31,38,40
6,9,14,15,20,33|8,11,13,17,31,32|16,22,28,29,38,40
6,15,17,31,32,33|8,9,11,13,14,20|16,22,28,29,38,40
6,15,17,31,38,40|8,9,11,13,14,20|16,22,28,29,32,33
6,16,17,22,32,33|8,9,11,13,14,20|15,28,29,31,38,40
6,16,17,22,38,40|8,9,11,13,14,20|15,28,29,31,32,33
1,6,11,13,22,34|2,3,14,15,28,29|8,9,16,20,25,40
1,6,13,22,32,38|2,3,11,16,29,31|8,9,15,25,28,40
1,6,15,25,34,40|2,3,11,16,29,31|8,13,17,22,28,32
1,6,16,28,34,40|2,3,11,21,22,29|8,13,17,20,31,32
1,6,20,21,34,40|2,3,11,16,29,31|8,13,17,22,28,32
1,11,13,14,32,38|2,3,6,15,25,29|8,9,20,21,28,40
1,11,16,31,34,40|2,3,6,14,15,17|20,21,28,29,32,33
1,11,21,22,34,40|2,3,6,14,15,17|8,16,20,27,29,32
1,14,15,28,34,40|2,3,6,20,21,29|8,11,13,17,25,32
1,14,16,20,34,40|2,3,6,15,25,29|8,9,11,13,22,28
1,15,22,31,34,40|2,3,6,16,28,29|8,11,13,17,25,32
1,16,31,32,38,40|2,3,6,14,15,17|8,9,11,13,22,28
1,21,22,32,38,40|2,3,6,14,15,17|8,9,11,13,20,31
6,8,9,13,20,28|11,14,16,26,29,33|15,17,22,31,38,40
6,8,13,26,28,29|9,11,14,16,20,33|15,17,22,31,38,40
6,9,11,16,28,33|8,13,14,20,26,29|15,17,22,31,38,40
6,13,20,28,29,38|8,14,16,17,26,40|9,11,15,22,31,33
6,15,26,29,31,33|8,9,11,13,22,28|14,16,17,20,38,40
6,16,17,28,38,40|8,9,11,13,20,31|14,15,22,26,29,33
6,16,22,26,29,33|8,9,11,13,20,31|14,15,17,28,38,40
1,2,3,6,21,32|8,9,11,13,20,25|10,14,15,22,34,40
1,2,3,14,16,32|6,8,9,15,20,27|11,17,21,28,38,40
1,6,11,13,28,34|2,3,14,15,17,22|8,25,27,29,31,32
1,6,13,20,22,34|2,3,11,14,16,17|8,25,27,29,31,32
1,6,13,28,32,38|2,3,11,14,16,17|9,15,20,22,31,33
1,8,10,29,32,39|2,3,6,11,17,21|9,14,15,20,28,33
1,8,13,14,26,32|2,3,6,11,17,21|9,15,20,22,31,33
1,8,26,32,39,40|2,3,6,11,17,21|9,14,15,20,28,33
1,11,13,31,32,38|2,3,6,16,17,22|9,14,15,20,28,33
1,11,16,25,34,40|2,3,6,15,17,31|8,9,13,20,22,28
1,11,20,34,39,40|2,3,6,15,17,31|8,13,22,26,28,29
1,11,21,28,34,40|2,3,6,15,17,31|14,16,20,26,29,33
1,13,14,20,32,38|2,3,6,11,17,21|15,22,26,29,31,33
1,14,25,31,34,40|2,3,6,11,17,21|8,9,13,20,22,28
1,15,22,25,34,40|2,3,6,11,17,21|8,13,20,26,29,31
1,15,28,31,34,40|2,3,6,11,17,21|14,16,20,26,29,33
1,16,20,31,34,40|2,3,6,11,17,21|8,13,22,26,28,29
1,16,22,28,34,40|2,3,6,11,17,21|8,13,20,26,29,31
1,16,25,32,38,40|2,3,6,11,17,21|8,9,13,20,22,28
1,20,21,22,34,40|2,3,6,15,17,31|8,11,13,25,26,29
1,20,32,38,39,40|2,3,6,11,17,21|8,13,22,26,28,29
1,21,28,32,38,40|2,3,6,15,17,31|8,9,11,13,20,25
2,3,6,11,17,21|8,9,13,20,22,28|10,14,16,32,38,40
2,3,6,15,17,31|8,9,11,13,20,25|10,14,16,32,38,40
2,3,6,16,17,22|8,9,11,13,20,25|14,15,26,28,29,33
2,3,11,16,25,29|6,8,9,14,27,28|17,20,21,22,32,33
2,3,11,20,29,39|6,8,9,14,27,28|15,17,22,25,32,33
2,3,11,21,28,29|6,8,9,15,20,27|10,14,16,32,38,40
2,3,14,15,17,22|6,9,16,20,28,33|8,11,13,25,26,29
2,3,14,25,29,31|6,8,9,15,20,27|11,17,21,28,32,33
2,3,15,22,25,29|6,8,9,14,27,28|11,17,20,32,33,39
2,3,15,28,29,31|6,8,13,17,22,26|10,11,14,16,34,40
2,3,16,20,29,31|6,8,9,14,27,28|15,17,22,25,32,33
2,3,16,22,28,29|6,8,9,15,20,27|14,17,25,31,32,33
2,3,20,21,22,29|6,8,9,14,27,28|11,16,17,25,32,33
