1,9,15,20,23,32|2,3,6,11,14,34|8,12,22,25,33,35
1,15,23,26,29,32|2,3,6,11,14,34|8,12,22,25,33,35
2,3,6,11,14,34|8,10,15,29,32,38|12,23,25,28,35,40
2,3,6,14,32,38|8,10,11,15,29,34|12,23,25,28,35,40
2,6,10,29,30,31|8,11,15,26,34,40|9,14,17,20,22,23
2,6,11,27,30,32|8,10,14,22,29,34|12,23,25,28,35,40
2,6,26,30,31,40|8,10,11,15,29,34|9,14,17,20,22,23
2,10,11,15,29,30|6,8,26,31,34,40|9,14,17,20,22,23
2,10,14,22,29,30|6,8,11,27,32,34|12,23,25,28,35,40
2,11,15,26,30,40|6,8,10,29,31,34|9,14,17,20,22,23
2,14,22,26,30,40|6,8,10,29,31,34|9,11,15,17,20,23
2,25,28,30,32,40|6,8,10,29,31,34|9,11,15,17,20,23
3,6,14,26,30,32|8,10,11,15,29,34|12,23,25,28,35,40
6,11,25,34,38,40|8,12,28,31,33,35|9,14,17,20,22,23
6,17,23,26,29,31|8,12,22,25,33,35|11,14,28,34,38,40
6,20,31,34,38,40|8,12,22,25,33,35|9,11,14,17,23,28
1,2,6,14,17,30|8,12,15,20,33,35|9,11,22,23,25,29
1,2,15,20,29,30|6,8,12,25,33,35|9,11,14,17,22,23
1,6,8,14,17,34|2,22,25,30,32,40|9,11,23,28,29,31
1,6,8,25,29,34|2,28,30,31,32,40|9,11,14,17,22,23
1,8,14,28,29,34|2,22,25,30,32,40|6,9,11,17,23,31
1,9,11,15,23,32|2,6,10,14,29,30|8,12,22,31,33,35
2,6,14,26,30,40|8,12,15,20,33,35|9,11,22,23,25,29
6,8,17,25,29,38|11,14,22,32,33,34|12,23,28,31,35,40
6,11,31,32,33,34|8,14,17,28,29,38|12,22,23,25,35,40
6,11,31,34,38,40|8,12,14,28,33,35|17,22,23,25,29,32
8,15,17,20,29,38|11,14,22,32,33,34|12,23,28,31,35,40
2,6,25,30,32,40|8,11,12,15,33,35|9,14,20,22,23,29
2,14,28,30,32,40|6,8,12,31,33,35|9,11,15,20,23,29
2,15,20,30,32,40|6,8,12,31,33,35|9,11,14,23,28,29
2,6,19,30,32,39|8,9,14,21,29,33|12,13,15,23,35,40
2,13,15,30,32,40|6,8,9,29,33,39|12,14,19,21,23,35
2,14,19,21,30,32|6,8,9,29,33,39|12,13,15,23,35,40
1,8,15,17,26,38|2,3,6,20,25,34|9,10,23,28,31,32
2,20,27,28,30,32|6,8,9,10,25,38|11,22,26,31,33,34
6,8,10,17,25,34|12,20,23,27,28,35|22,26,31,32,33,38
1,2,10,15,30,32|6,11,26,31,33,34|9,17,20,22,23,25
1,2,17,22,25,30|6,8,9,10,31,38|11,12,23,27,28,35
1,2,17,28,30,31|6,9,10,23,25,32|11,14,22,26,33,34
1,6,9,23,26,31|2,3,11,14,28,34|8,10,15,17,32,38
1,8,9,22,25,38|2,3,6,20,31,34|10,15,23,26,29,32
1,8,9,28,31,38|2,3,6,11,25,34|10,15,23,26,29,32
1,8,10,15,32,34|2,22,25,26,30,40|9,17,20,23,28,31
1,8,17,28,31,34|2,3,6,25,32,38|12,20,22,23,27,35
1,9,14,22,23,26|2,3,6,11,25,34|8,10,15,17,32,38
1,10,12,15,23,35|2,3,6,11,25,34|14,22,26,32,33,38
1,15,17,23,26,32|2,3,6,11,25,34|8,9,10,14,22,38
2,3,6,11,25,34|8,9,10,14,22,38|17,23,26,28,29,31
2,3,6,20,31,34|8,9,10,11,15,38|17,22,23,25,26,29
2,3,6,25,32,38|8,10,11,15,17,34|12,20,22,23,27,35
2,3,11,14,28,34|6,8,9,10,31,38|12,20,22,23,27,35
2,3,11,15,20,34|6,8,9,10,31,38|17,22,23,25,26,29
2,3,14,20,22,34|6,8,9,10,31,38|11,12,23,27,28,35
2,3,14,28,32,38|6,8,10,17,31,34|12,20,22,23,27,35
2,3,15,20,32,38|6,8,10,17,31,34|11,12,23,27,28,35
2,3,22,31,32,38|6,14,20,26,33,34|9,11,17,23,25,28
2,11,27,28,30,32|6,8,9,10,31,38|17,22,23,25,26,29
2,22,25,26,30,40|6,8,9,10,31,38|11,12,23,27,28,35
3,6,25,26,30,32|8,9,10,11,15,38|12,20,22,23,27,35
3,14,26,28,30,32|6,8,9,10,31,38|12,20,22,23,27,35
3,15,20,26,30,32|6,8,9,10,31,38|11,12,23,27,28,35
6,8,9,10,31,38|11,12,23,27,28,35|20,22,25,32,33,34
6,8,10,17,31,34|11,12,23,27,28,35|14,22,26,32,33,38
6,26,31,32,33,38|8,10,11,15,17,34|12,20,22,23,27,35
8,10,22,25,29,34|9,17,20,23,28,31|11,15,26,32,33,38
8,10,28,29,31,34|9,17,20,22,23,25|11,15,26,32,33,38
1,2,6,17,25,30|8,10,14,28,29,34|11,12,22,23,27,35
1,2,14,17,28,30|6,8,10,25,29,34|11,12,22,23,27,35
1,2,15,17,20,30|6,8,9,10,14,38|11,12,22,23,27,35
1,2,25,28,29,30|6,8,9,10,14,38|11,12,22,23,27,35
1,6,8,9,25,38|2,3,11,14,22,34|15,17,20,23,26,29
1,6,9,14,23,26|2,3,11,15,32,38|8,10,22,29,31,34
1,8,9,14,28,38|2,3,6,11,31,34|15,17,20,23,26,29
1,8,9,15,20,38|2,3,6,11,31,34|14,17,23,26,28,29
1,8,14,17,28,34|2,3,6,31,32,38|11,12,22,23,27,35
1,8,15,17,20,34|2,3,6,31,32,38|11,12,22,23,27,35
1,8,15,26,29,38|2,3,6,11,31,34|9,10,14,22,23,32
1,8,17,22,31,34|2,3,11,15,32,38|6,12,20,23,27,35
1,8,25,28,29,34|2,3,6,31,32,38|11,12,22,23,27,35
2,3,6,11,31,34|8,12,25,28,33,35|9,10,14,22,23,32
2,3,6,14,20,34|8,12,25,28,33,35|9,10,11,15,23,32
2,3,6,31,32,38|8,10,14,28,29,34|9,11,17,22,23,25
2,3,11,14,22,34|6,9,10,23,31,32|8,12,25,28,33,35
2,3,11,15,32,38|6,8,10,14,17,34|9,20,23,25,28,29
2,3,14,22,32,38|6,8,10,25,29,34|9,11,17,23,28,31
2,6,10,14,17,30|8,11,22,27,32,34|9,20,23,25,28,29
2,6,10,25,29,30|8,11,22,27,32,34|9,14,17,20,23,28
2,6,20,27,30,32|8,10,14,28,29,34|9,11,17,22,23,25
2,6,25,26,30,40|8,10,14,28,29,34|9,17,20,22,23,31
2,10,14,28,29,30|6,8,20,27,32,34|9,11,17,22,23,25
2,10,15,20,29,30|6,8,25,26,34,40|9,11,17,23,28,31
2,11,22,27,30,32|6,8,9,10,14,38|15,17,20,23,26,29
2,14,26,28,30,40|6,8,10,25,29,34|9,17,20,22,23,31
2,15,20,26,30,40|6,8,9,10,14,38|11,12,22,23,27,35
3,6,26,30,31,32|8,10,14,28,29,34|9,11,17,22,23,25
3,14,22,26,30,32|6,8,10,25,29,34|9,11,17,23,28,31
6,14,26,32,33,38|8,10,15,20,29,34|9,11,17,22,23,25
8,12,25,28,33,35|9,10,11,15,23,32|20,22,31,34,38,40
2,3,13,22,25,34|6,9,10,33,38,39|17,21,23,26,27,29
2,3,13,28,31,34|6,9,10,33,38,39|17,21,23,26,27,29
1,2,3,25,29,32|6,9,10,22,38,40|11,14,19,20,26,34
1,9,11,25,38,40|2,3,10,14,29,32|6,19,20,22,26,34
1,9,20,31,38,40|2,3,10,14,29,32|6,11,18,22,26,34
2,3,17,22,28,29|8,9,10,25,32,40|11,14,19,20,26,34
1,2,3,29,31,32|6,9,11,17,28,33|8,12,18,20,25,35
1,6,9,28,32,33|2,3,11,17,29,31|8,12,18,20,25,35
1,6,9,28,38,40|2,3,11,17,29,31|8,12,18,20,25,35
1,8,9,10,14,29|6,11,19,22,26,34|12,20,25,33,35,40
1,8,9,14,26,40|2,3,6,17,28,29|11,18,20,31,32,34
1,9,11,31,32,33|2,3,6,17,28,29|8,12,18,20,25,35
1,9,11,31,38,40|2,3,6,17,28,29|8,12,18,20,25,35
1,11,17,31,34,40|6,19,22,26,32,38|8,12,18,20,25,35
1,14,26,29,38,40|6,9,11,17,28,33|8,12,18,20,25,35
1,17,31,32,38,40|6,11,19,22,26,34|8,12,18,20,25,35
2,3,14,17,20,29|6,11,19,22,26,34|8,9,10,31,32,40
6,9,11,17,28,33|8,12,18,20,25,35|10,29,31,32,38,40
6,10,28,29,34,40|8,12,18,20,25,35|11,14,19,26,32,38
1,2,3,9,20,31|10,11,17,25,34,40|18,22,26,28,32,38
1,2,3,9,11,31|6,10,17,28,34,40|14,18,20,26,32,38
1,2,3,9,14,20|6,10,17,28,34,40|11,18,26,31,32,38
1,2,3,17,31,32|6,9,10,28,38,40|11,12,20,27,33,35
1,8,9,10,14,17|2,3,26,31,32,40|11,12,20,27,33,35
1,8,9,10,25,29|2,3,26,31,32,40|11,12,20,27,33,35
1,8,9,25,26,40|2,3,10,29,31,32|11,12,20,27,33,35
1,9,20,25,38,40|2,3,10,29,31,32|6,11,18,26,28,34
1,10,12,14,33,35|2,3,17,20,25,29|6,11,18,26,28,34
1,10,14,17,29,38|2,3,26,31,32,40|11,12,20,27,33,35
1,14,17,26,38,40|2,3,10,29,31,32|11,12,20,27,33,35
1,2,3,14,29,32|6,9,11,17,22,33|8,12,18,20,31,35
1,6,9,22,32,33|2,3,11,14,17,29|8,12,18,20,31,35
1,6,9,22,38,40|2,3,11,14,17,29|8,12,18,20,31,35
1,9,11,14,32,33|2,3,6,17,22,29|8,12,18,20,31,35
1,9,11,14,38,40|2,3,6,17,22,29|8,12,18,20,31,35
1,14,17,32,38,40|6,9,20,28,29,33|8,11,12,18,25,35
1,25,29,32,38,40|6,9,11,17,22,33|8,12,18,20,31,35
6,9,11,17,22,33|8,12,18,20,31,35|10,14,29,32,38,40
1,2,3,10,16,29|6,9,20,27,28,33|8,17,18,25,26,31
1,2,3,16,26,40|6,9,20,27,28,33|10,11,14,18,25,34
1,11,16,18,26,38|2,3,6,17,22,27|10,14,19,20,25,34
1,13,20,26,32,33|2,3,6,17,22,27|10,11,14,18,25,34
1,13,20,26,38,40|2,3,6,17,22,27|10,11,14,18,25,34
1,14,18,26,31,38|2,3,6,17,22,27|10,15,19,20,28,34
1,14,19,25,26,38|2,3,6,17,22,27|10,11,15,18,28,34
1,15,18,22,26,38|2,3,10,11,13,32|6,9,20,27,28,33
1,15,19,26,28,38|2,3,6,17,22,27|10,11,14,18,25,34
1,16,19,20,26,38|2,3,6,17,22,27|10,11,14,18,25,34
1,18,20,25,31,34|2,3,6,17,22,27|10,16,26,32,33,40
1,18,22,25,28,34|2,3,10,11,13,32|8,17,26,27,31,40
1,20,27,31,34,40|2,3,10,11,13,32|17,18,22,25,28,38
1,22,27,28,34,40|2,3,10,11,13,32|8,17,18,25,26,31
1,25,27,32,38,40|6,10,18,28,31,34|11,13,17,20,26,33
2,3,10,11,13,32|6,9,20,27,28,33|8,17,18,25,26,31
1,2,3,11,13,32|6,10,14,18,22,34|8,9,20,27,31,40
1,6,15,19,26,38|2,3,11,14,27,29|8,9,18,20,25,31
1,6,18,22,25,34|2,3,11,14,27,29|8,13,17,20,26,40
1,6,18,28,31,34|2,3,11,14,27,29|8,13,17,20,26,40|10,15,19,22,32,38
1,6,19,25,28,34|2,3,11,14,27,29|8,13,17,20,26,40
1,6,22,27,34,40|8,9,18,20,25,31|10,11,16,17,29,33
1,8,9,10,16,40|2,3,6,22,27,29|11,14,17,18,25,38
1,8,16,18,26,32|2,3,6,22,27,29|9,20,25,31,33,40
1,8,17,27,29,31|6,10,11,15,18,34|9,22,25,28,33,40
1,10,16,29,38,40|6,9,11,22,27,33|8,14,17,18,26,31
1,11,14,18,25,34|2,3,6,22,27,29|8,13,17,20,26,40
1,11,14,27,34,40|6,10,15,18,32,38|8,16,17,19,20,26
1,11,15,18,28,34|2,3,6,22,27,29|8,13,17,20,26,40|10,14,19,31,32,38
1,11,16,18,20,34|2,3,6,22,27,29|8,14,17,19,25,26
1,11,19,25,31,34|2,3,6,22,27,29|8,13,17,20,26,40
1,14,18,20,31,34|2,3,6,22,27,29|8,15,17,19,26,28|10,11,13,32,38,40
1,14,18,22,28,34|2,3,16,17,20,40|11,25,27,29,32,33
1,14,18,25,32,38|2,3,6,22,27,29|8,13,17,20,26,40
1,14,19,20,25,34|2,3,6,22,27,29|8,11,16,17,18,26
1,14,27,32,38,40|6,10,11,15,18,34|8,16,17,19,20,26
1,15,18,20,22,34|2,3,11,14,27,29|6,17,19,25,28,38
1,15,18,28,32,38|2,3,6,22,27,29|8,13,17,20,26,40|10,11,14,19,31,34
1,15,19,20,28,34|2,3,6,22,27,29|8,11,16,17,18,26
1,16,18,20,32,38|2,3,6,22,27,29|8,14,17,19,25,26
1,16,26,32,33,40|2,3,6,22,27,29|8,9,18,20,25,31
1,17,25,29,31,33|6,10,11,15,18,34|8,9,22,27,28,40
1,19,22,28,31,34|2,3,11,14,27,29|6,10,15,18,32,38|8,13,17,20,26,40
1,19,25,31,32,38|2,3,6,22,27,29|8,11,16,17,18,26
2,3,6,22,27,29|8,9,18,20,25,31|10,11,13,32,38,40
2,3,11,14,27,29|6,10,15,18,32,38|8,13,17,20,26,40
2,3,15,17,28,40|6,9,11,22,27,33|8,18,25,26,29,31
2,3,16,17,20,40|6,9,11,22,27,33|8,18,25,26,29,31
6,10,14,18,22,34|8,9,11,25,27,40|15,17,19,20,28,38
6,10,14,19,28,34|8,9,11,25,27,40|15,17,18,20,22,38
6,10,15,19,20,34|8,9,11,25,27,40|14,17,18,22,28,38
8,11,16,17,18,26|9,20,25,31,33,40|10,15,19,22,32,38
8,13,17,20,26,40|10,11,14,19,31,34|18,22,25,28,29,38
8,14,17,18,26,31|9,22,25,28,33,40|10,11,16,19,32,38
8,15,17,18,22,26|9,20,25,31,33,40|10,11,16,19,32,38
1,2,3,13,20,32|6,9,11,27,28,33|8,14,17,18,25,26
1,6,9,10,15,33|2,3,11,13,17,20|8,25,26,27,29,40
1,6,15,18,26,38|2,3,10,16,32,40|9,11,14,20,27,33
1,6,18,25,28,34|2,3,10,16,32,40|9,11,14,20,27,33
1,6,27,28,34,40|2,3,11,13,17,20|8,10,16,19,26,32
1,8,9,10,11,13|2,3,6,27,28,29|14,17,18,20,25,38
1,10,11,13,29,38|2,3,17,25,31,40|6,9,20,22,27,33
1,11,13,26,32,33|2,3,6,27,28,29|10,14,19,20,31,34
1,11,13,26,38,40|2,3,6,27,28,29|10,14,19,20,31,34
1,11,18,25,31,34|2,3,6,27,28,29|8,10,13,26,32,40
1,11,27,31,34,40|6,17,18,25,28,38|8,10,16,19,26,32
1,14,18,20,25,34|2,3,6,27,28,29|8,10,13,26,32,40
1,14,19,26,31,38|2,3,6,27,28,29|10,11,13,20,34,40
1,14,20,27,34,40|6,17,18,25,28,38|8,10,16,19,26,32
1,15,18,20,28,34|2,3,10,16,32,40|6,22,26,27,29,33
1,15,19,22,26,38|2,3,6,27,28,29|10,11,13,20,34,40
1,18,22,28,31,34|2,3,10,16,32,40|9,11,14,20,27,33
1,18,25,31,32,38|2,3,6,27,28,29|10,11,13,20,34,40
1,19,20,25,31,34|2,3,6,27,28,29|8,10,13,26,32,40
1,19,22,25,28,34|2,3,10,16,32,40|9,11,14,20,27,33
1,27,31,32,38,40|2,3,11,13,17,20|6,10,14,18,28,34
2,3,6,27,28,29|8,10,13,26,32,40|11,17,18,25,31,38
2,3,10,16,32,40|6,9,11,27,28,33|8,14,17,18,25,26
2,3,11,13,17,20|6,10,14,18,28,34|8,25,26,27,29,40
2,3,11,27,29,31|6,10,14,18,28,34|16,17,20,26,33,40
2,3,14,20,27,29|6,10,18,22,31,34|15,17,26,28,33,40
2,3,17,25,31,40|6,9,11,27,28,33|8,10,16,19,26,32
6,9,11,27,28,33|8,10,13,26,32,40|14,17,18,20,25,38
6,9,20,22,27,33|8,10,13,26,32,40|11,17,18,25,31,38
6,17,18,25,28,38|8,10,13,26,32,40|9,11,14,20,27,33
8,10,13,26,32,40|9,11,14,20,27,33|17,18,22,28,31,38
8,10,16,19,26,32|9,11,14,20,27,33|17,18,22,28,31,38
8,17,19,25,26,31|9,11,14,20,27,33|10,15,18,22,32,38
1,2,3,16,32,40|6,8,9,18,25,28|14,17,19,20,31,38
1,6,14,18,28,34|2,3,11,13,20,29|8,15,17,19,22,26
1,6,15,18,20,34|2,3,11,16,17,40|8,9,19,22,25,28
1,6,19,22,25,34|2,3,11,13,20,29|8,17,27,31,32,40
1,8,13,26,32,40|6,10,11,15,19,34|14,18,20,25,29,38
1,8,16,19,26,32|2,3,11,13,20,29|6,9,25,28,33,40
1,11,14,18,31,34|2,3,15,17,22,40|6,27,28,29,32,33
1,11,14,19,25,34|2,3,15,17,22,40|6,27,28,29,32,33
1,11,15,18,22,34|2,3,14,17,31,40|6,27,28,29,32,33
1,11,15,19,28,34|2,3,14,17,31,40|8,16,18,20,26,29
1,11,16,18,32,38|2,3,14,17,31,40|8,9,19,22,25,28
1,11,16,19,20,34|2,3,14,17,31,40|6,8,9,18,25,28
1,14,18,31,32,38|2,3,11,13,20,29|6,8,9,27,28,40
1,14,19,20,31,34|2,3,11,16,17,40|6,8,9,18,25,28
1,14,19,22,28,34|2,3,11,13,20,29|6,8,15,17,18,26
1,14,19,25,32,38|2,3,11,13,20,29|6,8,9,27,28,40
1,15,17,28,29,33|6,10,14,19,22,34|8,9,11,18,25,31
1,15,18,22,32,38|2,3,11,13,20,29|6,8,9,27,28,40
1,15,19,20,22,34|2,3,11,16,17,40|6,8,9,18,25,28
1,16,19,20,32,38|2,3,14,17,31,40|6,8,9,18,25,28
2,3,11,16,17,40|6,8,9,18,25,28|14,20,27,29,32,33
2,3,15,17,22,40|6,8,9,18,25,28|11,27,29,31,32,33
6,10,14,19,22,34|8,9,11,18,25,31|15,26,28,29,33,40
6,10,15,19,32,38|8,9,11,18,25,31|16,20,26,29,33,40
6,27,28,29,32,33|8,9,11,18,25,31|15,17,19,20,22,38
8,9,11,18,25,31|14,17,19,22,28,38|16,20,26,29,33,40
8,11,16,17,19,26|9,14,20,25,33,40|18,22,28,29,31,38
8,16,18,20,26,29|9,11,25,31,33,40|14,17,19,22,28,38
1,6,11,15,18,34|2,3,14,25,29,40|8,9,19,22,28,31
1,6,14,18,22,34|2,3,15,28,29,40|8,9,11,19,25,31
1,6,15,18,32,38|2,3,14,25,29,40|8,9,19,22,28,31
1,6,19,22,31,34|2,3,14,25,29,40|8,9,11,15,18,28
1,11,15,19,22,34|2,3,14,25,29,40|6,8,9,18,28,31
1,11,16,19,32,38|2,3,6,15,17,40|8,9,14,18,20,31
1,14,19,31,32,38|2,3,6,15,17,40|8,9,11,16,18,20
1,15,19,22,32,38|2,3,14,25,29,40|6,8,9,18,28,31
2,3,6,15,17,40|8,9,11,14,18,25|19,22,28,29,31,38
2,3,14,25,29,40|6,8,9,18,28,31|11,15,17,19,22,38
2,3,15,28,29,40|6,8,9,18,22,25|11,14,17,19,31,38
2,3,16,20,29,40|6,8,9,18,22,25|11,14,17,19,31,38
6,14,17,19,28,38|8,9,11,16,18,20|15,22,26,29,33,40
8,9,11,16,18,20|14,17,25,32,33,40|19,22,28,29,31,38
8,9,11,19,25,31|14,18,22,28,29,38|16,17,20,32,33,40
8,9,19,22,28,31|11,14,18,25,29,38|16,17,20,32,33,40
8,16,17,18,20,32|9,11,14,25,33,40|19,22,28,29,31,38
6,9,14,28,33,40|8,11,16,17,18,32|15,19,20,22,29,38
6,9,15,20,33,40|8,11,16,17,18,32|14,19,22,28,29,38
1,6,9,13,14,38|2,3,15,16,17,29|8,12,18,21,25,35|11,19,28,32,34,39
1,6,9,38,39,40|2,3,14,17,21,29|12,13,15,20,33,35|16,18,22,31,32,34
1,6,13,14,17,34|8,9,11,21,27,29|12,28,33,35,39,40
1,6,17,34,39,40|8,9,11,21,27,29|12,13,14,28,33,35
1,9,14,21,38,40|2,3,6,17,29,39|12,13,15,20,33,35|16,18,22,31,32,34
1,9,15,16,32,33|2,3,6,17,29,39|8,12,18,21,25,35
1,9,15,16,38,40|2,3,6,17,29,39|8,12,18,21,25,35
1,13,14,28,29,34|6,9,11,17,33,39|8,12,18,21,25,35
1,13,15,20,29,34|6,9,11,17,33,39|8,12,18,21,25,35
1,13,22,29,31,34|6,9,11,17,33,39|8,12,18,21,25,35
1,14,17,21,34,40|6,8,12,13,27,35|9,11,28,29,33,39
1,15,16,17,34,40|6,8,12,13,27,35|9,11,21,25,29,33
1,21,25,29,34,40|6,8,12,13,27,35|9,11,15,16,17,33
2,3,6,17,29,39|8,12,18,21,25,35|13,28,31,32,34,40
2,3,14,17,21,29|6,8,12,13,27,35|11,18,22,32,34,39
2,3,15,16,17,29|6,8,12,13,27,35|11,18,21,31,32,34
6,8,12,13,27,35|9,11,14,17,21,33|10,15,16,29,34,40
6,9,11,17,33,39|8,12,18,21,25,35|10,15,16,29,34,40
6,9,16,17,31,33|8,12,18,21,25,35|11,19,28,32,34,39
6,9,17,21,22,33|8,12,18,28,35,39|10,15,16,29,34,40
6,12,13,25,33,35|8,9,11,21,27,29|14,16,18,28,32,34
6,13,17,25,29,38|8,12,18,28,35,39|14,15,27,32,34,40
6,14,16,19,26,34|8,9,11,21,27,29|12,13,15,20,33,35
6,16,18,25,32,34|8,9,11,21,27,29|12,13,14,28,33,35
6,18,20,32,34,39|8,9,11,21,27,29|12,13,14,28,33,35
8,9,11,21,27,29|12,13,14,28,33,35|15,16,18,20,32,34
8,9,15,27,29,31|11,18,22,32,34,39|12,13,14,28,33,35
8,9,16,22,27,29|11,18,21,31,32,34|12,13,14,28,33,35
8,9,17,21,25,40|11,18,22,32,34,39|12,13,14,28,33,35
8,9,17,28,39,40|11,18,21,31,32,34|12,13,15,20,33,35
8,12,18,21,25,35|9,11,15,16,17,33|13,28,31,32,34,40
8,12,18,28,35,39|9,11,14,17,21,33|10,15,16,29,34,40
8,12,21,27,35,40|9,11,15,16,17,33|19,20,22,32,34,39
8,13,15,17,26,29|11,18,21,31,32,34|12,28,33,35,39,40
11,18,22,32,34,39|12,13,14,28,33,35|17,21,25,29,38,40
11,19,28,32,34,39|12,13,15,20,33,35|17,21,25,29,38,40
12,13,14,28,33,35|15,16,18,20,32,34|17,21,25,29,38,40
12,13,15,20,33,35|14,16,18,28,32,34|17,21,25,29,38,40
12,13,22,31,33,35|14,15,18,25,32,34|17,28,29,38,39,40
12,21,25,33,35,40|13,14,17,28,29,38|15,16,18,20,32,34
12,28,33,35,39,40|13,15,17,20,29,38|16,18,22,31,32,34
1,6,9,13,31,38|2,3,17,22,29,39|11,14,19,21,26,34
1,6,13,17,31,34|8,9,15,25,27,29|14,19,21,26,32,38
1,9,11,13,15,38|2,3,17,21,29,31|6,12,16,27,33,35|18,20,22,32,34,39
1,9,13,14,22,38|2,3,17,21,29,31|6,11,19,26,34,39
1,9,21,31,32,33|2,3,17,22,29,39|6,14,16,18,26,34
1,9,21,31,38,40|2,3,17,22,29,39|6,11,13,27,32,34
1,9,22,32,33,39|2,3,17,21,29,31|6,14,16,18,26,34
1,9,22,38,39,40|2,3,17,21,29,31|6,11,13,27,32,34
1,11,13,15,17,34|6,12,16,27,33,35|14,19,21,26,32,38
1,13,15,17,32,38|6,11,19,26,34,39|8,9,16,27,28,29
1,13,22,25,29,34|6,8,9,16,17,27|14,19,21,26,32,38
1,13,28,29,31,34|6,8,9,16,17,27|14,19,21,26,32,38
1,17,21,31,34,40|6,12,16,27,33,35|8,9,10,13,15,32
1,17,22,34,39,40|6,12,16,27,33,35|8,9,10,13,15,32
6,8,9,16,17,27|10,11,13,15,29,34|14,19,21,26,32,38
6,9,16,17,25,33|8,12,13,22,27,35|10,21,29,31,34,40
6,9,17,20,33,39|8,12,13,22,27,35|10,21,29,31,34,40|15,16,19,26,32,38
6,9,17,21,28,33|8,12,13,22,27,35|11,15,16,19,26,34
6,12,16,27,33,35|8,9,10,13,15,32|11,14,19,21,26,34
6,16,17,27,29,38|8,9,10,13,15,32|11,14,19,21,26,34
6,19,26,32,38,39|8,9,13,17,22,25|10,21,29,31,34,40|12,14,15,27,33,35
8,9,13,17,22,25|10,21,29,31,34,40|12,14,15,27,33,35
8,9,13,17,28,31|10,22,29,34,39,40|12,14,15,27,33,35
8,9,14,15,17,27|10,21,29,31,34,40|12,13,22,25,33,35
8,9,15,25,27,29|11,14,19,21,26,34|12,13,28,31,33,35
8,12,13,22,27,35|9,11,17,21,31,33|15,16,19,26,32,38
9,11,17,21,31,33|10,13,14,22,29,34|15,16,19,26,32,38
9,16,17,22,31,33|10,11,13,15,29,34|14,19,21,26,32,38
10,21,29,31,34,40|12,13,22,25,33,35|15,16,19,26,32,38
10,22,29,34,39,40|12,13,28,31,33,35|14,19,21,26,32,38
11,18,21,25,32,34|12,13,28,31,33,35|14,15,17,27,29,38
11,18,28,32,34,39|12,13,22,25,33,35|14,15,17,27,29,38
12,13,22,25,33,35|14,15,17,27,29,38|16,18,28,31,32,34
12,13,28,31,33,35|14,15,17,27,29,38|16,18,22,25,32,34
12,14,15,27,33,35|13,17,22,25,29,38|16,18,28,31,32,34
6,8,9,13,25,29|11,14,19,21,32,34|12,15,16,33,35,40
6,9,16,29,31,33|8,12,14,18,21,35|11,13,15,32,34,40
6,11,19,32,34,39|8,9,13,14,28,29|12,15,16,33,35,40
6,12,33,35,39,40|8,9,13,14,28,29|11,15,16,19,32,34
6,13,31,32,34,40|8,12,14,18,21,35|9,11,15,16,29,33
6,17,29,38,39,40|8,12,14,18,21,35|11,15,16,19,32,34
6,19,21,22,32,34|8,9,13,14,28,29|12,15,16,33,35,40
8,9,13,22,29,31|11,14,19,21,32,34|12,15,16,33,35,40
8,12,19,21,31,35|9,11,15,16,29,33|13,14,22,32,34,40
1,11,13,15,29,34|6,9,14,16,17,33|8,12,18,21,31,35
1,13,15,29,32,38|6,9,14,16,17,33|8,12,18,21,31,35
1,21,29,31,34,40|6,9,14,16,17,33|8,12,18,22,35,39
6,8,9,13,17,31|11,14,18,21,32,34|12,22,33,35,39,40
6,8,9,16,27,29|11,12,13,15,33,35|14,19,20,21,32,34
6,9,14,16,17,33|8,12,18,21,31,35|11,19,22,32,34,39
6,9,16,25,29,33|8,12,18,21,31,35|11,19,22,32,34,39
6,9,20,29,33,39|8,12,18,21,31,35|13,14,28,32,34,40
6,9,21,28,29,33|8,12,18,22,35,39|13,15,20,32,34,40
6,11,18,32,34,39|8,9,13,14,17,22|12,21,31,33,35,40
6,12,13,31,33,35|8,9,14,15,27,29|11,19,22,32,34,39
6,13,17,29,31,38|8,12,18,22,35,39|14,15,19,25,32,34
6,16,18,31,32,34|8,9,11,13,15,17|12,22,33,35,39,40
6,16,19,25,32,34|8,9,11,13,15,17|12,21,31,33,35,40
6,19,20,32,34,39|8,9,11,13,15,17|12,21,31,33,35,40
6,19,21,28,32,34|8,9,11,13,15,17|12,22,33,35,39,40
8,9,11,13,15,17|12,21,31,33,35,40|14,16,18,22,32,34
8,9,13,14,17,22|11,15,16,18,32,34|12,21,31,33,35,40
8,9,13,28,29,31|11,14,18,21,32,34|12,22,33,35,39,40
8,9,14,15,27,29|11,19,21,31,32,34|12,22,33,35,39,40
8,9,17,21,31,40|11,12,13,15,33,35|14,16,18,22,32,34
8,9,17,22,39,40|11,12,13,15,33,35|14,16,19,28,32,34
8,12,18,21,31,35|9,11,22,29,33,39|13,14,28,32,34,40
8,12,18,22,35,39|9,11,21,29,31,33|13,14,28,32,34,40
8,12,19,21,25,35|9,11,22,29,33,39|13,14,28,32,34,40
8,12,19,28,35,39|9,11,21,29,31,33|13,15,20,32,34,40
11,12,13,15,33,35|14,16,18,22,32,34|17,21,29,31,38,40
11,13,15,17,29,38|12,21,31,33,35,40|14,16,18,22,32,34
11,15,16,18,32,34|12,13,14,22,33,35|17,21,29,31,38,40
12,13,14,22,33,35|15,16,19,20,32,34|17,21,29,31,38,40
12,21,31,33,35,40|13,14,17,22,29,38|15,16,19,20,32,34
1,2,3,9,28,39|6,10,13,17,25,34|21,26,27,32,38,40
1,13,17,25,28,34|2,3,6,9,10,39|21,26,27,32,38,40
1,15,17,27,31,34|2,3,6,9,10,39|18,21,25,26,32,38
1,16,17,22,27,34|2,3,6,9,10,39|18,21,25,26,32,38
1,17,21,27,32,38|2,3,6,9,10,39|13,25,26,28,34,40
1,2,3,9,21,31|6,10,16,27,29,34|18,22,26,32,38,39
1,2,3,9,22,39|6,10,13,17,31,34|12,15,25,27,33,35
1,6,9,16,27,38|2,3,13,15,26,32|10,17,21,31,34,40
1,6,16,17,27,34|2,3,13,15,26,32|9,10,21,31,38,40
1,16,27,28,29,34|2,3,13,15,26,32|9,10,21,31,38,40
1,20,21,27,29,34|2,3,13,15,26,32|9,10,22,38,39,40
2,3,13,15,26,32|6,10,16,27,29,34|9,17,20,21,25,33
6,10,13,17,31,34|12,15,25,27,33,35|18,22,26,32,38,39
6,10,16,27,29,34|9,17,20,21,25,33|18,22,26,32,38,39
8,9,15,17,25,27|10,13,28,29,31,34|18,22,26,32,38,39
8,9,16,17,27,28|10,13,22,25,29,34|18,21,26,31,32,38
8,9,17,20,21,27|10,13,22,25,29,34|19,26,28,32,38,39
9,10,11,13,15,38|12,16,27,28,33,35|14,18,20,21,26,34
9,10,13,14,22,38|11,18,21,26,31,34|12,15,25,27,33,35
9,10,21,31,32,33|11,18,22,26,34,39|15,17,25,27,29,38
9,10,22,32,33,39|11,18,21,26,31,34|15,17,25,27,29,38
9,10,22,38,39,40|11,13,27,28,32,34|17,21,25,26,29,33
9,16,17,25,28,33|10,14,15,27,29,34|18,21,26,31,32,38
9,17,20,21,25,33|10,13,28,29,31,34|18,22,26,32,38,39
9,17,20,28,33,39|10,13,22,25,29,34|18,21,26,31,32,38
10,11,13,15,17,34|12,16,27,28,33,35|18,21,26,31,32,38
10,13,14,17,22,34|12,15,25,27,33,35|18,21,26,31,32,38
10,13,15,17,32,38|11,18,21,26,31,34|12,16,27,28,33,35
10,13,22,25,29,34|12,16,27,28,33,35|18,21,26,31,32,38
10,13,28,29,31,34|12,15,25,27,33,35|18,22,26,32,38,39
10,17,21,31,34,40|12,15,25,27,33,35|18,22,26,32,38,39
10,17,22,34,39,40|12,15,25,27,33,35|18,21,26,31,32,38
1,2,3,6,9,39|8,12,13,27,28,35|10,14,17,21,34,40|15,16,18,26,32,38
1,2,3,9,14,21|6,10,13,25,29,34|12,15,27,31,33,35|19,22,26,32,38,39
1,2,3,9,15,16|6,10,13,14,17,34|11,12,21,27,33,35|19,22,26,32,38,39
1,6,9,13,25,38|2,3,17,28,29,39|11,12,21,27,33,35|14,15,18,26,31,34
1,8,9,13,15,26|2,3,17,21,25,29|12,16,22,27,33,35|18,20,28,32,34,39
1,8,9,21,27,32|2,3,17,28,29,39|6,13,25,26,34,40
1,9,13,14,28,38|2,3,17,21,25,29|6,11,18,26,34,39|12,15,27,31,33,35
1,9,13,15,20,38|2,3,17,21,25,29|6,11,18,26,34,39|12,16,22,27,33,35
1,9,13,22,31,38|2,3,17,21,25,29|6,11,18,26,34,39
1,9,21,25,32,33|2,3,17,28,29,39|6,16,18,26,31,34
1,9,21,25,38,40|2,3,17,28,29,39|6,13,20,27,32,34
1,9,28,32,33,39|2,3,17,21,25,29|6,16,18,26,31,34
1,9,28,38,39,40|2,3,17,21,25,29|6,13,20,27,32,34
1,17,21,25,34,40|6,9,10,13,14,38|12,15,27,31,33,35
1,17,28,34,39,40|6,9,10,13,14,38|11,12,21,27,33,35
2,3,17,21,25,29|6,9,10,13,14,38|11,15,16,18,26,34
2,3,17,28,29,39|6,9,10,13,14,38|11,12,21,27,33,35|15,16,19,20,26,34
6,9,10,13,14,38|11,12,21,27,33,35|15,16,19,20,26,34
6,9,10,32,33,39|8,12,13,27,28,35|11,14,18,21,26,34
6,9,10,38,39,40|8,12,13,27,28,35|11,14,18,21,26,34
6,10,13,14,17,34|11,12,21,27,33,35|15,16,18,26,32,38
6,10,13,25,29,34|8,9,11,17,21,27|15,16,18,26,32,38
6,10,17,34,39,40|8,12,13,27,28,35|14,18,21,26,32,38
6,11,18,26,34,39|8,9,13,17,25,28|12,15,27,31,33,35
6,13,20,27,32,34|9,10,14,21,38,40|17,22,26,29,33,39
6,16,18,26,31,34|8,9,11,17,21,27|12,13,25,28,33,35
6,18,21,22,26,34|8,9,13,17,25,28|12,15,27,31,33,35
6,18,26,32,38,39|8,9,11,17,21,27|10,13,14,28,29,34
6,19,20,26,34,39|8,9,11,17,21,27|12,13,25,28,33,35
8,9,11,17,21,27|10,13,14,28,29,34|15,16,18,26,32,38
8,9,13,17,25,28|11,12,21,27,33,35|14,15,18,26,31,34
8,9,15,17,27,31|10,13,14,28,29,34|19,22,26,32,38,39
8,9,16,17,22,27|10,13,14,28,29,34|19,21,26,31,32,38
8,12,13,27,28,35|9,10,14,21,32,33|11,15,16,18,26,34
9,10,14,21,32,33|11,15,16,18,26,34|13,17,25,28,29,38
9,10,15,16,32,33|11,14,18,21,26,34|13,17,25,28,29,38
9,10,15,16,38,40|11,12,21,27,33,35|18,20,28,32,34,39
9,11,17,21,25,33|10,13,14,28,29,34|15,16,18,26,32,38
9,11,17,28,33,39|10,13,15,20,29,34|14,18,21,26,32,38
9,15,17,25,31,33|10,13,14,28,29,34|19,22,26,32,38,39
9,16,17,22,25,33|10,13,14,28,29,34|19,21,26,31,32,38
9,16,17,28,31,33|10,13,15,20,29,34|14,18,21,26,32,38
9,17,20,21,31,33|10,13,14,28,29,34|15,16,18,26,32,38
9,17,20,22,33,39|10,13,14,28,29,34|15,16,18,26,32,38
10,13,14,28,29,34|11,12,21,27,33,35|15,16,18,26,32,38
10,13,15,20,29,34|11,12,21,27,33,35|19,22,26,32,38,39
10,13,22,29,31,34|11,12,21,27,33,35|15,16,18,26,32,38
10,14,17,21,34,40|12,13,25,28,33,35|15,16,18,26,32,38
10,15,16,17,34,40|11,12,21,27,33,35|19,22,26,32,38,39
10,21,25,29,34,40|12,15,27,31,33,35|19,22,26,32,38,39
10,28,29,34,39,40|11,12,21,27,33,35|15,16,18,26,32,38
11,14,18,21,26,34|12,13,25,28,33,35|15,17,27,29,31,38
11,17,21,27,29,38|12,13,25,28,33,35|14,15,18,26,31,34
11,19,21,26,31,34|12,13,25,28,33,35|16,17,22,27,29,38
11,19,22,26,34,39|12,13,25,28,33,35|15,17,27,29,31,38
12,13,25,28,33,35|14,15,18,26,31,34|16,17,22,27,29,38
1,7,12,15,30,39|2,3,8,16,21,33|6,13,14,23,27,38
1,7,12,16,21,30|2,3,8,15,33,39|6,13,14,23,27,38
1,2,13,20,26,33|3,6,17,27,28,38|7,9,10,12,14,25
1,2,11,13,26,33|3,6,17,22,27,38|7,9,10,12,14,31
1,2,18,25,31,38|3,8,9,22,27,28|7,10,12,16,17,32
1,2,27,31,32,33|3,8,13,17,20,26|7,9,10,11,12,16
1,2,27,31,38,40|3,8,13,17,20,26|7,9,10,11,12,16
1,3,8,9,10,16|2,6,17,27,28,33|7,12,13,20,26,32
1,3,10,16,29,38|2,6,17,27,28,33|7,12,13,20,26,32
1,3,16,26,38,40|2,6,17,27,28,33|7,9,10,12,14,31
1,7,9,12,25,31|2,6,17,27,28,33|3,10,11,13,32,38
1,18,25,26,30,31|2,6,17,27,28,33|3,10,11,13,32,38
1,26,27,30,31,40|2,10,11,16,18,38|3,9,22,25,28,33
2,10,14,18,31,38|3,8,9,11,25,27|7,12,13,20,26,32
2,10,15,18,22,38|3,8,9,11,25,27|7,12,13,20,26,32
2,10,15,19,28,38|3,8,9,11,25,27|7,12,13,20,26,32
2,11,17,27,31,33|3,10,14,25,34,40|7,12,13,20,26,32
1,2,8,16,18,26|3,6,9,25,28,33|10,27,30,31,32,40
1,2,10,16,29,33|3,6,8,9,27,28|7,11,12,13,26,32
1,2,14,18,25,38|3,6,8,9,27,28|7,11,12,13,26,32
1,2,14,27,32,33|3,8,11,13,17,26|6,7,9,10,12,15
1,2,14,27,38,40|3,6,9,25,28,33|7,11,12,13,26,32
1,2,16,18,20,38|3,6,8,9,27,28|7,11,12,13,26,32
1,2,16,26,33,40|3,6,8,9,27,28|10,18,25,30,31,32
1,2,19,25,31,38|3,6,8,9,27,28|7,11,12,13,26,32
1,3,8,13,26,32|2,6,10,15,18,38|17,20,25,27,30,40
1,3,13,20,32,38|2,6,17,22,27,33|10,11,16,19,26,30
1,3,25,31,34,40|2,6,10,15,18,38|7,11,12,13,26,32
1,7,9,12,14,25|2,6,10,15,18,38|3,8,11,13,17,26
1,7,9,12,15,28|2,6,17,22,27,33|3,10,11,16,34,40
1,7,9,12,16,20|2,6,10,15,18,38|3,8,11,13,17,26
1,7,12,16,26,29|2,6,10,15,18,38|3,8,9,11,27,31
1,10,14,27,29,30|3,6,9,25,28,33|7,11,12,13,26,32
1,14,18,25,26,30|2,6,17,22,27,33|3,10,11,16,34,40
1,14,26,27,30,40|2,6,10,15,18,38|3,9,11,25,31,33
1,15,18,26,28,30|2,6,17,22,27,33|3,10,11,16,34,40
1,16,18,20,26,30|2,6,17,22,27,33|3,10,14,31,34,40
1,19,25,26,30,31|2,6,10,15,18,38|3,8,9,14,20,27
2,8,17,25,27,40|3,9,15,20,28,33|7,11,12,13,26,32
2,10,14,19,31,38|3,6,8,9,27,28|7,11,12,13,26,32
2,10,15,19,22,38|3,6,8,9,27,28|7,11,12,13,26,32
2,20,27,29,31,33|3,8,11,13,17,26|6,7,9,10,12,15
2,22,27,28,29,33|3,8,11,13,17,26|6,7,9,10,12,15
1,2,8,10,13,29|3,6,9,22,25,33|7,12,16,26,32,40
1,2,8,13,26,40|3,6,9,22,25,33|7,10,12,16,29,32
1,2,8,16,19,26|3,6,9,22,25,33|10,14,27,30,32,40
1,2,11,16,18,38|3,6,8,9,22,27|7,12,17,25,29,31
1,2,13,20,32,33|3,6,8,9,22,27|7,12,17,25,29,31
1,2,13,20,38,40|3,6,8,9,22,27|7,10,12,16,29,32
1,2,14,18,31,38|3,6,8,9,22,27|7,10,12,16,29,32
1,2,14,19,25,38|3,6,8,9,22,27|7,10,12,16,29,32
1,2,15,18,22,38|3,6,9,28,31,33|7,10,12,16,29,32|11,17,25,27,30,40
1,2,15,19,28,38|3,6,8,9,22,27|7,10,12,16,29,32|17,18,20,25,30,31
1,2,16,19,20,38|3,6,8,9,22,27|7,12,17,25,29,31|10,15,18,28,30,32
1,3,11,13,32,38|2,6,27,28,29,33|17,18,20,25,30,31
1,3,15,28,34,40|2,8,10,16,18,32|7,12,17,25,29,31
1,3,16,20,34,40|2,6,10,15,19,38|7,12,17,25,29,31
1,7,9,11,12,16|2,6,10,15,19,38|3,8,13,20,26,29|17,18,22,25,28,30
1,7,9,12,14,31|2,6,10,15,19,38|3,8,13,20,26,29|11,17,25,27,30,40
1,7,9,12,15,22|2,6,27,28,29,33|3,8,16,17,26,40|10,14,18,25,30,32
1,7,12,16,17,32|2,6,10,15,19,38|3,8,9,11,14,27
1,10,13,20,29,30|2,8,17,18,25,31|3,9,11,15,28,33|7,12,16,26,32,40
1,11,16,18,26,30|2,6,10,15,19,38|3,8,14,17,27,32
1,13,20,26,30,40|2,6,10,15,19,38|3,8,9,11,14,27|7,12,17,25,29,31
1,14,18,26,30,31|2,6,10,15,19,38|3,8,25,27,29,32
1,14,19,25,26,30|2,6,27,28,29,33|3,16,17,20,38,40
1,15,18,22,26,30|2,6,27,28,29,33|3,14,17,25,38,40
1,15,19,26,28,30|2,8,10,16,18,32|3,6,9,22,25,33
1,16,19,20,26,30|2,6,27,28,29,33|3,14,17,25,38,40
1,25,27,30,32,40|2,6,10,15,19,38|3,8,13,20,26,29
2,6,10,15,19,38|3,8,9,11,14,27|7,12,16,26,32,40|17,18,20,25,30,31
2,6,27,28,29,33|3,8,16,17,26,40|10,14,18,25,30,32
2,8,10,16,18,32|3,6,9,22,25,33|17,20,27,30,31,40
2,8,17,27,31,40|3,6,9,22,25,33|7,10,12,16,29,32
2,10,16,32,33,40|3,6,8,9,22,27|7,12,17,25,29,31
2,11,13,17,20,33|3,6,8,9,22,27|7,10,12,16,29,32
2,11,27,29,31,33|3,6,10,15,34,40|17,18,22,25,28,30
2,14,20,27,29,33|3,6,10,15,34,40|17,18,22,25,28,30
2,17,25,31,33,40|3,6,8,9,22,27|7,10,12,16,29,32
3,6,8,9,22,27|7,10,12,16,29,32|17,18,20,25,30,31
3,6,9,22,25,33|7,10,12,16,29,32|17,20,27,30,31,40
3,6,9,28,31,33|7,10,12,16,29,32|11,17,25,27,30,40
3,6,22,27,29,38|7,12,16,26,32,40|17,18,20,25,30,31
3,8,9,11,14,27|6,10,15,19,26,30|7,12,17,25,29,31
3,9,11,15,28,33|7,10,12,16,29,32|17,18,20,25,30,31
3,9,11,16,20,33|6,10,15,19,26,30|7,12,17,25,29,31
3,9,14,22,28,33|6,10,15,19,26,30|7,12,17,25,29,31
3,9,15,20,22,33|7,10,12,16,29,32|11,17,25,27,30,40
1,2,6,15,18,38|3,8,9,11,13,20|7,12,14,17,25,29
1,2,11,13,32,33|3,8,9,25,31,40|7,12,15,17,28,29
1,2,11,13,38,40|3,6,9,14,28,33|7,12,16,17,20,29|10,15,18,22,30,32
1,2,11,16,19,38|3,6,9,14,28,33|10,13,20,30,32,40
1,2,14,19,31,38|3,6,9,15,20,33|10,11,16,18,30,32
1,2,15,19,22,38|3,6,9,14,28,33|7,12,16,17,20,29
1,3,11,16,34,40|2,6,22,27,29,33|10,14,18,30,31,32
1,3,14,31,34,40|2,6,22,27,29,33|10,11,16,18,30,32
1,3,15,22,34,40|2,8,10,16,19,32|6,17,18,25,28,30
1,3,16,32,38,40|2,6,22,27,29,33|11,17,18,25,30,31
1,6,7,9,12,15|2,8,10,13,32,40|11,17,18,25,30,31
1,6,15,18,26,30|2,8,10,13,32,40|3,9,11,14,31,33|7,12,16,17,20,29
1,10,11,13,29,30|2,8,14,17,18,25|3,6,9,15,20,33
1,11,16,19,26,30|2,6,22,27,29,33|3,8,9,25,31,40
1,14,19,26,30,31|2,6,22,27,29,33|3,8,9,11,13,20
1,15,19,22,26,30|2,8,10,13,32,40|3,6,9,14,28,33|7,12,16,17,20,29
1,18,25,30,31,32|2,6,22,27,29,33|3,8,9,11,13,20
1,27,30,31,32,40|2,8,14,17,18,25|3,6,9,15,20,33
2,6,22,27,29,33|3,8,9,11,13,20|10,14,18,30,31,32
2,8,10,13,32,40|3,6,9,14,28,33|7,12,16,17,20,29
2,8,10,16,19,32|3,6,9,14,28,33|11,17,18,25,30,31
2,8,14,17,27,40|3,6,9,15,20,33|10,11,16,18,30,32
2,8,15,17,18,28|3,6,9,22,31,33|10,13,20,30,32,40
2,8,17,19,25,31|3,6,9,14,28,33|10,11,16,18,30,32
2,8,25,27,29,40|3,6,9,14,28,33|10,11,16,18,30,32
2,11,14,27,29,33|3,8,9,25,31,40|10,15,18,22,30,32
2,14,17,25,33,40|3,8,9,11,13,20|10,15,18,22,30,32
2,15,17,28,33,40|3,8,9,11,13,20|10,14,18,30,31,32
2,16,17,20,33,40|3,8,11,13,26,29|10,14,18,30,31,32
3,6,9,14,28,33|7,12,16,17,20,29|10,15,18,22,30,32
3,6,9,15,20,33|7,12,14,17,25,29|10,11,16,18,30,32
3,6,9,22,31,33|7,12,14,17,25,29|10,11,16,18,30,32
3,8,9,25,31,40|7,12,15,17,28,29|10,11,16,18,30,32
1,2,6,15,19,38|3,8,9,14,25,40|7,11,12,16,17,29
1,2,8,16,18,32|3,6,9,11,15,33|7,12,14,17,29,31
1,3,6,15,34,40|2,8,11,16,17,18|10,14,19,30,31,32
1,6,15,19,26,30|2,8,11,16,17,18|3,14,25,29,32,33
1,7,12,16,29,32|2,8,13,17,20,40|3,6,9,11,15,33
1,10,16,29,30,40|2,8,14,17,18,31|3,6,9,11,15,33
1,14,18,25,30,32|2,8,13,17,20,40|3,6,9,11,15,33
1,15,18,28,30,32|2,8,13,17,20,40|3,6,9,14,22,33
1,16,18,20,30,32|2,8,14,17,19,25|3,6,9,11,15,33
1,19,25,30,31,32|2,8,11,16,17,18|3,6,9,14,22,33
2,8,11,16,17,18|3,6,9,14,22,33|20,27,29,30,31,40
2,8,13,17,20,40|3,6,9,11,15,33|10,14,19,30,31,32
2,8,14,17,18,31|3,6,9,11,15,33|22,27,28,29,30,40
2,8,14,17,19,25|3,6,9,11,15,33|20,27,29,30,31,40
2,8,15,17,19,28|3,6,9,14,22,33|10,11,13,30,32,40
2,8,16,17,19,20|3,6,9,11,15,33|18,22,25,28,29,30
2,8,27,29,31,40|3,6,9,11,15,33|14,17,18,22,28,30
2,11,13,20,29,33|3,6,15,17,38,40|10,14,19,30,31,32
3,8,9,14,25,40|6,10,15,18,30,32|7,11,12,16,17,29
3,8,9,16,20,40|6,10,15,18,30,32|7,12,14,17,29,31
1,2,8,16,19,32|3,14,29,31,38,40|6,15,17,18,20,30
1,14,19,25,30,32|2,6,8,15,17,18|3,11,16,29,38,40
1,16,19,20,30,32|2,6,8,15,17,18|3,14,29,31,38,40
1,3,10,23,25,35|2,12,20,27,33,34|6,7,17,26,28,38
1,2,23,26,27,29|3,8,9,10,31,38|7,12,17,20,25,34
1,3,9,23,26,31|2,8,10,27,29,38|7,12,17,20,25,34
1,3,10,23,31,35|2,11,12,27,33,34|6,7,17,22,26,38
1,2,9,11,23,27|3,6,22,26,33,34|7,8,10,20,31,35
1,2,17,23,27,32|3,6,22,26,33,34|7,8,10,11,25,35
1,3,8,9,25,38|2,10,23,27,29,32|7,12,17,20,31,34
1,3,8,17,25,34|2,10,23,27,29,32|7,9,12,20,31,38
1,3,9,14,23,26|2,10,29,31,33,38|7,11,12,17,25,34
1,10,25,30,34,40|2,8,18,26,31,38|3,12,20,23,27,35
1,17,26,30,31,33|2,9,10,23,25,40|3,8,20,27,32,34
2,8,9,10,31,33|3,12,20,23,27,35|11,18,25,26,30,38
2,8,18,26,31,38|3,9,17,20,23,25|7,10,12,14,32,34
