2,3,15,17,18,21|6,9,13,22,27,33|10,19,31,34,39,40
2,3,17,19,31,39|6,9,13,22,27,33|10,15,18,21,34,40
2,3,27,29,39,40|6,10,13,15,18,34|9,19,21,25,28,33
2,7,12,18,21,38|3,15,17,27,30,33|10,13,19,23,28,34
1,2,9,14,30,31|8,10,16,29,32,34|12,15,22,33,35,38
1,2,9,15,22,30|8,10,16,29,32,34|12,14,31,33,35,38
1,8,9,11,16,34|2,17,25,29,30,31|12,14,23,27,32,35
1,8,9,14,31,34|2,10,16,29,30,32|12,15,22,33,35,38
1,8,9,15,22,34|2,10,16,29,30,32|12,14,31,33,35,38
1,8,16,17,32,34|3,12,14,25,30,35|9,15,22,23,26,29
1,11,16,29,34,38|3,12,14,25,30,35|9,15,17,23,28,32
1,12,16,17,23,35|2,3,6,15,32,34|8,9,25,29,31,38
1,14,29,31,34,38|2,3,8,12,16,35|9,15,17,23,28,32
1,15,22,29,34,38|2,3,8,12,16,35|9,14,17,23,25,32
1,6,8,9,15,34|2,14,17,25,29,30|12,13,20,23,32,35
1,6,15,29,34,38|3,11,12,16,30,35|9,14,17,23,31,32
1,2,9,25,30,31|6,22,27,32,34,38|10,12,16,17,23,35
1,8,9,25,31,34|2,10,16,17,30,32|12,13,20,23,26,35
1,11,16,17,34,38|2,9,10,14,30,31|12,13,20,23,26,35
1,14,17,31,34,38|2,9,10,11,16,30|12,13,20,23,26,35
1,15,17,22,34,38|2,9,10,11,16,30|12,13,20,23,26,35
1,25,29,31,34,38|2,9,10,11,16,30|12,13,20,23,26,35
2,3,14,25,32,34|8,12,27,31,35,38|9,11,16,17,23,26
2,3,15,28,32,34|8,9,17,25,31,38|12,13,20,23,26,35
2,9,10,11,16,30|6,22,27,32,34,38|12,13,20,23,26,35
2,9,10,14,30,31|6,22,27,32,34,38|12,13,20,23,26,35
2,9,10,15,22,30|8,12,27,31,35,38|11,16,26,32,33,34
2,13,20,26,30,32|8,9,10,11,16,34|12,25,31,33,35,38
1,2,9,14,25,30|6,10,15,29,34,38|8,12,16,26,33,35
1,2,9,15,28,30|8,11,13,26,32,34|12,14,25,33,35,38
1,2,9,16,20,30|6,10,15,29,34,38|11,12,13,23,26,35
1,2,16,26,29,30|6,8,9,10,15,34|12,14,25,33,35,38
1,8,9,14,25,34|2,11,13,26,30,32|12,15,28,33,35,38
1,8,9,15,28,34|2,11,13,26,30,32|12,14,25,33,35,38
1,8,9,16,20,34|2,11,13,26,30,32|12,14,25,33,35,38
1,8,16,26,29,34|2,6,9,10,15,30|12,14,25,33,35,38
1,14,25,29,34,38|2,6,9,10,15,30|8,12,16,26,33,35
1,16,20,29,34,38|2,6,9,10,15,30|11,12,13,23,26,35
2,3,11,16,32,34|6,9,15,17,23,26|8,12,14,27,35,38
2,3,14,31,32,34|6,9,15,17,23,26|12,16,20,33,35,38
2,3,15,22,32,34|8,9,14,17,25,38|11,12,13,23,26,35
2,6,9,10,15,30|8,11,13,26,32,34|12,14,25,33,35,38
2,11,13,26,30,32|6,8,9,10,15,34|12,14,25,33,35,38
6,10,15,29,34,38|8,12,16,26,33,35|9,17,23,25,31,32
2,9,10,15,28,30|8,12,25,27,35,38|16,20,26,32,33,34
1,7,9,12,21,33|2,15,17,18,23,27|10,13,19,28,30,38
2,6,13,17,18,23|3,8,9,21,33,40|7,12,14,15,19,34
2,13,18,23,28,29|3,8,9,21,33,40|6,7,12,16,19,34
2,17,18,21,23,40|3,6,8,9,13,33|7,12,14,15,19,34
3,6,9,16,18,23|7,12,14,15,19,34|13,17,28,30,33,40
3,8,18,21,29,38|6,7,12,13,34,40|15,17,19,25,30,33
3,9,11,19,21,23|6,7,12,13,34,40|15,17,18,30,31,33
3,9,13,22,23,40|6,7,12,16,19,34|11,17,18,21,30,33
3,9,14,15,18,23|6,7,12,13,34,40|16,17,19,28,30,33
3,9,15,19,23,31|6,7,12,13,34,40|11,17,18,21,30,33
3,9,16,19,22,23|6,7,12,13,34,40|11,17,18,21,30,33
3,21,29,33,38,40|6,7,12,16,19,34|8,13,17,18,28,30
1,2,19,21,33,38|3,9,15,18,23,25|7,12,13,28,34,40
1,3,6,13,33,34|2,15,17,19,23,27|7,12,18,21,32,38
2,15,17,19,23,27|3,8,9,13,28,33|7,11,12,18,21,34
3,9,15,23,27,40|6,10,13,18,30,38|7,12,16,19,28,34
1,13,18,22,30,38|3,9,15,19,23,25|7,12,17,21,29,33
2,8,17,18,21,33|3,9,13,23,28,40|7,12,15,19,31,34
2,15,18,23,27,29|3,8,9,13,22,33|7,11,12,19,21,34
3,8,9,13,22,33|6,7,12,16,18,34|10,19,21,30,38,40
3,9,13,23,28,40|6,7,12,16,18,34|10,19,21,30,32,33
3,9,15,18,23,31|6,10,13,19,30,38|7,12,17,21,29,33
3,9,16,18,22,23|6,10,13,19,30,38|7,12,17,21,29,33
3,9,16,19,23,28|7,12,13,22,34,40|8,15,17,18,27,30
3,9,19,20,21,23|6,7,12,16,18,34|15,17,27,30,33,40
3,19,21,23,26,29|6,7,12,16,18,34|15,17,27,30,33,40
1,2,9,15,28,38|3,11,16,26,32,34|12,20,25,27,30,35
1,2,16,17,20,34|3,12,25,31,35,38|6,9,10,15,26,30
1,9,16,20,26,30|2,6,10,15,17,34|3,12,25,31,35,38
2,6,9,10,15,38|3,11,16,26,32,34|12,20,25,27,30,35
2,14,20,27,32,34|3,12,25,31,35,38|6,9,10,15,26,30
1,2,6,15,17,34|3,11,12,16,35,38|9,10,14,30,31,32
1,2,14,25,29,34|3,11,12,16,35,38|9,10,15,22,30,32
1,2,15,28,29,34|3,11,12,16,35,38|9,10,14,30,31,32
1,2,16,20,29,34|3,12,14,31,35,38|6,9,17,25,28,30
1,9,25,30,31,32|2,6,10,15,29,34|3,11,12,16,35,38
2,6,10,15,29,34|3,11,12,16,35,38|9,14,17,20,25,30
2,6,15,26,34,40|3,11,12,16,35,38|9,10,14,30,31,32
2,8,16,17,26,29|3,12,14,31,35,38|9,10,15,22,30,32
2,11,13,20,32,34|3,12,14,31,35,38|6,9,17,25,28,30
2,25,31,32,34,40|3,11,12,16,35,38|9,15,17,20,28,30
1,2,9,11,16,38|3,6,15,26,32,34|12,20,27,30,31,35
1,2,9,14,31,38|3,6,15,26,32,34|11,12,25,27,30,35
1,2,11,16,17,34|3,12,14,25,35,38|9,10,15,28,30,32
1,2,14,17,31,34|3,8,12,16,26,35|9,10,15,28,30,32
1,2,15,17,22,34|3,8,12,16,26,35|9,10,14,25,30,32
1,2,25,29,31,34|3,8,12,16,26,35|9,10,15,28,30,32
1,9,11,16,26,30|2,6,22,27,32,34|3,12,14,25,35,38
1,9,14,26,30,31|2,6,22,27,32,34|3,12,15,28,35,38
2,6,22,27,32,34|3,8,12,16,26,35|9,17,20,25,30,31
2,8,9,17,25,31|3,6,15,26,32,34|12,22,27,28,30,35
2,8,12,27,31,35|3,6,15,26,32,34|9,17,22,25,28,30
2,10,14,29,31,34|3,8,12,16,26,35|9,17,22,25,28,30
2,10,15,22,29,34|3,8,12,16,26,35|9,17,20,25,30,31
2,11,14,27,32,34|3,8,12,16,26,35|9,17,20,25,30,31
2,11,16,26,34,40|3,12,14,25,35,38|9,10,15,28,30,32
2,14,26,31,34,40|3,12,15,28,35,38|9,10,16,20,30,32
2,15,22,26,34,40|3,12,14,25,35,38|9,10,16,20,30,32
2,17,25,29,31,38|3,6,15,26,32,34|12,22,27,28,30,35
1,2,6,15,29,34|3,8,12,16,32,35|9,11,14,17,30,31
1,2,8,9,16,32|3,6,12,15,35,38|14,17,26,29,30,31
1,2,11,16,29,34|3,6,12,15,35,38|9,14,17,20,30,31
1,2,14,29,31,34|3,6,12,15,35,38|9,11,16,17,20,30
1,16,26,29,30,32|2,8,9,14,17,31|3,6,12,15,35,38
2,14,25,32,34,40|3,6,12,15,35,38|9,11,16,17,20,30
2,16,20,32,34,40|3,6,12,15,35,38|9,11,14,17,25,30
3,13,17,22,30,40|6,9,14,19,23,27|11,18,21,29,33,38
1,3,18,21,30,32|6,8,10,13,19,34|15,27,29,33,38,40
1,8,13,18,22,34|2,7,12,19,21,32|15,27,29,33,38,40
1,8,13,19,28,34|3,11,17,18,21,30|15,27,29,33,38,40
1,11,19,21,33,34|3,13,17,28,30,40|6,9,14,18,23,27
1,13,22,33,34,40|2,3,8,17,19,21|6,9,14,18,23,27
1,19,21,32,33,38|3,13,17,28,30,40|6,9,14,18,23,27
2,3,13,22,29,33|6,9,14,18,23,27|8,10,19,21,34,40
2,7,12,19,21,32|3,13,17,28,30,40|6,9,14,18,23,27
3,11,17,18,21,30|6,8,10,13,19,34|15,27,29,33,38,40
3,16,17,18,22,30|6,8,10,13,19,34|15,27,29,33,38,40
1,2,13,18,28,30|3,7,12,17,21,29|6,9,19,23,25,27
1,2,15,19,27,30|3,7,12,17,21,29|6,8,10,13,18,34
1,8,13,18,28,34|2,3,17,21,33,40|6,9,19,23,25,27
1,13,28,33,34,40|2,3,8,17,18,21|6,9,19,23,25,27
1,15,18,31,33,34|2,10,13,19,22,30|3,7,12,17,21,29
1,16,18,22,33,34|3,7,12,17,21,29|6,9,19,23,25,27
2,3,6,13,17,33|8,10,18,21,34,40|9,14,19,23,27,28
2,3,17,21,33,40|6,8,10,13,18,34|9,14,19,23,27,28
2,6,10,13,18,30|3,7,12,17,21,29|9,14,19,23,27,28
2,7,12,18,21,32|3,15,17,27,30,40|6,10,16,19,33,34
2,10,13,19,22,30|3,7,12,17,21,29|6,9,18,23,27,31
3,7,12,17,21,29|6,8,10,13,18,34|9,14,19,23,27,28
3,10,19,21,30,32|6,9,18,23,27,31|13,17,28,33,38,40
3,15,17,18,25,30|6,10,13,33,34,40|9,14,19,23,27,28
1,2,3,19,21,38|6,9,18,23,25,27|10,13,22,33,34,40
1,3,19,21,26,30|6,9,18,23,25,27|10,13,22,33,34,40
1,3,7,9,12,21|2,10,13,18,28,30|15,17,19,23,26,27
1,2,3,9,17,31|10,12,19,25,35,38|20,26,27,29,34,40
1,17,20,27,29,34|2,3,9,26,31,40|10,12,19,25,35,38
1,19,25,26,32,34|2,3,9,10,29,31|12,17,20,27,33,35
2,3,9,11,27,32|6,17,18,26,28,34|10,12,19,25,35,38
1,2,3,9,14,17|10,12,19,31,35,38|11,18,25,26,29,34
1,2,3,9,25,29|6,17,18,22,26,34|10,12,19,31,35,38
1,8,9,17,27,32|10,12,14,18,35,38|19,20,25,26,29,34
1,9,10,14,34,40|11,12,17,27,33,35|18,25,26,29,32,38
1,9,17,25,32,33|10,12,14,18,35,38|11,26,27,29,34,40
1,9,26,29,31,33|10,12,14,18,35,38|17,20,27,32,34,40
1,11,17,27,29,34|2,3,9,14,26,40|10,12,19,31,35,38
1,12,18,25,35,38|2,3,9,10,14,29|6,17,19,26,28,34
1,12,27,32,33,35|2,3,9,10,14,29|6,17,18,22,26,34
1,12,27,35,38,40|2,3,9,10,14,29|6,17,18,22,26,34
1,14,18,26,32,34|9,10,25,29,38,40|11,12,17,27,33,35
1,19,26,31,32,34|2,3,9,10,14,29|11,12,17,27,33,35
2,3,9,14,26,40|10,12,19,31,35,38|17,18,20,25,32,34
1,9,17,31,32,33|6,18,26,28,29,34|10,12,14,19,35,38
1,12,18,31,35,38|2,3,9,25,32,40|6,17,19,22,26,34
2,3,9,25,32,40|6,17,19,22,26,34|12,20,27,29,33,35
1,12,14,18,35,38|2,3,9,31,32,40|6,19,26,28,29,34
6,9,11,18,28,34|8,12,17,27,35,40|19,26,29,31,32,38
6,9,18,20,22,34|8,12,17,27,35,40|19,26,29,31,32,38
6,9,18,28,32,38|8,12,17,27,35,40|11,19,26,29,31,34
6,18,22,26,29,34|8,12,17,27,35,40|9,11,19,25,32,38
9,11,14,18,20,34|12,17,25,33,35,40|19,26,29,31,32,38
9,11,19,20,31,34|12,17,25,33,35,40|14,18,26,29,32,38
9,11,19,22,28,34|12,17,25,33,35,40|14,18,26,29,32,38
2,3,9,14,32,40|6,19,22,26,29,34|8,12,17,18,31,35
2,10,19,22,30,40|3,6,7,12,17,29|8,9,11,18,28,33
1,2,19,22,32,33|3,6,8,9,18,20|7,12,17,28,29,40
1,7,9,12,22,40|2,6,10,19,32,33|3,11,18,28,29,38
1,3,11,18,22,34|2,17,19,20,28,33|6,7,9,10,12,40
1,3,17,28,29,33|2,6,10,18,38,40|7,12,19,22,26,32
1,3,18,22,32,38|2,17,19,20,28,33|6,7,9,10,12,40
1,3,19,28,32,38|2,17,18,20,22,33|6,7,9,10,12,40
1,6,10,17,18,30|3,9,20,28,33,40|7,12,19,22,26,32
1,7,9,12,28,40|2,6,10,18,32,33|3,8,17,19,22,26
1,2,9,14,16,30|6,12,21,33,35,38|8,17,20,29,34,39
1,6,21,29,34,38|3,11,12,30,35,39|9,16,17,23,31,32
1,8,9,14,16,34|2,17,20,29,30,39|6,12,21,33,35,38
1,14,16,29,34,38|3,11,12,30,35,39|9,17,21,22,23,32
1,2,9,16,30,31|6,13,28,32,34,38|10,12,23,29,35,39
1,2,9,21,22,30|6,13,28,32,34,38|10,12,23,29,35,39
1,2,17,30,32,39|8,12,13,25,35,38|9,16,23,26,29,31
1,8,9,11,34,39|2,13,14,26,30,32|12,16,31,33,35,38
1,8,9,16,31,34|2,10,29,30,32,39|12,13,14,23,26,35
1,8,9,21,22,34|2,10,29,30,32,39|12,13,14,23,26,35
1,8,17,32,34,39|3,12,16,25,30,35|9,21,22,23,26,29
1,16,29,31,34,38|2,3,8,12,35,39|9,17,21,23,28,32
1,21,22,29,34,38|2,3,8,12,35,39|9,16,17,23,25,32
2,3,6,21,32,34|8,9,11,17,38,39|12,13,14,23,26,35
2,3,8,12,35,39|6,13,28,32,34,38|9,16,23,26,29,31
2,10,29,30,32,39|8,9,16,17,31,38|12,13,14,23,26,35
3,12,16,25,30,35|6,13,28,32,34,38|9,11,23,26,29,39
3,12,20,30,35,39|6,13,28,32,34,38|9,16,23,26,29,31
1,2,9,16,25,30|6,10,21,29,34,38|8,12,26,33,35,39
1,2,9,20,30,39|6,10,21,29,34,38|12,13,23,26,31,35
1,2,9,21,28,30|6,15,27,32,34,38|8,12,26,33,35,39
1,2,26,29,30,39|6,8,9,10,21,34|12,16,25,33,35,38
1,6,17,21,34,38|2,9,10,14,16,30|8,12,26,33,35,39
1,8,9,16,25,34|2,13,26,30,31,32|12,20,33,35,38,39
1,8,9,20,34,39|2,13,26,30,31,32|12,16,25,33,35,38
1,8,9,21,28,34|2,13,26,30,31,32|12,16,25,33,35,38
1,8,26,29,34,39|2,6,9,10,21,30|12,16,25,33,35,38
1,14,16,17,34,38|2,6,9,10,21,30|8,12,26,33,35,39
1,16,25,29,34,38|2,6,9,10,21,30|8,12,26,33,35,39
1,20,29,34,38,39|2,6,9,10,21,30|12,13,23,26,31,35
1,21,28,29,34,38|2,9,10,14,16,30|8,12,26,33,35,39
2,3,11,32,34,39|6,9,17,21,23,26|8,12,16,27,35,38
2,3,16,31,32,34|6,9,17,21,23,26|12,20,33,35,38,39
2,3,21,22,32,34|8,9,16,17,25,38|12,13,23,26,31,35
2,9,10,14,16,30|6,15,27,32,34,38|8,12,26,33,35,39
2,13,26,30,31,32|6,8,9,10,21,34|12,16,25,33,35,38
1,11,17,34,38,39|2,9,10,16,30,31|12,13,23,25,26,35
1,16,17,31,34,38|2,9,10,11,30,39|12,13,23,25,26,35
1,17,21,22,34,38|2,9,10,11,30,39|12,13,23,25,26,35
2,9,17,21,22,23|3,8,12,35,38,39|10,16,29,30,31,34
2,6,21,34,38,40|3,12,23,32,35,39|8,9,16,17,25,30
2,14,16,34,38,40|3,12,23,32,35,39|8,9,17,21,28,30
1,6,9,11,21,34|2,3,12,14,16,35|8,17,26,29,32,39
1,6,9,15,31,34|2,3,12,14,16,35|8,17,26,29,32,39
1,6,9,21,32,38|2,3,12,14,16,35|11,17,20,29,34,39
1,6,17,21,32,34|2,3,12,14,16,35|8,9,11,26,29,39
1,9,11,14,16,34|2,3,6,12,21,35|8,17,26,29,32,39
1,9,14,15,22,34|2,3,6,12,21,35|8,17,26,29,32,39
1,9,14,16,32,38|2,3,6,12,21,35|11,17,20,29,34,39
1,14,16,17,32,34|2,3,6,12,21,35|8,9,11,26,29,39
1,16,25,29,32,34|2,3,6,12,21,35|9,14,15,17,22,38
1,20,29,32,34,39|2,3,6,12,21,35|9,11,14,16,17,38
1,21,28,29,32,34|2,3,12,14,16,35|6,9,15,17,31,38
6,9,11,17,21,38|8,10,12,29,35,39|14,16,26,32,34,40
6,9,15,17,31,38|8,10,12,29,35,39|14,16,26,32,34,40
6,21,26,32,34,40|8,10,12,29,35,39|9,11,14,16,17,38
1,6,9,15,25,34|2,3,11,12,35,39|14,16,17,26,29,38
1,6,9,20,21,34|2,3,11,12,35,39|14,16,17,26,29,38
1,6,21,26,29,34|2,3,11,12,35,39|9,14,15,17,28,38
1,9,11,32,38,39|2,3,12,16,31,35|15,17,25,28,29,34
1,9,14,15,28,34|2,3,11,12,35,39|6,17,21,26,29,38
1,9,14,16,20,34|2,3,11,12,35,39|6,17,21,26,29,38
1,9,15,22,31,34|2,3,11,12,35,39|6,17,21,26,29,38
1,9,16,31,32,38|2,3,11,12,35,39|15,17,25,28,29,34
1,9,21,22,32,38|2,3,11,12,35,39|15,17,25,28,29,34
1,11,17,32,34,39|2,3,12,16,31,35|8,9,21,26,28,29
1,14,16,26,29,34|2,3,11,12,35,39|6,9,15,17,25,38
1,16,17,31,32,34|2,3,11,12,35,39|8,9,21,26,28,29
1,17,21,22,32,34|2,3,11,12,35,39|8,9,16,25,26,29
2,3,11,12,35,39|6,8,9,17,21,26|10,16,29,31,32,34
2,3,12,16,31,35|6,8,9,17,21,26|10,11,29,32,34,39
6,8,9,17,21,26|10,11,29,32,34,39|12,13,20,31,35,38
6,9,15,17,25,38|8,12,13,26,31,35|10,11,29,32,34,39
6,9,16,17,28,38|8,12,13,26,31,35|10,11,29,32,34,39
6,9,17,20,21,38|8,12,13,26,31,35|10,11,29,32,34,39
6,12,15,27,35,38|8,9,14,16,17,26|10,11,29,32,34,39
8,9,14,16,17,26|10,11,29,32,34,39|12,13,20,31,35,38
9,15,17,22,31,38|10,11,29,32,34,39|12,14,16,26,33,35
1,9,11,16,25,34|2,3,12,20,35,39|17,21,22,26,29,38
1,9,11,20,34,39|2,3,12,16,25,35|17,21,22,26,29,38
1,9,14,25,31,34|2,3,12,20,35,39|17,21,22,26,29,38
1,9,15,22,25,34|2,3,12,20,35,39|16,17,26,29,31,38
1,9,15,28,31,34|2,3,12,16,25,35|11,17,26,29,38,39
1,9,16,20,31,34|2,3,12,21,28,35|11,17,26,29,38,39
1,9,20,21,22,34|2,3,12,16,25,35|11,17,26,29,38,39
1,11,26,29,34,39|2,3,12,16,25,35|6,9,10,21,32,38
1,16,26,29,31,34|2,3,12,20,35,39|6,9,10,21,32,38
1,21,22,26,29,34|2,3,12,16,25,35|9,11,17,20,38,39
1,26,29,32,38,39|2,3,12,16,25,35|6,9,10,11,21,34
2,3,12,20,35,39|6,9,10,11,21,34|16,17,26,29,31,38
2,3,12,21,28,35|6,9,10,15,31,34|11,17,26,29,38,39
8,9,11,17,26,39|10,16,25,29,32,34|12,14,27,31,35,38
8,9,16,17,26,31|10,20,29,32,34,39|12,15,22,27,35,38
8,9,17,21,22,26|10,16,25,29,32,34|12,14,27,31,35,38
9,11,16,17,25,38|10,20,29,32,34,39|12,21,22,26,33,35
9,11,17,20,38,39|10,16,25,29,32,34|12,21,22,26,33,35
9,14,17,25,31,38|10,20,29,32,34,39|12,21,22,26,33,35
9,15,17,22,25,38|10,20,29,32,34,39|12,16,26,31,33,35
9,15,17,28,31,38|10,16,25,29,32,34|11,12,26,33,35,39
9,16,17,20,31,38|10,21,28,29,32,34|11,12,26,33,35,39
9,17,20,21,22,38|10,16,25,29,32,34|11,12,26,33,35,39
1,2,3,6,9,31|10,11,15,17,34,40|14,18,22,26,32,38
1,2,3,9,11,15|6,8,17,26,27,29|18,20,22,25,32,34
1,2,3,9,14,22|6,8,17,26,27,29|11,18,25,28,32,34
1,2,3,15,17,32|6,9,10,31,38,40|11,12,22,27,33,35
1,6,20,27,29,34|2,3,15,26,32,40|9,11,17,22,25,33
1,8,9,22,27,32|2,3,17,28,29,31|6,11,19,25,26,34
1,9,22,25,32,33|2,3,17,28,29,31|6,14,18,20,26,34
1,9,22,25,38,40|2,3,10,15,29,32|6,11,18,26,31,34
1,9,28,31,32,33|2,3,17,22,25,29|6,14,18,20,26,34
1,9,28,31,38,40|2,3,10,15,29,32|6,11,19,25,26,34
1,10,15,32,34,40|2,3,17,22,25,29|6,12,20,27,33,35
1,11,22,27,29,34|2,3,15,26,32,40|6,9,17,20,25,33
1,17,22,25,34,40|2,3,10,15,29,32|6,12,20,27,33,35
1,17,28,31,34,40|2,3,10,15,29,32|6,12,20,27,33,35
1,22,27,29,32,38|6,9,17,20,25,33|11,14,19,26,28,34
2,3,10,15,29,32|6,8,9,17,20,27|11,14,18,22,26,34
2,3,17,22,25,29|6,9,10,31,32,33|11,14,19,26,28,34
2,3,17,28,29,31|6,11,19,25,26,34|9,10,14,22,32,33
6,8,9,17,20,27|10,22,25,29,34,40|11,15,18,26,32,38
6,9,10,31,38,40|11,12,22,27,33,35|19,20,25,28,32,34
6,9,17,20,25,33|10,28,29,31,34,40|11,15,18,26,32,38
6,10,17,31,34,40|8,9,20,27,28,29|11,15,18,26,32,38
6,11,18,26,31,34|8,9,20,27,28,29|10,15,17,32,38,40
6,11,19,25,26,34|8,9,20,27,28,29|10,15,17,32,38,40
6,17,25,26,29,33|9,10,11,15,38,40|18,20,28,31,32,34
6,19,25,26,32,38|8,9,11,17,22,27|10,28,29,31,34,40
8,9,11,17,22,27|10,28,29,31,34,40|15,19,20,26,32,38
8,9,20,27,28,29|10,11,15,17,34,40|14,18,22,26,32,38
9,10,11,15,38,40|14,17,26,28,29,33|18,20,22,25,32,34
9,11,17,22,25,33|10,28,29,31,34,40|15,19,20,26,32,38
9,11,17,28,31,33|10,22,25,29,34,40|15,19,20,26,32,38
9,14,17,20,28,33|10,22,25,29,34,40|11,15,18,26,32,38
9,20,25,28,29,33|10,11,15,17,34,40|14,18,22,26,32,38
10,28,29,31,34,40|11,12,22,27,33,35|15,19,20,26,32,38
1,2,3,6,9,14|8,12,18,25,28,35|10,15,20,29,34,40
1,6,9,25,38,40|2,3,14,17,28,29|18,20,22,31,32,34
1,6,11,27,29,34|8,9,17,25,28,40|14,19,22,26,32,38
1,6,17,25,34,40|8,9,11,27,28,29|14,19,22,26,32,38
1,6,27,29,32,38|8,9,17,25,28,40|11,14,19,22,26,34
1,8,9,10,15,29|6,11,12,27,33,35|14,18,20,28,32,34
1,8,9,15,26,40|2,3,6,17,25,29|11,18,28,31,32,34
1,9,14,28,38,40|2,3,6,17,25,29|18,20,22,31,32,34
1,9,15,20,32,33|2,3,6,17,25,29|8,12,27,28,35,40|11,14,19,22,26,34
1,9,15,20,38,40|2,3,6,17,25,29|11,14,19,22,26,34
1,9,22,31,32,33|2,3,6,17,25,29|8,12,27,28,35,40
1,9,22,31,38,40|2,3,6,17,25,29|14,18,20,28,32,34
1,15,17,20,34,40|6,9,10,14,32,33|8,12,18,25,28,35
1,15,26,29,38,40|6,8,9,11,17,27|14,18,20,28,32,34
1,17,22,31,34,40|6,9,10,14,32,33|8,12,18,25,28,35
1,25,28,29,34,40|6,8,9,11,17,27|14,19,22,26,32,38
2,3,6,17,25,29|8,12,27,28,35,40|11,14,19,22,26,34
2,3,14,17,28,29|6,11,12,27,33,35|18,20,22,31,32,34
2,3,15,17,20,29|6,9,10,14,32,33|8,12,18,25,28,35
2,3,17,22,29,31|6,9,10,14,32,33|8,12,18,25,28,35
6,9,10,14,38,40|8,12,18,25,28,35|11,15,17,26,29,33
6,9,11,17,25,33|8,12,27,28,35,40|14,19,22,26,32,38
6,9,17,20,31,33|8,12,18,25,28,35|11,14,19,22,26,34
6,11,12,27,33,35|8,9,17,25,28,40|14,19,22,26,32,38
6,17,26,29,31,33|8,12,18,25,28,35|11,22,27,32,34,40
6,20,27,32,34,40|8,12,18,25,28,35|9,11,17,22,31,33
8,9,20,22,27,29|11,15,19,26,32,38|12,25,28,33,35,40
8,12,18,25,28,35|9,11,15,17,20,33|10,22,29,31,34,40
8,12,27,28,35,40|9,11,15,17,20,33|14,19,22,26,32,38
1,2,3,9,22,25|6,10,20,27,29,34|18,26,28,31,32,38
1,2,3,9,28,31|6,10,20,27,29,34|18,22,25,26,32,38
1,6,9,20,27,38|2,3,10,15,17,32|11,18,22,25,26,34
1,6,17,20,27,34|2,3,9,10,11,15|18,22,25,26,32,38
1,9,11,22,27,38|2,3,10,15,17,32|6,18,20,25,26,34
1,11,17,22,27,34|2,3,6,9,10,31|19,25,26,28,32,38
1,17,22,27,32,38|2,3,6,9,10,31|11,19,25,26,28,34
1,20,27,28,29,34|2,3,6,9,10,31|18,22,25,26,32,38
1,2,3,9,14,28|6,10,11,27,29,34|15,18,20,26,32,38
1,2,3,9,15,20|6,10,11,27,29,34|14,18,26,28,32,38
1,2,3,9,22,31|6,10,11,27,29,34|14,18,26,28,32,38
1,6,9,11,27,38|2,3,17,25,28,29|14,18,20,22,26,34
1,8,9,10,15,17|6,11,18,25,26,34|12,20,22,27,33,35
1,10,12,15,33,35|2,3,17,25,28,29|6,11,26,27,34,40
1,10,15,17,29,38|6,11,18,25,26,34|12,20,22,27,33,35
1,11,27,28,29,34|2,3,6,9,10,14|15,18,20,26,32,38
1,15,17,26,38,40|2,3,6,9,10,14|11,12,27,28,33,35
1,17,25,28,34,40|2,3,6,9,10,14|12,20,22,27,33,35
1,20,22,27,29,34|2,3,6,9,10,14|19,26,28,31,32,38
1,27,28,29,32,38|2,3,6,9,10,14|11,15,18,20,26,34
2,3,6,9,10,14|8,17,22,26,27,29|18,20,25,28,32,34
2,3,17,25,28,29|6,8,9,10,27,32|11,15,18,20,26,34
6,10,11,27,29,34|9,17,20,22,25,33|14,18,26,28,32,38
6,10,17,25,34,40|11,12,27,28,33,35|15,18,20,26,32,38
6,10,27,29,32,38|9,11,17,25,28,33|14,18,20,22,26,34
10,15,17,20,34,40|11,12,27,28,33,35|18,22,26,31,32,38
10,17,22,31,34,40|11,12,27,28,33,35|15,18,20,26,32,38
1,6,9,14,32,33|8,12,15,18,20,35|17,22,29,31,38,40
1,6,9,14,38,40|8,12,15,18,20,35|11,19,22,31,32,34
1,6,14,17,34,40|8,12,15,18,20,35|9,11,22,29,31,33
2,3,6,14,17,29|8,12,15,18,20,35|11,19,22,31,32,34
6,17,25,29,38,40|8,12,14,18,28,35|11,15,19,20,32,34
1,2,3,15,29,32|6,9,11,17,31,33|8,12,18,22,25,35
1,6,9,31,32,33|2,3,11,15,17,29|8,12,18,22,25,35
1,6,9,31,38,40|2,3,11,15,17,29|8,12,18,22,25,35|14,19,20,28,32,34
1,9,11,15,32,33|2,3,6,17,29,31|8,12,18,22,25,35
1,9,11,15,38,40|2,3,6,17,29,31|8,12,18,22,25,35|14,19,20,28,32,34
1,9,14,22,32,33|2,3,6,17,29,31|8,12,19,25,28,35
1,9,14,22,38,40|2,3,6,17,29,31|8,12,19,25,28,35|11,15,18,20,32,34
1,28,29,31,34,40|6,9,14,17,20,33|8,12,18,22,25,35
2,3,11,15,17,29|6,14,19,26,32,38|8,12,18,22,25,35
2,3,14,17,22,29|6,11,18,25,32,34|12,28,31,33,35,40
6,8,9,20,27,29|11,14,18,28,32,34|12,22,25,33,35,40
6,9,11,17,31,33|8,12,18,22,25,35|10,15,29,32,38,40
6,9,14,17,20,33|8,12,18,22,25,35|10,11,15,29,34,40
6,11,27,32,34,40|8,12,18,22,25,35|9,14,20,28,29,33
6,14,19,26,32,38|8,9,11,22,27,29|12,28,31,33,35,40
6,19,20,25,32,34|8,9,11,22,27,29|12,28,31,33,35,40
8,12,18,28,31,35|9,11,14,17,22,33|10,15,29,32,38,40
8,12,19,25,28,35|9,11,14,17,22,33|10,15,29,32,38,40
1,2,8,9,32,39|3,6,12,21,35,38|16,17,26,29,30,31
1,2,11,29,34,39|3,6,12,21,35,38|9,10,14,16,30,32
1,2,16,29,31,34|3,6,12,21,35,38|9,11,17,20,30,39
1,2,21,22,29,34|3,12,14,16,35,38|9,11,17,20,30,39
1,26,29,30,32,39|2,8,9,16,17,31|3,6,12,21,35,38
2,6,13,28,32,34|3,12,14,16,35,38|9,11,17,20,30,39
2,11,13,31,32,34|3,6,12,21,35,38|9,15,17,22,25,30
2,13,14,20,32,34|3,6,12,21,35,38|9,11,16,17,25,30
2,16,25,32,34,40|3,6,12,21,35,38|9,11,17,20,30,39
2,20,32,34,39,40|3,6,12,21,35,38|9,11,16,17,25,30
2,21,28,32,34,40|3,12,14,16,35,38|9,11,17,20,30,39
1,2,6,21,29,34|3,8,12,32,35,39|9,11,16,17,30,31
1,2,14,16,29,34|3,8,12,32,35,39|6,9,15,17,25,30
1,2,9,11,38,39|3,6,21,26,32,34|12,25,27,30,31,35
1,2,11,17,34,39|3,12,16,25,35,38|9,10,21,28,30,32
1,2,16,17,31,34|3,8,12,26,35,39|9,10,21,28,30,32
1,2,17,21,22,34|3,8,12,26,35,39|9,10,16,25,30,32
1,9,11,26,30,39|2,10,16,29,31,34|3,12,21,28,35,38
1,9,16,26,30,31|2,10,11,29,34,39|3,12,21,28,35,38
1,9,21,22,26,30|2,10,11,29,34,39|3,12,16,25,35,38
1,17,26,30,32,39|2,10,16,29,31,34|3,12,21,28,35,38
2,6,13,22,26,34|3,12,16,25,35,38|9,10,20,30,32,39
2,11,13,14,26,34|3,12,16,25,35,38|9,10,20,30,32,39
2,11,26,34,39,40|3,12,16,25,35,38|9,10,21,28,30,32
2,16,26,31,34,40|3,12,20,35,38,39|9,10,21,28,30,32
2,21,22,26,34,40|3,12,16,25,35,38|9,10,20,30,32,39
1,2,6,17,21,34|3,11,12,35,38,39|9,10,16,30,31,32
1,2,14,16,17,34|3,11,12,35,38,39|9,10,21,22,30,32
1,2,16,25,29,34|3,11,12,35,38,39|9,10,21,22,30,32
1,2,20,29,34,39|3,12,16,31,35,38|9,10,21,22,30,32
1,2,21,28,29,34|3,11,12,35,38,39|9,10,16,30,31,32
1,9,14,16,26,30|2,6,10,21,29,34|3,11,12,35,38,39
2,6,10,21,29,34|3,11,12,35,38,39|9,15,17,25,28,30
2,6,15,27,32,34|3,11,12,35,38,39|9,16,17,20,25,30
2,6,21,26,34,40|3,11,12,35,38,39|9,10,16,30,31,32
2,8,17,26,29,39|3,12,16,31,35,38|9,10,21,22,30,32
2,10,14,16,29,34|3,11,12,35,38,39|9,15,17,25,28,30
2,11,13,25,32,34|3,12,16,31,35,38|9,17,20,21,28,30
2,13,20,31,32,34|3,11,12,35,38,39|9,15,17,25,28,30
2,13,22,28,32,34|3,11,12,35,38,39|9,16,17,20,25,30
2,14,16,26,34,40|3,11,12,35,38,39|9,10,21,22,30,32
1,2,9,12,15,33|3,6,8,20,27,35|7,14,26,28,29,32
1,6,9,12,27,30|3,11,22,25,33,35|7,14,26,28,29,32
2,6,12,18,25,34|3,8,11,22,27,35|7,9,14,20,28,32
2,6,12,27,34,40|3,11,22,25,33,35|7,9,14,20,28,32
2,12,14,18,28,34|3,6,8,20,27,35|7,9,11,22,25,32
2,12,15,18,20,34|3,8,11,22,27,35|6,7,14,17,26,32
2,12,18,22,31,34|3,6,8,20,27,35|7,14,26,28,29,32
2,12,19,22,25,34|3,6,8,20,27,35|7,9,11,28,31,32
2,12,19,28,31,34|3,6,8,20,27,35|7,9,11,22,25,32
3,20,22,31,33,35|6,7,9,11,14,26|12,17,27,28,29,30
1,2,9,11,15,33|3,6,8,12,27,35|14,18,26,28,30,32
1,2,9,14,22,33|3,6,8,12,27,35|10,15,26,29,30,40
1,2,15,17,32,33|3,6,8,12,27,35|9,10,14,28,30,40
1,2,15,17,38,40|3,6,8,12,27,35|14,18,26,28,30,32
1,3,6,9,14,38|2,8,15,18,26,32|11,17,27,28,29,30
1,3,6,14,17,34|2,8,9,10,15,40|18,22,26,30,31,32
1,3,6,25,29,34|2,8,9,10,15,40|14,18,26,28,30,32
1,3,14,28,29,34|2,6,18,25,32,38|9,10,15,20,30,40
1,3,15,20,29,34|2,6,14,19,26,38|7,9,12,22,31,32
1,3,22,29,31,34|2,6,14,19,26,38|7,9,12,15,20,32
1,6,7,11,25,35|2,8,9,10,15,40|3,14,17,28,29,38|18,22,26,30,31,32
1,6,7,20,31,35|2,8,9,10,15,40|3,14,17,28,29,38|19,22,25,26,30,32
1,6,9,11,27,30|2,8,15,18,26,32|3,12,14,28,33,35
1,6,17,27,30,32|2,8,9,10,15,40|3,12,14,28,33,35
1,7,11,14,28,35|2,6,18,20,31,34|3,8,15,17,26,29
1,7,11,15,20,35|2,6,14,19,26,38|3,8,9,17,22,31
1,7,11,22,31,35|2,6,14,19,26,38|3,8,9,15,17,20
1,7,14,20,22,35|2,6,11,18,25,34|3,8,15,17,26,29
1,9,25,28,30,40|2,6,14,19,26,38|3,12,15,20,33,35
1,10,15,17,29,30|2,6,11,18,25,34|3,12,14,28,33,35
1,15,17,26,30,40|2,6,11,18,25,34|3,12,14,28,33,35
1,27,28,29,30,32|2,6,11,18,25,34|3,8,9,15,17,20
2,6,11,18,25,34|3,8,9,14,17,28|7,12,15,26,29,32
2,6,11,27,34,40|3,8,9,14,17,28|7,12,15,26,29,32
2,6,18,20,31,34|3,8,9,14,17,28|7,12,15,26,29,32
2,6,18,25,32,38|3,8,9,14,17,28|10,15,26,29,30,40
2,6,19,20,25,34|3,8,9,14,17,28|7,12,15,26,29,32
2,8,9,10,15,40|3,6,12,25,33,35|11,17,27,28,29,30
2,8,17,22,27,29|3,6,12,25,33,35|9,10,14,28,30,40
2,10,15,29,38,40|3,6,8,9,17,25|14,18,26,28,30,32
2,11,14,18,28,34|3,6,8,9,17,25|7,12,15,26,29,32
2,11,15,18,20,34|3,6,8,9,17,25|19,26,28,30,31,32
2,11,18,22,31,34|3,6,8,9,17,25|7,12,15,26,29,32
2,11,19,22,25,34|3,6,8,12,27,35|9,10,14,28,30,40
2,11,19,28,31,34|3,6,8,9,17,25|7,12,15,26,29,32
2,14,18,20,22,34|3,6,8,9,17,25|7,12,15,26,29,32
2,14,18,28,32,38|3,6,8,9,17,25|10,15,26,29,30,40
2,14,19,20,28,34|3,6,8,9,17,25|7,12,15,26,29,32
2,17,22,25,29,33|3,6,8,12,27,35|9,10,14,28,30,40
2,17,28,29,31,33|3,6,8,12,27,35|9,10,15,20,30,40
2,18,22,31,32,38|3,6,8,9,17,25|10,15,26,29,30,40
2,19,20,22,31,34|3,6,8,9,17,25|7,12,15,26,29,32
2,19,22,25,32,38|3,6,8,12,27,35|9,10,14,28,30,40
2,19,28,31,32,38|3,6,8,9,17,25|10,15,26,29,30,40
3,6,14,26,34,40|7,9,12,15,20,32|11,17,27,28,29,30
3,8,9,15,17,20|6,7,10,11,14,35|18,22,26,30,31,32
3,8,9,17,22,31|6,7,10,11,14,35|15,18,20,26,30,32
3,8,9,25,28,29|6,7,10,11,14,35|15,18,20,26,30,32
3,28,31,32,34,40|6,7,10,11,14,35|17,20,22,27,29,30
1,3,8,10,15,35|2,12,18,22,25,34|6,7,9,11,26,31
1,9,12,22,27,30|3,11,25,28,33,35|6,7,17,26,31,32
2,12,15,19,26,38|3,8,11,27,28,35|7,9,20,22,25,32
2,12,18,22,25,34|3,8,11,27,28,35|6,7,9,14,20,26
2,12,18,28,31,34|3,8,20,22,27,35|7,11,15,17,26,32
2,12,19,25,28,34|3,8,20,22,27,35|6,7,9,11,26,31
2,12,22,27,34,40|3,11,25,28,33,35|6,7,9,14,20,26
1,2,6,8,9,27|3,10,11,15,29,34|18,22,25,26,30,32
1,2,6,9,25,33|3,8,12,22,27,35|18,26,28,30,31,32
1,2,9,14,28,33|3,6,10,29,31,34|18,22,25,26,30,32
1,2,9,15,20,33|3,6,10,29,31,34|18,22,25,26,30,32
1,2,15,26,29,33|3,6,11,27,32,34|9,10,22,25,30,40
1,3,6,9,31,38|2,8,17,27,28,29|7,10,11,14,22,35
1,3,6,17,31,34|2,11,15,19,26,38|7,9,12,22,25,32
1,3,9,11,15,38|2,6,18,20,25,34|10,22,27,29,30,32
1,3,11,15,17,34|2,6,9,10,14,33|18,22,25,26,30,32
1,3,22,25,29,34|2,6,9,10,14,33|18,26,28,30,31,32
1,3,28,29,31,34|2,6,9,10,14,33|18,22,25,26,30,32
1,6,7,20,25,35|2,8,17,27,28,29|3,11,15,26,34,40
1,6,9,20,27,30|2,11,15,19,26,38|3,10,14,22,29,34
1,6,26,27,29,30|2,11,18,22,25,34|3,8,9,10,15,32
1,7,11,22,25,35|2,6,9,10,14,33|3,15,26,32,38,40|17,20,27,28,29,30
1,7,11,28,31,35|2,6,9,10,14,33|3,15,26,32,38,40
1,7,14,20,28,35|2,6,19,26,31,38|3,8,9,10,15,32
1,7,20,22,31,35|2,6,9,10,14,33|3,11,15,26,34,40
1,9,11,22,27,30|2,6,14,18,26,38|3,12,28,31,33,35
1,17,22,27,30,32|2,6,9,10,14,33|3,11,15,26,34,40
2,6,9,10,14,33|3,8,12,22,27,35|18,26,28,30,31,32
2,6,14,18,26,38|3,8,9,10,15,32|17,20,27,28,29,30
2,6,19,26,31,38|3,8,9,10,15,32|17,20,27,28,29,30
2,8,17,27,28,29|3,6,26,31,34,40|7,9,12,22,25,32
2,11,15,19,26,38|3,6,10,29,31,34|7,9,12,22,25,32
2,11,18,22,25,34|3,8,9,10,15,32|17,20,27,28,29,30
2,18,28,31,32,38|3,8,9,17,22,25|6,7,10,14,20,35
3,6,26,31,34,40|7,9,12,22,25,32|17,20,27,28,29,30
3,8,9,17,28,31|6,7,10,14,20,35|18,22,25,26,30,32
3,14,22,26,34,40|6,7,10,11,31,35|17,20,27,28,29,30
3,15,26,32,38,40|6,7,10,11,31,35|17,20,27,28,29,30
2,9,10,12,15,33|3,8,20,27,28,35|6,7,17,25,26,32
3,20,25,28,33,35|6,9,10,12,27,30|7,17,22,26,31,32
1,2,8,9,22,27|3,6,10,14,17,34|18,25,26,28,30,32
1,2,9,22,25,33|3,6,10,14,17,34|26,27,28,30,32,40
1,2,22,27,29,38|3,6,10,14,17,34|7,9,11,12,15,26
1,3,6,17,25,34|2,9,10,11,15,33|26,27,28,30,32,40
1,3,8,9,15,26|2,11,18,25,28,34|6,7,10,20,31,35
1,3,9,15,20,38|2,11,18,25,28,34|6,10,17,27,30,32
1,3,15,17,20,34|2,6,9,10,31,33|18,25,26,28,30,32
1,3,17,22,31,34|2,6,19,25,26,38|7,10,11,14,28,35
1,3,25,28,29,34|2,6,9,10,31,33|7,12,15,17,26,32
1,7,11,25,28,35|2,6,9,10,31,33|3,15,20,26,34,40
1,7,20,22,25,35|2,6,9,10,31,33|3,14,26,28,34,40
1,7,20,28,31,35|2,6,19,25,26,38|3,11,22,27,32,34
1,9,11,27,28,30|2,6,18,26,31,38|3,10,15,20,29,34
1,9,20,22,27,30|2,6,18,26,31,38|3,10,14,28,29,34
1,17,27,28,30,32|2,6,9,10,31,33|3,15,20,26,34,40
2,6,18,26,31,38|3,8,9,17,25,28|7,10,11,15,20,35
2,10,15,17,38,40|3,6,20,27,32,34|7,9,12,14,22,26
2,11,15,18,26,38|3,6,10,14,17,34|7,9,12,25,28,32
2,11,18,25,28,34|3,6,9,10,14,38|7,12,15,17,26,32
2,11,27,28,34,40|3,6,9,10,14,38|7,12,15,17,26,32
2,15,19,20,26,38|3,6,10,14,17,34|7,9,12,25,28,32
2,18,20,22,25,34|3,6,9,10,14,38|7,12,15,17,26,32
2,18,20,28,31,34|3,6,9,10,14,38|7,12,15,17,26,32
2,18,25,28,32,38|3,6,10,14,17,34|7,9,11,12,15,26
2,19,20,25,28,34|3,6,9,10,14,38|7,12,15,17,26,32
2,19,22,26,31,38|3,6,10,14,17,34|7,9,12,25,28,32
2,20,22,27,34,40|3,6,9,10,14,38|7,12,15,17,26,32
2,27,28,32,38,40|3,6,10,14,17,34|7,9,11,12,15,26
1,2,6,17,27,38|3,10,22,25,29,34|7,9,12,14,26,28
1,2,27,28,29,38|3,6,10,17,31,34|7,9,12,15,20,26
1,3,9,22,25,38|2,6,26,27,32,33|7,10,11,28,31,35
1,3,9,28,31,38|2,6,26,27,32,33|7,10,11,22,25,35
1,9,20,27,28,30|2,6,18,25,26,38|3,10,11,15,17,34
2,12,15,17,29,33|3,8,22,25,35,40|6,7,9,11,31,32
2,6,12,18,31,34|3,8,25,28,35,40|7,9,11,15,20,32
2,11,12,15,18,34|3,6,20,31,33,35|7,14,22,26,29,32
2,12,15,19,20,34|3,6,8,11,27,35|7,14,22,26,29,32
3,6,20,31,33,35|7,9,11,14,28,32|12,17,22,27,29,30
3,8,25,28,35,40|6,7,9,20,31,32|12,17,22,27,29,30
3,11,14,28,33,35|6,7,9,20,31,32|12,17,22,27,29,30
1,2,6,9,14,33|3,11,15,17,29,38|19,22,26,30,31,32
1,3,6,29,31,34|2,8,15,19,26,32|9,10,14,22,30,40
1,3,11,15,29,34|2,6,18,31,32,38|9,10,14,22,30,40
1,3,14,22,29,34|2,6,18,31,32,38|9,10,11,15,30,40
1,3,15,29,32,38|2,6,11,18,31,34|9,10,14,22,30,40
1,6,7,11,31,35|2,8,15,19,26,32|3,14,17,22,29,38
1,6,7,14,20,35|2,8,15,19,26,32|11,17,22,27,29,30
1,7,11,14,22,35|2,6,8,17,27,29|3,15,20,32,34,40
1,9,22,25,30,40|2,6,8,17,27,29|3,11,12,15,33,35
1,9,28,30,31,40|2,6,8,17,27,29|3,11,12,15,33,35
2,6,8,17,27,29|3,11,12,15,33,35|9,10,14,22,30,40
2,6,11,18,31,34|3,8,9,14,17,22|15,19,20,26,30,32
2,6,14,18,20,34|3,8,9,11,15,17|19,22,26,30,31,32
2,6,19,20,31,34|3,8,9,11,15,17|14,18,22,26,30,32
2,8,15,19,26,32|3,6,12,31,33,35|9,10,14,22,30,40
2,11,14,18,22,34|3,6,8,9,17,31|15,19,20,26,30,32
2,11,15,19,20,34|3,6,8,9,17,31|14,18,22,26,30,32
2,14,19,20,22,34|3,6,8,9,17,31|11,15,18,26,30,32
1,2,6,27,29,30|8,9,14,17,28,33|11,15,19,20,34,38|12,18,22,23,25,35
1,3,6,9,30,31|8,11,15,19,26,34|12,18,22,23,25,35|14,17,28,29,33,38
1,3,9,11,15,30|6,8,12,27,33,35|14,19,20,22,34,38
1,3,9,14,22,30|6,8,12,27,33,35|11,15,19,20,34,38
1,3,15,17,30,32|2,6,7,9,12,14|11,19,22,31,34,38
1,6,8,27,29,34|2,3,15,32,38,40|12,18,22,23,25,35
1,6,9,14,33,38|2,3,11,15,34,40|12,18,22,23,25,35
1,6,14,17,33,34|2,3,15,32,38,40|9,11,22,23,27,29
1,6,25,29,33,34|2,3,15,32,38,40|12,18,23,28,31,35
1,14,28,29,33,34|2,3,15,32,38,40|12,18,22,23,25,35
1,22,29,31,33,34|2,3,15,32,38,40|12,19,23,25,28,35
2,3,6,31,34,40|8,9,14,17,28,33|12,18,22,23,25,35
2,3,11,15,34,40|6,8,9,17,25,33|12,18,23,28,31,35
2,3,14,22,34,40|6,8,9,17,25,33|12,18,23,28,31,35
2,3,15,32,38,40|6,8,9,17,25,33|12,18,23,28,31,35
2,6,7,9,12,14|3,10,15,29,30,32|11,19,22,31,34,38
2,6,14,18,26,30|8,9,15,17,20,33|11,19,22,31,34,38
2,6,19,26,30,31|8,9,14,17,28,33|12,18,22,23,25,35
2,11,15,19,26,30|6,8,9,17,25,33|12,18,23,28,31,35
2,14,19,22,26,30|6,8,9,17,25,33|12,18,23,28,31,35
2,18,22,25,30,32|6,8,12,27,33,35|9,17,23,28,31,40|11,15,19,20,34,38
2,18,28,30,31,32|6,8,9,17,25,33|11,15,19,20,34,38|12,22,23,27,35,40
2,19,25,28,30,32|6,8,12,27,33,35|11,14,18,22,34,38
2,22,27,30,32,40|6,8,9,17,25,33|11,14,19,28,34,38
3,10,15,29,30,32|6,8,9,17,25,33|11,14,18,22,34,38
3,15,26,30,32,40|6,8,9,17,25,33|11,14,18,22,34,38
3,17,22,25,29,30|6,8,12,27,33,35|9,10,15,23,32,40|11,14,19,28,34,38
3,17,28,29,30,31|6,8,12,27,33,35|9,10,15,23,32,40|11,14,18,22,34,38
6,8,12,27,33,35|9,10,15,23,32,40|11,14,18,22,34,38
6,8,14,18,26,34|9,10,15,23,32,40|17,22,29,31,33,38
6,8,19,26,31,34|9,10,15,23,32,40|14,17,28,29,33,38
6,10,14,29,33,34|8,15,19,26,32,38|9,17,22,23,25,40
6,11,18,31,34,38|8,9,14,17,28,33|12,22,23,27,35,40
6,11,19,25,34,38|8,9,14,17,28,33|12,22,23,27,35,40
6,14,18,20,34,38|8,9,17,22,31,33|12,19,23,25,28,35
6,17,25,29,33,38|8,11,15,19,26,34|12,18,23,28,31,35
6,19,20,31,34,38|8,9,14,17,28,33|12,18,22,23,25,35
8,9,14,17,28,33|11,15,19,20,34,38|12,18,22,23,25,35
8,9,15,17,20,33|11,14,18,22,34,38|12,19,23,25,28,35
8,15,17,26,29,33|11,14,18,22,34,38|12,19,23,25,28,35
8,22,27,32,34,40|12,18,23,28,31,35|15,17,20,29,33,38
1,3,9,12,15,30|2,6,7,14,26,29|8,11,22,27,33,35
1,10,15,23,35,40|2,6,7,9,11,31|12,14,18,22,34,38
2,6,7,9,11,31|8,12,15,19,26,34|18,20,22,23,25,35
2,6,7,14,26,29|8,11,22,27,33,35|12,15,19,20,34,38
2,6,7,17,31,32|8,11,22,27,33,35|12,14,19,28,34,38
2,7,11,15,17,32|6,8,20,27,33,35|12,14,18,22,34,38
2,7,14,17,22,32|6,8,20,27,33,35|11,12,15,18,34,38
2,7,22,25,29,32|6,8,20,27,33,35|11,12,15,18,34,38
2,7,28,29,31,32|6,8,20,27,33,35|11,12,15,18,34,38
1,2,15,17,30,40|6,8,14,19,26,34|12,18,22,23,31,35
1,6,29,31,33,34|2,14,18,28,30,32|9,15,17,20,23,40
1,8,9,15,32,33|2,3,6,14,34,40|12,18,22,23,31,35
1,8,9,15,38,40|2,6,14,19,26,30|12,18,22,23,31,35
