1,8,15,17,34,40|2,6,14,19,26,30|12,18,22,23,31,35
1,11,15,29,33,34|2,6,14,19,26,30|9,17,22,23,31,40
1,14,22,29,33,34|2,6,18,25,30,32|9,15,17,20,23,40
1,15,29,32,33,38|2,3,6,14,34,40|12,18,22,23,31,35
2,3,6,14,34,40|8,9,11,15,17,33|12,18,22,23,31,35
2,3,8,15,17,29|6,11,14,18,34,38|12,19,22,23,25,35
2,6,14,19,26,30|8,9,11,15,17,33|12,18,22,23,31,35
2,6,18,25,30,32|8,9,11,15,17,33|12,19,23,28,31,35
2,6,27,30,32,40|8,9,11,15,17,33|12,14,18,23,28,35
2,7,12,15,29,32|6,8,9,17,31,33|11,14,19,22,34,38
2,10,15,29,30,40|6,8,9,17,31,33|11,14,19,22,34,38
2,14,18,28,30,32|6,8,9,17,31,33|12,19,22,23,25,35
2,15,18,20,30,32|6,8,9,17,31,33|11,14,19,22,34,38
2,18,22,30,31,32|6,8,14,19,26,34|9,15,17,20,23,40
2,19,22,25,30,32|6,8,9,17,31,33|12,14,18,23,28,35
3,15,17,20,29,30|6,8,14,19,26,34|12,18,22,23,31,35
3,17,22,29,30,31|6,8,14,19,26,34|12,15,18,20,23,35
6,8,9,17,31,33|11,14,19,22,34,38|12,15,18,20,23,35
6,8,27,32,34,40|11,15,17,29,33,38|12,14,18,23,28,35
6,11,14,18,34,38|8,9,22,25,29,33|12,19,23,28,31,35
6,11,19,31,34,38|8,9,14,17,22,33|12,15,18,20,23,35
6,14,19,20,34,38|8,9,11,15,17,33|12,18,22,23,31,35
6,17,29,31,33,38|8,14,18,28,32,34|12,19,22,23,25,35
8,9,28,29,31,33|11,14,19,22,34,38|12,15,18,20,23,35
1,12,15,29,33,34|2,6,7,9,11,14|18,20,22,23,31,35
2,6,7,14,17,32|8,25,28,33,35,40|11,12,15,19,34,38
2,6,7,25,29,32|8,9,12,15,17,33|11,18,23,28,31,35
2,7,15,20,29,32|6,8,11,27,33,35|12,14,19,22,34,38
1,3,15,29,30,32|6,8,9,14,17,33|12,19,22,23,31,35
1,6,14,29,33,34|2,11,15,18,30,32|12,19,22,23,31,35
2,6,18,30,31,32|8,9,14,28,29,33|12,15,19,20,23,35
2,6,19,25,30,32|8,9,14,28,29,33|11,12,15,18,23,35
2,11,15,18,30,32|6,8,9,14,17,33|12,19,22,23,31,35
2,14,18,22,30,32|6,8,9,25,29,33|12,15,19,20,23,35
2,14,19,28,30,32|6,8,9,25,29,33|11,12,15,18,23,35
2,19,22,30,31,32|6,8,9,14,17,33|11,12,15,18,23,35
3,6,17,29,30,31|8,11,15,18,32,34|12,14,19,23,28,35
3,11,15,17,29,30|6,8,18,31,32,34|12,14,19,23,28,35
3,14,17,22,29,30|6,8,18,31,32,34|12,15,19,20,23,35
6,14,17,29,33,38|8,11,15,18,32,34|12,19,22,23,31,35
2,7,11,15,29,32|6,12,14,19,34,38|8,22,25,33,35,40
2,7,9,12,25,28|3,22,26,27,30,32|10,15,17,20,33,34
2,7,12,15,17,26|3,9,10,22,25,30|20,27,28,32,33,34
1,2,3,15,17,38|6,9,10,23,27,32|8,18,22,25,26,34
1,2,17,22,27,30|6,9,10,31,33,38|8,19,25,26,28,34
1,3,15,17,26,30|2,7,9,12,22,25|10,28,29,31,33,34
1,9,23,27,28,32|2,3,10,15,29,38|8,18,22,25,26,34
1,10,15,34,38,40|2,7,9,12,22,25|3,6,26,27,30,32
1,17,22,25,33,34|2,3,6,27,32,38|9,10,15,23,26,40
1,17,28,31,33,34|2,3,6,27,32,38|9,10,15,23,26,40
2,3,8,9,10,15|11,18,25,28,34,38|17,22,23,26,27,29
2,3,10,15,29,38|8,18,22,25,26,34|9,11,17,23,27,28
2,7,9,12,22,25|3,6,26,27,30,32|10,11,15,17,33,34
2,7,9,12,28,31|3,6,26,27,30,32|10,11,15,17,33,34
3,10,15,26,29,30|9,11,17,23,27,28|18,20,22,25,34,38
2,6,7,14,17,26|3,9,10,12,15,30|8,20,27,28,33,35
2,6,7,25,26,29|3,9,10,12,15,30|8,20,27,28,33,35
2,7,17,22,25,32|3,9,10,12,15,30|8,20,27,28,33,35
2,7,22,26,29,31|3,9,10,12,15,30|8,20,27,28,33,35
1,3,9,22,25,30|2,7,12,15,26,29|6,10,14,17,33,34
1,3,9,28,30,31|2,7,12,15,26,29|6,10,14,17,33,34
1,8,27,28,29,34|2,6,7,9,12,25|3,10,15,17,30,32
1,9,14,28,33,38|2,3,22,25,34,40|6,17,23,26,27,29
1,9,15,20,33,38|2,3,22,25,34,40|6,17,23,26,27,29
1,9,22,31,33,38|2,6,10,27,29,30|8,14,18,26,28,34
1,15,26,29,33,38|2,3,22,25,34,40|6,9,17,20,23,27
2,6,7,9,12,25|3,10,15,17,30,32|8,14,18,26,28,34
2,6,10,27,29,30|8,9,17,25,28,33|18,20,22,31,34,38
2,6,26,27,30,40|8,9,17,25,28,33|18,20,22,31,34,38
2,7,9,12,14,28|3,10,15,17,30,32|6,8,18,25,26,34
2,7,9,12,22,31|3,10,15,17,30,32|6,8,18,25,26,34
2,7,12,15,26,29|3,6,9,10,30,31|11,18,22,25,34,38
3,6,9,10,30,31|8,12,27,28,33,35|11,18,22,25,34,38
3,10,15,17,30,32|6,8,18,25,26,34|9,20,23,27,28,29
1,8,10,15,33,35|2,6,7,9,11,25|12,14,18,28,34,38
1,9,12,15,33,38|2,6,7,17,25,32|20,23,27,28,35,40
1,12,15,17,33,34|2,6,7,9,11,25|20,23,27,28,35,40
2,6,7,9,11,25|8,12,15,18,26,34|20,23,27,28,35,40
2,6,7,9,20,31|8,11,27,28,33,35|12,19,22,25,34,38
2,6,7,17,25,32|8,11,27,28,33,35|12,15,18,20,34,38
2,6,7,26,29,31|8,11,27,28,33,35|12,15,18,20,34,38
2,7,9,11,14,28|6,12,18,25,34,38|8,20,22,27,33,35
2,7,9,11,22,31|6,12,18,25,34,38|20,23,27,28,35,40
2,7,9,14,20,22|6,12,18,25,34,38|8,11,27,28,33,35
2,7,14,17,28,32|6,12,18,25,34,38|8,20,22,27,33,35
2,7,15,17,20,32|6,12,18,25,34,38|8,11,27,28,33,35
2,7,17,22,31,32|6,12,18,25,34,38|8,11,27,28,33,35
1,2,3,8,9,15|6,10,29,31,33,34|12,18,23,25,28,35
1,2,3,15,29,38|6,8,18,26,31,34|9,17,23,25,28,40
1,2,22,27,29,30|6,8,18,26,31,34|9,17,23,25,28,40
1,3,6,9,25,30|2,7,12,15,17,32|8,14,18,22,26,34
1,3,9,14,28,30|2,7,12,15,17,32|6,8,18,26,31,34
1,3,9,15,20,30|6,8,18,26,31,34|12,23,27,28,35,40|17,22,25,29,33,38
1,3,9,22,30,31|2,7,12,15,17,32|6,8,19,25,26,34
1,3,15,26,29,30|2,6,7,9,12,31|8,18,25,28,32,34
1,6,9,23,27,32|2,3,14,28,34,40|17,22,25,29,33,38
1,8,22,27,29,34|2,6,7,9,12,31|15,26,32,33,38,40
1,9,10,15,23,29|2,3,6,25,34,40|8,12,22,27,33,35
1,9,11,15,33,38|2,3,6,25,34,40|17,23,27,28,29,32
1,9,14,22,33,38|2,3,6,25,34,40|17,23,27,28,29,32
1,9,15,23,26,40|2,18,25,28,30,32|6,10,29,31,33,34
1,14,17,22,33,34|2,6,7,9,12,31|8,15,18,26,32,38
1,15,17,32,33,38|2,3,6,25,34,40|9,11,23,27,28,29
1,22,25,29,33,34|2,6,7,9,12,31|8,15,18,26,32,38
1,28,29,31,33,34|2,6,19,25,26,30|8,9,10,15,38,40
2,3,14,28,34,40|6,9,11,17,23,27|8,15,18,26,32,38
2,3,22,31,34,40|6,9,11,17,23,27|8,15,18,26,32,38
2,6,7,9,12,31|3,17,25,28,29,30|8,11,15,18,26,34
2,6,18,26,30,31|8,9,10,15,32,33|11,19,22,25,34,38|12,23,27,28,35,40
2,6,19,25,26,30|8,9,10,15,32,33|11,14,18,28,34,38
2,7,9,11,12,15|3,17,25,28,29,30|6,8,18,26,31,34
2,7,9,12,14,22|3,17,25,28,29,30|6,8,18,26,31,34
2,7,12,15,17,32|3,6,9,10,14,30|8,19,22,26,31,34
2,10,15,17,30,40|6,8,18,26,31,34|9,11,23,27,28,29
2,11,15,18,26,30|6,10,29,31,33,34|9,17,23,25,28,40
2,14,18,22,26,30|6,9,11,17,23,27|10,15,29,32,33,38
2,14,19,26,28,30|6,9,11,17,23,27|10,15,29,32,33,38
2,15,19,20,26,30|6,9,11,17,23,27|8,18,25,28,32,34
2,18,25,28,30,32|6,9,11,17,23,27|8,15,19,20,26,34
2,19,22,26,30,31|6,9,11,17,23,27|8,18,25,28,32,34
2,27,28,30,32,40|6,8,18,26,31,34|17,22,25,29,33,38
3,6,9,10,14,30|8,11,15,18,26,34|12,23,27,28,35,40|17,22,25,29,33,38
6,9,11,17,23,27|8,14,18,22,26,34|10,15,29,32,33,38
6,10,29,31,33,34|8,15,18,26,32,38|9,17,23,25,28,40
6,11,18,25,34,38|8,9,10,15,32,33|12,23,27,28,35,40
6,11,27,32,33,34|8,9,10,15,38,40|12,18,23,25,28,35
6,11,27,34,38,40|8,9,10,15,32,33|12,18,23,25,28,35
6,18,20,31,34,38|8,9,10,15,32,33|12,23,27,28,35,40
6,19,20,25,34,38|8,9,10,15,32,33|12,23,27,28,35,40
6,26,31,33,34,40|8,17,22,27,29,38|12,18,23,25,28,35
8,12,22,27,33,35|9,17,23,25,28,40|11,15,18,20,34,38
8,17,22,27,29,38|11,15,26,33,34,40|12,18,23,25,28,35
1,2,15,29,33,38|3,6,9,17,23,31|11,18,22,25,30,34
1,3,9,15,23,32|2,6,8,18,25,34|14,19,22,26,30,38
1,6,7,8,25,35|2,14,28,33,34,40|3,9,11,15,17,23
1,6,27,29,30,38|2,8,14,18,28,34|3,9,11,15,17,23
1,7,8,14,28,35|2,6,17,23,27,29|3,11,15,32,33,34
1,7,8,15,20,35|2,6,17,23,27,29|3,14,22,32,33,34
1,7,8,22,31,35|2,6,17,23,27,29|3,11,15,32,33,34
1,15,26,29,30,33|2,6,8,18,25,34|3,9,14,17,22,23
2,6,8,18,25,34|3,9,11,15,17,23|14,19,22,26,30,38
2,6,8,27,34,40|3,9,11,15,17,23|14,19,22,26,30,38
2,6,17,23,27,29|3,11,15,32,33,34|14,19,22,26,30,38
2,6,25,33,34,40|3,9,11,15,17,23|14,19,22,26,30,38
2,8,14,18,28,34|3,6,9,17,23,31|11,15,19,26,30,38
2,8,15,18,20,34|3,6,9,17,23,31|14,19,22,26,30,38
2,8,18,22,31,34|3,9,11,15,17,23|19,25,28,30,32,38
2,8,19,28,31,34|3,9,11,15,17,23|6,14,18,26,30,38
2,14,28,33,34,40|3,6,9,17,23,31|11,15,19,26,30,38
2,15,19,23,26,32|3,6,31,34,38,40|8,17,27,28,29,30
2,15,20,33,34,40|3,6,9,17,23,31|14,19,22,26,30,38
2,22,31,33,34,40|3,9,11,15,17,23|6,7,8,10,14,35|19,25,28,30,32,38
3,6,9,17,23,31|7,12,14,28,29,34|11,15,19,26,30,38
3,9,11,15,17,23|6,7,8,10,14,35|18,20,22,30,31,34
3,9,14,17,22,23|6,7,12,25,29,34|11,15,19,26,30,38
3,9,22,23,25,29|6,7,8,10,14,35|11,15,19,26,30,38
3,9,23,28,29,31|6,7,8,10,14,35|11,15,19,26,30,38
3,11,15,34,38,40|6,7,8,10,14,35|17,25,28,29,30,33
1,6,7,31,32,34|3,8,22,25,33,35|12,15,19,26,30,38
1,7,14,22,32,34|3,6,11,23,27,35|12,15,19,26,30,38
3,6,11,23,27,35|7,8,9,22,25,32|12,15,19,26,30,38
3,8,28,31,33,35|6,7,9,14,20,38|12,18,22,25,30,34
1,2,9,15,23,40|3,6,14,32,33,34|8,17,22,27,29,30
1,6,7,8,31,35|2,11,15,33,34,40|3,9,14,23,28,29|19,22,25,30,32,38
1,7,8,11,15,35|2,6,31,33,34,40|3,9,14,23,28,29|19,22,25,30,32,38
1,7,8,14,22,35|2,6,31,33,34,40|3,9,15,20,23,29
1,9,14,22,30,33|2,6,8,18,31,34|7,12,15,29,32,38
1,15,17,30,32,33|2,6,8,18,31,34|3,9,14,23,28,29
1,15,17,30,38,40|2,6,8,18,31,34|3,9,14,23,28,29
2,6,8,18,31,34|3,9,14,23,28,29|15,26,30,32,33,40
2,6,8,19,25,34|3,9,14,23,28,29|15,18,20,30,32,38
2,8,11,15,18,34|3,6,9,14,17,23|19,22,25,30,32,38
2,8,14,18,22,34|3,6,9,23,25,29|15,26,30,32,33,40
2,8,14,19,28,34|3,6,9,23,25,29|15,18,20,30,32,38
2,8,15,18,32,38|3,6,9,14,17,23|11,19,22,25,30,34
2,8,15,19,20,34|3,6,9,14,17,23|18,22,30,31,32,38
2,8,19,22,31,34|3,6,9,14,17,23|7,12,15,29,32,38
2,11,15,33,34,40|3,6,9,14,17,23|18,22,30,31,32,38
2,14,22,33,34,40|3,6,9,23,25,29|8,15,18,26,30,32
2,15,32,33,38,40|3,6,9,14,17,23|11,18,22,30,31,34
3,6,9,14,17,23|7,11,12,15,29,34|18,22,30,31,32,38
3,6,14,34,38,40|7,8,9,12,15,32|17,22,25,29,30,33
1,9,12,15,30,33|3,22,23,25,35,40|6,7,11,14,17,34
2,8,12,15,18,34|3,22,23,25,35,40|6,7,9,11,14,38
3,8,15,20,33,35|6,7,9,11,14,38|12,18,22,30,31,34
3,8,22,31,33,35|6,7,9,11,14,38|12,15,18,20,30,34
3,22,23,25,35,40|6,7,9,11,14,38|12,15,18,20,30,34
3,23,28,31,35,40|6,7,8,9,25,32|12,15,18,20,30,34
2,6,8,14,18,34|3,9,11,15,23,29|19,22,30,31,32,38
2,6,8,19,31,34|3,9,11,15,23,29|14,18,22,30,32,38
2,6,14,33,34,40|3,9,11,15,23,29|19,22,30,31,32,38
2,8,11,15,19,34|3,6,9,23,29,31|14,18,22,30,32,38
2,8,14,19,22,34|3,6,9,23,29,31|11,15,18,30,32,38
2,8,15,19,32,38|3,6,9,23,29,31|11,14,18,22,30,34
2,8,12,15,19,34|3,6,23,25,35,40|7,14,22,29,32,38
3,6,8,31,33,35|7,11,14,22,29,34|12,15,18,30,32,38
3,6,23,25,35,40|7,8,9,11,15,32|12,14,18,22,30,34
3,8,14,22,33,35|6,7,11,29,31,34|12,15,18,30,32,38
3,14,23,28,35,40|6,7,8,9,31,32|11,12,15,18,30,34
3,15,20,23,35,40|6,7,8,9,31,32|12,14,18,22,30,34
3,22,23,31,35,40|6,7,14,20,29,34|12,15,18,30,32,38
1,3,9,15,23,26|2,6,20,27,33,34|7,8,10,22,25,35
3,9,17,23,25,28|7,10,12,15,32,34|22,26,27,30,38,40
1,2,6,9,23,27|3,22,25,32,33,34|7,8,10,14,28,35|15,18,20,26,30,38
1,6,17,27,30,38|2,8,9,10,15,33|7,12,25,28,29,34
1,8,9,27,28,30|2,10,15,29,33,38|6,7,12,17,25,34
1,9,25,28,30,33|2,8,15,18,26,38|3,12,22,23,27,35
1,15,17,26,30,33|2,8,18,25,28,34|3,12,22,23,27,35
1,27,28,29,30,38|2,8,9,10,15,33|6,7,12,17,25,34
2,6,11,27,33,34|3,9,10,15,23,32|14,18,26,28,30,38
2,6,27,32,33,38|3,9,17,22,23,25|7,8,10,14,28,35
2,8,9,10,15,33|3,12,22,23,27,35|6,18,25,26,30,38
2,8,15,18,26,38|3,9,17,22,23,25|20,27,28,30,34,40
2,8,18,25,28,34|3,9,10,15,23,32|6,26,27,30,38,40
2,8,27,28,34,40|3,9,10,15,23,32|6,18,25,26,30,38
2,17,23,27,28,29|3,6,14,26,33,34|7,8,10,15,20,35
2,25,28,33,34,40|3,9,10,15,23,32|18,22,26,30,31,38
3,8,22,27,32,34|6,7,9,12,25,38|10,15,26,29,30,33
3,9,10,15,23,32|6,7,12,17,25,34|14,18,26,28,30,38
3,9,17,23,28,31|6,7,8,10,25,35|15,18,20,26,30,38
3,22,25,32,33,34|6,8,9,10,27,30|7,12,15,26,29,38
3,28,31,32,33,34|6,7,8,10,25,35|15,18,20,26,30,38
1,3,10,15,23,35|2,6,12,27,33,34|7,8,9,14,26,28
1,3,8,9,15,38|2,17,22,23,27,29|11,18,25,28,30,34
1,7,12,15,32,34|2,17,22,23,27,29|6,9,10,30,31,33
1,8,9,22,27,30|2,15,18,23,26,32|3,6,25,34,38,40
1,9,22,25,30,33|2,8,15,19,26,38|3,6,12,23,27,35
1,9,28,30,31,33|2,8,15,19,26,38|3,6,12,23,27,35
1,10,15,30,34,40|2,17,22,23,27,29|6,7,9,12,31,38
1,22,27,29,30,38|2,8,18,28,31,34|3,6,9,17,23,25
2,8,15,19,26,38|3,6,9,17,23,25|7,12,28,29,31,34
2,8,18,22,25,34|3,6,12,23,27,35|9,10,11,15,30,33
2,8,18,28,31,34|3,6,9,17,23,25|15,19,20,26,30,38
2,8,19,25,28,34|3,6,12,23,27,35|9,10,11,15,30,33
2,8,22,27,34,40|3,6,9,17,23,25|11,15,18,26,30,38
2,9,10,15,23,40|3,6,8,27,32,34|14,18,22,26,30,38
2,15,18,23,26,32|3,6,25,34,38,40|7,8,10,14,22,35
2,17,22,23,27,29|3,6,25,32,33,34|7,8,10,11,15,35|14,19,26,28,30,38
2,22,25,33,34,40|3,6,12,23,27,35|11,15,18,26,30,38
2,28,31,33,34,40|3,6,9,17,23,25|7,8,10,11,15,35|14,18,22,26,30,38
3,6,9,17,23,25|7,8,10,11,15,35|14,18,22,26,30,38
3,6,25,32,33,34|7,8,10,11,15,35|14,18,22,26,30,38
3,9,14,17,23,28|6,7,8,10,31,35|11,15,18,26,30,38
3,9,15,17,20,23|6,7,8,10,31,35|11,18,25,28,30,34
3,9,17,22,23,31|6,19,25,26,30,38|7,8,10,11,15,35
3,9,23,25,28,29|6,7,8,10,31,35|11,15,18,26,30,38
3,14,28,32,33,34|6,7,8,10,31,35|11,15,18,26,30,38
3,15,17,23,26,29|6,7,8,10,31,35|11,18,25,28,30,34
3,15,20,32,33,34|6,7,8,10,31,35|14,18,22,26,30,38
3,22,31,32,33,34|6,19,25,26,30,38|7,8,10,11,15,35
1,6,7,25,32,34|3,11,22,23,27,35|9,10,12,15,30,33
1,7,14,28,32,34|3,6,20,23,27,35|9,10,12,15,30,33
1,7,22,31,32,34|3,6,20,23,27,35|9,10,12,15,30,33
3,6,20,23,27,35|7,8,9,11,15,26|12,18,25,28,30,34
3,11,22,23,27,35|6,7,8,9,26,31|12,18,25,28,30,34
1,2,6,14,19,30|8,9,11,15,33,40|18,22,23,29,31,32
1,2,6,14,18,30|8,9,15,20,33,40|17,19,22,23,31,32
1,2,6,19,30,31|8,9,14,28,33,40|11,15,17,18,23,32
1,2,11,15,19,30|6,8,9,25,33,40|14,17,18,22,23,32
1,2,14,19,22,30|6,8,9,25,33,40|11,15,17,18,23,32
1,3,15,30,32,40|6,8,14,17,18,38|9,11,19,22,23,31
1,6,8,14,18,34|3,11,15,17,30,40|19,23,25,28,29,32
1,6,8,19,31,34|3,11,15,17,30,40|18,22,23,25,29,32
1,6,14,33,34,40|8,11,15,17,19,38|18,22,23,25,29,32
3,6,17,30,31,40|8,14,18,28,29,38|9,11,15,19,20,23
3,11,15,17,30,40|6,8,18,25,29,38|9,14,19,20,22,23
3,14,17,22,30,40|6,8,18,25,29,38|9,11,15,19,20,23
3,22,25,29,30,40|6,8,14,17,18,38|9,11,15,19,20,23
3,28,29,30,31,40|6,8,14,17,18,38|9,11,15,19,20,23
1,2,6,18,30,31|8,9,22,25,33,40|14,19,23,26,28,29
1,2,6,19,25,30|8,9,28,31,33,40|11,15,18,23,26,29
1,2,11,15,18,30|6,8,10,14,19,34|22,25,29,33,38,40
1,2,14,18,22,30|6,8,17,19,25,38|23,27,28,29,32,40
1,2,15,19,20,30|6,8,17,18,31,38|23,27,28,29,32,40
1,6,8,18,31,34|2,3,11,15,29,33|9,14,19,20,23,28
1,6,8,19,25,34|2,3,11,15,29,33|9,14,18,20,22,23
1,6,31,33,34,40|8,11,15,17,18,38|9,14,19,20,23,28
1,8,11,15,18,34|2,3,6,29,31,33|9,14,19,20,23,28
1,8,14,19,28,34|2,3,6,29,31,33|9,11,15,18,20,23
1,8,15,18,32,38|2,3,6,29,31,33|9,11,19,22,23,25
1,8,15,19,20,34|2,3,6,29,31,33|9,11,14,18,23,28
1,8,19,22,31,34|2,3,11,15,29,33|6,17,18,23,25,32
1,11,15,33,34,40|2,6,10,14,19,30|8,18,22,25,29,38
1,14,22,33,34,40|3,6,11,27,29,30|8,15,17,19,20,38
1,15,32,33,38,40|2,6,10,14,19,30|9,11,18,22,23,31
2,3,6,29,31,33|8,11,15,17,18,38|9,14,19,20,23,28
2,3,11,15,29,33|6,8,10,14,19,34|17,18,22,23,31,32
2,6,10,14,19,30|8,9,22,25,33,40|11,15,18,23,26,29
2,7,12,15,32,40|3,6,11,27,29,30|8,14,17,18,22,38
3,6,11,27,29,30|8,9,22,25,33,40|14,17,18,23,28,32
3,14,17,28,30,40|6,9,11,18,23,25|8,22,27,29,32,33
3,15,17,20,30,40|6,8,10,14,19,34|9,11,18,22,23,31
3,17,22,30,31,40|6,8,10,14,19,34|9,11,15,18,20,23
3,25,28,29,30,40|6,8,10,14,19,34|9,11,15,18,20,23
6,8,10,14,19,34|9,11,15,18,20,23|22,25,29,33,38,40
1,2,6,18,25,30|8,10,11,15,19,34|14,17,28,33,38,40
1,2,6,27,30,40|8,10,11,15,19,34|9,14,18,20,23,28
1,2,7,12,15,29|3,17,22,25,30,40|6,8,9,11,27,33
1,2,14,18,28,30|6,8,9,11,27,33|19,22,23,25,26,29
1,2,15,18,20,30|6,8,9,11,27,33|14,17,19,22,23,26
1,2,18,22,30,31|6,8,9,11,27,33|17,19,23,25,28,32
1,2,19,22,25,30|6,8,9,11,27,33|14,18,23,26,28,29
1,2,19,28,30,31|6,8,9,11,27,33|15,18,20,23,26,29
1,6,8,18,25,34|2,3,14,28,29,33|9,11,22,23,27,40
1,6,8,27,34,40|2,3,14,28,29,33|9,11,18,22,23,25
1,6,17,23,27,29|2,10,11,15,19,30|8,9,25,28,33,40
1,6,25,33,34,40|2,10,11,15,19,30|8,14,17,18,28,38
1,8,14,18,28,34|2,3,6,25,29,33|9,11,22,23,27,40
1,8,15,18,20,34|2,3,6,14,17,33|9,11,19,23,25,28
1,8,18,22,31,34|2,3,6,14,17,33|9,11,19,23,25,28
1,8,19,22,25,34|2,3,6,14,17,33|9,11,18,23,28,31
1,8,19,28,31,34|2,3,6,14,17,33|9,11,18,22,23,25
1,14,28,33,34,40|2,3,6,8,27,29|9,11,18,22,23,25
1,15,19,23,26,32|2,3,6,8,27,29|14,17,28,33,38,40
1,15,20,33,34,40|2,3,6,8,27,29|9,11,18,22,23,25
1,22,31,33,34,40|2,3,6,8,27,29|9,11,19,23,25,28
2,3,6,8,27,29|9,11,18,22,23,25|14,17,28,33,38,40
2,3,6,14,17,33|8,10,11,15,19,34|9,18,20,22,23,31
2,3,6,25,29,33|8,10,11,15,19,34|9,14,18,20,23,28
2,3,14,28,29,33|6,8,10,19,31,34|9,11,18,22,23,25
2,3,15,20,29,33|6,8,10,14,18,34|9,11,19,23,25,28
2,3,22,29,31,33|6,8,10,14,18,34|9,11,19,23,25,28
2,6,10,14,18,30|8,9,25,28,33,40|11,15,17,19,23,26
2,6,10,19,30,31|8,9,25,28,33,40|15,18,20,23,26,29
2,10,14,19,22,30|6,8,9,11,27,33|15,18,20,23,26,29
3,6,20,27,29,30|8,9,25,28,33,40|11,15,17,19,23,26
3,10,15,30,32,40|6,8,9,11,27,33|14,17,19,22,23,26
3,11,22,27,29,30|6,8,10,14,18,34|9,19,20,23,28,31
3,17,22,25,30,40|6,8,9,11,27,33|14,18,23,26,28,29
3,17,28,30,31,40|6,8,9,11,27,33|15,18,20,23,26,29
6,8,10,14,18,34|9,11,19,23,25,28|15,17,20,33,38,40
6,8,10,19,31,34|9,11,18,22,23,25|14,17,28,33,38,40
6,9,18,20,23,25|8,10,11,15,19,34|14,17,28,33,38,40
6,10,14,33,34,40|8,15,17,18,20,38|9,11,19,23,25,28
6,11,27,29,33,38|8,10,14,19,22,34|17,18,23,28,31,32
6,17,25,33,38,40|8,10,11,15,19,34|9,14,18,20,23,28
6,18,23,25,26,29|8,10,11,15,19,34|14,17,28,33,38,40
8,10,11,15,19,34|9,14,18,20,23,28|17,22,31,33,38,40
8,10,14,19,22,34|9,11,18,23,28,31|15,17,20,33,38,40
1,2,3,15,32,33|6,8,10,18,31,34|9,11,23,27,28,40
1,2,3,15,38,40|6,8,9,20,27,33|14,17,18,22,23,26
1,2,18,22,25,30|6,8,9,20,27,33|14,17,19,23,26,28
1,2,19,25,28,30|6,8,9,20,27,33|11,15,17,18,23,26
1,2,22,27,30,40|6,8,10,18,31,34|9,19,20,23,25,28
1,3,6,27,30,32|8,10,11,15,18,34|9,19,20,23,25,28
1,3,10,15,29,30|6,8,9,20,27,33|14,17,18,22,23,26
1,3,15,26,30,40|6,8,9,20,27,33|17,18,23,25,28,32
1,8,15,19,26,38|2,3,6,17,31,33|9,11,18,23,25,28
1,8,18,22,25,34|2,3,6,17,31,33|9,11,23,27,28,40
1,8,18,28,31,34|2,3,11,15,17,33|9,20,22,23,27,40
1,8,19,25,28,34|2,3,6,17,31,33|9,20,22,23,27,40
1,8,22,27,34,40|2,3,6,17,31,33|9,11,18,23,25,28
1,15,18,23,26,32|2,3,6,17,31,33|8,10,14,19,28,34
1,22,25,33,34,40|2,6,10,18,30,31|14,17,19,23,26,28
1,28,31,33,34,40|2,3,8,22,27,29|6,17,19,23,25,26
2,3,6,17,31,33|8,10,11,15,18,34|9,19,20,23,25,28
2,3,8,22,27,29|6,10,31,33,34,40|9,11,18,23,25,28
2,3,11,15,17,33|6,8,10,18,31,34|9,19,20,23,25,28
2,3,14,17,22,33|6,8,10,18,31,34|9,11,23,27,28,40
2,3,22,25,29,33|6,8,10,18,31,34|9,11,23,27,28,40
2,3,28,29,31,33|6,8,10,19,25,34|9,20,22,23,27,40
2,6,10,18,30,31|8,9,11,22,27,33|14,17,19,23,26,28
2,6,10,19,25,30|8,9,11,22,27,33|18,23,26,28,29,31
2,10,11,15,18,30|6,8,9,20,27,33|14,17,19,23,26,28
2,10,14,18,22,30|6,8,9,20,27,33|19,23,25,26,28,29
2,10,14,19,28,30|6,8,9,20,27,33|11,15,17,18,23,26
2,10,15,19,20,30|6,8,26,27,29,33|9,11,18,23,25,28
2,10,19,22,30,31|6,8,9,20,27,33|11,15,17,18,23,26
3,6,11,17,27,30|8,10,14,18,22,34|9,19,20,23,25,28
3,11,27,28,29,30|6,8,10,18,31,34|15,17,19,20,23,26
3,20,22,27,29,30|6,8,10,18,31,34|14,17,19,23,26,28
6,20,27,29,33,38|8,10,11,15,18,34|14,17,19,23,26,28
1,2,7,12,15,17|3,20,27,28,29,30|6,8,10,18,25,34
1,3,22,27,30,32|2,7,10,12,15,29|6,17,18,23,25,26
1,6,11,27,33,34|2,7,10,12,15,29|8,17,18,25,28,38
1,6,27,32,33,38|2,7,10,12,15,29|9,18,20,23,25,28
1,8,9,10,15,33|2,6,7,12,27,32|14,17,18,23,26,28
1,8,15,18,26,38|2,3,6,17,25,33|9,20,23,27,28,40
1,8,27,28,34,40|2,3,6,17,25,33|10,15,19,23,26,32
1,10,15,29,33,38|2,3,6,8,17,27|9,18,20,23,25,28
1,15,26,33,38,40|2,3,6,8,17,27|9,18,20,23,25,28
1,25,28,33,34,40|2,3,6,8,17,27|10,15,19,23,26,32
2,3,6,8,17,27|9,18,20,23,25,28|10,22,31,33,34,40
2,3,8,27,28,29|6,10,25,33,34,40|15,17,18,20,23,26
2,3,15,17,20,33|6,8,10,18,25,34|23,26,27,28,29,40
2,3,17,22,31,33|6,8,10,18,25,34|9,20,23,27,28,40
2,3,25,28,29,33|6,8,10,27,34,40|15,17,18,20,23,26
2,6,7,12,27,32|8,10,14,18,28,34|17,19,22,23,25,26
2,7,12,15,26,40|3,6,17,20,27,30|8,10,14,18,28,34
8,10,15,18,20,34|11,27,28,29,33,38|17,19,22,23,25,26
1,6,20,27,33,34|2,3,10,15,38,40|17,18,22,23,25,26
1,11,22,27,33,34|2,3,10,15,38,40|17,18,23,26,28,31
2,10,18,22,25,30|3,7,12,15,26,32|6,17,20,27,33,38
2,10,18,28,30,31|3,7,12,15,26,32|6,17,20,27,33,38
2,10,19,25,28,30|3,7,12,15,26,32|6,17,20,27,33,38
3,7,12,15,26,32|6,17,20,27,33,38|8,10,18,22,25,34
2,6,7,14,29,38|3,12,15,30,34,40|8,18,22,23,25,35
6,7,9,11,30,31|8,12,15,19,34,38|22,23,25,33,35,40
6,7,9,14,20,30|8,12,15,19,34,38|22,23,25,33,35,40
6,7,14,26,29,30|8,12,15,19,34,38|22,23,25,33,35,40
6,7,17,30,31,32|8,12,15,19,34,38|22,23,25,33,35,40
7,9,11,14,22,30|8,12,15,19,34,38|23,28,31,33,35,40
7,14,17,22,30,32|8,12,15,19,34,38|23,28,31,33,35,40
7,22,25,29,30,32|8,12,15,19,34,38|23,28,31,33,35,40
7,28,29,30,31,32|8,12,15,19,34,38|22,23,25,33,35,40
2,3,15,17,23,29|6,7,9,12,30,31|8,14,18,22,34,38
6,7,9,20,30,31|8,12,15,18,34,38|23,25,28,33,35,40
6,7,26,29,30,31|8,12,15,18,34,38|23,25,28,33,35,40
6,11,23,27,33,35|7,9,14,20,22,30|8,12,15,18,34,38
7,9,11,22,30,31|8,12,15,18,34,38|23,25,28,33,35,40
7,9,14,20,22,30|8,12,15,18,34,38|23,25,28,33,35,40
7,14,22,26,29,30|8,12,15,18,34,38|23,25,28,33,35,40
7,17,22,30,31,32|8,12,15,18,34,38|23,25,28,33,35,40
2,7,8,9,12,15|3,22,25,30,34,40|6,17,23,27,29,38
2,7,12,15,29,38|3,22,25,30,34,40|6,8,9,17,23,27
6,8,9,17,23,27|7,12,15,26,29,30|14,28,33,34,38,40
6,8,18,25,34,38|7,9,12,14,28,30|15,17,23,26,29,33
6,8,27,34,38,40|7,9,12,14,28,30|15,17,23,26,29,33
6,9,17,23,25,33|7,12,15,26,29,30|8,14,18,28,34,38
6,17,23,27,29,38|7,9,12,14,28,30|8,15,26,33,34,40
7,12,15,26,29,30|8,14,18,28,34,38|9,17,22,23,31,33
1,2,7,12,15,34|3,22,27,30,32,38|9,17,23,25,28,33
1,6,9,23,27,38|2,3,14,28,33,34|7,12,15,17,26,30
1,22,23,27,29,34|2,3,15,32,33,38|7,9,12,28,30,31
2,3,6,31,33,34|7,9,12,22,25,30|15,18,23,26,32,38
2,3,14,22,33,34|7,9,12,28,30,31|15,18,23,26,32,38
2,3,15,32,33,38|6,18,23,26,31,34|7,9,12,22,25,30
1,7,13,15,25,35|2,6,19,27,34,39|3,9,16,17,21,33
2,6,19,27,34,39|3,9,16,17,21,33|7,10,13,14,15,35
2,14,19,21,27,34|3,9,15,17,33,39|6,7,10,13,16,35
1,2,15,18,23,26|3,6,8,17,27,38|7,12,25,28,34,40
1,3,15,20,33,34|2,17,18,23,25,28|6,7,12,27,32,38
1,10,15,17,30,33|3,6,9,20,23,27|7,12,25,28,34,40
2,8,10,15,18,38|3,6,9,20,23,27|7,12,25,28,34,40
2,17,18,23,25,28|3,6,10,14,33,34|7,12,15,26,38,40
3,8,9,25,28,33|6,7,11,12,27,34|10,15,18,20,30,38
3,8,15,17,26,33|6,7,11,12,27,34|10,14,18,28,30,38
3,9,11,22,23,27|6,10,18,25,30,38|7,12,15,26,32,33
3,14,17,28,33,38|6,7,11,12,27,34|8,10,15,18,26,30
3,17,22,31,33,38|6,7,11,12,27,34|8,10,15,18,26,30
3,25,28,29,33,38|6,7,11,12,27,34|8,10,15,18,26,30
1,2,15,19,23,26|3,6,17,31,33,38|7,12,22,25,34,40
1,3,11,15,33,34|2,17,18,22,23,25|10,14,19,28,30,38
1,3,15,32,33,38|2,17,18,22,23,25|7,12,28,31,34,40
1,22,27,30,32,33|2,8,10,15,19,38|3,9,23,25,28,40
2,6,8,17,27,33|3,9,23,25,28,40|10,11,15,18,30,38
2,8,10,15,19,38|3,6,9,11,23,27|7,12,22,25,34,40
2,8,27,28,29,33|3,15,17,23,26,40|6,10,18,30,31,38
2,10,15,18,23,32|3,6,17,31,33,38|7,12,22,25,34,40
2,17,18,22,23,25|3,8,9,28,31,33|10,15,19,20,30,38
2,17,18,23,28,31|3,8,9,22,25,33|10,15,19,20,30,38
2,17,22,23,27,40|3,8,9,28,31,33|6,10,19,25,30,38
3,6,9,11,23,27|7,12,22,25,34,40|8,10,15,19,26,30
3,6,17,23,27,32|7,12,22,25,34,40|8,10,15,19,26,30
3,6,17,31,33,38|7,12,22,25,34,40|8,10,15,19,26,30
3,14,17,22,33,38|7,12,28,31,34,40|8,10,15,19,26,30
3,22,25,29,33,38|7,12,28,31,34,40|8,10,15,19,26,30
3,23,27,28,29,32|6,10,18,30,31,38|7,12,22,25,34,40
3,28,29,31,33,38|7,12,22,25,34,40|8,10,15,19,26,30
1,3,28,31,33,34|2,10,15,19,23,26|7,12,22,27,32,38
1,2,8,15,18,38|3,9,22,23,25,40|6,11,17,27,30,33
1,2,15,33,38,40|3,22,23,27,29,32|8,17,18,25,28,30
1,3,6,14,33,34|2,10,15,19,23,32|8,17,18,25,28,30
1,6,18,25,30,38|2,8,22,27,29,33|3,9,23,28,31,40
1,6,27,30,32,33|2,14,17,18,23,28|7,12,15,20,34,40
1,6,27,30,38,40|2,10,15,19,23,32|3,8,9,14,28,33
1,7,8,9,12,15|2,6,17,18,23,25|3,14,28,29,33,38
1,7,12,15,29,38|2,6,17,18,23,25|3,8,9,14,28,33
1,8,15,18,26,30|2,6,17,23,27,40|3,14,28,29,33,38
1,10,15,29,30,33|2,6,17,18,23,25|7,12,14,28,34,40
1,14,18,28,30,38|2,6,17,23,27,40|3,8,9,15,20,33
1,15,18,20,30,38|2,6,17,23,27,40|3,8,9,14,28,33
1,18,22,30,31,38|2,6,17,23,27,40|3,8,9,14,28,33
1,19,22,25,30,38|2,6,17,23,27,40|3,8,9,14,28,33
1,19,28,30,31,38|2,6,17,18,23,25|3,8,9,15,20,33
2,6,17,18,23,25|3,8,9,14,28,33|7,12,15,20,34,40
2,6,17,23,27,40|3,8,9,14,28,33|10,11,15,19,30,38
2,8,22,27,29,33|3,9,23,28,31,40|6,10,14,18,30,38
2,10,15,19,23,32|3,6,8,9,25,33|7,12,14,28,34,40
2,14,17,18,23,28|3,6,8,9,25,33|7,12,15,20,34,40
2,15,17,18,20,23|3,6,8,9,25,33|7,12,14,28,34,40
2,17,18,22,23,31|3,6,8,9,25,33|7,12,14,28,34,40|10,11,15,19,30,38
2,17,19,22,23,25|3,6,8,27,29,38|7,12,14,28,34,40
2,17,19,23,28,31|3,6,8,9,25,33|7,12,15,20,34,40
2,18,23,25,28,29|3,6,14,17,33,38|7,12,15,20,34,40
2,23,27,28,29,40|3,6,8,9,25,33|10,11,15,19,30,38
3,6,8,9,25,33|7,12,14,28,34,40|10,11,15,19,30,38
3,8,9,14,28,33|6,7,12,25,34,40|10,11,15,19,30,38
3,8,9,15,20,33|6,7,12,25,34,40|10,14,19,22,30,38
3,8,9,22,31,33|6,7,12,25,34,40|10,11,15,19,30,38
3,8,15,26,29,33|6,7,12,25,34,40|10,14,19,22,30,38
3,22,23,27,29,32|6,7,12,25,34,40|10,11,15,19,30,38
1,2,8,15,19,38|3,6,9,23,25,40|11,22,27,29,30,33
1,2,15,18,23,32|3,6,8,9,31,33|7,12,14,22,34,40
1,3,8,15,34,40|2,6,17,18,23,31|11,22,27,29,30,33
1,6,18,30,31,38|2,14,17,19,23,28|3,8,9,11,15,33
1,6,19,25,30,38|2,11,15,17,18,23|3,8,9,14,22,33
1,8,15,19,26,30|2,6,17,18,23,31|3,14,22,29,33,38
1,11,15,18,30,38|2,6,8,27,29,33|3,9,14,23,28,40
1,14,18,22,30,38|2,6,8,27,29,33|3,9,15,20,23,40
1,14,19,28,30,38|2,6,8,27,29,33|3,9,15,20,23,40
1,15,19,20,30,38|2,6,8,27,29,33|3,9,14,23,28,40
1,19,22,30,31,38|2,6,8,27,29,33|3,9,14,23,28,40
2,6,17,18,23,31|3,8,9,11,15,33|7,12,14,22,34,40
2,6,17,19,23,25|3,8,9,11,15,33|7,12,14,22,34,40
2,11,15,17,18,23|3,6,8,9,31,33|7,12,14,22,34,40
2,14,17,18,22,23|3,6,8,9,31,33|7,11,12,15,34,40
2,14,17,19,23,28|3,6,8,9,31,33|7,11,12,15,34,40
2,15,17,19,20,23|3,6,8,9,31,33|7,12,14,22,34,40
2,18,22,23,25,29|3,6,8,9,31,33|7,11,12,15,34,40
2,18,23,28,29,31|3,8,9,11,15,33|6,10,14,19,30,38
2,19,23,25,28,29|3,6,8,9,31,33|7,11,12,15,34,40
3,6,23,27,29,32|7,11,12,15,34,40|8,17,18,22,25,30
3,6,29,31,33,38|7,11,12,15,34,40|8,17,18,22,25,30
3,11,15,29,33,38|6,7,12,31,34,40|8,17,18,22,25,30
3,14,22,29,33,38|6,7,12,31,34,40|8,10,15,18,30,32
1,2,3,6,27,32|8,17,18,22,25,26|10,11,19,28,31,34
1,2,3,15,26,40|6,10,11,18,25,34|17,20,22,27,32,33
1,6,9,10,31,33|2,3,11,27,28,29|8,17,18,22,25,26
1,6,19,25,26,38|2,3,11,27,28,29|10,14,18,20,22,34
1,11,15,18,26,38|2,3,17,25,28,40|10,19,20,22,31,34
1,11,18,25,28,34|2,3,20,22,27,29|6,10,14,19,26,38
1,18,20,22,25,34|2,3,6,11,17,27|10,15,26,32,33,40
1,18,20,28,31,34|2,3,6,11,17,27|10,15,26,32,33,40
1,18,25,28,32,38|2,3,6,11,17,27|10,19,20,22,31,34
1,19,20,25,28,34|2,3,6,11,17,27|8,10,15,18,26,32
2,3,17,25,28,40|6,10,14,19,26,38|9,11,20,22,27,33
2,3,20,22,27,29|6,10,11,18,25,34|17,26,28,31,33,40
1,6,18,25,26,38|2,3,11,17,22,27|10,19,20,28,31,34
1,18,20,25,28,34|2,3,11,17,22,27|6,10,19,26,31,38
1,18,22,26,31,38|2,3,6,17,20,27|10,11,19,25,28,34
1,19,22,25,26,38|2,3,6,17,20,27|10,11,18,28,31,34
1,19,26,28,31,38|2,3,6,17,20,27|10,11,18,22,25,34
1,6,11,18,25,34|2,3,14,17,28,40|20,22,27,29,32,33
1,6,14,19,26,38|2,3,15,17,20,40|8,9,11,18,25,28
1,6,18,20,31,34|2,3,14,17,28,40|10,11,15,19,32,38
1,6,27,32,38,40|8,9,11,18,25,28|10,14,17,22,29,33
1,8,9,10,15,40|2,3,6,11,27,29|14,17,18,20,22,38
1,8,15,18,26,32|2,3,6,11,27,29|9,20,22,25,33,40
1,8,17,22,27,29|6,10,11,14,18,34|9,20,28,31,33,40
1,10,15,29,32,33|2,3,6,17,25,40|8,9,18,20,28,31
1,11,14,18,28,34|2,3,6,17,25,40|20,22,27,29,32,33
1,11,15,18,20,34|2,3,6,17,25,40|10,14,19,22,32,38
1,11,19,28,31,34|2,3,6,17,25,40|20,22,27,29,32,33
1,14,18,20,22,34|2,3,6,11,27,29|17,25,28,32,33,40
1,14,18,28,32,38|2,3,6,11,27,29|8,15,17,19,20,26
1,15,18,20,32,38|2,3,6,11,27,29|8,14,17,19,26,28
1,15,26,32,33,40|2,3,6,11,27,29|8,9,18,20,22,25
1,17,28,29,31,33|6,10,11,14,18,34|8,9,20,22,27,40
1,18,22,31,32,38|2,3,6,11,27,29|8,9,19,20,25,28
1,19,20,22,31,34|2,3,6,11,27,29|8,17,18,25,28,32
1,19,22,25,32,38|2,3,6,11,27,29|8,9,18,20,28,31
1,19,28,31,32,38|2,3,6,11,27,29|8,9,18,20,22,25
2,3,6,17,25,40|8,9,18,20,28,31|10,11,14,19,22,34
2,3,14,17,28,40|6,10,11,19,31,34|8,9,18,20,22,25
2,3,15,17,20,40|6,10,11,14,18,34|8,19,25,26,28,29
2,3,17,22,31,40|6,10,11,14,18,34|8,9,19,20,25,28
2,3,25,28,29,40|6,8,17,18,26,31|10,11,14,19,22,34
6,8,17,18,26,31|9,11,25,28,33,40|10,14,19,22,32,38
6,10,19,31,32,38|8,9,11,18,25,28|14,17,22,26,33,40
6,17,26,31,33,40|8,9,11,18,25,28|10,14,19,22,32,38
8,18,22,25,26,29|9,20,28,31,33,40|10,11,15,19,32,38
8,18,26,28,29,31|9,20,22,25,33,40|10,11,15,19,32,38
1,6,9,10,14,33|2,3,11,22,27,29|8,15,17,18,20,26
1,6,18,20,25,34|2,3,10,15,32,40|8,17,19,26,28,31
1,6,19,26,31,38|2,3,10,15,32,40|8,9,18,20,25,28
1,6,20,27,34,40|8,10,15,19,26,32|11,17,18,22,25,38
1,11,18,22,25,34|2,3,6,20,27,29|8,10,15,19,26,32
1,11,18,28,31,34|2,3,6,20,27,29|8,10,15,19,26,32
1,11,19,25,28,34|2,3,6,20,27,29|8,17,18,22,26,31
1,11,22,27,34,40|6,8,17,18,25,26|10,14,19,28,32,38
1,14,18,20,28,34|2,3,10,15,32,40|6,11,26,27,29,33
1,18,20,22,31,34|2,3,10,15,32,40|6,11,26,27,29,33
1,18,22,25,32,38|2,3,6,20,27,29|8,17,19,26,28,31
1,18,28,31,32,38|2,3,6,20,27,29|8,17,19,22,25,26
1,19,20,22,25,34|2,3,10,15,32,40|6,11,26,27,29,33
1,19,20,28,31,34|2,3,10,15,32,40|6,8,17,18,25,26
1,19,25,28,32,38|2,3,6,20,27,29|8,17,18,22,26,31
1,22,27,32,38,40|6,8,17,18,25,26|10,11,14,19,28,34
2,3,6,20,27,29|8,10,15,19,26,32|11,17,18,22,25,38
2,3,11,22,27,29|6,8,17,18,25,26|10,14,19,28,32,38
2,3,17,22,25,40|6,9,11,20,27,33|8,10,15,19,26,32
2,3,17,28,31,40|6,9,11,20,27,33|8,10,15,19,26,32
6,11,26,27,29,33|8,9,18,20,25,28|10,19,22,31,32,38
6,17,20,27,32,33|8,18,25,26,28,29|10,11,19,22,31,34
1,2,3,15,32,40|6,8,9,18,20,25|11,14,17,19,28,38
1,6,11,19,25,34|2,3,14,17,22,40|8,15,18,20,26,29
1,6,14,18,20,34|2,3,11,15,17,40|8,19,22,25,26,29
1,6,18,31,32,38|2,3,11,15,17,40|8,9,19,20,22,25
1,6,19,20,31,34|2,3,11,15,17,40|8,14,18,26,28,29
1,6,19,25,32,38|2,3,11,15,17,40|8,9,14,18,20,28
1,8,15,19,26,32|2,3,6,17,31,40|11,18,22,25,29,38
1,11,14,19,28,34|2,3,6,17,31,40|8,15,18,20,26,29
1,11,15,18,32,38|2,3,6,17,31,40|8,9,19,20,22,25
1,11,15,19,20,34|2,3,6,17,31,40|8,14,18,26,28,29
1,11,19,22,31,34|6,8,9,18,20,25|14,26,28,29,33,40
1,14,18,22,32,38|2,3,6,17,31,40|8,9,11,19,25,28
1,14,19,28,32,38|2,3,6,17,31,40|8,9,11,18,22,25
1,15,19,20,32,38|2,3,6,17,31,40|8,9,11,18,22,25
1,19,22,31,32,38|2,3,11,15,17,40|6,8,9,18,20,25
6,8,9,18,20,25|11,14,17,19,28,38|22,26,29,31,33,40
6,8,14,17,18,26|9,11,22,25,33,40|19,20,28,29,31,38
6,8,17,19,26,31|9,11,22,25,33,40|14,18,20,28,29,38
6,8,18,25,26,29|9,11,28,31,33,40|14,17,19,20,22,38
6,10,14,19,32,38|8,9,11,18,22,25|15,20,26,29,33,40
6,11,17,18,31,38|8,9,19,20,22,25|14,26,28,29,33,40
6,11,17,19,25,38|8,9,14,18,20,28|22,26,29,31,33,40
6,14,17,18,20,38|8,9,11,19,25,28|22,26,29,31,33,40
6,14,17,26,33,40|8,9,11,18,22,25|19,20,28,29,31,38
6,17,19,20,31,38|8,9,11,18,22,25|14,26,28,29,33,40
6,25,26,29,33,40|8,9,11,18,28,31|14,17,19,20,22,38
1,6,11,14,18,34|2,3,15,20,29,40|8,17,19,22,25,32
1,6,11,19,31,34|2,3,14,28,29,40|8,15,17,18,20,32
1,6,14,18,32,38|2,3,15,20,29,40|8,9,11,19,22,25
1,6,19,31,32,38|2,3,14,28,29,40|8,9,11,15,18,20
1,11,14,19,22,34|2,3,6,25,29,40|8,15,17,18,20,32
1,14,19,22,32,38|2,3,6,25,29,40|8,9,11,15,18,20
6,8,9,11,18,25|14,17,28,32,33,40|19,20,22,29,31,38
6,8,9,18,20,31|11,14,17,19,22,38|25,28,29,32,33,40
6,8,9,19,20,25|11,14,18,28,29,38|17,22,31,32,33,40
6,8,17,18,25,32|9,11,14,28,33,40|19,20,22,29,31,38
6,9,11,25,33,40|8,14,17,18,28,32|19,20,22,29,31,38
6,11,14,17,18,38|8,9,19,20,22,31|25,28,29,32,33,40
6,11,17,19,31,38|8,9,14,18,20,22|25,28,29,32,33,40
6,11,18,25,29,38|8,9,14,19,20,28|17,22,31,32,33,40
6,14,17,19,20,38|8,9,11,18,22,31|25,28,29,32,33,40
6,17,25,32,33,40|8,9,11,14,18,28|19,20,22,29,31,38
6,18,20,29,31,38|8,9,11,19,22,25|14,17,28,32,33,40
6,19,20,25,29,38|8,9,11,14,18,28|17,22,31,32,33,40
1,2,6,14,18,38|3,8,9,22,25,40|7,12,15,17,20,29
1,2,6,19,31,38|3,8,9,22,25,40|7,12,14,17,28,29|10,11,15,18,30,32
1,2,11,15,19,38|3,6,9,14,20,33|7,12,17,22,29,31
1,2,14,19,22,38|3,6,9,11,31,33|7,12,15,17,20,29
1,3,6,31,34,40|2,8,10,15,19,32|7,12,14,17,28,29
1,3,11,15,34,40|2,6,8,17,18,25|10,14,19,28,30,32
1,3,14,22,34,40|2,6,8,17,18,25|10,15,19,20,30,32
1,6,7,9,12,14|2,8,10,15,19,32|3,22,25,29,38,40|11,17,18,28,30,31
1,6,14,18,26,30|2,8,10,15,19,32|3,22,25,29,38,40
1,6,19,26,30,31|2,8,14,17,18,28|3,22,25,29,32,33
1,11,15,19,26,30|2,6,8,17,18,25|3,28,29,31,32,33
1,14,19,22,26,30|2,6,8,17,18,25|3,28,29,31,32,33
1,18,28,30,31,32|2,6,8,17,27,40|3,9,11,14,22,33
1,19,25,28,30,32|2,6,8,17,27,40|3,9,11,14,22,33
2,6,8,17,18,25|3,9,11,14,22,33|10,15,19,20,30,32
2,6,8,17,27,40|3,9,11,14,22,33|10,15,19,20,30,32
2,6,11,27,29,33|3,8,9,22,25,40|10,14,19,28,30,32
2,8,10,15,19,32|3,6,9,11,31,33|7,12,14,17,28,29
