1,18,25,29,30,39|2,11,13,16,19,38|7,9,12,15,21,40
1,27,29,30,39,40|2,6,13,15,18,38|3,14,16,19,31,34
3,6,15,16,18,34|7,9,12,14,39,40|19,21,22,27,30,32
3,6,19,22,34,39|7,9,12,15,21,40|13,18,25,30,31,32
3,11,15,19,21,34|7,9,12,14,39,40|13,18,25,30,31,32
3,14,17,29,33,39|6,7,9,12,13,15|16,19,27,30,31,32
3,15,16,19,22,34|6,18,21,27,30,32|7,9,12,14,39,40
3,15,17,21,29,33|7,9,12,14,39,40|11,13,16,19,26,30
1,3,8,9,13,16|2,18,31,32,33,39|10,15,17,19,21,30
1,13,27,29,30,31|2,19,25,32,33,39|3,11,15,18,21,34
2,8,19,27,32,39|3,6,18,21,31,34|7,9,11,12,13,16
2,11,13,16,18,38|3,6,19,21,25,34|7,9,12,31,39,40
2,13,15,18,22,38|3,6,19,21,25,34|7,9,12,31,39,40
2,18,31,32,33,39|3,6,19,21,25,34|7,9,11,12,13,16
2,18,31,38,39,40|3,6,19,21,25,34|7,9,11,12,13,16
2,19,25,32,33,39|3,6,18,21,31,34|7,9,11,12,13,16
2,19,25,38,39,40|3,6,18,21,31,34|7,9,11,12,13,16
3,6,18,21,31,34|7,9,11,12,13,16|10,14,17,19,30,39
3,6,18,22,34,39|7,9,11,12,13,16|10,15,17,19,21,30
3,6,19,21,25,34|7,9,11,12,13,16|10,18,29,30,31,39
3,6,19,28,34,39|7,9,11,12,13,16|18,21,22,27,30,32
3,11,14,18,34,39|7,9,12,13,15,22|16,19,25,27,30,32
3,11,15,18,21,34|7,9,12,13,14,31|10,19,25,29,30,39
3,14,16,18,31,34|7,9,12,13,15,22|10,19,25,29,30,39
3,14,16,19,25,34|7,9,12,13,15,22|10,18,29,30,31,39
3,14,18,21,22,34|7,9,11,12,13,16|10,19,25,29,30,39
3,14,18,32,38,39|7,9,11,12,13,16|10,15,17,19,21,30
3,14,19,20,34,39|7,9,11,12,13,16|18,21,22,27,30,32
3,14,19,21,28,34|7,9,11,12,13,16|10,18,29,30,31,39
3,15,16,18,22,34|7,9,12,13,14,31|10,19,25,29,30,39
3,15,16,19,28,34|7,9,12,13,14,31|11,18,27,30,32,39
3,15,18,21,32,38|7,9,11,12,13,16|10,14,17,19,30,39
3,15,19,20,21,34|7,9,11,12,13,16|10,18,29,30,31,39
3,17,29,31,33,39|7,9,11,12,13,16|18,21,22,27,30,32
1,2,13,16,17,33|3,6,18,21,25,34|7,12,27,29,32,39
1,3,9,14,33,39|2,6,19,21,27,38|7,12,13,16,26,29
1,3,9,15,21,33|2,8,13,16,18,26|7,12,27,29,32,39
1,13,14,17,27,30|2,15,19,21,26,33|3,6,18,28,34,39
1,13,25,27,29,30|2,14,19,26,33,39|3,15,16,18,28,34
1,17,18,25,30,39|2,6,19,21,27,38|7,9,12,13,15,28
1,17,27,30,39,40|2,8,13,16,18,26|3,19,21,22,25,34
2,6,19,21,27,38|3,11,18,31,34,39|7,9,12,13,14,25
2,8,13,16,18,26|3,6,21,27,34,40|10,17,19,30,31,39
2,13,14,18,25,38|3,6,21,27,34,40|10,17,19,30,31,39
2,13,14,27,32,33|3,6,18,21,25,34|10,17,19,30,31,39
2,13,14,27,38,40|3,6,18,21,25,34|10,17,19,30,31,39
2,13,15,18,28,38|3,6,21,27,34,40|10,17,19,30,31,39
2,13,16,18,20,38|3,6,21,27,34,40|10,17,19,30,31,39
2,13,16,26,33,40|3,6,18,21,25,34|7,12,27,29,32,39
2,14,16,19,27,38|3,6,18,21,25,34|7,9,12,13,15,28
2,14,19,26,33,39|3,6,18,21,25,34|7,9,12,13,15,28
2,15,19,21,26,33|3,6,18,28,34,39|7,9,12,13,14,25
2,18,25,32,33,39|3,6,21,27,34,40|7,9,12,13,15,28
2,18,25,38,39,40|3,19,21,28,31,34|7,9,12,13,16,20
2,27,32,33,39,40|3,6,18,21,25,34|7,9,12,13,15,28
3,6,18,21,25,34|7,9,12,13,15,28|10,17,19,30,31,39
3,6,21,27,34,40|7,9,12,13,14,25|10,17,19,30,31,39
3,11,18,31,34,39|6,19,21,26,27,30|7,9,12,13,14,25
3,14,16,18,25,34|6,19,21,26,27,30|7,9,12,13,15,28
3,14,16,27,34,40|7,9,12,13,15,28|10,17,19,30,31,39
3,14,18,20,34,39|6,19,21,26,27,30|7,9,12,13,15,28
3,14,18,21,28,34|7,9,12,13,16,20|10,17,19,30,31,39
3,15,16,18,28,34|6,19,21,26,27,30|7,9,12,13,14,25
3,15,18,20,21,34|7,9,12,13,14,25|10,17,19,30,31,39
3,16,19,25,31,34|7,9,12,13,15,28|10,14,17,18,30,39
3,17,25,29,33,39|6,19,21,26,27,30|7,9,12,13,15,28
3,18,21,22,31,34|7,9,12,13,14,25|10,27,29,30,39,40
3,18,31,32,38,39|6,19,21,26,27,30|7,9,12,13,14,25
3,19,20,31,34,39|7,9,12,13,14,25|10,15,17,18,21,30
3,19,21,22,25,34|7,9,12,13,15,28|10,14,17,18,30,39
3,19,21,28,31,34|7,9,12,13,14,25|10,27,29,30,39,40
3,19,22,28,34,39|7,9,12,13,14,25|10,15,17,18,21,30
2,7,12,27,29,39|3,10,13,16,17,30|15,18,21,26,33,38
1,3,27,29,30,39|2,7,12,13,16,17|9,10,15,18,21,23
1,9,13,14,23,27|2,3,15,18,21,38|19,20,25,33,34,39
1,9,18,23,25,39|2,7,12,13,16,17|8,19,21,27,28,34
1,13,16,17,33,38|2,11,18,27,30,39|3,7,9,12,15,21
2,3,15,18,21,38|6,13,22,27,33,34|9,10,19,23,31,39
2,3,19,31,38,39|6,13,22,27,33,34|9,10,15,18,21,23
2,7,12,13,16,17|3,14,18,26,30,39|8,19,21,27,28,34
2,11,18,27,30,39|3,7,9,12,15,21|10,13,16,29,33,38
2,13,25,27,30,40|3,7,9,12,14,39|15,19,21,26,33,38
2,16,18,27,30,31|3,7,9,12,14,39|15,19,21,26,33,38
2,16,19,25,27,30|3,7,9,12,14,39|18,21,28,31,33,34
2,18,21,22,27,30|3,7,9,12,14,39|10,13,16,29,33,38
2,19,20,27,30,39|3,7,9,12,15,21|8,13,16,18,26,38
2,19,21,27,28,30|3,7,9,12,14,39|8,13,16,18,26,38
3,13,27,30,31,32|9,10,14,18,23,39|15,19,21,26,33,38
3,15,18,21,26,30|6,13,22,27,33,34|9,10,19,23,31,39
3,19,26,30,31,39|6,13,22,27,33,34|9,10,15,18,21,23
8,13,16,18,26,38|9,10,19,23,31,39|21,22,27,33,34,40
8,13,25,27,34,40|9,10,14,18,23,39|15,19,21,26,33,38
8,18,21,22,27,34|9,10,19,23,31,39|13,16,26,33,38,40
8,19,20,27,34,39|9,10,15,18,21,23|13,16,26,33,38,40
8,19,21,27,28,34|9,10,14,18,23,39|13,16,26,33,38,40
1,3,13,16,17,30|6,8,18,21,27,34|9,10,14,19,23,39
1,9,18,23,31,39|2,3,13,16,32,33|8,19,21,22,27,34
1,9,19,23,25,39|2,3,13,16,32,33|6,8,18,21,27,34
2,3,13,16,32,33|6,8,18,21,27,34|9,10,14,19,23,39
2,3,13,16,38,40|6,8,18,21,27,34|9,10,14,19,23,39
2,3,14,19,38,39|6,8,18,21,27,34|9,10,13,16,23,40
2,3,15,19,21,38|6,18,28,33,34,39|9,10,13,16,23,40
2,11,19,27,30,39|6,18,21,25,33,34|9,10,13,16,23,40
2,13,18,25,30,31|6,21,27,33,34,40|9,10,14,19,23,39
2,13,27,30,31,40|6,18,21,25,33,34|9,10,14,19,23,39
2,14,16,18,27,30|9,10,15,19,21,23|13,25,31,33,34,40
2,19,21,22,27,30|6,18,28,33,34,39|9,10,13,16,23,40
3,10,13,16,29,30|6,8,18,21,27,34|19,25,32,33,38,39
3,13,16,26,30,40|6,8,18,21,27,34|9,10,14,19,23,39
3,14,19,26,30,39|6,8,18,21,27,34|9,10,13,16,23,40
3,15,19,21,26,30|6,18,28,33,34,39|9,10,13,16,23,40
3,18,25,30,32,39|6,21,27,33,34,40|8,13,16,19,26,38
3,27,30,32,39,40|6,18,21,25,33,34|8,13,16,19,26,38
6,8,18,21,27,34|9,10,13,16,23,40|19,25,32,33,38,39
8,19,21,22,27,34|9,10,13,16,23,40|18,31,32,33,38,39
8,19,27,32,38,39|9,10,13,16,23,40|14,18,21,28,33,34
1,8,9,13,16,33|2,6,19,21,27,30|17,18,23,25,29,39
1,9,14,18,23,39|2,6,19,21,27,30|13,15,28,33,34,40
1,9,15,18,21,23|2,7,12,13,16,29|3,19,25,30,32,39
1,9,19,23,31,39|2,7,12,13,16,29|11,15,18,21,33,34
1,13,16,29,33,38|2,6,19,21,27,30|8,18,25,34,39,40
2,7,12,13,16,29|3,18,30,31,32,39|6,8,19,21,27,34
3,19,25,30,32,39|6,18,21,31,33,34|13,14,17,23,27,29
1,9,13,16,23,40|3,14,18,30,32,39|6,19,21,31,33,34
2,13,16,19,23,26|3,8,18,31,34,39|7,9,12,15,21,33
3,8,15,18,21,34|7,12,13,16,29,38|14,19,26,30,33,39
3,14,33,34,39,40|6,19,21,27,30,38|7,8,9,12,13,16
1,9,13,14,32,38|2,3,12,35,39,40|6,15,17,27,29,34
1,9,32,38,39,40|2,3,12,13,14,35|6,15,17,27,29,34
1,13,14,17,32,34|2,3,9,11,29,39|12,16,18,31,35,38
1,17,32,34,39,40|2,3,9,16,29,31|12,18,21,22,35,38
2,3,9,11,29,39|6,19,21,26,32,34|12,13,25,35,38,40
2,3,9,16,29,31|6,19,21,26,32,34|11,12,18,35,38,39
2,3,12,35,39,40|6,9,13,17,22,38|14,16,19,26,32,34
1,9,10,29,38,39|2,3,12,16,27,35|18,21,26,28,32,34
1,9,26,38,39,40|2,3,12,16,27,35|10,13,17,31,32,34
1,17,26,34,39,40|2,3,12,16,27,35|9,10,13,31,32,38
9,25,27,29,31,38|10,12,17,33,35,39|18,21,26,28,32,34
2,3,12,13,25,35|6,9,15,17,27,38|11,18,26,32,34,39
9,10,32,38,39,40|12,13,26,31,33,35|14,17,25,27,29,34
9,14,25,27,29,38|10,17,32,34,39,40|12,13,26,31,33,35
1,6,9,13,28,34|8,12,18,26,35,39|16,17,27,29,32,38
1,9,11,13,31,34|8,12,18,26,35,39|16,17,27,29,32,38
1,9,13,14,20,34|8,12,18,26,35,39|16,17,27,29,32,38
1,9,13,31,32,38|8,12,18,26,35,39|11,16,17,27,29,34
1,9,16,25,34,40|2,3,12,13,31,35|17,26,29,32,33,39
1,9,20,34,39,40|2,3,12,13,31,35|16,17,27,29,32,38
1,9,21,28,34,40|2,3,12,13,31,35|16,17,27,29,32,38
1,12,17,33,35,39|2,3,9,16,25,29|6,18,21,26,32,34
1,13,14,26,29,34|2,3,6,9,17,21|12,16,18,25,35,38
1,13,17,31,32,34|2,3,9,16,25,29|8,12,18,26,35,39
1,16,27,29,32,34|2,3,6,9,17,21|8,12,18,26,35,39
1,26,29,34,39,40|2,3,6,9,17,21|12,16,18,25,35,38
2,3,6,9,17,21|8,12,18,26,35,39|10,13,29,31,32,34
2,3,9,14,16,17|6,18,21,26,32,34|10,12,29,33,35,39
2,3,9,20,29,39|6,18,21,26,32,34|12,16,27,35,38,40
2,3,12,13,31,35|6,9,10,21,34,40|16,17,27,29,32,38
6,9,10,21,34,40|8,12,18,26,35,39|16,17,27,29,32,38
6,18,21,26,32,34|8,9,10,17,29,39|12,16,27,35,38,40
8,9,17,26,39,40|10,13,29,31,32,34|12,16,18,25,35,38
9,11,13,17,31,38|10,12,29,33,35,39|14,16,18,26,32,34
9,13,14,17,20,38|10,12,29,33,35,39|16,19,26,31,32,34
9,16,17,25,38,40|10,12,29,33,35,39|19,21,22,26,32,34
9,17,21,28,38,40|10,12,29,33,35,39|14,16,18,26,32,34
1,2,3,19,23,25|7,12,20,27,30,40|8,10,14,18,33,38
1,8,18,25,33,38|2,3,10,14,19,23|7,12,20,27,30,40
1,8,27,33,38,40|2,3,10,14,19,23|7,12,18,20,25,30
1,11,19,23,27,38|2,7,8,12,18,25|3,10,30,31,33,40
3,15,27,29,34,38|7,8,10,17,21,35|9,13,26,28,30,33
2,8,18,21,29,34|6,7,16,32,33,35|9,13,22,30,38,40
2,9,19,21,23,32|6,7,16,35,38,40|14,15,17,18,30,34
2,21,29,33,34,40|6,9,16,18,30,38|7,8,13,22,32,35
2,8,9,19,21,38|7,15,31,32,33,35|13,17,28,30,34,40
2,6,9,13,33,38|7,8,10,21,29,35|15,17,18,25,30,34
2,6,13,17,33,34|7,8,10,21,29,35|9,15,18,25,30,38
2,8,17,18,21,34|6,7,13,20,35,38|9,15,27,30,32,33
2,9,21,33,38,40|6,7,8,13,26,35|15,17,18,25,30,34
2,13,28,29,33,34|7,8,15,27,32,35|9,18,20,21,30,38
2,17,21,33,34,40|6,7,8,13,26,35|9,15,18,25,30,38
3,8,9,13,22,34|7,15,25,32,33,35|18,21,26,29,30,38
3,13,22,29,34,38|7,8,15,27,32,35|9,21,26,30,33,40
2,7,8,15,27,35|3,9,13,28,30,38|17,19,21,23,26,34
2,7,15,25,33,35|3,9,13,28,30,38|17,19,21,23,26,34
2,7,15,31,33,35|3,9,13,22,30,38|18,21,23,26,29,34
2,9,13,28,30,33|3,6,7,16,35,38|18,21,23,26,29,34
2,7,14,15,33,35|3,6,9,13,30,38|17,18,21,23,32,34
2,6,9,14,33,39|3,11,16,21,29,34|13,15,17,25,30,32
2,6,9,15,21,33|3,14,22,29,34,39|13,16,17,28,30,32
2,8,9,11,13,21|3,6,29,31,34,39|7,14,15,16,20,35
2,8,9,13,15,31|3,11,16,21,29,34|6,7,14,20,35,39
2,8,13,17,21,32|3,6,29,31,34,39|7,14,15,16,20,35
2,9,14,15,16,33|3,6,29,31,34,39|13,17,20,21,30,32
2,11,13,21,29,38|3,8,9,15,32,39|6,7,14,16,25,35
2,13,15,29,31,38|3,8,9,16,21,32|6,7,14,20,35,39
2,13,16,22,29,38|3,8,9,15,32,39|6,7,14,21,28,35
3,6,29,31,34,39|7,11,15,21,22,35|13,16,17,28,30,32
3,8,9,15,32,39|6,7,14,16,25,35|11,13,21,26,29,30
3,11,15,29,34,39|6,7,14,16,25,35|13,17,20,21,30,32
3,11,16,21,29,34|6,7,14,20,35,39|9,13,15,22,28,30
3,14,21,29,31,34|6,7,15,16,28,35|9,22,25,30,39,40
3,14,22,29,34,39|6,7,15,16,28,35|9,11,13,20,21,30
3,15,21,22,29,34|6,7,11,31,35,39|13,16,17,28,30,32
3,15,29,32,38,39|6,7,14,16,25,35|9,11,13,20,21,30
3,16,21,29,32,38|6,7,11,31,35,39|9,13,14,22,25,30
2,8,9,15,39,40|6,7,14,16,31,35|11,13,17,21,30,32
2,8,9,16,21,40|3,6,14,29,34,39|13,15,17,30,31,32
2,15,29,38,39,40|6,7,14,16,31,35|11,13,17,21,30,32
2,16,21,29,38,40|6,7,11,14,35,39|13,15,17,30,31,32
1,2,11,13,21,34|3,6,9,31,38,39|7,14,16,25,28,35
1,2,13,15,31,34|3,9,11,16,21,38|6,7,20,25,35,39
1,2,13,16,22,34|3,6,9,31,38,39|7,14,20,21,25,35
1,2,13,21,32,38|3,6,17,31,34,39|7,14,16,25,28,35
1,3,15,32,34,39|2,8,9,14,21,27|7,16,22,25,31,35
1,3,16,21,32,34|2,6,8,9,27,39|13,15,17,26,30,31
1,13,21,26,30,32|2,6,8,9,27,39|3,15,16,17,31,34
2,6,27,29,38,39|3,11,16,17,21,34|9,13,25,28,30,31
2,8,9,14,21,27|3,6,17,31,34,39|7,15,16,20,25,35
2,8,9,15,16,27|3,6,17,31,34,39|7,14,20,21,25,35
2,9,14,21,25,33|3,6,17,31,34,39|15,16,26,27,29,30
2,9,15,16,25,33|3,6,17,31,34,39|14,21,26,27,29,30
2,11,13,17,21,38|3,22,25,29,34,39|9,14,16,27,28,30
2,13,15,17,31,38|3,22,25,29,34,39|6,9,21,27,28,30
2,13,16,17,22,38|3,21,25,29,31,34|6,9,20,27,30,39
2,14,21,27,29,38|3,6,17,31,34,39|7,15,16,20,25,35
2,15,16,27,29,38|3,6,17,31,34,39|7,14,20,21,25,35
3,6,9,31,38,39|7,14,16,25,28,35|11,13,17,21,26,30
3,9,11,15,38,39|6,7,21,25,28,35|13,16,17,22,26,30
3,9,11,16,21,38|6,7,20,25,35,39|13,15,17,26,30,31
3,9,14,21,31,38|6,7,20,25,35,39|13,16,17,22,26,30
3,9,14,22,38,39|6,7,21,25,28,35|13,15,17,26,30,31
3,9,15,16,31,38|6,7,20,25,35,39|11,13,17,21,26,30
3,11,15,17,34,39|6,7,21,25,28,35|9,16,22,27,30,31
3,14,17,21,31,34|6,7,20,25,35,39|15,16,26,27,29,30
3,14,17,22,34,39|6,7,21,25,28,35|9,15,16,20,27,30
3,15,16,17,31,34|6,7,20,25,35,39|14,21,26,27,29,30
3,15,17,21,22,34|6,7,20,25,35,39|9,14,16,27,28,30
3,15,17,32,38,39|6,7,21,25,28,35|9,16,22,27,30,31
1,2,6,13,16,34|7,11,14,21,25,35|10,15,17,29,30,39
1,2,13,14,15,34|6,7,11,25,35,39|10,16,17,21,29,30
1,2,15,34,39,40|6,7,16,25,31,35|9,11,14,21,27,30
1,2,16,21,34,40|3,6,9,14,38,39|13,15,25,26,29,30
2,6,9,31,33,39|3,14,15,16,17,34|13,20,21,26,29,30
2,6,13,16,17,38|3,14,21,25,29,34|7,11,15,20,35,39
2,8,9,13,15,25|3,6,14,17,34,39|7,11,16,20,21,35
2,8,9,13,16,28|3,6,14,17,34,39|7,15,20,21,22,35
2,8,9,13,20,21|3,6,14,17,34,39|7,11,15,16,25,35
2,8,13,21,26,29|3,6,9,14,38,39|7,11,15,16,25,35
2,9,11,15,33,39|3,14,21,25,29,34|6,13,16,17,26,30
2,9,11,16,21,33|3,6,14,17,34,39|13,15,25,26,29,30
2,9,14,21,31,33|3,6,25,29,34,39|7,15,16,22,28,35
2,9,14,22,33,39|3,6,15,17,21,34|13,16,26,28,29,30
2,9,15,16,31,33|3,6,14,17,34,39|13,20,21,26,29,30
2,9,15,21,22,33|3,6,14,17,34,39|13,16,26,28,29,30
2,13,14,15,17,38|3,6,25,29,34,39|7,11,16,20,21,35
2,13,15,25,29,38|3,6,14,17,34,39|7,11,16,20,21,35
2,13,16,28,29,38|3,6,14,17,34,39|7,15,20,21,22,35
2,13,20,21,29,38|3,6,14,17,34,39|7,11,15,16,25,35
2,15,17,32,33,39|3,14,21,25,29,34|6,9,16,27,30,31
2,15,17,38,39,40|3,14,21,25,29,34|6,9,16,27,30,31
2,16,17,21,32,33|3,6,9,14,38,39|13,15,25,26,29,30
2,16,17,21,38,40|3,6,25,29,34,39|9,14,15,27,30,31
3,6,9,14,38,39|7,11,15,16,25,35|13,20,21,26,29,30
3,6,14,17,34,39|7,11,15,16,25,35|13,20,21,26,29,30
3,6,15,17,21,34|7,11,14,28,35,39|9,13,22,25,30,31
3,6,25,29,34,39|7,11,15,21,28,35|9,14,16,22,27,30
3,9,14,15,16,38|6,7,11,25,35,39|13,20,21,26,29,30
3,14,15,16,17,34|6,7,11,25,35,39|13,20,21,26,29,30
3,14,21,25,29,34|6,7,20,31,35,39|9,11,15,16,27,30
3,15,16,25,29,34|6,7,20,31,35,39|9,11,14,21,27,30
3,15,20,29,34,39|6,7,16,25,31,35|9,11,14,21,27,30
3,15,21,28,29,34|6,7,11,25,35,39|9,14,16,22,27,30
3,16,20,21,29,34|6,7,11,25,35,39|9,14,15,27,30,31
3,22,29,31,34,39|6,13,16,17,26,30|7,11,14,21,25,35
2,10,11,13,21,34|3,9,22,25,38,39|15,16,17,26,27,30
2,10,13,15,31,34|3,9,22,25,38,39|14,17,21,26,27,30
2,10,13,16,22,34|3,9,21,25,31,38|6,17,26,27,30,39
2,15,16,17,27,38|7,20,25,28,35,39|10,13,21,26,30,32
1,2,13,15,25,34|3,8,9,16,21,26|7,20,28,31,35,39
1,2,13,16,28,34|3,6,9,25,38,39|21,26,27,29,30,31
1,9,10,15,30,39|2,8,13,17,21,26|7,16,25,28,31,35
1,9,10,16,21,30|2,13,15,17,25,38|7,20,28,31,35,39
2,6,10,13,16,34|3,8,9,15,26,39|7,20,21,25,31,35
2,10,13,14,15,34|3,6,9,25,38,39|21,26,27,29,30,31
2,13,15,17,25,38|3,8,9,16,21,26|7,20,28,31,35,39
2,13,16,17,28,38|3,8,9,15,26,39|7,20,21,25,31,35
2,13,17,20,21,38|3,8,9,15,26,39|7,16,25,28,31,35
1,6,13,16,26,34|2,3,9,14,21,25|10,12,15,33,35,39
1,6,27,32,34,39|2,3,9,14,21,25|13,16,26,28,29,38
1,10,15,29,34,39|2,3,9,14,21,25|6,13,16,17,26,38
1,10,16,21,29,34|2,3,6,9,25,39|13,14,15,17,26,38
1,13,14,15,26,34|2,3,6,9,25,39|10,12,16,21,33,35
1,14,21,27,32,34|2,3,6,9,25,39|13,16,26,28,29,38
1,15,16,27,32,34|2,3,6,9,25,39|13,20,21,26,29,38
2,3,9,14,21,25|6,11,17,27,34,39|13,16,26,28,29,38
2,3,9,14,28,39|6,13,16,17,26,38|11,21,25,27,29,34
2,3,9,15,16,25|6,11,17,27,34,39|13,20,21,26,29,38
2,3,9,15,20,39|6,13,16,17,26,38|11,21,25,27,29,34
2,3,9,16,20,21|6,11,17,27,34,39|13,15,25,26,29,38
2,3,9,22,31,39|6,13,16,17,26,38|11,21,25,27,29,34
2,3,15,26,29,39|6,9,16,27,31,38|10,11,13,21,32,34
2,3,16,21,26,29|6,9,11,27,38,39|10,13,15,31,32,34
6,9,11,27,38,39|10,12,16,21,33,35|13,14,17,25,28,34
6,9,21,22,27,38|10,12,15,33,35,39|13,14,17,25,28,34
6,11,17,27,34,39|8,9,13,15,25,26|10,12,16,21,33,35
6,13,16,17,26,38|8,9,21,25,27,32|10,12,15,33,35,39
6,17,27,32,38,39|8,9,13,15,25,26|10,12,16,21,33,35
8,9,13,15,25,26|10,12,16,21,33,35|11,27,28,29,34,39
8,9,13,16,26,28|10,12,15,33,35,39|11,14,17,21,27,34
8,9,13,20,21,26|10,12,15,33,35,39|14,16,17,22,27,34
8,9,21,25,27,32|10,12,15,33,35,39|13,16,17,20,28,34
8,9,27,28,32,39|10,12,16,21,33,35|13,14,15,17,26,38
9,11,14,21,27,38|10,12,15,33,35,39|13,16,17,20,28,34
9,13,14,25,28,38|10,12,15,33,35,39|20,21,27,29,31,34
9,13,15,20,25,38|10,12,16,21,33,35|11,27,28,29,34,39
9,13,16,20,28,38|10,12,15,33,35,39|11,14,17,21,27,34
9,13,22,25,31,38|10,12,15,33,35,39|11,14,17,21,27,34
10,12,15,33,35,39|11,14,17,21,27,34|13,16,26,28,29,38
10,12,16,21,33,35|11,27,28,29,34,39|13,14,15,17,26,38
1,13,21,26,32,38|2,3,9,22,25,39|14,16,17,27,28,34
2,3,15,29,32,39|6,9,11,13,16,38|14,17,21,31,34,40
2,3,16,21,29,32|6,9,13,14,31,38|11,15,17,34,39,40
2,3,6,9,31,39|8,10,12,13,21,35|14,15,25,27,29,34
2,3,9,11,16,21|6,13,17,25,31,34|22,27,29,32,38,39
2,3,9,15,16,31|6,20,27,29,34,39|8,10,12,13,21,35
2,3,15,17,32,39|6,9,13,25,31,38|14,16,27,28,29,34
2,3,16,17,21,32|6,9,13,25,31,38|11,22,27,29,34,39
6,9,14,16,27,38|8,10,12,13,21,35|17,22,25,34,39,40
6,9,14,26,33,39|8,10,12,13,21,35|15,16,20,27,29,34
6,9,15,21,26,33|11,13,16,17,28,34|22,27,29,32,38,39
8,10,12,13,21,35|9,14,15,16,26,33|11,22,27,29,34,39
8,13,17,21,26,32|9,22,25,38,39,40|14,16,27,28,29,34
9,14,15,16,26,33|11,13,17,20,21,34|22,27,29,32,38,39
1,12,15,33,35,39|6,8,9,13,16,26|11,14,21,27,29,34
1,12,16,21,33,35|2,3,6,9,14,39|11,13,15,17,31,34
1,13,15,31,32,34|2,3,6,9,14,39|16,21,26,29,38,40
2,3,6,9,14,39|11,13,15,17,31,34|16,21,26,29,32,33
6,8,9,27,32,39|11,13,15,17,31,34|16,21,26,29,38,40
6,9,25,32,33,39|11,13,15,17,31,34|16,21,26,29,38,40
6,9,25,38,39,40|11,13,15,17,31,34|16,21,26,29,32,33
6,13,16,26,29,38|8,9,14,21,27,32|15,17,20,34,39,40
6,27,29,32,38,39|8,9,13,14,15,26|16,17,20,21,34,40
8,9,15,26,39,40|11,13,16,17,22,34|14,21,27,29,32,38
9,13,14,15,20,38|16,21,26,29,32,33|17,22,31,34,39,40
9,14,28,32,33,39|11,13,15,17,31,34|16,21,26,29,38,40
9,14,28,38,39,40|11,13,15,17,31,34|16,21,26,29,32,33
2,3,9,15,27,32|10,12,18,21,35,38|13,17,26,28,34,40
1,12,18,21,35,38|2,3,9,13,22,32|6,16,17,19,26,34
6,9,27,31,34,40|12,13,17,28,33,35|18,21,26,29,32,38
9,11,15,27,34,40|12,13,17,28,33,35|18,21,26,29,32,38
9,14,22,27,34,40|12,13,17,28,33,35|18,21,26,29,32,38
9,15,19,20,25,34|12,13,17,28,33,35|18,21,26,29,32,38
9,15,27,32,38,40|11,18,21,26,29,34|12,13,17,28,33,35
9,18,20,21,32,38|12,13,17,28,33,35|15,19,25,26,29,34
9,19,22,25,31,34|12,13,17,28,33,35|18,21,26,29,32,38
1,15,17,27,29,34|2,3,9,13,28,32|10,12,19,21,35,38
1,19,21,26,32,34|9,10,13,22,29,38|12,15,17,27,33,35
2,3,9,13,28,32|6,16,17,18,26,34|10,12,19,21,35,38
1,12,19,21,35,38|2,3,6,9,13,32|14,15,18,26,29,34
2,3,9,21,32,40|6,16,18,26,29,34|12,13,17,22,33,35
6,9,14,18,25,34|12,13,17,22,33,35|19,21,26,29,32,38
6,9,14,27,34,40|12,13,17,22,33,35|19,21,26,29,32,38
6,9,15,18,28,34|12,13,17,22,33,35|19,21,26,29,32,38
6,9,16,18,20,34|12,13,17,22,33,35|19,21,26,29,32,38
9,11,15,18,31,34|12,13,17,22,33,35|19,21,26,29,32,38
9,11,18,21,32,38|12,13,17,22,33,35|15,19,26,29,31,34
9,14,15,18,20,34|12,13,17,22,33,35|19,21,26,29,32,38
9,15,18,31,32,38|11,19,21,26,29,34|12,13,17,22,33,35
9,16,19,28,32,38|12,13,17,22,33,35|14,15,18,26,29,34
9,19,20,21,32,38|12,13,17,22,33,35|14,15,18,26,29,34
6,13,26,29,34,40|8,12,17,18,21,35|9,15,19,31,32,38
6,16,19,26,29,34|8,12,17,18,21,35|9,13,22,32,38,40
1,3,6,13,35,38|2,12,17,19,21,34|7,9,14,15,26,29
2,12,17,19,21,34|6,7,9,16,26,29|10,13,28,30,35,40
1,2,9,21,29,33|3,6,13,17,32,34|7,14,15,26,35,40
1,2,19,21,32,34|6,7,10,16,29,35|9,13,22,26,30,40
1,6,7,16,17,35|2,9,11,19,21,38|3,13,28,29,32,34
1,7,14,15,17,35|2,6,9,16,18,38|3,13,28,29,32,34
1,7,15,25,29,35|2,6,9,16,18,38|3,17,21,32,34,40
1,7,16,28,29,35|2,9,11,19,21,38|3,6,13,17,32,34
1,9,13,17,22,30|2,15,18,25,29,34|6,7,14,27,32,35
1,9,15,27,29,30|2,6,16,17,18,34|7,11,13,28,32,35
2,6,9,16,18,38|3,13,28,29,32,34|7,14,15,26,35,40
2,6,16,17,18,34|3,9,21,32,38,40|7,10,14,15,29,35
2,9,11,19,21,38|3,6,13,17,32,34|7,10,14,15,29,35
2,9,13,22,38,40|6,7,10,16,29,35|17,19,21,26,30,32
2,9,14,15,18,38|3,6,13,17,32,34|10,12,19,21,30,35
2,9,16,19,22,38|3,6,13,17,32,34|7,10,14,15,29,35
2,11,17,19,21,34|3,6,9,13,32,38|7,10,14,15,29,35
2,13,17,22,34,40|6,7,10,16,29,35|9,11,19,21,26,30
2,14,15,17,18,34|3,6,9,13,32,38|10,12,19,21,30,35
2,15,18,25,29,34|3,6,9,13,32,38|10,12,19,21,30,35
2,15,27,29,34,40|3,6,9,13,32,38|10,12,19,21,30,35
2,16,17,19,22,34|3,6,9,13,32,38|7,10,14,15,29,35
2,16,18,28,29,34|3,6,9,13,32,38|7,14,15,26,35,40
2,17,19,21,32,38|3,6,9,11,13,34|7,10,14,15,29,35
2,18,20,21,29,34|3,6,9,13,32,38|7,14,15,26,35,40
3,6,9,11,13,34|7,10,14,15,29,35|17,19,21,26,30,32
3,6,13,17,32,34|7,10,14,15,29,35|9,11,19,21,26,30
3,9,15,31,34,40|6,7,10,16,29,35|17,19,21,26,30,32
3,17,21,32,34,40|6,7,10,16,29,35|9,14,15,18,26,30
1,15,27,30,35,40|2,12,18,21,29,34|6,7,9,16,17,32
1,6,9,13,17,30|2,11,18,21,29,34|7,15,25,32,35,40
1,9,13,28,29,30|2,6,16,17,19,34|7,15,25,32,35,40
1,9,17,21,30,40|2,15,18,29,31,34|6,7,13,20,32,35
2,6,13,17,34,40|3,12,21,29,33,35|9,14,15,19,26,30
2,6,16,17,19,34|3,12,21,29,33,35|9,15,18,25,30,32
2,11,18,21,29,34|6,7,13,20,32,35|9,14,15,19,26,30
2,14,15,17,19,34|3,12,21,29,33,35|6,9,13,26,30,40
2,16,18,22,29,34|6,7,13,20,32,35|9,14,15,19,26,30
1,2,19,21,26,34|3,9,15,27,32,38|7,10,16,17,22,35
2,9,13,22,26,33|3,10,17,21,29,34|7,27,28,31,32,35
1,2,9,17,21,33|3,13,22,26,29,34|6,7,25,27,32,35
1,9,15,17,27,30|2,10,19,21,32,34|6,7,13,20,26,35
2,8,9,18,21,26|3,13,17,28,32,34|7,10,15,25,29,35
2,9,10,21,29,33|3,13,17,28,32,34|7,15,25,26,35,40
2,9,15,18,25,38|3,13,17,28,32,34|7,10,20,21,29,35
2,9,15,27,32,33|3,13,22,26,29,34|6,7,10,16,17,35
2,9,15,27,38,40|3,13,17,28,32,34|7,10,20,21,29,35
2,9,16,18,28,38|3,13,22,26,29,34|6,7,25,27,32,35
2,9,18,20,21,38|3,13,17,28,32,34|7,10,15,25,29,35
2,9,21,26,33,40|3,13,17,28,32,34|7,10,15,25,29,35
2,15,17,18,25,34|3,9,13,28,32,38|7,10,20,21,29,35
2,15,17,27,34,40|3,9,13,28,32,38|7,10,20,21,29,35
2,16,17,18,28,34|6,7,13,20,26,35|9,10,15,27,29,30
2,17,18,20,21,34|3,9,13,28,32,38|7,10,15,25,29,35
1,3,13,22,35,38|2,12,17,18,21,34|7,9,15,26,29,31
3,9,12,13,22,34|7,17,21,26,29,32|10,15,18,25,30,35
1,3,9,21,29,38|2,13,17,28,34,40|6,7,27,31,32,35
1,3,17,21,29,34|2,9,13,28,32,33|7,15,26,31,35,40
1,7,16,17,22,35|2,8,9,19,21,26|3,15,27,29,32,34
1,9,13,17,28,30|2,19,21,26,29,38|6,7,27,31,32,35
2,8,9,19,21,26|3,13,17,22,32,34|7,10,15,29,31,35
2,9,11,18,21,38|3,6,13,26,29,34|7,14,22,27,32,35
2,9,15,18,31,38|3,6,13,26,29,34|7,14,22,27,32,35
2,9,15,19,25,38|3,6,13,26,29,34|7,14,22,27,32,35
2,9,16,18,22,38|3,6,13,26,29,34|7,11,15,27,32,35
2,9,16,19,28,38|3,6,13,26,29,34|7,11,15,27,32,35
2,9,19,20,21,38|3,6,13,26,29,34|7,11,15,27,32,35
2,11,17,18,21,34|3,9,13,22,32,38|7,10,15,29,31,35
2,13,17,28,34,40|6,7,27,31,32,35|9,11,18,21,26,30
2,15,17,18,31,34|3,9,13,22,32,38|7,10,11,21,29,35
2,15,17,19,25,34|3,9,13,22,32,38|7,10,11,21,29,35
2,16,17,19,28,34|3,9,13,22,32,38|7,10,11,21,29,35
2,17,18,21,32,38|3,6,9,13,20,34|7,10,15,29,31,35
2,17,19,20,21,34|3,9,13,22,32,38|7,10,15,29,31,35
2,19,21,26,29,38|3,6,9,13,20,34|7,11,15,27,32,35
3,13,17,22,32,34|7,10,11,21,29,35|9,15,18,26,30,31
3,15,27,29,32,34|6,7,11,13,26,35|9,10,17,21,30,40
2,7,17,21,26,29|3,10,13,28,30,35|9,12,15,27,33,34
2,6,7,27,31,35|3,9,13,22,26,30|10,17,21,29,33,34
2,7,11,15,27,35|3,9,13,22,26,30|10,17,21,29,33,34
1,3,9,17,21,30|2,6,7,14,27,35|13,22,26,29,33,34
2,6,7,14,27,35|3,9,10,21,29,30|13,17,28,32,33,34
2,7,11,13,28,35|3,9,10,21,29,30|15,17,18,31,34,38
2,7,13,20,22,35|3,9,10,21,29,30|15,17,18,31,34,38
2,17,19,21,26,30|3,7,15,25,32,35|6,9,14,27,33,34
2,7,14,15,35,40|3,6,9,13,30,32|11,19,21,29,34,38
2,9,13,22,30,40|6,16,18,29,34,38|12,17,19,21,23,35
1,19,21,32,34,38|2,6,7,13,20,35|9,15,17,23,27,29
2,7,11,13,22,35|6,16,17,18,34,38|9,19,21,23,26,32
2,7,15,25,35,40|3,9,13,28,30,32|6,16,17,18,34,38
2,7,20,21,35,40|3,9,13,28,30,32|6,16,17,18,34,38
2,9,15,18,25,30|3,7,11,21,32,35|6,13,26,29,33,34
2,9,15,27,30,40|3,7,11,21,32,35|6,13,26,29,33,34
2,9,16,18,28,30|3,7,11,21,32,35|6,13,26,29,33,34
2,9,18,20,21,30|3,7,15,31,32,35|6,13,26,29,33,34
2,18,21,26,29,30|3,7,15,31,32,35|6,9,13,20,33,34
2,7,9,15,25,29|3,6,10,13,30,35|12,17,19,21,34,38
2,7,9,16,28,29|3,6,10,13,30,35|12,17,19,21,34,38
1,3,9,21,29,30|2,6,7,11,13,35|14,15,17,19,34,38
2,7,11,21,35,40|3,9,13,22,30,32|6,16,17,19,34,38
2,7,15,31,35,40|3,9,13,22,30,32|6,16,17,19,34,38
2,9,11,18,21,30|3,6,7,16,32,35|13,28,29,34,38,40
2,9,13,28,30,40|3,6,7,16,32,35|8,19,21,26,29,34
2,9,15,18,30,31|3,6,7,16,32,35|8,19,21,26,29,34
2,9,15,19,25,30|3,6,7,16,32,35|11,18,21,29,34,38
2,9,16,18,22,30|3,7,14,15,32,35|6,13,17,34,38,40
2,9,16,19,28,30|3,7,14,15,32,35|6,13,17,34,38,40
2,9,19,20,21,30|3,6,7,16,32,35|13,28,29,34,38,40
2,19,21,26,29,30|3,6,7,16,32,35|8,9,13,28,34,40
1,2,13,32,34,40|6,7,10,15,29,35|9,11,16,19,26,30
1,2,16,19,32,34|3,8,12,13,17,35|6,9,15,18,26,30
1,7,14,25,29,35|2,6,9,15,18,38|3,16,17,32,34,40
1,7,16,20,29,35|2,6,9,15,18,38|13,17,26,30,32,40
1,9,11,13,17,30|2,14,18,25,29,34|6,7,15,26,35,40
1,9,14,27,29,30|2,6,15,17,18,34|7,11,13,20,32,35
2,9,11,13,38,40|6,7,10,15,29,35|16,17,19,26,30,32
2,11,13,17,34,40|6,7,10,15,29,35|9,14,19,26,30,31
2,11,16,17,19,34|6,7,10,15,29,35|9,18,25,30,31,32
2,13,17,32,38,40|6,7,10,15,29,35|9,11,16,19,26,30
2,14,17,19,31,34|3,9,16,32,38,40|6,7,10,15,29,35
2,14,18,25,29,34|3,8,12,13,17,35|9,11,16,19,26,30
2,14,27,29,34,40|3,8,12,13,17,35|6,9,15,18,26,30
2,15,18,28,29,34|3,8,12,13,17,35|9,11,16,19,26,30
2,16,17,19,32,38|3,9,14,31,34,40|6,7,10,15,29,35
2,16,18,20,29,34|3,8,12,13,17,35|9,14,19,26,30,31
2,19,25,29,31,34|3,8,12,13,17,35|6,9,15,18,26,30
3,9,14,31,34,40|6,7,10,15,29,35|16,17,19,26,30,32
3,16,17,32,34,40|6,7,10,15,29,35|9,14,19,26,30,31
1,9,13,20,29,30|2,6,15,17,19,34|7,14,25,32,35,40
1,12,16,18,30,35|2,6,9,15,19,38|3,11,13,29,32,34
2,6,15,17,19,34|3,12,16,29,33,35|9,14,18,25,30,32
2,11,16,18,29,34|6,9,15,19,26,30|7,14,25,32,35,40
2,14,18,29,31,34|6,9,15,19,26,30|7,16,20,32,35,40
1,14,27,30,35,40|2,12,16,18,29,34|6,7,9,15,17,32
1,19,25,30,31,35|2,12,16,18,29,34|6,7,9,15,17,32
1,2,9,16,17,33|3,11,13,26,29,34|6,7,27,28,32,35
1,7,14,17,25,35|2,8,9,16,18,26|3,27,29,31,32,34
1,7,15,17,28,35|2,8,9,16,18,26|3,27,29,31,32,34
1,7,16,17,20,35|2,9,14,18,25,38|3,11,13,26,29,34
1,9,10,13,30,32|2,14,17,18,25,34|7,15,26,28,35,40
2,8,9,16,18,26|3,13,17,20,32,34|7,10,14,25,29,35
2,9,10,16,29,33|3,13,17,20,32,34|7,14,25,26,35,40
2,9,14,18,25,38|3,11,13,26,29,34|6,7,10,15,17,35
2,9,14,27,32,33|3,11,13,26,29,34|6,7,10,15,17,35
2,9,14,27,38,40|3,11,13,26,29,34|6,7,10,15,17,35
2,9,15,18,28,38|3,11,13,26,29,34|7,14,20,27,32,35
2,9,16,18,20,38|3,11,13,26,29,34|6,7,10,15,17,35
2,9,16,26,33,40|3,13,17,20,32,34|7,10,14,25,29,35
2,9,19,25,31,38|3,11,13,26,29,34|6,7,10,15,17,35
2,14,17,18,25,34|3,8,9,13,26,32|7,10,15,28,29,35
2,14,17,27,34,40|3,8,9,13,26,32|7,10,15,28,29,35
2,15,17,18,28,34|3,8,9,13,26,32|7,10,14,25,29,35
2,16,17,18,20,34|3,8,9,13,26,32|7,10,14,25,29,35
2,16,18,26,29,38|3,9,11,13,20,34|6,7,10,15,17,35
2,17,19,25,31,34|3,8,9,13,26,32|7,10,15,28,29,35
2,25,27,29,34,40|3,8,9,13,26,32|6,7,10,15,17,35
3,27,29,31,32,34|6,7,10,15,17,35|9,14,18,25,26,30
1,2,8,9,13,17|3,14,27,29,32,34|7,11,16,26,35,40
1,2,12,13,33,35|3,9,14,25,34,40|16,17,18,26,30,32
1,2,13,17,29,38|3,9,14,25,34,40|6,7,22,27,32,35
1,2,16,18,32,34|7,10,14,29,31,35|9,13,20,26,30,40
1,3,9,16,29,38|2,13,17,20,34,40|6,7,22,27,32,35
1,3,16,17,29,34|2,8,9,13,26,40|6,7,22,27,32,35
1,9,13,17,20,30|2,16,19,26,29,38|6,7,22,27,32,35
1,9,27,29,30,31|2,11,16,17,18,34|7,15,22,26,35,40
1,13,17,26,29,30|2,9,11,16,18,38|6,7,22,27,32,35
2,8,9,16,19,26|3,11,13,17,32,34|7,10,14,29,31,35
2,9,11,16,18,38|3,14,27,29,32,34|7,15,22,26,35,40
2,9,14,18,31,38|3,11,13,17,32,34|7,10,15,22,29,35
2,9,14,19,25,38|3,11,13,17,32,34|7,10,15,22,29,35
2,9,15,18,22,38|3,11,13,17,32,34|7,10,14,29,31,35
2,9,15,19,28,38|3,11,13,17,32,34|7,10,14,29,31,35
2,9,16,19,20,38|3,11,13,17,32,34|7,10,14,29,31,35
2,11,16,17,18,34|6,7,22,27,32,35|9,10,13,20,29,30
2,13,17,20,34,40|6,7,22,27,32,35|9,11,16,18,26,30
2,13,26,29,32,33|3,9,14,25,34,40|10,12,16,18,30,35
2,14,17,18,31,34|3,9,11,13,32,38|7,10,15,22,29,35
2,14,17,19,25,34|3,9,11,13,32,38|7,10,15,22,29,35
2,15,17,18,22,34|3,9,11,13,32,38|7,10,14,29,31,35
2,15,17,19,28,34|3,9,11,13,32,38|7,10,14,29,31,35
2,16,17,18,32,38|3,9,14,25,34,40|7,10,15,22,29,35
2,16,17,19,20,34|3,9,11,13,32,38|7,10,14,29,31,35
2,16,19,26,29,38|3,9,14,25,34,40|6,7,22,27,32,35
2,18,25,29,31,34|3,9,11,13,32,38|7,15,22,26,35,40
2,27,29,31,34,40|3,9,11,13,32,38|10,12,16,18,30,35
3,11,13,17,32,34|7,10,14,29,31,35|9,15,18,22,26,30
1,3,11,13,35,38|2,12,16,17,18,34|7,9,14,26,29,31
2,12,16,17,18,34|3,8,10,13,32,35|7,9,14,26,29,31
3,9,11,12,13,34|7,16,17,26,29,32|10,14,18,25,30,35
3,12,13,17,32,34|7,9,11,16,26,29|10,14,18,25,30,35
1,2,16,18,26,34|3,9,27,31,32,38|7,10,14,17,25,35
1,2,10,13,29,34|3,9,14,27,32,38|7,25,26,31,35,40
1,2,13,26,34,40|3,9,10,16,29,38|7,11,25,27,32,35
1,2,16,19,26,34|3,9,14,27,32,38|7,10,15,17,22,35
2,9,11,13,26,33|3,10,16,17,29,34|7,20,27,31,32,35
2,9,18,25,31,38|3,10,16,17,29,34|7,11,13,20,26,35
2,9,27,31,32,33|3,10,16,17,29,34|7,11,13,20,26,35
2,9,27,31,38,40|3,10,16,17,29,34|7,11,13,20,26,35
2,10,13,17,29,38|3,6,9,22,27,34|7,25,26,31,35,40
2,13,17,26,32,33|3,6,9,22,27,34|7,10,25,29,31,35
2,13,17,26,38,40|3,6,9,22,27,34|7,10,25,29,31,35
2,16,17,19,26,38|3,6,9,22,27,34|7,10,25,29,31,35
2,17,18,25,31,34|3,9,10,16,29,38|7,11,13,20,26,35
2,17,27,31,34,40|3,9,10,16,29,38|7,11,13,20,26,35
2,3,9,16,32,40|6,15,18,26,29,34|11,12,13,17,33,35
6,9,14,18,28,34|11,12,13,17,33,35|16,19,26,29,32,38
6,9,15,18,20,34|11,12,13,17,33,35|16,19,26,29,32,38
6,9,18,22,31,34|11,12,13,17,33,35|16,19,26,29,32,38
9,14,18,31,32,38|11,12,13,17,33,35|15,19,22,26,29,34
9,15,18,22,32,38|11,12,13,17,33,35|14,19,26,29,31,34
6,15,19,26,29,34|8,12,16,17,18,35|9,11,13,32,38,40
1,12,16,18,35,38|2,3,9,11,13,32|6,15,17,19,26,34
2,3,9,11,13,32|6,15,17,19,26,34|12,27,29,31,33,35
6,9,19,25,28,34|12,13,17,20,33,35|16,18,26,29,32,38
6,9,22,27,34,40|12,13,17,20,33,35|16,18,26,29,32,38
9,11,14,27,34,40|12,13,17,20,33,35|16,18,26,29,32,38
9,11,19,25,31,34|12,13,17,20,33,35|16,18,26,29,32,38
9,14,27,32,38,40|11,16,18,26,29,34|12,13,17,20,33,35
9,19,22,28,31,34|12,13,17,20,33,35|16,18,26,29,32,38
1,2,3,12,13,35|6,9,15,18,26,38|17,27,31,32,34,40
1,9,14,27,29,38|6,15,17,18,26,34|10,12,13,32,33,35
1,9,16,26,29,33|10,12,13,35,38,40|17,18,25,31,32,34
1,10,13,29,32,34|6,9,15,18,26,38|12,14,17,27,33,35
1,13,26,32,34,40|8,9,17,25,27,29|10,12,16,19,35,38
1,14,17,27,29,34|2,3,9,13,20,32|10,12,16,19,35,38
1,16,19,26,32,34|8,9,17,25,27,29|10,12,13,35,38,40
2,3,9,13,20,32|6,15,17,18,26,34|10,12,16,19,35,38
2,3,13,26,29,32|6,9,18,25,28,34|10,12,16,19,35,38
1,12,13,26,33,35|2,3,9,10,16,29|17,25,27,32,34,40
1,16,18,26,32,34|9,10,13,20,29,38|12,17,27,31,33,35
2,3,9,14,27,32|10,12,16,18,35,38|13,17,20,26,34,40
1,9,25,27,29,38|2,3,10,12,13,35|15,17,18,26,28,34
1,3,8,17,19,39|2,6,13,18,28,33|7,12,16,27,29,40
1,3,13,29,31,33|2,8,16,18,27,40|7,11,12,17,19,39
2,8,13,19,20,27|3,10,29,33,39,40|7,12,16,17,18,31
2,11,13,27,33,40|3,8,10,18,29,39|7,12,16,17,19,25
2,8,9,16,18,38|3,12,13,17,23,35|25,27,29,30,34,40
2,13,20,29,33,34|7,8,14,27,32,35|9,15,18,28,30,38
3,8,9,11,13,34|7,14,25,32,33,35|16,18,26,29,30,38
3,11,13,29,34,38|7,8,14,27,32,35|9,16,26,30,33,40
1,2,9,13,23,29|7,11,16,32,33,35|14,17,18,30,31,34
1,8,9,13,17,30|3,16,29,32,33,34|7,14,31,35,38,40
2,8,9,16,19,38|7,14,31,32,33,35|13,17,20,30,34,40
2,8,13,17,34,40|7,11,16,32,33,35|9,14,18,30,31,38
2,8,16,17,19,34|7,14,31,32,33,35|9,13,20,30,38,40
2,9,16,18,23,32|7,14,31,35,38,40|15,17,19,28,30,34
2,11,13,29,33,34|7,14,31,35,38,40|8,9,16,19,26,30
1,2,13,23,35,40|6,7,9,15,29,38|12,16,17,19,30,34
1,2,16,19,23,35|6,7,9,15,29,38|12,13,17,30,34,40
1,7,8,16,29,35|2,9,13,23,32,40|6,15,17,18,30,34
2,8,16,18,29,34|6,7,15,32,33,35|9,11,13,30,38,40
2,9,16,19,23,32|6,7,15,35,38,40|14,18,25,29,30,34
2,16,29,33,34,40|6,9,15,18,30,38|7,8,11,13,32,35
2,9,10,13,17,23|3,27,29,31,34,38|7,14,25,26,33,35
2,9,16,18,23,26|3,11,13,17,34,38|7,8,25,27,32,35
2,27,29,31,33,34|3,9,13,23,26,32|7,8,10,16,17,35
3,14,27,29,34,38|7,8,10,16,17,35|9,13,20,26,30,33
2,9,12,13,33,38|3,14,17,23,27,35|7,10,16,29,32,34
1,2,9,13,17,23|6,7,15,26,33,35|10,16,18,30,32,34
1,2,16,19,34,38|6,7,15,26,33,35|8,9,10,13,17,30
2,9,10,13,23,29|3,16,17,32,33,34|7,25,31,35,38,40
2,9,16,19,23,26|3,13,20,29,34,38|7,8,27,31,32,35
2,14,27,29,33,34|7,8,11,13,26,35|9,18,25,30,31,38
3,9,11,16,33,34|7,8,27,31,32,35|10,13,17,29,30,38
3,9,16,32,33,38|7,8,11,13,26,35|17,18,25,30,31,34
3,16,17,32,33,34|7,8,11,13,26,35|9,18,25,30,31,38
1,3,25,27,30,35|2,7,9,10,16,32|12,13,17,26,33,34
1,2,9,10,13,30|3,7,11,16,26,35|17,18,25,31,34,38
1,13,26,32,33,34|2,6,7,27,28,35|3,9,10,16,17,30
1,13,26,34,38,40|2,6,7,27,28,35|3,9,10,16,17,30
1,3,14,27,30,35|2,7,9,11,16,17|12,13,26,29,33,34
2,7,9,25,29,31|3,10,11,13,30,35|12,16,17,18,34,38
