2,3,6,9,20,21|8,10,12,13,31,35|11,14,25,27,29,34
2,3,9,11,16,31|6,10,12,21,33,35|13,14,20,26,29,38|15,17,25,28,34,40
2,3,9,11,21,22|6,13,17,20,28,34|8,16,26,27,29,32
2,3,9,14,15,28|6,10,12,21,33,35|8,13,17,26,31,32|11,16,20,27,29,34
2,3,9,14,16,20|6,10,12,21,33,35|8,13,17,26,31,32|11,15,27,28,29,34
2,3,9,15,22,31|6,10,12,21,33,35|8,16,26,27,29,32
2,3,11,17,32,39|6,8,9,13,26,28|10,12,14,16,33,35|15,20,22,27,29,34
2,3,16,17,31,32|6,8,9,13,26,28|11,14,25,27,29,34
2,3,17,21,22,32|6,8,9,13,26,28|10,12,14,16,33,35
6,9,11,15,27,38|8,10,12,13,31,35|14,16,17,26,32,33
6,9,11,21,26,33|8,10,12,13,31,35|14,22,27,28,29,34
6,9,14,22,27,38|8,10,12,13,31,35|15,17,25,28,34,40|20,26,29,32,33,39
6,9,16,22,26,33|8,10,12,13,31,35|11,14,25,27,29,34
6,10,12,21,33,35|8,9,11,13,26,31|14,22,27,28,29,34
8,9,11,13,26,31|10,12,14,16,33,35|15,17,25,28,34,40
8,9,14,25,27,32|11,13,17,20,31,34|21,26,28,29,38,40
8,9,15,27,28,32|10,12,14,16,33,35|11,13,17,20,31,34
8,10,12,13,31,35|9,11,14,16,26,33|15,17,25,28,34,40
8,13,17,26,31,32|9,15,25,28,38,40|10,12,14,16,33,35
8,16,26,27,29,32|9,11,13,20,31,38|15,17,25,28,34,40
9,11,13,20,31,38|10,12,14,16,33,35|15,17,25,28,34,40
10,12,14,16,33,35|11,13,17,20,31,34|15,27,28,29,32,38
1,6,13,22,26,34|2,3,9,11,16,25|14,17,27,31,32,38
1,8,9,10,32,39|2,3,16,26,29,31|6,14,17,27,28,34
1,10,11,29,34,39|2,3,9,14,25,31|6,13,17,22,26,38
1,10,16,29,31,34|2,3,9,11,20,39|6,13,17,22,26,38
1,10,21,22,29,34|2,3,9,11,16,25|14,17,27,31,32,38
1,10,29,32,38,39|2,3,9,11,16,25|6,14,17,27,28,34
1,11,13,14,26,34|2,3,9,15,22,25|10,12,16,31,33,35
1,11,16,27,32,34|2,3,9,14,25,31|6,13,17,22,26,38
1,11,26,34,39,40|2,3,9,14,25,31|10,12,21,22,33,35
1,13,14,26,32,38|2,3,9,11,16,25|6,15,17,20,27,34|10,12,21,22,33,35
1,13,20,25,32,34|2,3,9,11,21,28|6,15,26,27,29,38|10,12,16,31,33,35
1,14,27,31,32,34|2,3,9,11,16,25|6,13,17,22,26,38
1,15,22,27,32,34|2,3,9,11,16,25|13,20,26,29,31,38
1,16,26,31,34,40|2,3,9,11,20,39|8,10,12,13,25,35|15,17,22,27,32,38
1,21,22,26,34,40|2,3,9,11,16,25|14,17,27,31,32,38
1,26,32,38,39,40|2,3,9,11,16,25|6,14,17,27,28,34|10,12,21,22,33,35
2,3,9,11,16,25|6,10,13,28,32,34|17,21,22,26,38,40
2,3,9,11,20,39|6,10,13,28,32,34|16,17,26,31,38,40
2,3,9,11,21,28|6,13,17,22,26,38|10,12,16,31,33,35|14,20,25,27,29,34
2,3,9,14,25,31|6,10,13,28,32,34|11,17,26,38,39,40
2,3,9,15,22,25|6,10,13,28,32,34|11,17,26,38,39,40
2,3,9,15,28,31|6,13,17,22,26,38|10,11,12,33,35,39|14,20,25,27,29,34
2,3,9,16,20,31|6,10,13,28,32,34|11,17,26,38,39,40
2,3,9,16,22,28|6,15,17,20,27,34|8,10,12,13,25,35
2,3,9,20,21,22|6,10,13,28,32,34|11,17,26,38,39,40
2,3,11,26,29,39|6,9,14,27,28,38|8,10,12,13,25,35
2,3,16,17,25,32|6,8,9,15,26,27|10,11,12,33,35,39
2,3,16,26,29,31|6,9,14,27,28,38|8,10,12,13,25,35
2,3,17,20,32,39|6,8,9,15,26,27|10,12,16,31,33,35
2,3,17,21,28,32|6,8,9,15,26,27|10,11,12,33,35,39
2,3,21,22,26,29|6,9,14,27,28,38|8,10,12,13,25,35
6,8,9,15,26,27|10,11,12,33,35,39|13,17,20,22,28,34
6,9,14,27,28,38|8,10,12,13,25,35|11,17,26,32,33,39
6,9,15,20,27,38|8,10,12,13,25,35|11,17,26,32,33,39
6,9,16,26,28,33|8,10,12,13,25,35|11,14,17,27,31,34
6,9,20,21,26,33|8,10,12,13,25,35|11,14,17,27,31,34
6,9,22,27,31,38|8,10,12,13,25,35|11,17,26,32,33,39
6,13,17,22,26,38|8,9,25,27,31,32|10,11,12,33,35,39
6,14,17,27,28,34|8,9,11,13,25,26|10,12,16,31,33,35
6,15,17,20,27,34|8,9,11,13,25,26|10,12,16,31,33,35
8,9,11,13,25,26|10,12,16,31,33,35|15,17,22,27,32,38
8,9,13,20,26,31|10,11,12,33,35,39|15,17,22,27,32,38
8,9,13,22,26,28|10,11,12,33,35,39|14,17,27,31,32,38
8,9,25,27,31,32|10,11,12,33,35,39|13,17,20,22,28,34
8,10,12,13,25,35|9,11,14,27,31,38|17,21,22,26,32,33
8,13,17,25,26,32|9,11,14,27,31,38|10,12,21,22,33,35
10,11,12,33,35,39|13,17,20,22,28,34|25,27,29,31,32,38
10,12,16,31,33,35|11,13,14,17,26,38|15,20,27,28,29,34
10,12,21,22,33,35|11,13,14,17,26,38|15,20,27,28,29,34
1,6,13,28,32,34|2,3,9,11,14,16|8,10,12,35,39,40
1,8,12,13,25,35|2,3,6,9,11,21|10,14,16,32,34,40
1,11,12,33,35,39|2,3,6,9,15,31|8,13,14,17,26,32
1,11,13,31,32,34|2,3,6,9,16,22|8,10,12,35,39,40
1,11,17,29,38,39|2,3,6,9,15,31|8,10,12,13,14,35
1,12,16,31,33,35|2,3,6,9,11,21|8,10,17,29,32,39
1,12,21,22,33,35|2,3,6,9,15,31|8,10,17,29,32,39
1,13,14,20,32,34|2,3,6,9,11,21|8,10,12,35,39,40
1,16,17,29,31,38|2,3,6,9,11,21|8,10,12,13,14,35
1,16,25,32,34,40|2,3,6,9,11,21|8,10,12,13,14,35
1,17,21,22,29,38|2,3,6,9,15,31|8,10,12,13,14,35
1,20,32,34,39,40|2,3,6,9,11,21|8,10,12,13,14,35
1,21,28,32,34,40|2,3,6,9,15,31|8,10,12,13,14,35
2,3,6,9,11,21|8,10,12,13,14,35|15,17,22,25,34,40|16,26,29,31,32,33
2,3,6,9,15,31|8,10,12,13,14,35|11,16,17,25,34,40|21,22,26,29,32,33
2,3,6,9,16,22|8,10,12,13,14,35|11,17,20,34,39,40
2,3,16,25,29,32|6,8,9,13,22,26|11,17,20,34,39,40
2,3,20,29,32,39|6,8,9,13,22,26|11,16,17,25,34,40
2,3,21,28,29,32|6,8,9,13,22,26|11,16,17,25,34,40
6,9,11,13,28,38|8,10,12,35,39,40|16,26,29,31,32,33
6,9,13,20,22,38|8,10,12,35,39,40|11,14,27,29,31,34
6,9,14,15,26,33|8,10,12,35,39,40|11,13,17,31,32,38
6,13,22,26,29,38|8,9,11,16,27,32|14,17,25,31,34,40
6,15,20,27,29,34|8,9,11,13,14,26|16,17,25,32,38,40
6,22,27,29,31,34|8,9,11,13,14,26|16,17,25,32,38,40
8,9,15,22,27,32|11,13,14,17,20,34|16,26,29,31,38,40
8,9,16,26,31,40|11,13,14,17,20,34|15,22,27,29,32,38
8,10,12,13,14,35|9,11,16,25,32,33|15,17,28,31,34,40
8,10,12,35,39,40|9,11,13,14,20,38|16,26,29,31,32,33
9,11,13,14,20,38|15,17,22,25,34,40|16,26,29,31,32,33
9,15,22,25,32,33|11,13,14,17,20,34|16,26,29,31,38,40
9,15,22,25,38,40|11,13,14,17,20,34|16,26,29,31,32,33
9,15,28,31,32,33|11,13,14,17,20,34|21,22,26,29,38,40
9,15,28,31,38,40|11,13,14,17,20,34|21,22,26,29,32,33
9,16,20,31,32,33|11,13,14,26,29,38|15,17,22,25,34,40
9,20,21,22,32,33|11,13,14,26,29,38|15,17,28,31,34,40
1,6,12,21,33,35|2,3,11,29,32,39|8,9,14,16,26,40
1,8,12,13,31,35|2,3,6,9,14,15|11,17,21,22,34,40
1,12,14,16,33,35|2,3,11,29,32,39|6,8,9,21,26,40
2,3,6,9,14,15|8,13,26,29,31,32|11,17,21,22,34,40
1,3,6,13,16,30|8,14,21,27,29,33|11,15,17,18,23,39
1,3,13,14,15,30|6,8,27,29,33,39|11,16,17,18,21,23
1,3,13,15,30,31|2,7,12,16,21,40|6,17,18,23,25,39
1,3,13,16,22,30|2,7,12,15,39,40|8,21,27,29,31,33
1,6,13,16,33,38|2,7,12,15,39,40|14,17,18,21,23,25
1,8,15,18,38,39|2,6,7,12,13,16|14,17,21,23,27,40
1,8,16,18,21,38|2,7,12,13,14,15|6,17,23,27,39,40
1,13,14,15,33,38|2,7,12,16,21,40|6,17,18,23,25,39
1,15,33,38,39,40|2,6,7,12,13,16|14,17,18,21,23,25
1,16,21,33,38,40|2,7,12,13,14,15|6,17,18,23,25,39
2,6,7,12,13,16|8,21,27,29,31,33|10,15,19,23,32,39
2,7,12,13,14,15|6,17,18,23,25,39|8,21,27,29,31,33
1,3,13,15,25,30|6,8,17,27,33,39|10,16,18,21,23,32
1,13,15,31,33,38|3,7,12,16,21,32|17,18,22,23,25,39
1,13,16,22,33,38|3,7,12,15,32,39|17,18,21,23,25,31
1,16,19,21,23,26|2,7,12,13,15,31|6,8,17,27,33,39
2,7,12,13,15,31|3,10,16,21,30,40|6,8,17,27,33,39
2,7,12,13,16,22|3,10,15,30,39,40|8,14,17,21,27,33
3,7,12,15,32,39|6,13,17,23,27,31|8,10,16,19,21,38
1,2,3,15,33,39|6,13,17,23,25,27|8,10,16,18,21,38
1,2,3,16,21,33|6,13,17,23,25,27|8,10,15,18,38,39
1,3,6,27,30,39|2,7,12,13,15,25|8,10,16,18,21,38
1,3,15,16,27,30|2,7,12,13,20,21|17,18,23,25,28,39
1,15,18,23,26,39|2,7,12,13,16,28|8,17,21,27,31,33
1,16,18,21,23,26|2,7,12,13,15,25|8,17,22,27,33,39
2,7,12,13,15,25|8,10,16,18,21,38|17,23,27,28,39,40
2,7,12,13,16,28|8,10,15,18,38,39|17,21,23,25,27,40
1,3,6,21,23,35|7,11,14,16,32,34|8,9,12,13,25,30
1,3,14,16,23,35|6,7,11,21,32,34|8,9,12,13,25,30
2,6,9,13,22,23|3,8,11,29,34,39|16,17,30,31,32,33
2,6,21,29,33,38|3,9,14,16,23,32|7,8,15,22,31,35
2,9,11,13,14,23|3,8,16,29,31,34|17,21,22,30,32,33
2,9,11,23,39,40|3,8,16,29,31,34|6,13,17,22,30,38
2,9,16,23,31,40|3,8,11,29,34,39|6,13,17,22,30,38
2,9,21,22,23,40|3,8,11,29,34,39|16,17,30,31,32,33
2,13,14,17,23,32|3,8,11,29,34,39|6,9,15,25,30,33
2,13,23,25,29,32|6,7,8,16,28,35|9,11,21,22,30,33
2,14,16,29,33,38|3,6,9,21,23,32|7,8,15,22,31,35
2,17,23,32,39,40|3,8,16,29,31,34|6,9,15,25,30,33
3,6,9,21,23,32|7,8,11,16,31,35|13,22,28,29,30,38
3,9,14,16,23,32|6,7,8,15,25,35|11,17,30,38,39,40
2,13,23,29,31,32|6,7,8,11,21,35|9,14,15,22,30,33
1,3,20,23,35,39|6,7,14,15,26,34|12,13,17,25,30,38
1,3,21,23,28,35|6,7,14,15,26,34|12,13,17,25,30,38
3,10,14,16,23,35|7,11,20,32,34,39|12,13,17,25,30,38
1,2,8,13,31,34|3,9,16,23,25,32|6,15,17,27,30,38
1,3,8,32,34,39|2,6,9,15,23,27|11,13,17,25,30,38
1,3,12,23,35,39|2,6,17,21,33,38|8,9,14,25,27,30
1,6,15,27,30,34|2,8,9,16,25,33|3,23,26,29,32,39
1,11,13,25,30,34|2,6,9,15,23,27|3,8,17,32,38,39
1,13,20,30,31,34|2,6,9,15,23,27|3,8,17,32,38,39
1,13,22,28,30,34|2,6,9,15,23,27|3,8,17,32,38,39
1,13,25,30,32,38|2,6,9,15,23,27|3,8,11,17,34,39
2,6,9,15,23,27|3,8,11,17,34,39|10,13,14,30,32,38
2,6,17,21,33,38|3,9,16,23,25,32|10,11,13,14,30,34
2,8,9,16,25,33|3,23,26,29,32,39|6,10,13,22,30,34
2,8,9,21,28,33|3,23,26,29,32,39|6,10,13,22,30,34
2,8,13,17,31,38|3,9,16,23,25,32|10,11,30,34,39,40
2,8,16,27,29,38|3,9,20,23,32,39|6,10,13,22,30,34
2,8,26,29,33,39|3,9,16,23,25,32|6,10,13,22,30,34
2,9,11,13,23,25|3,8,16,17,31,34|10,30,32,38,39,40
2,9,13,20,23,31|3,8,11,17,34,39|14,25,27,29,30,38
2,9,13,22,23,28|3,8,11,17,34,39|14,25,27,29,30,38
2,13,17,23,25,32|3,8,9,11,38,39|10,16,30,31,34,40
2,13,23,26,29,31|3,8,9,11,38,39|7,12,21,22,32,34
2,14,16,17,33,38|3,9,20,23,32,39|6,10,13,22,30,34|7,8,15,25,28,35
3,8,9,21,22,38|7,11,12,32,34,39|14,16,17,26,30,33
3,9,16,23,25,32|6,10,13,22,30,34|7,8,20,21,28,35
3,9,20,23,32,39|6,10,13,22,30,34|7,8,15,25,28,35
3,9,21,23,28,32|6,10,13,22,30,34|7,8,16,20,25,35
3,23,26,29,32,39|6,10,13,22,30,34|7,8,15,25,28,35
1,3,11,23,35,39|6,7,15,25,32,34|8,9,12,16,27,30
1,3,16,23,31,35|2,8,9,12,33,39|6,7,15,25,32,34
1,3,21,22,23,35|2,8,9,12,33,39|6,7,15,25,32,34
1,2,8,13,14,34|3,9,11,23,32,39|15,22,27,29,30,38
1,2,8,34,39,40|3,9,16,23,31,32|6,13,17,28,30,38
1,2,17,23,29,39|3,6,8,9,21,38|7,12,14,16,32,34
1,16,25,30,34,40|2,6,9,13,23,28|7,8,11,20,35,39
1,20,30,34,39,40|2,6,9,13,23,28|7,8,11,16,25,35
2,6,9,13,23,28|3,8,14,16,17,34|11,26,29,30,33,39
2,8,9,11,33,39|6,7,12,21,32,34|13,14,17,20,30,38
2,8,9,16,31,33|6,7,12,21,32,34|13,14,17,20,30,38
2,8,9,21,22,33|6,13,17,28,30,38|7,12,14,16,32,34
2,8,13,14,17,38|3,9,11,23,32,39|6,10,21,30,34,40
2,8,13,25,29,38|3,9,11,23,32,39|6,10,21,30,34,40
2,8,17,38,39,40|3,9,16,23,31,32|21,22,26,29,30,33
2,9,11,13,23,31|3,6,8,17,21,34|15,22,27,29,30,38
2,9,13,14,20,23|3,6,8,17,21,34|11,16,27,29,30,38
2,9,16,23,25,40|3,6,8,17,21,34|11,26,29,30,33,39
2,9,20,23,39,40|3,6,8,17,21,34|11,16,27,29,30,38
2,9,21,23,28,40|3,8,14,16,17,34|11,26,29,30,33,39
2,13,14,23,26,29|3,6,8,9,21,38|16,17,25,30,32,33
2,13,17,23,31,32|3,6,8,9,21,38|10,14,16,30,34,40
2,23,26,29,39,40|3,6,8,9,21,38|7,12,14,16,32,34
3,6,8,9,21,38|7,12,14,16,32,34|11,26,29,30,33,39
3,8,9,14,16,38|6,7,12,21,32,34|11,26,29,30,33,39
3,9,11,23,32,39|6,10,21,30,34,40|7,8,14,25,31,35
3,9,16,23,31,32|6,10,21,30,34,40|7,8,11,20,35,39
3,9,21,22,23,32|6,13,17,28,30,38|7,8,11,16,25,35
1,2,8,16,27,34|3,9,11,23,26,39|10,13,25,30,32,38
1,2,16,25,33,34|3,9,11,23,26,39|15,17,27,28,30,38
1,2,20,33,34,39|3,9,16,23,26,31|10,13,25,30,32,38
1,2,21,28,33,34|3,9,11,23,26,39|10,13,25,30,32,38
1,3,11,34,38,39|2,9,14,23,25,27|17,21,26,28,30,33
2,6,10,21,33,34|3,9,11,23,26,39|14,17,25,27,30,38
2,8,10,13,31,34|3,9,11,23,26,39|14,17,25,27,30,38
2,8,16,17,27,38|3,9,11,23,26,39|10,13,20,30,31,34
2,9,14,23,25,27|3,8,10,32,34,39|17,21,26,28,30,33
2,9,15,23,27,28|3,8,10,32,34,39|16,17,25,26,30,33
2,9,16,20,23,27|3,8,10,32,34,39|17,21,26,28,30,33
2,10,14,16,33,34|3,9,11,23,26,39|15,17,27,28,30,38
2,17,20,33,38,39|3,9,16,23,26,31|6,10,15,27,30,34
1,2,12,33,34,39|3,10,16,23,31,35|6,7,21,26,32,38
1,12,16,27,30,34|3,10,11,23,35,39|6,7,21,26,32,38
2,12,17,33,38,39|3,10,16,23,31,35|6,7,11,21,26,34
3,10,11,23,35,39|6,7,15,26,31,34|12,16,17,27,30,38
3,10,21,22,23,35|6,7,15,26,31,34|12,16,17,27,30,38
1,2,8,13,25,34|3,6,9,21,23,26|11,16,17,27,30,38
1,2,11,33,34,39|3,6,9,21,23,26|10,13,30,31,32,38
1,2,16,31,33,34|3,6,9,21,23,26|13,17,20,25,30,38
1,2,32,33,38,39|3,6,9,21,23,26|10,11,13,30,31,34
1,3,6,21,34,38|2,9,11,16,23,27|8,13,17,25,26,30
1,3,14,16,34,38|2,9,13,20,23,25|11,17,26,30,33,39
1,8,9,10,30,39|2,13,14,17,23,26|7,12,16,25,32,34
1,10,29,30,38,39|2,9,11,16,23,27|3,8,17,21,28,34
1,11,16,27,30,34|2,8,13,17,25,38|3,6,9,21,23,26
1,13,20,25,30,34|2,9,11,16,23,27|3,8,26,29,38,39
1,14,27,30,31,34|2,8,13,17,25,38|3,6,9,21,23,26
1,15,22,27,30,34|2,8,13,17,25,38|3,6,9,21,23,26
1,16,27,30,32,38|2,8,10,13,14,34|3,6,9,21,23,26
2,8,10,13,14,34|3,6,9,21,23,26|11,16,17,27,30,38
2,8,10,34,39,40|3,6,9,21,23,26|11,16,17,27,30,38
2,8,13,17,25,38|3,6,9,21,23,26|7,12,20,32,34,39
2,9,11,16,23,27|3,8,17,20,34,39|10,13,30,31,32,38
2,9,15,22,23,27|3,8,16,17,25,34|10,13,30,31,32,38
2,10,17,23,29,39|3,8,9,16,25,38|7,12,21,28,32,34
2,11,17,33,38,39|3,6,9,21,23,26|7,12,16,25,32,34
2,13,14,17,23,26|3,8,9,16,25,38|7,12,20,32,34,39
2,13,23,25,26,29|3,8,9,20,38,39|7,12,21,28,32,34
2,16,17,23,27,32|3,8,9,20,38,39|6,10,13,28,30,34
2,16,17,31,33,38|3,6,9,21,23,26|7,12,20,32,34,39
2,17,21,22,33,38|3,9,14,16,23,26|6,10,13,28,30,34
2,17,23,26,39,40|3,8,9,16,25,38|6,10,13,28,30,34
3,6,9,21,23,26|7,12,16,25,32,34|14,17,27,30,31,38
3,8,9,21,28,38|7,12,16,25,32,34|11,17,26,30,33,39
1,3,21,28,34,38|2,9,23,25,27,31|10,26,30,32,33,39
1,10,17,30,38,39|2,9,23,25,27,31|7,12,21,22,26,34
1,25,27,30,31,34|2,10,32,33,38,39|3,9,21,23,26,28
1,2,30,32,39,40|6,8,9,13,22,38|11,16,29,31,33,34
1,12,23,35,39,40|2,6,13,17,22,30|8,9,16,31,32,33
2,11,13,14,17,30|6,8,15,27,29,34|9,16,23,25,32,40
2,11,13,25,29,30|6,9,14,15,33,38|8,16,17,31,34,40
2,11,17,30,39,40|6,8,9,13,22,38|14,15,28,29,33,34
2,13,20,29,30,31|6,9,14,15,33,38|8,11,17,34,39,40
2,13,22,28,29,30|6,9,14,15,33,38|8,11,17,34,39,40
2,16,17,30,31,40|6,8,9,13,22,38|14,15,28,29,33,34
2,17,21,22,30,40|6,8,15,27,29,34|9,11,13,23,31,32
3,6,9,11,21,30|8,13,14,17,32,38|15,22,29,31,33,34
3,6,9,15,30,31|8,11,13,14,17,34|21,22,29,32,33,38
3,6,9,16,22,30|8,11,13,14,17,34|23,26,29,32,39,40
3,6,17,21,30,32|8,9,11,13,14,38|15,22,29,31,33,34
3,9,11,14,16,30|6,8,13,17,22,34|23,26,29,32,39,40
3,9,14,15,22,30|6,16,28,29,33,34|8,17,32,38,39,40
1,2,13,30,31,32|6,9,10,21,23,29|8,16,17,25,34,40
1,6,21,34,38,40|2,3,8,9,14,16|13,23,26,29,31,32
1,8,12,33,35,39|2,3,6,21,29,38|9,11,13,23,25,32
1,8,13,31,32,34|2,3,6,21,29,38|9,14,16,23,26,40
1,12,13,23,31,35|2,3,6,8,9,21|11,14,16,17,33,34
1,14,16,34,38,40|2,3,6,8,9,21|13,23,26,29,31,32
2,3,6,8,9,21|11,14,16,17,33,34|13,23,26,29,31,32
2,3,8,9,14,16|6,11,17,21,33,34|13,23,26,29,31,32
2,11,16,27,29,30|6,8,9,13,28,38|14,15,17,22,33,34
2,15,22,27,29,30|6,8,9,13,28,38|11,14,16,17,33,34
2,16,17,25,30,40|6,8,9,13,28,38|11,20,29,33,34,39
2,17,20,30,39,40|6,8,9,13,28,38|11,16,25,29,33,34
2,17,21,28,30,40|6,9,15,23,27,32|8,13,14,26,29,38
3,6,9,15,25,30|8,11,13,17,31,34|20,29,32,33,38,39
3,6,9,16,28,30|8,11,13,17,31,34|20,29,32,33,38,39
3,6,9,20,21,30|8,11,13,17,31,34|16,25,29,32,33,38
3,6,21,26,29,30|8,9,11,13,31,38|14,15,17,22,33,34
3,9,11,16,30,31|6,8,13,17,28,34|20,29,32,33,38,39
3,9,11,21,22,30|6,8,13,17,28,34|16,25,29,32,33,38
3,9,14,15,28,30|6,11,17,21,33,34|8,16,27,29,32,38
3,9,15,22,30,31|6,8,13,17,28,34|16,25,29,32,33,38
3,11,17,30,32,39|6,8,9,13,28,38|14,25,29,31,33,34
3,16,17,30,31,32|6,8,9,13,28,38|11,20,29,33,34,39
3,17,21,22,30,32|6,8,9,13,28,38|11,16,25,29,33,34
6,9,21,23,26,40|8,11,13,17,31,34|16,25,29,32,33,38
8,9,20,38,39,40|11,14,16,17,33,34|13,23,26,29,31,32
8,9,21,28,38,40|11,14,16,17,33,34|13,23,26,29,31,32
8,26,29,38,39,40|9,11,13,23,25,32|14,15,17,22,33,34
1,2,13,25,30,32|6,8,9,15,27,38|10,12,23,35,39,40|11,16,17,31,33,34
1,8,13,25,32,34|2,3,11,29,38,39|9,16,23,26,31,40
1,9,11,17,23,39|2,3,16,29,31,38|8,10,13,14,32,34
1,9,16,17,23,31|2,3,11,29,38,39|8,10,13,14,32,34
1,9,17,21,22,23|2,3,11,29,38,39|8,10,13,14,32,34
1,11,13,14,34,38|2,3,8,9,16,31|10,12,23,35,39,40
1,11,32,33,34,39|2,3,8,9,16,31|10,12,13,14,23,35
1,11,34,38,39,40|2,3,8,9,16,31|10,12,13,14,23,35
1,12,13,23,25,35|2,3,8,9,11,39|6,16,17,28,33,34
1,16,31,32,33,34|2,3,8,9,11,39|10,12,13,14,23,35
1,16,31,34,38,40|2,3,8,9,11,39|10,12,13,14,23,35
1,21,22,32,33,34|2,3,8,9,11,39|10,12,13,14,23,35
1,21,22,34,38,40|2,3,8,9,11,39|10,12,13,14,23,35
2,3,8,9,11,39|6,15,17,25,33,34|10,12,13,14,23,35
2,3,8,9,16,31|6,15,17,25,33,34|10,12,13,14,23,35
2,3,8,9,21,22|6,15,17,25,33,34|10,12,13,14,23,35
2,3,8,17,32,39|6,9,13,22,23,26|15,25,28,29,33,34
2,3,11,29,38,39|6,8,9,21,26,33|10,12,13,14,23,35
2,3,16,29,31,38|6,8,9,21,26,33|10,12,13,14,23,35
2,3,21,22,29,38|6,8,15,17,27,34|9,11,13,14,23,26
2,6,15,17,27,30|8,9,11,13,25,38|10,12,23,35,39,40|20,21,28,29,33,34
2,10,13,14,30,32|6,8,9,15,27,38|11,16,17,31,33,34
2,10,30,32,39,40|6,8,9,15,27,38|11,16,17,31,33,34
2,11,13,17,25,30|6,8,9,15,27,38|10,12,23,35,39,40|20,21,28,29,33,34
2,13,17,20,30,31|6,8,9,15,27,38|10,12,23,35,39,40
2,13,17,22,28,30|6,8,9,15,27,38|10,12,23,35,39,40|16,20,25,29,33,34
2,14,25,27,29,30|6,8,9,21,26,33|10,12,23,35,39,40
2,15,27,28,29,30|6,8,9,21,26,33|10,12,13,14,23,35
2,16,20,27,29,30|6,8,9,21,26,33|10,12,13,14,23,35
3,9,11,16,25,30|6,8,15,17,27,34|10,12,13,14,23,35
3,9,11,20,30,39|6,8,15,17,27,34|10,12,13,14,23,35
3,9,11,21,28,30|6,8,15,17,27,34|10,12,13,14,23,35
3,9,14,25,30,31|6,8,15,17,27,34|10,12,23,35,39,40
3,9,15,22,25,30|6,16,17,28,33,34|8,13,26,29,31,38|10,12,23,35,39,40
3,9,15,28,30,31|6,17,20,21,33,34|10,12,13,14,23,35
3,9,16,20,30,31|6,8,15,17,27,34|10,12,13,14,23,35
3,9,16,22,28,30|6,8,15,17,27,34|10,12,13,14,23,35
3,9,20,21,22,30|6,8,15,17,27,34|10,12,13,14,23,35
3,11,26,29,30,39|6,8,9,15,27,38|10,12,13,14,23,35
3,16,17,25,30,32|6,8,9,15,27,38|10,12,13,14,23,35|20,21,28,29,33,34
3,16,26,29,30,31|6,8,9,15,27,38|10,12,13,14,23,35|11,17,21,22,33,34
3,17,20,30,32,39|6,8,9,15,27,38|10,12,13,14,23,35
3,17,21,28,30,32|6,8,9,15,27,38|10,12,13,14,23,35|16,20,25,29,33,34
3,21,22,26,29,30|6,8,9,15,27,38|10,12,13,14,23,35|11,16,17,31,33,34
6,8,9,15,27,38|10,12,13,14,23,35|11,16,17,31,33,34
6,15,17,25,33,34|8,9,13,20,31,38|10,12,23,35,39,40
6,16,17,28,33,34|8,9,11,13,25,38|10,12,23,35,39,40
6,17,20,21,33,34|8,9,11,13,25,38|10,12,23,35,39,40
8,9,11,13,25,38|10,12,23,35,39,40|14,15,17,28,33,34
8,9,13,20,31,38|10,12,23,35,39,40|11,17,21,22,33,34
8,9,13,22,28,38|10,12,23,35,39,40|11,16,17,31,33,34
8,13,26,29,31,38|9,11,16,23,27,32|14,15,17,28,33,34
8,14,25,27,29,34|9,11,16,31,33,38|10,12,23,35,39,40
8,15,27,28,29,34|9,11,13,14,23,26|16,17,31,32,33,38
8,16,20,27,29,34|9,11,13,14,23,26|17,21,22,32,33,38
1,12,13,31,34,38|2,6,7,21,26,32|8,10,16,25,33,35
1,14,23,25,27,35|2,6,7,21,26,32|9,12,20,33,38,39
1,15,23,27,28,35|2,6,7,21,26,32|9,12,16,25,33,38
2,6,7,21,26,32|8,9,12,16,27,38|10,11,13,23,25,35
2,7,14,16,26,32|6,10,15,23,27,35|9,12,20,33,38,39
1,2,3,6,21,34|8,9,11,16,27,38|10,12,13,23,31,35
1,2,3,14,16,34|6,9,10,17,21,23|8,13,25,26,29,38
1,2,10,29,30,39|6,9,13,23,26,28|8,11,16,17,27,34
1,2,13,14,26,30|6,9,10,17,21,23|8,25,27,29,31,34
1,2,16,27,30,32|6,9,10,17,21,23|8,13,25,26,29,38
1,2,26,30,39,40|6,9,10,17,21,23|8,25,27,29,31,34
1,8,10,29,34,39|2,3,6,17,21,38|9,11,13,23,26,31
1,8,13,14,26,34|2,3,6,17,21,38|9,10,16,23,25,29
1,8,16,27,32,34|2,3,6,17,21,38|9,10,20,23,29,39
1,8,26,34,39,40|2,3,6,17,21,38|9,10,16,23,25,29
1,9,16,17,23,25|2,3,8,26,29,39|6,10,21,32,33,34
1,9,17,20,23,39|2,3,16,25,29,38|6,10,21,32,33,34
1,9,17,21,23,28|2,3,8,26,29,39|10,14,16,32,33,34
1,12,16,23,27,35|2,3,6,17,21,38|8,9,11,26,33,39
1,16,25,32,33,34|2,3,6,17,21,38|9,10,20,23,29,39
1,16,25,34,38,40|2,3,8,9,20,39|10,12,13,23,31,35
1,17,23,26,29,39|2,3,8,9,16,25|6,10,21,32,33,34
1,20,32,33,34,39|2,3,6,17,21,38|9,10,16,23,25,29
1,20,34,38,39,40|2,3,8,9,16,25|10,12,13,23,31,35
1,21,28,32,33,34|2,3,8,9,16,25|10,12,13,23,31,35
1,21,28,34,38,40|2,3,8,9,16,25|10,12,13,23,31,35
2,3,6,17,21,38|8,9,11,26,33,39|10,12,13,23,31,35
2,3,8,9,21,28|10,12,13,23,31,35|11,16,17,25,33,34
2,3,14,16,17,38|6,9,13,23,26,28|8,10,12,33,35,39
2,3,21,28,29,38|8,9,11,26,33,39|10,12,13,23,31,35
2,10,13,30,31,32|8,9,11,16,27,38|15,17,22,25,33,34
2,11,16,17,27,30|6,9,13,23,26,28|8,10,12,33,35,39
2,13,17,20,25,30|6,10,21,32,33,34|8,9,11,16,27,38
2,14,17,27,30,31|6,9,13,23,26,28|8,10,12,33,35,39
2,15,17,22,27,30|6,9,13,23,26,28|8,10,12,33,35,39
3,6,17,21,26,30|8,9,11,16,27,38|10,12,13,23,31,35
3,9,15,25,28,30|6,10,21,32,33,34|8,13,14,17,26,38
3,9,16,20,25,30|6,10,21,32,33,34|8,13,14,17,26,38
3,9,20,21,28,30|8,10,12,33,35,39|13,17,23,26,31,32
3,14,16,17,26,30|6,10,21,32,33,34|8,9,13,20,25,38
3,21,26,28,29,30|8,9,11,16,27,38|10,12,13,23,31,35|15,17,22,25,33,34
8,9,11,16,27,38|10,12,13,23,31,35|15,17,22,25,33,34
8,9,15,22,27,38|10,12,13,23,31,35|11,16,17,25,33,34
1,12,13,25,34,38|2,7,11,26,32,39|10,14,23,27,31,35
1,2,3,32,38,39|6,9,15,23,26,27|16,17,20,25,33,34
1,2,13,26,30,31|8,9,14,25,27,38|10,11,32,33,34,39
1,6,15,27,34,38|2,10,13,25,30,32|8,9,20,26,33,39
1,6,21,26,33,34|2,3,11,17,38,39|9,23,25,27,31,32
1,11,13,25,34,38|2,15,17,27,28,30|8,9,20,26,33,39
1,13,20,31,34,38|2,14,17,25,27,30|8,9,21,26,28,33
1,13,22,28,34,38|2,14,17,25,27,30|8,9,20,26,33,39
1,14,16,26,33,34|2,3,11,17,38,39|9,23,25,27,31,32
2,3,11,17,38,39|6,9,15,23,26,27|8,10,13,25,32,34
2,3,16,17,31,38|6,9,15,23,26,27|8,10,13,25,32,34
2,3,17,21,22,38|6,9,15,23,26,27|8,10,13,25,32,34
2,10,13,25,30,32|6,9,15,23,26,27|17,20,21,28,33,34
2,14,17,25,27,30|6,10,13,22,34,38|8,9,20,26,33,39
2,15,17,27,28,30|6,10,13,22,34,38|8,9,16,25,26,33
2,16,17,20,27,30|6,10,13,22,34,38|8,9,21,26,28,33
3,11,17,26,30,39|6,10,13,22,34,38|9,23,25,27,31,32
3,17,21,22,26,30|8,9,14,25,27,38|10,11,32,33,34,39
1,2,3,21,28,34|8,9,25,27,31,38|10,17,23,26,29,39
1,8,13,25,26,34|2,3,17,20,38,39|10,12,16,23,27,35
1,13,20,25,34,38|2,3,8,17,26,39|10,12,16,23,27,35
3,17,21,26,28,30|8,9,25,27,31,38|10,20,32,33,34,39
1,2,15,16,27,33|7,11,12,13,21,26|10,18,22,25,30,39
1,3,13,16,28,38|7,12,21,27,31,32|10,18,22,25,30,39
3,8,17,21,27,31|7,12,13,16,22,26|10,19,25,28,30,39
1,2,8,13,21,40|3,6,29,31,33,39|10,14,15,16,19,30
1,2,8,16,19,21|3,6,29,31,33,39|7,12,13,14,15,32
1,6,18,30,31,39|3,8,13,14,15,17|7,12,16,21,32,40
1,6,19,25,30,39|3,8,13,14,15,17|7,12,16,21,32,40
1,11,16,18,21,30|3,6,29,31,33,39|7,12,13,14,15,32
1,14,18,21,30,31|3,6,8,13,16,17|7,12,15,32,39,40
1,14,19,21,25,30|3,6,8,13,16,17|7,12,15,32,39,40
1,16,19,20,21,30|3,6,29,31,33,39|7,12,13,14,15,32
3,8,13,15,25,29|6,10,14,19,30,39|7,12,16,21,32,40
1,2,6,13,16,33|3,8,14,21,27,29|10,11,15,19,30,39
1,2,8,15,18,39|3,14,21,25,29,33|7,12,13,16,22,32
1,2,8,16,18,21|3,6,14,17,33,39|7,12,13,15,31,32
1,2,13,14,15,33|3,6,8,27,29,39|10,11,16,19,21,30
1,2,16,21,33,40|3,6,8,27,29,39|7,12,13,15,31,32
1,7,12,16,21,29|3,6,14,17,33,39|10,13,15,30,31,40
1,14,18,21,25,30|3,6,8,27,29,39|7,12,13,15,31,32
1,14,18,28,30,39|3,6,15,17,21,33|7,12,13,16,22,32
1,14,21,27,30,40|3,6,25,29,33,39|7,12,13,15,31,32
1,15,16,18,25,30|3,6,8,27,29,39|7,11,12,13,21,32
1,15,16,27,30,40|3,6,14,17,33,39|7,11,12,13,21,32
1,15,18,21,28,30|3,6,8,27,29,39|7,12,13,16,22,32
1,16,18,20,21,30|3,6,8,27,29,39|7,12,13,15,31,32
1,19,21,25,30,31|3,6,8,27,29,39|7,12,13,16,22,32
1,19,28,30,31,39|3,6,15,17,21,33|7,12,13,16,22,32
3,6,8,27,29,39|7,11,12,13,21,32|10,14,15,16,18,30
3,6,14,17,33,39|7,11,12,13,21,32|10,15,16,19,30,31
3,6,25,29,33,39|7,11,12,13,21,32|10,14,15,16,18,30
3,8,14,21,27,29|6,10,19,30,31,39|7,12,13,16,22,32
3,8,15,16,27,29|6,10,14,18,30,39|7,11,12,13,21,32
3,14,15,16,17,33|6,10,19,30,31,39|7,11,12,13,21,32
3,14,21,25,29,33|6,10,19,30,31,39|7,12,13,16,22,32
3,14,28,29,33,39|6,10,15,18,21,30|7,12,13,16,22,32
3,15,16,25,29,33|6,10,14,18,30,39|7,11,12,13,21,32
3,15,21,28,29,33|6,10,14,18,30,39|7,12,13,16,22,32
3,16,20,21,29,33|6,10,14,18,30,39|7,12,13,15,31,32
1,2,11,13,21,33|3,8,22,27,29,39|10,15,16,18,30,31
1,2,13,15,31,33|3,8,22,27,29,39|10,11,16,18,21,30
1,2,13,16,22,33|3,8,21,27,29,31|6,10,19,25,30,39
1,6,13,27,30,31|2,8,10,15,19,39|3,11,16,17,21,33
1,11,13,15,27,30|2,8,10,16,19,21|3,6,17,31,33,39
1,13,14,22,27,30|2,8,10,15,19,39|3,11,16,17,21,33
1,18,21,25,30,31|2,8,10,15,19,39|7,12,13,16,28,32
1,18,22,25,30,39|2,8,10,13,21,40|3,15,16,17,31,33
1,19,25,28,30,39|2,8,10,13,21,40|3,15,16,17,31,33
1,21,27,30,31,40|2,8,10,15,19,39|7,12,13,16,28,32
1,22,27,30,39,40|2,8,10,16,19,21|7,12,13,15,25,32
2,8,10,16,19,21|3,6,17,31,33,39|7,12,13,15,25,32
3,6,17,31,33,39|7,12,13,15,25,32|10,11,16,18,21,30
3,8,21,27,29,31|6,10,19,25,30,39|7,12,13,16,28,32
3,8,22,27,29,39|7,12,13,15,25,32|10,11,16,18,21,30
3,11,15,17,33,39|7,12,13,16,28,32|10,14,18,21,30,31
3,11,16,17,21,33|6,10,18,30,31,39|7,12,13,15,25,32
3,14,17,21,31,33|6,10,19,25,30,39|7,12,13,16,28,32
3,14,17,22,33,39|7,12,13,15,25,32|10,11,16,18,21,30
3,15,16,17,31,33|6,10,19,25,30,39|7,12,13,20,21,32
3,15,17,21,22,33|6,10,18,30,31,39|7,12,13,16,28,32
3,21,25,29,31,33|7,12,13,16,28,32|10,11,15,18,30,39
3,22,25,29,33,39|7,12,13,16,28,32|10,14,18,21,30,31
3,28,29,31,33,39|7,12,13,15,25,32|10,11,16,18,21,30
1,2,8,13,15,27|3,6,17,25,33,39|7,10,12,16,21,29
1,2,13,15,25,33|3,6,8,17,27,39|7,10,12,16,21,29
1,2,13,16,28,33|3,6,8,17,27,39|10,14,18,21,25,30
1,2,13,20,21,33|3,6,8,17,27,39|10,15,16,18,25,30
1,3,13,15,31,38|2,8,10,16,18,21|6,7,12,27,32,39
1,3,13,16,22,38|2,8,10,15,18,39|7,12,14,21,27,32
1,6,13,25,27,30|2,8,10,15,18,39|3,16,17,20,21,33
1,7,12,15,17,39|2,6,10,13,16,33|3,8,21,25,27,29
1,13,14,27,28,30|2,8,10,15,18,39|3,16,17,20,21,33
1,13,15,20,27,30|2,8,10,16,18,21|3,6,17,25,33,39
1,13,22,27,30,31|2,8,10,15,18,39|3,14,17,21,25,33
1,18,25,28,30,39|2,6,10,13,16,33|3,8,14,17,21,27
2,6,10,13,16,33|3,8,14,17,21,27|7,12,15,26,39,40
2,8,10,15,18,39|3,14,17,21,25,33|6,7,12,13,16,26
2,8,10,16,18,21|3,6,17,25,33,39|7,12,13,14,15,26
2,10,13,14,15,33|3,6,8,17,27,39|7,12,16,21,26,40
2,10,15,33,39,40|3,8,14,17,21,27|6,7,12,13,16,26
2,10,16,21,33,40|3,6,8,17,27,39|7,12,13,14,15,26
3,8,14,17,21,27|6,7,12,13,16,26|10,15,18,20,30,39
3,8,21,25,27,29|6,7,12,13,16,26|10,14,18,28,30,39
3,8,27,28,29,39|6,7,12,13,16,26|10,14,18,21,25,30
3,14,17,21,25,33|6,7,12,13,16,26|10,15,18,20,30,39
3,14,17,28,33,39|6,7,12,13,16,26|10,19,21,25,30,31
3,15,17,20,33,39|6,7,12,13,16,26|10,14,18,21,25,30
3,15,17,21,28,33|6,7,12,13,16,26|10,18,22,30,31,39
3,17,22,31,33,39|6,7,12,13,16,26|10,14,18,21,25,30
3,25,28,29,33,39|6,7,12,13,16,26|10,14,21,27,30,40
1,10,13,15,33,38|3,7,12,17,21,25|16,18,22,23,26,27
3,13,20,22,27,30|8,18,21,25,26,33|10,17,19,23,28,39
1,6,18,23,29,39|3,11,13,15,30,40|8,19,21,31,32,33
1,8,13,15,29,33|3,6,11,19,30,39|18,21,23,31,32,40
1,19,22,23,29,39|3,6,13,30,31,40|8,14,18,21,32,33
1,6,13,23,27,29|2,3,8,14,18,21|11,19,22,33,38,39
1,6,17,18,23,39|2,3,8,19,21,31|13,14,28,33,38,40
1,8,13,15,17,33|3,6,7,12,29,39|11,19,21,23,27,32
1,14,17,18,21,23|2,3,6,33,39,40|8,13,19,22,25,38
1,17,19,21,23,31|2,3,6,8,18,39|13,14,28,33,38,40
1,17,19,22,23,39|2,3,6,13,14,33|8,18,21,25,38,40
1,21,23,27,29,40|2,3,6,8,18,39|14,15,19,25,33,38
2,3,6,8,18,39|10,19,21,23,29,31|13,14,28,33,38,40
2,3,6,13,14,33|8,18,21,25,38,40|10,19,22,23,29,39
2,3,6,33,39,40|8,13,14,18,28,38|10,19,21,23,29,31
2,3,8,19,21,31|6,10,18,23,29,39|13,14,28,33,38,40
2,3,14,21,33,40|6,8,13,18,25,38|10,19,22,23,29,39
2,3,15,16,33,40|6,8,13,18,25,38|10,19,21,23,29,31
3,6,7,12,29,39|8,13,14,18,28,38|11,19,21,23,27,32
3,6,16,18,25,30|8,10,13,15,29,33|11,19,21,23,27,32
3,6,18,20,30,39|8,10,13,15,29,33|11,19,21,23,27,32
3,6,18,21,28,30|8,10,13,15,29,33|16,19,22,23,27,32
3,7,12,14,21,29|6,8,13,18,25,38|15,19,23,27,31,32
3,7,12,15,16,29|6,8,13,18,25,38|11,19,21,23,27,32
3,11,18,21,30,31|6,8,13,27,32,33|10,19,22,23,29,39
3,11,18,22,30,39|6,8,13,27,32,33|10,19,21,23,29,31
3,11,19,21,25,30|6,8,13,27,32,33|10,15,16,18,23,29
3,13,22,25,30,40|6,8,16,19,27,38|10,14,18,21,23,29
3,13,28,30,31,40|6,8,16,19,27,38|10,14,18,21,23,29
3,14,15,18,25,30|6,8,13,27,32,33|10,19,21,23,29,31
3,14,15,27,30,40|6,8,13,18,25,38|10,19,21,23,29,31
3,14,16,18,28,30|6,8,13,27,32,33|10,19,21,23,29,31
3,14,18,20,21,30|6,8,13,27,32,33|10,19,22,23,29,39
3,15,16,18,20,30|6,8,13,27,32,33|10,19,21,23,29,31
3,15,19,25,30,31|6,8,13,27,32,33|10,14,18,21,23,29
3,16,19,22,25,30|6,8,13,27,32,33|10,14,18,21,23,29
1,15,16,17,19,23|3,6,11,18,30,39|13,14,22,33,38,40
1,18,21,23,29,31|2,3,6,8,19,39|11,13,15,33,38,40
1,18,22,23,29,39|2,3,8,13,15,40|6,16,19,31,33,38
1,19,21,23,25,29|2,3,8,13,15,40|6,14,16,18,33,38
1,19,23,28,29,39|2,3,8,13,15,40|6,14,16,18,33,38
3,6,13,25,30,40|8,18,21,31,32,33|10,15,16,19,23,29
3,13,14,28,30,40|6,10,19,23,29,39|8,18,21,31,32,33
3,13,15,20,30,40|6,10,19,23,29,39|8,18,21,31,32,33
1,2,7,12,13,15|3,16,18,25,28,30|8,19,20,21,27,38
1,6,13,17,23,27|2,3,8,18,21,25|19,20,28,33,38,39
1,17,18,21,23,25|2,3,6,8,13,27|19,20,28,33,38,39
1,17,18,23,28,39|2,3,6,8,13,27|19,20,21,25,33,38
2,3,6,8,13,27|10,14,17,18,21,23|16,19,25,28,33,38
2,3,6,13,25,33|8,11,18,21,27,38|10,17,19,22,23,39
2,3,8,18,21,25|6,10,13,23,27,29|19,20,28,33,38,39
2,3,8,18,28,39|6,10,13,23,27,29|19,20,21,25,33,38
2,3,8,21,27,40|6,10,17,18,23,39|16,19,25,28,33,38
2,3,13,14,28,33|6,10,17,18,23,39|8,15,19,25,27,38
2,3,13,15,20,33|6,10,17,18,23,39|8,16,19,27,28,38
2,3,13,22,31,33|6,10,17,18,23,39|8,15,19,25,27,38
3,6,7,12,17,39|8,11,18,21,27,38|13,19,22,23,25,26
3,6,13,20,27,30|8,18,21,26,31,33|10,17,19,22,23,39
3,7,12,14,17,21|6,10,13,23,27,29|8,18,22,26,33,39
3,7,12,15,16,17|6,10,13,23,27,29|8,18,21,26,31,33
3,7,12,21,25,29|6,10,17,18,23,39|8,13,27,28,32,33
3,7,12,28,29,39|6,11,13,27,33,38|10,14,17,18,21,23
3,11,13,22,27,30|6,10,17,18,23,39|8,19,21,25,26,33
3,16,27,28,30,40|6,10,17,18,23,39|8,19,21,25,26,33
3,18,20,21,25,30|6,10,13,23,27,29|8,19,26,28,33,39
3,18,20,28,30,39|6,10,13,23,27,29|8,19,21,25,26,33
3,20,21,27,30,40|6,10,17,18,23,39|16,19,25,28,33,38
1,8,21,27,29,33|3,11,18,28,30,39|6,13,19,23,25,26
1,13,22,23,27,29|2,3,8,18,21,31|11,19,28,33,38,39
1,17,18,21,23,31|2,3,8,19,28,39|6,16,27,33,38,40
1,17,18,22,23,39|2,3,6,13,31,33|8,11,19,21,27,38
1,17,19,21,23,25|2,3,6,13,31,33|8,14,15,18,27,38
1,17,19,23,28,39|2,3,6,13,31,33|8,14,15,18,27,38
2,3,6,13,31,33|8,11,19,21,27,38|10,18,22,23,29,39
2,3,8,18,21,31|6,10,17,19,23,39|13,22,25,33,38,40
2,3,8,18,22,39|6,13,19,23,25,26|14,15,27,33,38,40
2,3,8,19,21,25|6,13,18,23,26,31|14,15,27,33,38,40
2,3,8,19,28,39|6,13,18,23,26,31|14,15,27,33,38,40
2,3,11,13,15,33|6,8,16,18,27,38|10,14,17,19,21,23
2,3,13,14,22,33|6,8,16,18,27,38|10,19,21,23,25,29
2,3,21,31,33,40|6,8,16,18,27,38|10,19,23,28,29,39
2,3,22,33,39,40|6,8,16,18,27,38|10,14,17,19,21,23
3,6,11,13,27,30|8,14,18,21,26,33|10,15,16,17,19,23
3,7,12,21,29,31|6,8,16,18,27,38|10,13,15,17,23,40
3,7,12,22,29,39|6,8,16,18,27,38|10,13,15,17,23,40
3,11,18,21,25,30|6,10,17,19,23,39|8,13,22,27,32,33
3,11,18,28,30,39|6,13,19,23,25,26|14,15,27,33,38,40
3,11,21,27,30,40|6,8,18,26,33,39|10,15,16,17,19,23
3,13,25,28,30,40|6,8,16,18,27,38|10,14,17,19,21,23
3,15,18,25,30,31|6,10,17,19,23,39|8,13,22,27,32,33
3,15,27,30,31,40|6,8,18,26,33,39|10,14,17,19,21,23
3,16,18,22,25,30|6,10,17,19,23,39|13,28,31,33,38,40
3,16,18,28,30,31|6,10,17,19,23,39|8,13,22,27,32,33
3,16,19,25,28,30|6,8,18,26,33,39|10,13,15,17,23,40
3,16,22,27,30,40|6,8,18,26,33,39|10,14,17,19,21,23
3,18,20,21,30,31|6,10,17,19,23,39|8,13,22,27,32,33
3,18,20,22,30,39|6,13,19,23,25,26|14,15,27,33,38,40
3,18,21,22,28,30|6,10,17,19,23,39|14,15,27,33,38,40
3,19,20,21,25,30|6,8,16,18,27,38|10,13,15,17,23,40
3,19,20,28,30,39|6,8,16,18,27,38|10,13,15,17,23,40
1,2,3,13,15,25|6,10,18,31,38,39|14,16,17,27,28,33
1,2,3,13,16,28|6,10,18,31,38,39|14,15,17,25,27,33
1,2,3,13,20,21|6,10,18,31,38,39|14,15,17,25,27,33
1,18,21,25,31,38|2,3,6,10,13,16|11,17,22,27,33,39
1,18,22,25,38,39|2,3,6,10,13,16|11,17,21,27,31,33
1,18,28,31,38,39|2,3,6,10,13,16|14,15,17,25,27,33
1,19,25,28,38,39|2,3,6,10,13,16|11,17,21,27,31,33
1,6,14,18,38,39|8,10,13,21,32,40|11,15,16,27,29,33
1,6,15,18,21,38|8,13,14,27,28,29|17,22,31,33,39,40
1,6,19,31,38,39|8,10,13,21,32,40|11,15,16,27,29,33
1,11,13,21,38,40|6,8,17,18,25,39|14,15,27,29,31,33
1,11,16,19,21,38|6,8,13,14,17,27|25,28,29,33,39,40
1,13,15,31,38,40|6,8,17,18,25,39|11,14,21,27,29,33
1,13,16,22,38,40|6,8,17,18,25,39|11,14,21,27,29,33
1,14,15,16,18,38|6,8,13,25,27,29|17,22,31,33,39,40
1,14,19,21,31,38|6,8,13,25,27,29|15,17,20,33,39,40
1,14,19,22,38,39|6,8,13,25,27,29|15,17,21,28,33,40
1,15,16,19,31,38|6,8,13,14,17,27|25,28,29,33,39,40
1,15,19,21,22,38|6,8,13,14,17,27|25,28,29,33,39,40
1,2,3,6,13,16|8,10,15,18,32,39|11,21,27,29,31,33
1,2,3,13,14,15|6,16,25,27,29,33|8,17,18,28,31,39
1,6,18,31,38,39|8,11,13,15,17,27|10,16,21,32,33,40
1,6,19,25,38,39|8,10,16,18,21,32|13,14,17,28,31,33
1,8,13,15,27,32|6,10,14,19,38,39|17,21,25,31,33,40
1,8,13,21,26,40|6,10,14,19,38,39|15,16,20,27,29,33
