1,3,8,18,25,35|2,12,19,27,29,38|7,9,10,14,32,40
1,7,9,25,32,40|2,12,19,27,29,38|3,8,10,14,18,35
2,9,12,19,25,33|3,8,10,14,18,35|7,11,17,27,29,32
2,12,19,27,29,38|3,8,10,14,18,35|7,9,11,17,25,40
3,8,10,14,18,35|7,9,11,17,25,40|12,19,26,27,29,30
1,9,20,27,29,33|2,3,14,17,19,26|10,18,25,32,34,40
1,10,18,29,31,34|2,3,9,11,27,40|17,19,25,26,32,33
1,10,19,25,29,34|2,3,9,11,27,40|17,18,26,31,32,33
1,8,9,17,27,40|2,3,14,18,26,29|10,12,19,31,33,35
1,12,27,33,35,40|2,3,6,9,18,28|10,17,19,29,31,38
1,17,27,29,38,40|2,3,6,9,18,28|10,12,19,31,33,35
1,3,19,23,25,35|6,7,9,17,22,33|12,18,27,29,30,38
1,7,25,29,34,40|3,10,14,19,23,35|8,9,12,18,27,30
3,10,14,19,23,35|6,7,9,17,22,33|12,18,27,29,30,38
1,2,14,19,33,34|3,9,18,23,31,32|7,8,11,27,35,40
2,8,19,27,29,38|3,9,18,23,31,32|7,11,25,33,35,40
2,18,23,27,29,32|3,8,9,19,31,38|7,11,25,33,35,40
2,18,29,31,33,38|3,9,19,23,25,32|7,8,11,27,35,40
3,9,18,23,31,32|7,8,11,27,35,40|14,17,19,26,30,33
3,9,19,23,25,32|7,8,11,27,35,40|18,26,29,30,31,33
3,14,17,33,34,40|7,8,11,18,25,35|19,20,27,29,30,38
3,9,14,18,23,32|6,7,28,33,35,40|11,19,27,29,30,38
2,17,18,23,27,32|3,9,25,33,38,40|7,12,14,19,26,34
2,17,19,25,33,38|3,9,14,18,23,26|7,12,27,32,34,40
1,7,9,31,32,33|3,10,14,18,23,35|12,17,19,27,30,38
1,2,19,31,33,34|3,9,18,23,25,32|7,8,20,27,35,40
1,17,27,29,30,33|3,8,9,18,31,38|7,12,19,25,32,34
2,8,18,27,29,38|3,9,14,19,23,26|7,20,25,33,35,40
2,9,11,19,23,27|3,8,17,18,31,34|7,20,25,33,35,40
2,17,19,23,27,32|3,8,9,18,31,38|7,20,25,33,35,40
2,17,19,31,33,38|3,9,18,23,25,32|7,8,20,27,35,40
2,18,25,29,33,38|3,9,14,19,23,26|7,8,20,27,35,40
3,8,9,18,31,38|7,12,19,25,32,34|26,27,29,30,33,40
3,8,9,19,25,38|7,12,18,31,32,34|26,27,29,30,33,40
3,9,18,23,25,32|7,8,20,27,35,40|17,19,26,30,31,33
3,9,23,27,32,40|7,8,18,20,25,35|17,19,26,30,31,33
1,7,10,14,33,35|2,8,17,18,27,38|3,9,19,23,25,26
2,10,14,18,33,34|3,9,19,23,25,26|7,12,17,27,29,38
2,18,23,26,27,29|3,10,14,19,34,38|7,9,12,17,25,33
1,3,7,9,14,32|2,12,17,19,27,30|8,10,18,31,33,35
2,12,17,19,27,30|3,7,9,11,25,29|8,10,18,31,33,35
1,2,19,27,30,32|3,7,9,12,29,31|6,17,18,28,33,34
2,18,20,27,29,30|3,7,11,25,35,40|8,9,19,26,31,33
3,7,11,25,35,40|6,9,18,28,33,38|19,23,26,27,29,32
3,7,20,31,35,40|6,9,18,28,33,38|8,11,17,19,27,34
3,7,22,28,35,40|8,9,11,19,27,38|14,17,18,20,33,34
1,2,18,27,30,32|3,7,9,12,14,17|10,19,31,34,38,40
1,9,17,18,23,25|2,3,27,29,32,33|10,19,31,34,38,40
1,9,17,23,27,40|2,3,18,25,29,38|10,19,31,32,33,34
1,18,25,34,38,40|2,3,27,29,32,33|9,10,17,19,23,31
2,11,17,18,27,30|3,7,9,12,25,29|10,19,31,32,33,34
2,17,19,20,27,30|3,7,9,12,25,29|10,14,18,32,33,34
3,7,20,25,35,40|8,9,11,18,27,38|10,19,31,32,33,34
2,10,19,27,30,32|3,7,9,12,17,31|18,25,26,29,33,38
3,7,9,12,17,31|8,10,19,27,32,34|18,25,26,29,33,38
1,9,14,17,19,23|3,6,7,22,35,40|11,18,29,31,33,34
2,11,19,27,29,30|3,6,7,22,35,40|8,9,18,31,32,33
1,8,19,25,33,35|2,7,17,29,31,40|3,9,12,14,18,30
1,9,18,23,25,29|3,6,7,28,35,40|11,17,19,31,33,34
2,11,18,27,29,30|3,6,7,28,35,40|8,9,14,19,26,33
2,19,20,27,29,30|3,6,7,28,35,40|8,9,18,25,32,33
3,7,11,31,35,40|6,9,18,22,33,38|8,19,20,27,29,34
1,11,19,23,27,35|2,7,17,25,29,40|3,9,12,18,30,31
1,2,21,22,29,38|3,6,15,25,32,34|9,10,11,14,16,30
1,9,11,16,25,30|2,6,13,20,22,34|3,8,12,21,28,35
1,9,11,20,30,39|2,6,13,28,32,38|3,8,12,16,25,35
1,9,11,21,28,30|2,6,13,20,22,34|3,8,12,16,25,35
1,9,14,25,30,31|2,6,11,13,28,34|3,8,12,20,35,39
1,9,15,22,25,30|2,6,11,13,28,34|3,8,12,20,35,39
1,9,15,28,30,31|2,6,13,20,22,34|3,8,12,16,25,35
1,9,20,21,22,30|2,6,11,13,28,34|3,8,12,16,25,35
1,11,26,29,30,39|2,6,13,20,22,34|3,8,12,16,25,35
1,16,17,25,30,32|2,6,11,13,28,34|3,8,12,20,35,39
1,16,26,29,30,31|2,6,11,13,28,34|3,8,12,20,35,39
1,17,20,30,32,39|2,6,11,13,28,34|3,8,12,16,25,35
1,17,21,28,30,32|2,6,13,20,22,34|3,8,12,16,25,35
1,21,22,26,29,30|2,6,11,13,28,34|3,8,12,16,25,35
2,6,11,13,28,34|3,8,12,16,25,35|9,10,14,15,22,30
2,6,13,20,22,34|3,8,12,16,25,35|10,21,28,29,30,32
2,6,13,28,32,38|3,8,12,16,25,35|9,10,14,15,22,30
2,11,13,14,20,34|3,8,12,16,25,35|6,9,10,15,30,31
2,11,13,31,32,38|3,8,12,16,25,35|9,10,14,15,22,30
2,11,16,25,34,40|3,8,12,20,35,39|6,9,10,15,30,31
2,11,20,34,39,40|3,8,12,16,25,35|6,9,10,15,30,31
2,11,21,28,34,40|3,8,12,16,25,35|6,9,10,15,30,31
2,13,14,20,32,38|3,8,12,16,25,35|6,9,10,11,21,30
2,14,25,31,34,40|3,8,12,20,35,39|6,9,10,11,21,30
2,15,22,25,34,40|3,8,12,20,35,39|6,9,10,11,21,30
2,15,28,31,34,40|3,8,12,16,25,35|6,9,10,11,21,30
2,16,20,31,34,40|3,8,12,21,28,35|9,10,14,15,22,30
2,16,22,28,34,40|3,8,12,20,35,39|6,9,10,11,21,30
2,16,25,32,38,40|3,8,12,20,35,39|6,9,10,11,21,30
2,20,21,22,34,40|3,8,12,16,25,35|6,9,10,15,30,31
2,20,32,38,39,40|3,8,12,16,25,35|6,9,10,11,21,30
2,21,28,32,38,40|3,8,12,16,25,35|6,9,10,15,30,31
1,2,6,8,9,21|3,11,14,16,32,34|15,17,25,28,29,30
1,2,6,21,29,38|3,8,11,12,35,39|16,26,30,31,32,40
1,2,8,9,14,16|3,6,11,21,32,34|15,17,25,28,29,30
1,6,9,15,25,30|2,8,17,20,29,39|3,11,14,16,32,34
1,6,9,16,28,30|2,8,17,20,29,39|3,14,15,22,32,34
1,6,9,20,21,30|2,8,16,17,25,29|3,14,15,22,32,34
1,6,21,26,29,30|2,11,13,14,32,38|3,8,12,16,31,35
1,9,11,21,22,30|2,6,15,25,34,40|3,8,12,16,31,35
1,9,14,15,28,30|2,6,11,13,22,34|3,8,12,16,31,35
1,9,15,22,30,31|2,6,16,28,34,40|3,8,11,12,35,39
1,11,17,30,32,39|2,6,15,25,34,40|3,8,12,16,31,35
1,17,21,22,30,32|2,6,15,25,34,40|3,8,11,12,35,39
2,6,11,13,22,34|3,8,12,16,31,35|15,17,25,28,29,30
2,6,13,22,32,38|3,8,11,12,35,39|15,17,25,28,29,30
2,6,15,25,34,40|3,8,11,12,35,39|10,16,29,30,31,32
2,6,16,28,34,40|3,8,11,12,35,39|10,21,22,29,30,32
2,6,20,21,34,40|3,8,11,12,35,39|10,16,29,30,31,32
2,11,13,14,32,38|3,8,12,16,31,35|15,17,25,28,29,30
2,11,16,31,34,40|3,8,12,21,22,35|6,9,10,14,15,30
2,11,21,22,34,40|3,8,12,16,31,35|6,9,10,14,15,30
2,11,32,38,39,40|3,8,12,16,31,35|6,9,10,14,15,30
2,14,15,28,34,40|3,8,11,12,35,39|6,13,22,26,30,32
2,14,16,20,34,40|3,8,11,12,35,39|6,13,22,26,30,32
2,15,22,31,34,40|3,8,11,12,35,39|16,17,20,25,29,30
2,16,31,32,38,40|3,8,11,12,35,39|6,9,10,14,15,30
2,21,22,32,38,40|3,8,11,12,35,39|6,9,10,14,15,30
1,20,29,30,32,39|2,6,11,21,34,40|3,8,12,14,16,35
1,21,28,29,30,32|2,6,15,31,34,40|3,8,12,14,16,35
2,6,11,21,34,40|3,8,12,14,16,35|15,17,22,25,29,30
2,6,15,31,34,40|3,8,12,14,16,35|11,17,20,29,30,39
2,6,21,32,38,40|3,8,12,14,16,35|11,17,20,29,30,39
2,11,14,16,34,40|3,6,8,12,21,35|15,17,22,25,29,30
2,14,15,22,34,40|3,6,8,12,21,35|11,16,17,25,29,30
2,14,16,32,38,40|3,6,8,12,21,35|11,17,20,29,30,39
2,6,22,25,27,34|3,11,26,32,38,39|9,10,20,21,28,30
2,6,27,28,31,34|3,11,26,32,38,39|9,10,16,20,25,30
2,11,14,25,27,34|3,16,26,31,32,38|9,10,20,21,28,30
2,11,16,20,27,34|3,21,22,26,32,38|9,10,15,25,28,30
2,14,20,27,31,34|3,11,26,32,38,39|9,10,15,25,28,30
2,14,22,27,28,34|3,11,26,32,38,39|9,10,16,20,25,30
1,2,11,17,38,39|3,6,15,26,31,34|9,10,16,22,28,30
1,2,16,17,31,38|3,6,11,21,26,34|9,10,15,22,25,30
1,2,17,21,22,38|3,6,15,26,31,34|9,10,11,16,25,30
2,6,13,22,26,38|3,15,25,28,32,34|9,10,11,20,30,39
2,6,15,20,27,34|3,14,16,26,32,38|9,10,11,21,28,30
2,6,22,27,31,34|3,14,16,26,32,38|9,10,11,20,30,39
2,11,13,14,26,38|3,15,25,28,32,34|9,10,16,20,30,31
2,11,13,20,25,34|3,6,21,26,32,38|9,10,15,28,30,31
2,11,14,27,31,34|3,6,21,26,32,38|9,10,15,22,25,30
2,11,15,22,27,34|3,6,21,26,32,38|9,10,14,25,30,31
2,11,16,27,32,38|3,6,15,26,31,34|9,10,20,21,22,30
2,11,26,38,39,40|3,15,25,28,32,34|9,10,16,20,30,31
2,13,20,22,28,34|3,6,21,26,32,38|9,10,11,16,25,30
2,13,20,25,32,38|3,6,11,21,26,34|9,10,15,28,30,31
2,14,27,31,32,38|3,6,11,21,26,34|9,10,15,22,25,30
2,15,22,27,32,38|3,6,11,21,26,34|9,10,14,25,30,31
2,16,26,31,38,40|3,15,25,28,32,34|9,10,11,20,30,39
2,21,22,26,38,40|3,15,25,28,32,34|9,10,11,20,30,39
1,2,6,17,21,38|3,11,16,25,32,34|9,10,14,15,28,30
1,2,8,9,16,25|3,6,14,15,26,34|10,11,17,30,32,39
1,2,8,9,20,39|3,6,14,15,26,34|10,16,17,30,31,32
1,2,8,9,21,28|3,6,14,15,26,34|10,11,17,30,32,39
1,2,8,26,29,39|3,11,16,25,32,34|6,9,10,20,21,30
1,2,14,16,17,38|3,11,20,32,34,39|6,9,10,15,25,30
1,2,16,25,29,38|3,6,14,15,26,34|9,10,11,21,22,30
1,2,20,29,38,39|3,6,14,15,26,34|9,10,11,16,30,31
1,2,21,28,29,38|3,6,14,15,26,34|9,10,11,16,30,31
1,6,17,21,26,30|2,8,9,10,14,16|3,11,20,32,34,39
1,9,15,25,28,30|2,6,10,21,29,38|3,11,20,32,34,39
1,9,16,20,25,30|2,6,10,21,29,38|3,15,28,31,32,34
1,14,16,17,26,30|2,6,8,9,10,21|3,11,20,32,34,39
1,16,25,26,29,30|2,6,8,9,10,21|3,11,20,32,34,39
1,20,26,29,30,39|2,6,8,9,10,21|3,11,16,25,32,34
2,6,21,26,38,40|3,11,16,25,32,34|9,10,14,15,28,30
2,13,20,31,32,38|3,6,14,15,26,34|9,10,11,21,22,30
2,13,22,28,32,38|3,6,14,15,26,34|9,10,11,16,30,31
2,14,16,26,38,40|3,11,20,32,34,39|6,9,10,15,25,30
1,18,21,23,25,34|2,7,12,13,15,38|3,17,28,30,33,39
1,18,23,28,34,39|2,7,12,13,15,38|3,8,17,21,27,30
1,21,23,27,34,40|2,7,12,13,15,38|3,17,28,30,33,39
2,7,12,13,15,38|3,8,17,21,27,30|6,10,18,23,34,39
2,10,13,15,30,33|3,6,7,12,34,39|17,18,21,23,25,38
7,12,21,27,30,32|8,10,13,15,33,34|17,18,23,28,38,39
1,6,9,11,21,38|8,12,13,20,25,35|10,14,15,22,29,34
1,6,9,15,31,38|8,11,12,16,27,35|20,21,28,32,34,40
1,6,9,16,22,38|8,11,17,26,29,39|12,14,25,31,33,35|20,21,28,32,34,40
1,6,11,17,21,34|8,9,10,14,16,32|12,15,22,25,33,35
1,6,15,17,31,34|8,9,10,14,16,32|11,12,20,33,35,39
1,6,17,21,32,38|8,11,12,16,27,35|10,14,15,22,29,34
1,8,9,16,25,32|6,10,11,21,29,34|12,15,28,31,33,35
1,8,9,20,32,39|6,10,11,21,29,34|12,14,25,31,33,35
1,8,9,21,28,32|6,10,15,29,31,34|11,12,16,25,33,35
1,9,11,14,16,38|6,10,15,29,31,34|8,12,13,20,25,35
1,9,14,15,22,38|6,10,11,21,29,34|8,12,13,20,25,35
1,11,14,16,17,34|6,8,9,10,21,32|12,15,22,25,33,35
1,11,16,25,29,34|6,8,9,10,21,32|12,15,28,31,33,35
1,11,20,29,34,39|6,8,9,10,21,32|12,14,25,31,33,35
1,11,21,28,29,34|8,9,10,14,16,32|12,15,22,25,33,35
1,14,15,17,22,34|6,8,9,10,21,32|11,12,16,25,33,35
1,14,16,17,32,38|6,10,11,21,29,34|8,12,13,20,25,35
1,14,25,29,31,34|6,8,9,10,21,32|11,12,20,33,35,39
1,15,22,25,29,34|6,8,9,10,21,32|11,12,20,33,35,39
1,15,28,29,31,34|6,8,9,10,21,32|11,12,16,25,33,35
1,16,20,29,31,34|6,8,9,10,21,32|12,15,22,25,33,35
1,16,22,28,29,34|6,8,9,10,21,32|11,12,20,33,35,39
1,16,25,29,32,38|6,11,21,26,34,40|8,9,15,17,28,31
1,20,21,22,29,34|8,9,10,14,16,32|12,15,28,31,33,35
1,20,29,32,38,39|6,11,21,26,34,40|8,9,14,17,25,31|12,16,22,28,33,35
1,21,28,29,32,38|6,15,26,31,34,40|8,9,11,16,17,25
6,8,9,10,21,32|11,12,16,25,33,35|14,15,22,26,34,40
6,10,11,21,29,34|8,9,14,17,25,31|12,16,22,28,33,35
6,10,15,29,31,34|8,9,11,16,17,25|12,20,21,22,33,35
6,10,16,22,29,34|8,9,11,17,20,39|12,14,25,31,33,35
6,10,21,29,32,38|8,9,11,16,17,25|12,15,28,31,33,35
6,11,15,27,32,34|8,9,14,17,25,31|12,16,22,28,33,35
6,11,21,26,34,40|8,9,10,14,16,32|12,15,22,25,33,35
6,14,22,27,32,34|8,9,11,16,17,25|12,15,28,31,33,35
6,15,26,31,34,40|8,9,10,14,16,32|11,12,20,33,35,39
6,16,22,26,34,40|8,9,11,17,20,39|12,14,25,31,33,35
6,21,26,32,38,40|8,9,11,16,17,25|10,14,15,22,29,34
8,9,10,14,16,32|11,12,20,33,35,39|15,17,22,25,29,38
8,9,11,17,21,28|10,14,15,22,29,34|12,16,20,31,33,35
8,9,15,17,28,31|10,11,14,16,29,34|12,20,21,22,33,35
8,9,16,17,20,31|10,14,15,22,29,34|11,12,21,28,33,35
8,9,17,20,21,22|10,11,14,16,29,34|12,15,28,31,33,35
8,11,17,26,29,39|12,14,25,31,33,35|20,21,28,32,34,40
8,16,17,26,29,31|11,12,20,33,35,39|15,25,28,32,34,40
11,12,21,28,33,35|14,15,22,26,34,40|16,17,20,29,31,38
1,6,9,14,15,38|8,11,12,13,25,35|16,20,31,32,34,40
1,6,14,15,17,34|8,9,16,20,25,29|11,12,21,22,33,35
1,6,20,21,29,34|8,9,11,16,17,31|12,14,15,28,33,35
1,8,9,16,31,32|6,10,14,15,29,34|11,12,21,22,33,35
1,8,9,21,22,32|6,10,14,15,29,34|11,12,16,31,33,35
1,11,21,22,29,34|6,8,9,15,17,25|12,14,16,20,33,35
1,11,29,32,38,39|6,8,9,15,17,25|12,14,16,20,33,35
1,14,15,28,29,34|6,8,9,17,20,21|11,12,16,31,33,35
1,14,16,20,29,34|6,8,9,15,17,25|11,12,21,22,33,35
1,16,29,31,32,38|6,8,9,15,17,25|11,12,21,22,33,35
1,21,22,29,32,38|6,8,9,15,17,25|11,12,16,31,33,35
6,8,9,15,17,25|11,12,16,31,33,35|20,21,22,32,34,40
6,8,9,16,17,28|11,12,21,22,33,35|14,25,31,32,34,40
6,8,9,17,20,21|11,12,16,31,33,35|15,22,25,32,34,40
6,8,17,21,26,29|11,12,16,31,33,35|15,22,25,32,34,40
6,11,13,28,32,34|8,9,14,16,17,20|12,15,22,31,33,35
6,12,15,25,33,35|8,9,11,16,17,31|20,21,22,32,34,40
6,12,16,28,33,35|8,9,11,17,21,22|14,25,31,32,34,40
6,12,20,21,33,35|8,9,11,16,17,31|15,22,25,32,34,40
6,13,20,22,32,34|8,9,11,16,17,31|12,14,15,28,33,35
6,15,17,25,29,38|8,12,13,20,31,35|11,21,28,32,34,40
6,16,17,28,29,38|8,11,12,13,25,35|20,21,22,32,34,40
6,17,20,21,29,38|8,11,12,13,25,35|15,28,31,32,34,40
8,9,11,16,17,31|12,14,15,28,33,35|20,21,22,32,34,40
8,9,11,17,21,22|12,14,15,28,33,35|16,20,31,32,34,40
8,9,14,15,17,28|11,12,16,31,33,35|20,21,22,32,34,40
8,9,14,16,17,20|11,12,21,22,33,35|15,28,31,32,34,40
8,9,15,25,28,29|11,12,16,31,33,35|20,21,22,32,34,40
8,9,16,20,25,29|11,12,21,22,33,35|15,28,31,32,34,40
8,9,20,21,28,29|11,12,16,31,33,35|15,22,25,32,34,40
8,11,12,13,25,35|14,15,17,28,29,38|16,20,31,32,34,40
8,12,13,20,31,35|11,16,25,32,34,40|14,15,17,28,29,38
8,14,16,17,26,29|11,12,21,22,33,35|15,28,31,32,34,40
11,12,16,31,33,35|14,15,17,28,29,38|20,21,22,32,34,40
11,12,21,22,33,35|14,15,17,28,29,38|16,20,31,32,34,40
11,16,17,29,31,38|12,14,15,28,33,35|20,21,22,32,34,40
11,17,21,22,29,38|12,14,15,28,33,35|16,20,31,32,34,40
11,21,28,32,34,40|12,14,16,20,33,35|15,17,22,29,31,38
6,8,12,13,28,35|11,14,16,17,29,38|15,22,31,32,34,40
6,11,17,21,29,38|8,12,13,14,20,35|15,22,31,32,34,40
6,12,16,22,33,35|8,9,11,20,29,39|14,15,28,32,34,40
6,15,17,29,31,38|8,12,13,14,20,35|11,21,22,32,34,40
6,16,17,22,29,38|8,11,12,13,31,35|14,15,28,32,34,40
6,16,28,32,34,40|8,9,11,20,29,39|12,14,15,22,33,35
1,9,15,25,28,38|2,3,11,26,32,39|6,10,17,20,21,34
1,9,16,20,25,38|2,3,11,26,32,39|10,14,15,17,28,34
1,9,20,21,28,38|2,3,11,26,32,39|6,10,15,17,25,34
1,15,17,25,28,34|2,3,11,26,32,39|6,9,10,20,21,38
1,16,17,20,25,34|2,3,11,26,32,39|9,10,14,15,28,38
1,17,20,21,28,34|2,3,11,26,32,39|6,9,10,15,25,38
1,6,8,9,21,26|10,11,16,29,31,34|12,15,25,28,33,35
1,6,9,15,25,38|8,12,16,20,27,35|10,11,21,22,29,34
1,6,9,16,28,38|8,12,14,25,27,35|10,11,21,22,29,34
1,6,9,20,21,38|8,12,14,25,27,35|10,11,16,29,31,34
1,6,15,17,25,34|8,9,10,11,32,39|12,20,21,28,33,35
1,6,17,20,21,34|8,9,10,11,32,39|12,15,25,28,33,35
1,6,21,26,29,38|8,9,10,11,32,39|12,15,25,28,33,35
1,8,9,14,16,26|6,10,15,25,29,34|12,20,21,28,33,35
1,9,11,16,31,38|6,10,14,15,17,34|12,20,21,28,33,35
1,9,11,21,22,38|6,10,14,15,17,34|8,12,16,20,27,35
1,9,15,22,31,38|6,10,16,28,29,34|8,12,14,25,27,35
1,11,16,17,31,34|6,9,10,14,15,38|12,20,21,28,33,35
1,11,17,21,22,34|6,9,10,14,15,38|8,12,16,20,27,35
1,11,17,32,38,39|6,10,15,25,29,34|8,12,16,20,27,35
1,14,15,17,28,34|6,13,22,26,32,38|8,12,16,20,27,35
1,14,16,17,20,34|6,13,22,26,32,38|8,12,15,27,28,35
1,15,17,22,31,34|8,9,10,11,32,39|12,16,20,25,33,35
1,15,25,28,29,34|6,13,22,26,32,38|8,12,16,20,27,35
1,16,17,31,32,38|6,10,15,25,29,34|12,20,21,28,33,35
1,17,21,22,32,38|6,10,15,25,29,34|8,12,16,20,27,35
6,9,10,14,15,38|8,12,16,20,27,35|11,21,22,26,34,40
6,10,14,15,17,34|8,12,16,20,27,35|11,26,32,38,39,40
6,10,15,25,29,34|8,9,17,20,21,28|11,13,14,26,32,38
6,10,16,28,29,34|8,12,14,25,27,35|11,26,32,38,39,40
6,10,20,21,29,34|8,9,15,17,25,28|11,13,14,26,32,38
6,11,13,22,26,34|8,9,10,16,31,32|12,15,25,28,33,35
6,13,22,26,32,38|8,9,15,17,25,28|10,11,16,29,31,34
6,15,25,26,34,40|8,9,10,11,32,39|12,20,21,28,33,35
6,20,21,26,34,40|8,9,10,11,32,39|12,15,25,28,33,35
8,9,10,11,32,39|12,15,25,28,33,35|14,16,20,26,34,40
8,9,10,16,31,32|11,21,22,26,34,40|12,15,25,28,33,35
8,9,10,21,22,32|11,16,26,31,34,40|12,15,25,28,33,35
8,9,15,17,25,28|10,11,16,29,31,34|21,22,26,32,38,40
8,12,14,25,27,35|10,11,16,29,31,34|21,22,26,32,38,40
8,12,15,27,28,35|10,11,16,29,31,34|21,22,26,32,38,40
8,16,17,25,26,29|11,14,27,31,32,34|12,20,21,28,33,35
8,17,20,26,29,39|11,14,27,31,32,34|12,15,25,28,33,35
10,11,16,29,31,34|12,15,25,28,33,35|21,22,26,32,38,40
10,11,21,22,29,34|12,15,25,28,33,35|16,26,31,32,38,40
10,11,29,32,38,39|12,15,25,28,33,35|14,16,20,26,34,40
10,14,15,28,29,34|11,26,32,38,39,40|12,16,20,25,33,35
10,14,16,20,29,34|11,26,32,38,39,40|12,15,25,28,33,35
10,15,22,29,31,34|11,13,14,26,32,38|12,16,20,25,33,35
10,16,29,31,32,38|11,21,22,26,34,40|12,15,25,28,33,35
10,21,22,29,32,38|11,16,26,31,34,40|12,15,25,28,33,35
1,9,11,16,25,38|2,3,6,21,26,32|10,14,15,17,22,34
1,9,11,20,38,39|2,3,6,21,26,32|8,12,25,27,31,35|10,14,15,17,22,34
1,9,11,21,28,38|2,3,14,16,26,32|6,10,15,17,31,34
1,9,14,25,31,38|2,3,6,21,26,32|10,11,20,29,34,39
1,9,15,22,25,38|2,3,6,21,26,32|10,11,14,16,17,34
1,9,15,28,31,38|2,3,6,21,26,32|10,11,14,16,17,34
1,9,16,20,31,38|2,3,6,21,26,32|10,14,15,17,22,34
1,9,16,22,28,38|2,3,6,21,26,32|8,12,25,27,31,35|10,11,20,29,34,39
1,9,20,21,22,38|2,3,14,16,26,32|6,10,15,17,31,34
1,11,16,17,25,34|2,3,6,21,26,32|9,10,14,15,22,38
1,11,17,20,34,39|2,3,6,21,26,32|8,12,25,27,31,35|9,10,14,15,22,38
1,11,17,21,28,34|2,3,14,16,26,32|6,9,10,15,31,38
1,15,17,22,25,34|2,3,6,21,26,32|9,10,11,14,16,38
1,15,17,28,31,34|2,3,6,21,26,32|9,10,11,14,16,38
1,16,17,20,31,34|2,3,6,21,26,32|9,10,14,15,22,38
1,16,17,22,28,34|2,3,6,21,26,32|8,12,25,27,31,35
1,17,20,21,22,34|2,3,14,16,26,32|6,9,10,15,31,38
1,17,20,32,38,39|6,11,13,26,28,34|8,12,25,27,31,35
1,17,21,28,32,38|6,13,20,22,26,34|8,12,25,27,31,35
2,3,6,21,26,32|8,12,25,27,31,35|9,10,11,14,16,38
2,3,14,16,26,32|6,9,10,11,21,38|8,12,25,27,31,35
6,9,10,11,21,38|8,12,25,27,31,35|16,22,26,28,34,40
6,9,10,16,22,38|8,12,25,27,31,35|11,13,14,20,26,34
6,10,11,17,21,34|8,12,25,27,31,35|13,14,20,26,32,38
6,10,16,17,22,34|8,12,25,27,31,35|13,14,20,26,32,38
6,10,17,21,32,38|8,12,25,27,31,35|11,13,14,20,26,34
6,13,26,28,32,38|8,12,25,27,31,35|10,11,14,16,17,34
8,12,25,27,31,35|9,10,11,14,16,38|20,21,22,26,34,40
1,6,18,30,38,39|2,8,13,15,17,33|3,9,21,23,31,40
1,14,18,21,30,38|2,6,13,23,27,29|3,8,9,15,16,33
1,15,16,18,30,38|2,6,13,23,27,29|3,8,9,14,21,33
1,19,21,30,31,38|2,6,13,23,27,29|3,8,9,15,16,33
1,19,22,30,38,39|2,6,13,23,27,29|3,8,9,14,21,33|7,12,15,16,34,40
2,6,13,23,27,29|3,8,9,14,21,33|7,12,15,16,34,40
2,6,17,18,23,39|3,8,9,14,21,33|7,12,15,16,34,40
2,14,17,18,21,23|3,6,8,9,33,39|7,12,15,16,34,40
2,15,16,17,18,23|3,6,8,9,33,39|7,12,14,21,34,40
2,17,19,21,23,31|3,6,8,9,33,39|7,12,15,16,34,40
2,17,19,22,23,39|3,8,9,14,21,33|7,12,15,16,34,40
2,18,21,23,25,29|3,6,8,9,33,39|7,12,15,16,34,40
2,18,23,28,29,39|3,8,9,14,21,33|7,12,15,16,34,40
3,6,9,13,23,31|7,12,14,21,34,40|8,17,18,28,30,39
3,9,11,13,15,23|6,7,12,34,39,40|8,17,18,21,25,30
3,9,13,14,22,23|6,7,12,34,39,40|8,17,18,21,25,30
3,9,21,23,31,40|6,7,12,13,14,34|8,17,18,28,30,39
3,9,22,23,39,40|6,7,12,13,14,34|8,17,18,21,25,30
3,13,15,17,23,32|6,7,12,34,39,40|11,21,27,29,30,33
3,15,16,29,33,38|6,7,12,13,14,34|8,17,18,21,25,30
1,3,8,13,15,34|2,17,18,21,23,31|6,10,19,30,38,39
1,18,22,30,38,39|2,8,21,27,29,33|3,6,9,13,23,25
1,19,28,30,38,39|2,8,21,27,29,33|3,6,9,13,23,25
2,8,21,27,29,33|3,6,9,13,23,25|7,12,22,34,39,40|10,15,16,19,30,38
2,13,22,23,27,29|3,8,9,21,31,33|6,10,19,30,38,39
2,17,18,21,23,31|3,8,9,22,33,39|7,11,12,13,15,34
2,17,18,22,23,39|3,8,9,21,31,33|7,11,12,13,15,34
2,17,19,21,23,25|3,8,9,22,33,39|6,7,12,13,31,34
2,17,19,23,28,39|3,8,9,21,31,33|7,11,12,13,15,34
3,6,9,13,23,25|7,12,21,31,34,40|10,15,16,19,30,38
3,8,9,21,31,33|6,10,19,30,38,39|7,11,12,13,15,34
3,8,9,22,33,39|6,7,12,13,31,34|10,14,19,21,30,38
3,8,13,15,17,38|7,12,21,31,34,40|16,27,28,29,30,33
3,9,13,14,23,28|6,10,19,30,38,39|7,12,21,31,34,40
3,9,13,15,20,23|6,10,19,30,38,39|7,12,21,31,34,40
3,9,21,23,25,40|6,7,12,13,31,34|10,15,16,19,30,38
3,9,23,28,39,40|6,7,12,13,31,34|10,14,19,21,30,38
3,13,15,23,26,29|6,10,19,30,38,39|7,12,21,31,34,40
3,21,23,27,29,32|6,7,12,13,31,34|10,15,16,19,30,38
1,2,13,15,33,38|3,6,9,16,23,27|7,12,21,25,34,40
1,3,6,33,34,39|2,13,23,27,28,29|10,14,18,21,30,38
1,3,14,21,33,34|2,6,13,17,23,27|10,15,16,18,30,38
1,3,15,16,33,34|2,6,13,17,23,27|10,14,18,21,30,38
1,6,13,27,30,38|2,17,18,21,23,25|3,8,9,28,33,39
1,13,15,26,30,33|2,17,18,21,23,25|7,12,28,34,39,40
1,18,21,25,30,38|2,6,13,17,23,27|3,8,9,28,33,39
1,18,28,30,38,39|2,6,13,17,23,27|3,8,9,21,25,33
1,21,27,30,32,33|2,17,18,23,28,39|6,7,12,13,25,34
1,21,27,30,38,40|2,17,18,23,28,39|6,7,12,13,25,34
2,6,13,17,23,27|3,8,9,21,25,33|7,12,28,34,39,40|10,15,16,18,30,38
2,13,23,27,28,29|3,6,17,33,38,39|7,12,21,25,34,40
2,17,18,21,23,25|3,8,9,28,33,39|7,12,13,15,20,34
2,17,18,23,28,39|3,8,9,21,25,33|7,12,13,15,20,34
2,17,21,23,27,40|3,8,9,28,33,39|6,7,12,13,25,34|10,15,16,18,30,38
3,6,9,16,23,27|7,12,13,14,28,34|10,19,21,30,31,38
3,8,9,21,25,33|6,10,18,30,38,39|7,12,13,14,28,34
3,8,9,28,33,39|6,7,12,13,25,34|10,14,18,21,30,38
3,9,13,23,28,31|6,10,18,30,38,39|7,12,21,25,34,40
3,9,14,15,23,27|6,7,12,13,25,34|10,19,21,30,31,38
1,3,21,31,33,34|2,13,17,22,23,27|10,19,28,30,38,39
2,8,17,21,27,33|3,9,13,23,25,28|10,18,22,30,38,39
3,9,11,21,23,27|7,12,13,22,25,34|10,19,28,30,38,39
3,9,13,23,25,28|6,7,12,16,27,34|10,18,21,30,31,38
3,9,15,23,27,31|7,12,13,22,25,34|10,19,28,30,38,39
3,9,16,22,23,27|7,12,13,28,31,34|10,19,21,25,30,38
3,13,15,17,23,26|6,7,12,16,27,34|10,18,21,30,31,38
3,17,21,23,27,32|7,12,13,22,25,34|10,19,28,30,38,39
1,21,27,32,33,38|2,7,12,13,15,26|8,10,18,28,34,39
2,7,12,13,15,26|3,16,17,27,28,30|8,10,18,21,25,34
2,7,12,21,27,32|6,10,13,25,33,34|17,18,23,26,28,39
1,2,3,13,15,38|8,9,16,27,28,33|17,18,21,23,26,31
1,2,13,22,27,30|8,10,18,21,31,34|17,19,23,26,28,39
1,3,13,15,26,30|6,16,17,27,33,38|8,10,18,21,31,34
1,3,21,27,30,32|6,10,13,31,33,34|17,18,22,23,26,39
1,6,16,27,33,34|2,10,18,21,30,31|17,19,23,26,28,39
1,13,22,25,33,34|2,10,18,21,30,31|17,19,23,26,28,39
1,13,28,31,33,34|2,10,18,22,30,39|17,19,21,23,25,26
1,14,15,27,33,34|2,10,18,21,30,31|17,19,23,26,28,39
2,3,17,21,31,33|8,10,18,22,34,39|9,11,13,23,27,28
2,3,17,22,33,39|8,10,18,21,31,34|9,11,13,23,27,28
1,2,6,18,30,39|8,9,13,14,28,33|17,19,21,23,25,32
1,2,14,18,21,30|6,8,9,13,25,33|17,19,23,28,32,39
1,2,15,16,18,30|6,8,9,13,25,33|17,19,23,28,32,39
1,2,19,21,30,31|6,8,9,13,25,33|15,16,18,23,26,29
1,2,19,22,30,39|6,8,9,13,25,33|14,18,21,23,26,29
1,3,13,15,30,32|6,8,17,18,38,39|9,11,19,21,23,25
1,6,8,18,34,39|2,3,14,21,29,33|9,13,22,23,25,40
1,6,13,14,33,34|3,17,21,30,31,40|8,18,28,29,38,39|9,16,19,22,23,25
1,6,33,34,39,40|3,11,13,15,17,30|8,18,21,25,29,38|9,16,19,23,28,31
1,8,14,18,21,34|2,3,6,29,33,39|9,13,22,23,25,40
1,8,15,16,18,34|2,3,6,29,33,39|9,11,19,21,23,25
1,8,19,21,31,34|2,3,6,29,33,39|9,13,22,23,25,40
1,8,19,22,34,39|2,3,14,21,29,33|6,9,16,18,23,25
1,14,21,33,34,40|3,6,13,17,30,31|8,18,28,29,38,39|9,16,19,22,23,25
1,15,16,33,34,40|3,6,13,17,30,31|8,18,21,25,29,38|9,11,19,23,28,39
2,3,6,29,33,39|8,14,17,18,21,38|9,13,22,23,25,40
2,3,14,21,29,33|6,8,17,18,38,39|9,13,22,23,25,40
2,3,15,16,29,33|6,8,17,18,38,39|9,11,19,21,23,25
3,6,13,17,30,31|8,9,21,25,33,40|15,16,18,23,26,29
3,6,16,27,29,30|8,9,13,14,28,33|17,18,21,23,31,32
3,11,13,15,17,30|6,9,16,18,23,25|8,21,27,29,32,33
3,13,14,17,22,30|6,9,16,18,23,25|8,21,27,29,32,33
3,13,22,25,29,30|6,8,17,18,38,39|9,14,15,23,27,40
3,13,28,29,30,31|6,8,17,18,38,39|9,11,19,21,23,25
3,14,15,27,29,30|6,8,9,13,25,33|17,18,21,23,31,32
3,17,21,30,31,40|6,8,9,13,25,33|15,16,18,23,26,29
3,17,22,30,39,40|6,8,9,13,25,33|14,18,21,23,26,29
1,2,6,19,30,39|8,9,11,13,15,33|14,17,18,21,23,32
1,2,13,15,30,40|6,8,17,19,38,39|9,11,14,18,21,23
1,2,14,19,21,30|6,8,9,13,31,33|15,16,17,18,23,32
1,2,15,16,19,30|6,8,9,13,31,33|14,17,18,21,23,32
1,6,8,19,34,39|3,13,14,28,29,30|9,11,15,16,18,23
1,8,14,19,21,34|3,6,13,25,29,30|9,11,15,16,18,23
1,8,15,16,19,34|3,6,13,14,17,30|18,21,23,25,29,32
3,6,13,14,17,30|8,9,21,31,33,40|15,16,19,23,26,29
3,6,13,25,29,30|8,9,21,31,33,40|15,16,17,18,23,32
3,6,17,30,39,40|8,9,11,13,15,33|14,19,21,23,26,29
3,13,14,28,29,30|6,8,17,19,38,39|9,11,15,16,18,23
3,13,15,20,29,30|6,8,17,19,38,39|9,11,14,18,21,23
3,13,22,29,30,31|6,8,17,19,38,39|9,11,14,18,21,23
3,14,17,21,30,40|6,8,9,13,31,33|15,16,19,23,26,29
3,15,16,17,30,40|6,8,9,13,31,33|14,19,21,23,26,29
3,21,25,29,30,40|6,8,9,13,31,33|15,16,17,18,23,32
3,28,29,30,39,40|6,8,9,13,31,33|14,17,18,21,23,32
1,2,6,13,27,30|8,10,14,18,21,34|17,19,22,23,26,39
1,2,18,21,25,30|6,8,13,17,27,38|10,15,16,33,34,40
1,2,18,28,30,39|6,8,13,17,27,38|10,14,21,33,34,40
1,2,21,27,30,40|6,8,10,18,34,39|13,14,17,28,33,38
1,6,8,13,27,34|2,3,14,17,21,33|9,16,18,23,25,28
1,6,13,25,33,34|2,3,8,21,27,29|9,18,20,23,28,39
1,8,18,21,25,34|2,3,6,17,33,39|9,11,13,22,23,27
1,8,18,28,34,39|2,3,14,17,21,33|6,9,13,20,23,27
1,8,21,27,34,40|2,3,6,17,33,39|9,16,18,23,25,28
1,13,14,28,33,34|2,3,8,21,27,29|6,17,18,23,26,39
1,13,15,20,33,34|2,3,8,21,27,29|6,17,18,23,26,39
1,13,22,31,33,34|2,3,8,21,27,29|6,17,18,23,26,39
1,17,21,23,27,29|2,6,10,18,30,39|8,9,13,25,28,33
1,21,25,33,34,40|2,6,10,18,30,39|8,13,27,28,29,38
1,28,33,34,39,40|2,3,8,21,27,29|15,16,17,18,23,26
2,3,6,17,33,39|8,10,14,18,21,34|9,11,13,22,23,27
2,3,8,21,27,29|6,10,13,14,33,34|9,16,18,23,25,28
2,3,14,17,21,33|6,8,10,18,34,39|9,11,13,22,23,27
2,3,15,16,17,33|6,8,10,18,34,39|9,11,13,22,23,27
2,3,21,25,29,33|6,8,10,18,34,39|9,11,13,22,23,27
2,3,28,29,33,39|6,8,13,17,27,38|9,18,20,21,23,25
2,10,19,21,30,31|6,8,13,17,27,38|9,16,18,23,25,28
2,10,19,22,30,39|6,8,13,17,27,38|9,16,18,23,25,28
3,10,13,15,30,32|6,17,18,23,26,39|8,9,11,21,27,33
3,13,17,22,25,30|6,8,10,18,34,39|9,16,23,27,28,40
3,13,17,28,30,31|6,8,10,18,34,39|9,15,23,25,27,40
3,14,15,17,27,30|6,8,10,18,34,39|13,25,28,29,33,38
3,15,25,27,29,30|6,8,10,18,34,39|13,14,17,28,33,38
3,16,27,28,29,30|6,8,10,18,34,39|13,15,17,20,33,38
3,20,21,27,29,30|6,8,10,18,34,39|13,14,17,28,33,38
6,8,10,18,34,39|9,11,13,22,23,27|17,21,25,33,38,40
6,8,13,17,27,38|9,16,18,23,25,28|10,14,21,33,34,40
6,9,13,20,23,27|8,10,14,18,21,34|17,28,33,38,39,40
6,10,13,14,33,34|8,17,18,21,25,38|9,16,23,27,28,40
6,10,33,34,39,40|8,13,27,28,29,38|9,18,20,21,23,25
6,13,17,25,33,38|8,10,14,18,21,34|9,16,23,27,28,40
6,13,23,26,27,29|8,10,14,18,21,34|17,28,33,38,39,40
8,10,14,18,21,34|9,11,13,22,23,27|17,28,33,38,39,40
8,10,15,16,18,34|9,11,13,22,23,27|17,21,25,33,38,40
8,10,19,21,31,34|9,11,13,22,23,27|17,28,33,38,39,40
8,10,19,22,34,39|9,15,23,25,27,40|13,14,17,28,33,38
8,13,27,28,29,38|9,18,20,21,23,25|10,15,16,33,34,40
8,17,18,21,25,38|9,11,13,22,23,27|10,15,16,33,34,40
8,17,18,28,38,39|9,11,13,22,23,27|10,14,21,33,34,40
1,2,18,21,30,31|6,8,9,16,27,33|10,13,15,17,23,29
1,2,18,22,30,39|6,8,9,16,27,33|10,13,15,17,23,29
1,2,19,21,25,30|6,8,9,16,27,33|10,13,15,17,23,29
1,2,19,28,30,39|6,8,9,16,27,33|10,13,15,17,23,29
1,6,13,31,33,34|2,10,14,19,21,30|8,17,18,22,38,39
1,8,18,21,31,34|2,3,22,29,33,39|6,9,11,13,23,27
1,8,18,22,34,39|2,3,21,29,31,33|6,9,11,13,23,27
1,8,19,21,25,34|2,3,22,29,33,39|6,9,11,13,23,27
1,8,19,28,34,39|2,3,21,29,31,33|6,9,11,13,23,27
1,11,13,15,33,34|2,6,10,19,30,39|8,17,18,21,31,38|9,16,22,23,27,40
1,13,14,22,33,34|2,6,10,19,30,39|8,17,18,21,31,38
1,13,15,32,33,38|2,6,10,19,30,39|9,11,18,21,23,25
1,21,31,33,34,40|2,3,8,13,15,17|9,11,18,23,28,39
1,22,33,34,39,40|2,3,8,13,15,17|9,11,18,21,23,25
2,3,8,13,15,17|6,16,27,29,33,38|9,11,18,21,23,25
2,3,21,29,31,33|6,8,10,19,34,39|9,13,23,25,28,40
2,3,22,29,33,39|6,9,11,13,23,27|8,10,14,19,21,34
2,6,10,19,30,39|8,9,13,22,25,33|17,21,23,27,32,40
2,7,12,13,15,32|3,11,21,27,29,30|6,8,10,19,34,39|9,16,18,22,23,25
2,10,13,15,30,40|6,8,9,16,27,33|14,17,19,21,23,26
2,10,14,19,21,30|6,8,9,16,27,33|13,15,17,23,26,40
2,10,15,16,19,30|6,9,11,13,23,27|8,17,18,21,31,38
3,6,13,17,25,30|8,9,14,15,27,33|18,21,23,26,29,31
3,11,21,27,29,30|6,8,10,19,34,39|9,13,23,25,28,40
3,13,14,17,28,30|6,8,9,16,27,33|18,21,23,26,29,31
3,13,15,17,20,30|6,8,9,16,27,33|18,21,23,26,29,31
3,13,17,22,30,31|6,8,9,16,27,33|19,21,23,25,26,29
3,13,25,28,29,30|6,8,9,16,27,33|14,17,19,21,23,26
3,15,27,29,30,31|6,8,10,19,34,39|9,11,18,21,23,25|13,14,17,22,33,38
3,16,22,27,29,30|6,8,10,19,34,39|9,11,18,21,23,25
3,17,21,25,30,40|6,8,9,16,27,33|18,22,23,26,29,39
3,17,28,30,39,40|6,8,9,16,27,33|18,21,23,26,29,31
6,8,10,19,34,39|9,11,18,21,23,25|13,14,17,22,33,38
6,9,11,13,23,27|8,10,14,19,21,34|17,22,33,38,39,40
6,13,17,31,33,38|8,10,14,19,21,34|9,11,18,23,28,39
6,16,27,29,33,38|8,10,13,15,34,40|9,11,18,21,23,25
8,10,14,19,21,34|9,11,18,23,28,39|13,22,25,29,33,38
8,10,15,16,19,34|9,11,18,21,23,25|13,14,17,22,33,38
3,6,13,29,30,31|8,9,14,21,33,40|15,16,17,19,23,32
3,11,13,15,29,30|6,8,9,33,39,40|14,17,19,21,23,32
3,13,14,22,29,30|6,8,9,33,39,40|15,16,17,19,23,32
3,21,29,30,31,40|6,8,9,13,14,33|15,16,17,19,23,32
3,22,29,30,39,40|6,8,9,13,14,33|15,16,17,19,23,32
1,3,13,15,26,38|2,16,17,27,28,33|7,9,10,12,21,31
1,3,21,25,34,40|2,6,10,19,38,39|7,12,13,15,26,32
1,3,28,34,39,40|2,6,16,17,27,33|7,12,13,15,26,32
1,7,9,12,21,31|2,6,10,19,38,39|3,8,13,15,17,26
1,7,9,12,22,39|2,6,16,17,27,33|3,10,14,21,34,40
1,13,27,28,30,32|2,6,10,19,38,39|3,9,11,21,25,33
1,18,21,26,30,31|2,6,10,19,38,39|3,8,9,13,25,28
1,18,22,26,30,39|2,6,16,17,27,33|3,8,9,13,25,28
1,19,26,28,30,39|2,6,16,17,27,33|3,10,14,21,34,40
2,6,10,19,38,39|3,8,9,11,21,27|7,12,13,15,26,32
2,6,16,17,27,33|3,8,9,13,25,28|10,14,19,21,26,30
1,2,6,13,27,38|3,9,16,25,28,33|10,14,18,21,26,30
1,2,13,15,26,33|3,6,16,17,27,38|7,9,10,12,14,21
1,6,13,26,27,30|2,10,14,18,21,38|3,9,16,25,28,33
1,7,9,12,21,25|2,6,10,18,38,39|3,15,16,17,26,33
1,7,9,12,28,39|2,10,14,18,21,38|3,15,16,17,26,33
1,18,21,25,26,30|2,8,13,17,27,28|3,10,22,34,39,40
1,18,26,28,30,39|2,10,19,21,31,38|3,8,9,15,25,27
1,21,26,27,30,40|2,6,10,18,38,39|3,9,16,25,28,33
2,8,13,17,27,28|3,9,20,21,25,33|6,10,18,26,30,39
2,13,17,25,28,33|3,8,9,20,21,27|6,10,18,26,30,39
3,21,25,26,29,33|6,7,9,10,12,39|13,17,20,27,28,30
1,2,6,19,38,39|3,8,9,13,14,28|7,12,17,21,29,31|10,15,16,18,30,32
1,2,13,15,38,40|3,6,9,11,33,39|7,12,17,21,29,31
1,2,14,19,21,38|3,6,8,9,13,25|7,12,17,22,29,39|10,15,16,18,30,32
1,2,15,16,19,38|3,6,8,9,13,25|7,12,17,21,29,31
1,3,6,13,14,34|2,8,17,18,21,31|10,19,22,30,32,39
1,3,6,34,39,40|2,8,13,22,27,29|10,14,18,21,30,32
1,3,14,21,34,40|2,6,13,17,31,33|10,15,16,18,30,32
1,3,15,16,34,40|2,6,13,17,31,33|10,14,18,21,30,32
1,6,13,27,30,32|2,8,17,18,21,31|3,9,11,15,16,33
1,6,19,26,30,39|2,8,13,22,27,29|3,9,11,14,21,33
1,10,13,15,29,30|2,8,17,18,21,31|3,6,9,11,33,39
1,14,19,21,26,30|2,6,13,17,31,33|3,8,9,28,39,40
1,15,16,19,26,30|2,6,13,17,31,33|3,8,9,21,25,40
1,18,21,25,30,32|2,6,13,17,31,33|3,8,9,28,39,40
1,18,28,30,32,39|2,6,13,17,31,33|3,8,9,21,25,40
2,6,13,17,31,33|3,8,9,21,25,40|10,15,16,18,30,32
2,6,16,27,29,33|3,8,9,13,14,28|10,19,21,30,31,32
2,8,13,22,27,29|3,6,9,11,33,39|10,14,18,21,30,32
2,8,17,18,21,31|3,6,9,11,33,39|13,20,22,27,29,30
2,8,17,18,22,39|3,6,9,16,31,33|11,13,27,28,29,30
2,8,17,19,21,25|3,6,9,11,33,39|10,15,16,18,30,32
2,8,17,19,28,39|3,6,9,16,31,33|10,14,18,21,30,32
2,11,13,15,17,33|3,8,9,21,25,40|6,10,18,30,32,39
2,13,14,17,22,33|3,8,9,21,25,40|6,10,18,30,32,39
2,13,22,25,29,33|3,6,17,38,39,40|10,14,18,21,30,32
2,13,28,29,31,33|3,6,17,38,39,40|10,14,18,21,30,32
2,14,15,27,29,33|3,6,8,9,13,25|10,19,21,30,31,32
2,17,21,31,33,40|3,6,8,9,13,25|10,15,16,18,30,32
2,17,22,33,39,40|3,6,8,9,13,25|10,14,18,21,30,32
3,6,8,9,13,25|7,12,17,21,29,31|10,15,16,18,30,32
3,6,9,11,33,39|7,12,17,21,29,31|10,15,16,18,30,32
3,6,9,16,31,33|7,12,17,22,29,39|10,14,18,21,30,32
3,8,9,13,14,28|6,10,18,30,32,39|7,12,17,21,29,31
3,8,9,13,15,20|6,10,18,30,32,39|7,12,17,21,29,31
3,9,11,15,16,33|6,10,18,30,32,39|7,12,17,21,29,31
3,9,14,16,22,33|6,10,18,30,32,39|7,12,17,21,29,31
1,2,6,18,38,39|3,8,9,13,22,25|16,17,27,28,30,40
1,2,14,18,21,38|3,6,8,9,16,27|7,12,17,28,29,39
1,2,15,16,18,38|3,6,9,20,33,39|7,12,17,21,25,29
1,2,19,21,31,38|3,6,8,9,16,27|7,12,17,28,29,39
1,2,19,22,38,39|3,6,8,9,16,27|7,12,17,21,25,29
1,3,6,13,31,34|2,8,17,18,21,25|10,19,28,30,32,39
1,3,11,13,15,34|2,8,17,18,21,25|10,19,28,30,32,39
1,3,13,14,22,34|2,8,17,18,21,25|10,19,28,30,32,39
1,3,21,31,34,40|2,6,8,13,17,27|10,18,22,30,32,39
1,3,22,34,39,40|2,6,8,13,17,27|10,18,21,30,31,32
1,6,7,9,12,39|2,8,13,27,28,29|3,17,21,31,32,33
1,6,18,26,30,39|2,8,13,27,28,29|3,9,11,21,31,33
1,7,9,12,14,21|2,6,8,13,17,27|3,15,16,26,29,33|10,18,22,30,32,39
1,7,9,12,15,16|2,6,8,13,17,27|3,14,21,26,29,33|10,18,22,30,32,39
1,13,22,27,30,32|2,8,17,18,21,25|3,6,9,20,33,39
1,14,18,21,26,30|2,6,8,13,17,27|3,9,11,22,33,39
1,15,16,18,26,30|2,6,8,13,17,27|3,9,11,21,31,33
1,19,21,26,30,31|2,6,8,13,17,27|3,9,11,22,33,39
1,19,22,26,30,39|2,6,8,13,17,27|3,9,11,21,31,33
2,6,8,13,17,27|3,9,11,21,31,33|10,18,22,30,32,39
2,6,13,17,25,33|3,8,9,14,15,27|10,18,21,30,31,32
2,8,13,27,28,29|3,6,9,16,25,33|10,18,21,30,31,32
2,8,17,21,27,40|3,6,9,16,25,33|10,18,22,30,32,39
2,11,21,27,29,33|3,6,13,17,31,38|10,18,22,30,32,39
