2,3,13,15,17,22|6,9,11,21,27,33|8,18,25,26,29,39|10,14,16,19,31,34
2,3,13,25,29,31|6,9,11,21,27,33|8,14,17,18,26,39|10,15,16,19,22,34
2,3,14,16,27,29|6,9,13,25,28,33|8,15,17,18,21,26
2,3,17,31,39,40|6,8,9,13,27,28|10,11,15,19,21,34
6,8,9,13,27,28|10,11,14,19,34,39|15,17,18,20,21,38
6,9,11,21,27,33|8,14,17,18,26,39|10,13,15,22,34,40
6,9,13,25,28,33|8,14,17,18,26,39|10,11,15,19,21,34
6,9,15,27,31,33|8,14,17,18,26,39|10,11,13,16,34,40
6,9,16,22,27,33|8,14,17,18,26,39|10,11,15,19,21,34
6,10,14,18,21,34|8,9,11,13,27,31|17,19,22,28,38,39
6,10,15,16,18,34|8,9,11,13,27,31|14,17,26,33,39,40
6,10,19,21,31,34|8,9,13,14,20,27|15,16,17,18,28,38|25,26,29,33,39,40
6,10,19,22,34,39|8,9,11,13,27,31|14,16,17,18,25,38
6,13,15,17,26,33|8,9,16,25,27,40|10,11,14,19,34,39
6,13,27,28,29,38|8,9,18,20,25,39|10,11,15,19,21,34
6,17,18,21,25,38|8,9,11,13,27,31|10,15,16,19,22,34
6,17,18,28,38,39|8,9,11,13,27,31|10,14,19,21,22,34
6,17,21,27,32,33|8,9,18,20,25,39|10,11,13,16,34,40
6,17,21,27,38,40|8,9,18,20,25,39|10,14,16,19,31,34|13,15,26,28,29,33
8,9,13,14,20,27|10,11,15,19,21,34|25,26,29,33,39,40
8,9,16,25,27,40|10,11,14,19,34,39|13,15,26,28,29,33|17,18,21,22,31,38
8,9,18,20,25,39|10,11,13,16,34,40|17,19,21,28,31,38
8,9,18,21,25,28|10,11,13,16,34,40|17,19,20,31,38,39
8,9,20,27,39,40|10,11,15,19,21,34|13,14,25,26,29,33
8,9,21,27,28,40|10,11,14,19,34,39|13,16,20,26,29,33
8,13,14,26,27,29|9,20,25,33,39,40|10,11,15,19,21,34
8,13,17,27,31,32|9,20,25,33,39,40|10,11,15,19,21,34
8,14,17,18,26,39|9,11,13,25,31,33|10,15,16,19,22,34|21,27,28,29,38,40
8,15,17,18,21,26|9,11,13,25,31,33|10,14,19,32,38,39
8,17,19,26,31,39|9,11,14,16,27,33|10,13,15,22,34,40|18,21,25,28,29,38
8,18,25,26,29,39|9,11,14,16,27,33|10,13,15,22,34,40|17,19,21,28,31,38
8,26,27,29,39,40|9,11,13,25,31,33|10,14,19,21,22,34|15,16,17,18,28,38
9,11,13,25,31,33|10,14,19,21,22,34|15,16,17,18,28,38
9,11,14,16,27,33|10,13,15,22,34,40|17,19,20,31,38,39
9,13,15,20,28,33|10,11,14,19,34,39|16,25,27,29,38,40
9,13,22,28,31,33|10,11,14,19,34,39|15,17,18,20,21,38
9,14,15,22,27,33|10,11,13,16,34,40|17,19,20,31,38,39
10,11,13,16,34,40|14,17,18,20,38,39|21,27,28,29,32,33
10,11,14,19,34,39|13,15,26,28,29,33|17,18,21,22,31,38
10,13,14,31,34,40|11,17,19,25,38,39|21,27,28,29,32,33
10,13,15,22,34,40|11,17,18,31,38,39|16,25,27,29,32,33
10,15,16,19,22,34|11,13,27,29,31,38|14,17,26,33,39,40
1,6,18,21,31,34|2,3,13,14,25,29|8,9,11,27,39,40|15,16,17,19,28,38
1,6,18,22,34,39|2,3,13,14,25,29|8,9,16,27,31,40|15,17,19,20,21,38
1,6,19,21,25,34|2,3,13,15,28,29|8,9,11,27,39,40|14,16,17,18,31,38
1,6,19,28,34,39|2,3,13,14,25,29|8,9,16,27,31,40|11,15,17,18,21,38
1,11,14,18,34,39|2,3,6,13,15,17|8,9,16,27,31,40|19,21,25,28,29,38
1,11,15,18,21,34|2,3,13,14,25,29|6,17,19,28,38,39|8,9,16,27,31,40
1,11,19,31,34,39|2,3,6,13,15,17|8,9,18,21,22,25
1,13,14,25,34,40|6,17,18,21,31,38|11,27,29,32,33,39
1,13,15,28,34,40|6,17,18,21,31,38|8,9,19,20,25,39
1,13,16,20,34,40|6,9,14,15,27,33|8,17,18,25,32,39
1,14,16,18,31,34|2,3,6,13,15,17|8,9,11,27,39,40|19,21,25,28,29,38
1,14,16,19,25,34|2,3,6,13,15,17|8,9,11,27,39,40|18,21,28,29,31,38
1,14,18,21,22,34|2,3,6,13,15,17|8,9,11,27,39,40
1,14,18,32,38,39|2,3,6,13,15,17|8,9,16,27,31,40
1,14,19,20,34,39|2,3,6,13,15,17|8,9,16,18,25,31|21,22,27,29,32,33
1,14,19,21,28,34|2,3,6,13,15,17|8,9,11,18,25,39|16,27,29,31,32,33
1,15,16,18,22,34|2,3,13,14,25,29|6,17,19,28,38,39
1,15,16,19,28,34|2,3,13,14,25,29|6,17,18,21,31,38|8,9,11,27,39,40
1,15,18,21,32,38|2,3,13,14,25,29|8,9,11,27,39,40
1,15,19,20,21,34|2,3,13,14,25,29|6,17,18,22,38,39|8,9,16,27,31,40
1,19,21,22,31,34|2,3,6,13,15,17|8,9,11,18,25,39
1,19,31,32,38,39|2,3,6,13,15,17|8,9,18,21,22,25
2,3,6,13,15,17|8,9,11,18,25,39|16,27,29,31,32,33
2,3,13,14,25,29|6,10,15,16,19,34|8,9,11,27,39,40
2,3,13,15,28,29|6,10,14,19,21,34|8,9,11,18,25,39
2,3,13,16,20,29|6,9,14,15,27,33|8,17,18,25,32,39
2,3,14,17,39,40|6,8,9,13,22,27|16,18,25,29,31,38
2,3,15,17,21,40|6,8,9,13,22,27|11,18,25,29,38,39
2,3,25,29,39,40|6,8,9,13,22,27|11,15,17,18,21,38
6,9,13,22,25,33|8,14,17,19,26,39|16,27,29,31,38,40
6,9,13,28,31,33|8,14,17,19,26,39|18,21,22,25,29,38
6,10,13,15,34,40|8,9,11,18,25,39|14,17,19,21,28,38|16,27,29,31,32,33
6,10,14,19,21,34|8,9,11,18,25,39|13,15,17,28,32,33|16,27,29,31,38,40
6,10,15,16,19,34|8,9,11,13,14,27|17,25,32,33,39,40|18,21,28,29,31,38
6,17,19,21,25,38|8,9,11,13,14,27|26,29,31,33,39,40
8,9,11,13,14,27|15,16,17,18,22,38|26,29,31,33,39,40
8,9,11,18,25,39|13,14,26,29,31,33|15,16,17,19,28,38
8,9,11,27,39,40|13,14,17,25,32,33|18,21,28,29,31,38
8,9,16,27,31,40|11,14,17,18,38,39|13,15,22,26,29,33
8,9,18,21,28,31|11,13,14,27,29,38|17,25,32,33,39,40
8,9,21,22,27,40|11,13,16,26,29,33|14,17,19,20,38,39
8,13,14,17,27,32|9,11,25,33,39,40|18,21,28,29,31,38
8,13,25,27,29,32|9,20,31,33,39,40|11,15,17,18,21,38
8,14,17,19,26,39|9,11,13,15,28,33|16,18,25,29,31,38
8,15,17,19,21,26|9,11,13,14,25,33|16,27,29,31,38,40
8,17,18,25,32,39|9,11,13,15,28,33|16,27,29,31,38,40
8,17,27,32,39,40|9,11,13,14,25,33|18,21,28,29,31,38
8,18,26,29,31,39|9,11,13,14,25,33|15,16,17,19,28,38
8,19,25,26,29,39|9,11,13,15,28,33|14,16,17,18,31,38
1,6,16,20,29,33|2,3,11,14,15,40|8,19,22,25,31,32
1,11,16,22,29,33|2,3,6,14,31,40|8,15,19,20,25,32
1,14,15,20,29,33|2,3,6,11,16,40|8,19,22,25,31,32
1,14,22,29,31,33|2,3,6,11,16,40|8,15,19,20,25,32
1,6,11,16,17,33|2,3,14,15,20,40|8,18,22,25,31,32
1,6,14,17,31,33|2,3,11,16,22,40|8,15,18,20,25,32
1,6,25,29,31,33|2,3,11,16,22,40|8,14,15,19,20,26
1,8,15,17,25,40|6,10,11,16,29,33|14,19,20,22,31,38
1,11,14,15,17,33|2,3,6,16,20,40|8,18,22,25,31,32
1,11,15,25,29,33|2,3,6,16,20,40|8,14,19,22,26,31
1,15,20,29,31,33|2,3,6,14,25,40|8,11,16,19,22,26
1,16,20,22,29,33|2,3,6,14,25,40|8,11,15,19,26,31
1,6,8,10,13,32|2,3,11,15,25,40|14,18,20,22,31,38
1,6,8,25,27,29|2,3,11,16,28,40|14,18,20,22,31,38
1,6,14,17,25,33|2,3,11,16,28,40|8,10,13,20,22,29
1,6,15,17,28,33|2,3,11,20,21,40|8,14,18,22,26,31
1,6,16,17,20,33|2,3,11,15,25,40|8,14,18,22,26,31
1,8,11,13,17,28|2,3,6,25,31,40|10,14,15,20,29,33
1,11,15,17,31,33|2,3,14,22,25,40|6,8,16,18,20,26
1,11,16,17,22,33|2,3,6,25,31,40|8,14,15,18,20,26
1,14,15,17,20,33|2,3,6,25,31,40|8,10,11,13,28,29
1,14,25,28,29,33|2,3,6,11,13,20|8,10,15,17,31,40
1,15,20,25,29,33|2,3,11,16,28,40|8,14,18,22,26,31
1,8,10,13,28,32|2,3,6,11,27,31|15,20,25,26,33,40
1,10,11,21,32,33|2,3,6,14,20,27|8,18,22,25,26,31
1,10,11,21,38,40|2,3,6,14,20,27|8,18,22,25,26,31
1,10,16,22,32,33|2,3,6,11,27,31|8,14,18,25,26,28
1,10,16,22,38,40|2,3,6,11,27,31|8,14,18,25,26,28
2,3,6,11,27,31|8,10,13,17,20,22|14,25,26,28,33,40
2,3,6,14,20,27|8,10,11,13,17,28|22,25,26,31,33,40
2,3,11,13,20,28|6,8,10,14,17,27|22,25,26,31,33,40
2,3,25,28,31,40|6,8,10,14,17,27|11,13,20,22,26,33
1,6,10,16,32,33|2,3,11,13,20,22|8,14,18,26,28,31
1,6,10,16,38,40|2,3,11,13,20,22|8,14,18,26,28,31
1,8,10,13,22,32|2,3,6,11,14,27|15,20,26,31,33,40
1,8,11,15,17,27|2,3,14,25,28,40|10,16,20,22,29,33
1,8,14,17,22,27|2,3,15,20,25,40|10,11,16,28,29,33
1,8,22,25,27,29|2,3,16,20,28,40|6,10,14,17,31,33
1,10,14,15,32,33|2,3,11,13,20,22|6,8,18,25,26,31
1,10,14,15,38,40|2,3,11,13,20,22|6,8,18,25,26,31
1,11,15,17,25,33|2,3,16,20,28,40|6,8,10,27,29,31
1,11,16,17,28,33|2,3,15,20,25,40|6,8,10,27,29,31
1,11,17,20,21,33|2,3,14,25,28,40|6,8,10,27,29,31
1,14,17,22,25,33|2,3,16,20,28,40|6,8,10,27,29,31
1,25,28,29,31,33|2,3,6,11,14,27|8,10,17,20,21,40
2,3,14,25,28,40|6,8,10,13,17,20|11,22,27,31,32,33
2,3,22,25,31,40|6,8,10,13,17,20|11,14,27,28,32,33
6,8,10,27,29,31|11,14,18,25,28,38|16,20,22,26,33,40
2,3,11,18,22,23|6,7,10,12,30,40|8,19,20,28,33,38
2,3,11,19,23,28|6,7,10,12,30,40|8,18,20,22,33,38
2,3,19,20,22,23|6,7,10,12,30,40|8,11,18,28,33,38
1,2,8,19,27,30|3,7,12,14,34,40|9,11,18,23,25,33
1,2,18,30,31,33|3,7,12,14,34,40|8,9,19,20,23,27
1,2,19,25,30,33|3,7,12,14,34,40|8,9,11,18,23,27
1,8,18,31,33,34|2,3,23,27,29,40|7,12,14,19,26,30
1,8,19,25,33,34|2,3,14,17,18,23|7,12,27,30,32,40
1,18,23,25,34,40|2,7,12,14,19,38|3,11,27,29,30,33
2,3,23,27,29,40|7,12,14,19,26,30|8,17,18,31,33,38
2,7,12,14,19,38|3,8,17,18,25,30|9,11,23,27,33,40
2,3,14,17,19,23|7,12,18,30,31,32|8,27,29,33,38,40
1,2,13,14,27,38|3,9,20,25,33,39|10,15,18,21,26,30
1,2,13,16,26,33|3,6,17,21,27,38|7,9,10,12,14,39
1,13,14,26,27,30|2,10,15,18,21,38|3,9,20,25,33,39
1,18,25,26,30,39|2,16,17,27,31,33|3,10,13,15,22,34
1,3,13,15,28,34|2,6,17,21,27,33|10,14,19,26,30,39
1,3,13,16,20,34|2,6,17,21,27,33|10,14,19,26,30,39
1,3,25,34,39,40|2,6,17,21,27,33|7,12,13,16,26,32
1,7,9,12,31,39|2,6,17,21,27,33|10,13,16,26,30,40
1,13,25,27,30,32|2,10,14,19,38,39|3,9,21,28,31,33
2,6,17,21,27,33|3,10,14,34,39,40|7,12,13,16,26,32
2,8,13,17,27,31|3,9,11,25,33,39|10,15,19,21,26,30
2,10,15,19,21,38|3,8,9,11,27,39|7,12,13,16,26,32
2,13,17,25,31,33|3,8,9,11,27,39|10,15,19,21,26,30
2,6,13,15,17,33|3,8,9,31,39,40|18,21,25,28,29,30
2,8,13,14,27,29|3,6,9,15,16,33|11,17,18,30,31,39
2,8,14,17,18,39|3,6,9,15,16,33|11,13,27,29,30,31
2,8,15,17,18,21|3,11,13,16,29,38|10,14,19,30,32,39
2,8,17,19,31,39|3,6,9,14,21,33|10,13,16,30,32,40
2,8,18,25,29,39|3,6,9,14,21,33|10,13,16,30,32,40
2,8,27,29,39,40|3,6,9,14,21,33|15,16,17,18,28,30
2,13,14,25,29,33|3,8,9,31,39,40|10,15,19,21,30,32
2,13,15,28,29,33|3,8,9,31,39,40|6,17,18,21,25,30
2,13,16,20,29,33|3,8,9,31,39,40|6,17,18,21,25,30
2,14,17,33,39,40|3,8,9,11,13,16|10,15,19,21,30,32
2,15,17,21,33,40|3,8,9,11,13,16|10,14,19,30,32,39
2,25,29,33,39,40|3,8,9,11,13,16|10,15,19,21,30,32
2,11,13,16,29,33|3,8,9,14,39,40|6,17,18,21,30,31
2,13,14,29,31,33|3,8,9,15,21,40|6,17,18,22,30,39
2,13,15,22,29,33|3,8,9,14,39,40|6,17,18,21,30,31
2,29,31,33,39,40|3,6,8,9,13,15|14,16,17,19,25,30
1,2,15,18,21,38|3,6,9,28,33,39|11,13,17,27,30,31
1,7,9,12,15,21|2,8,13,14,17,27|10,18,30,31,32,39
1,13,27,30,31,32|2,8,17,18,25,39|3,9,14,21,28,33
1,14,18,26,30,39|2,8,13,25,27,29|3,9,15,16,28,33
1,15,18,21,26,30|2,8,13,14,17,27|3,6,9,28,33,39
1,19,26,30,31,39|2,8,13,14,17,27|3,6,9,21,25,33
2,8,13,14,17,27|3,6,9,21,25,33|10,18,30,31,32,39
2,13,14,17,25,33|3,6,8,9,21,27|10,18,30,31,32,39
2,13,15,17,28,33|3,6,8,9,21,27|10,18,30,31,32,39
2,13,16,17,20,33|3,6,8,9,21,27|10,18,30,31,32,39
2,16,27,29,31,33|3,13,15,17,22,38|10,19,25,30,32,39
1,2,13,16,32,33|3,8,9,25,39,40|17,18,21,28,30,31
1,2,13,16,38,40|3,6,9,21,31,33|10,14,18,30,32,39
1,2,14,19,38,39|3,6,9,21,31,33|11,13,25,27,29,30
1,2,15,19,21,38|3,6,9,22,33,39|11,13,14,17,27,30
1,3,14,34,39,40|2,6,21,27,29,33|16,17,18,25,30,31
1,3,15,21,34,40|2,8,13,27,29,31|10,14,18,30,32,39
1,10,13,16,29,30|2,8,17,18,31,39|3,9,11,15,21,33
1,13,14,27,30,32|2,8,17,18,31,39|3,9,11,15,21,33
1,14,19,26,30,39|2,6,21,27,29,33|3,8,9,13,15,28
1,15,19,21,26,30|2,8,13,27,29,31|3,6,9,22,33,39
1,18,25,30,32,39|2,6,21,27,29,33|3,8,9,13,15,28
2,6,21,27,29,33|3,8,9,13,14,25|10,19,30,31,32,39
2,8,13,27,29,31|3,6,9,22,33,39|10,15,18,21,30,32
2,8,17,18,31,39|3,9,11,15,21,33|13,22,27,28,29,30
2,8,17,19,25,39|3,6,9,21,31,33|13,22,27,28,29,30
2,11,13,16,17,33|3,8,9,25,39,40|10,15,18,21,30,32
2,13,14,17,31,33|3,8,9,25,39,40|10,15,18,21,30,32
2,13,25,29,31,33|3,14,17,38,39,40|10,15,18,21,30,32
2,14,16,27,29,33|3,6,13,15,17,38|10,19,30,31,32,39
2,17,31,33,39,40|3,8,9,13,14,25|10,15,18,21,30,32
3,8,9,13,14,25|7,12,17,29,31,39|10,15,18,21,30,32
3,8,9,13,16,20|7,12,17,29,31,39|10,15,18,21,30,32
1,3,8,11,21,29|2,6,14,25,33,40|15,19,20,22,28,30
1,3,8,15,29,31|2,6,14,25,33,40|11,16,18,20,22,30
1,3,8,16,22,29|2,6,14,25,33,40|11,15,18,20,30,31
3,8,15,25,32,40|6,7,12,16,20,29|11,14,18,28,30,31
3,8,16,28,32,40|6,7,12,14,25,29|11,15,18,20,30,31
3,8,20,21,32,40|6,7,12,14,25,29|11,15,18,22,28,30
1,3,6,8,16,17|2,11,15,25,33,40|7,12,14,28,29,31
1,3,8,20,21,29|2,6,25,31,33,40|7,11,12,14,15,17
1,6,7,12,16,32|2,8,11,15,18,25|3,14,22,31,38,40
1,6,10,16,30,40|2,8,11,15,18,25|3,14,22,31,32,33
1,7,12,14,15,32|2,6,8,18,25,31|3,11,16,22,38,40
1,10,14,15,30,40|2,6,8,18,25,31|3,11,16,22,32,33
2,6,8,27,31,40|3,11,16,22,32,33|14,19,20,25,28,30
2,6,25,31,33,40|3,8,10,14,15,29|11,16,18,20,28,30
2,8,11,15,18,25|3,6,16,20,32,33|7,12,14,28,29,31
2,8,11,15,27,40|3,6,14,25,32,33|7,12,16,20,22,29
2,8,11,16,18,28|3,6,14,25,32,33|7,12,15,20,29,31
2,8,11,18,20,21|3,6,14,25,32,33|7,12,15,22,28,29
2,8,14,18,22,25|3,6,15,28,32,33|7,11,12,20,21,29
2,8,14,18,28,31|3,6,16,20,32,33|7,11,12,15,25,29
2,8,14,19,25,28|3,6,16,20,32,33|11,22,27,30,31,40
2,8,14,22,27,40|3,6,15,28,32,33|7,11,12,20,21,29
2,8,15,18,20,31|3,6,14,25,32,33|7,11,12,16,28,29
2,8,15,18,22,28|3,6,14,25,32,33|7,11,12,20,21,29
2,8,15,19,20,25|3,11,16,22,32,33|6,7,12,14,17,31
2,8,16,19,20,28|3,6,14,25,32,33|11,22,27,30,31,40
2,8,19,22,25,31|3,6,15,28,32,33|7,11,12,20,21,29
2,11,15,25,33,40|3,6,8,10,16,29|14,18,20,28,30,31
2,11,16,28,33,40|3,6,8,14,27,32|7,12,15,20,29,31
2,14,28,31,33,40|3,6,8,10,16,29|11,15,18,20,25,30
2,15,20,31,33,40|3,6,8,10,16,29|11,14,18,25,28,30
2,16,20,22,33,40|3,6,8,14,27,32|7,11,12,15,25,29
3,6,8,10,16,29|7,11,12,14,15,17|19,20,22,25,30,31
3,6,8,16,26,40|7,11,12,14,15,17|19,20,22,25,30,31
3,8,10,14,15,29|6,7,11,12,16,17|19,20,22,25,30,31
3,8,14,15,26,40|6,7,11,12,16,17|19,20,22,25,30,31
1,3,8,15,17,31|2,6,11,14,27,33|7,12,16,20,28,29
1,3,8,16,17,22|2,6,11,14,27,33|7,12,15,20,25,29
1,6,10,11,13,30|2,8,14,18,25,28|3,15,20,31,32,33
1,10,11,21,30,40|2,8,14,18,25,28|3,15,20,31,32,33
1,10,15,30,31,40|2,6,11,14,27,33|3,8,13,20,28,32
1,10,16,22,30,40|2,6,11,14,27,33|3,8,13,20,28,32
2,6,8,25,27,40|3,11,16,28,32,33|7,12,14,15,17,20
2,8,14,27,28,40|3,6,11,13,20,38|7,12,22,25,29,31
2,8,15,18,20,25|3,11,16,28,32,33|7,12,14,17,22,31
2,8,15,20,27,40|3,6,25,31,32,33|7,11,12,16,17,22
2,8,22,27,31,40|3,6,11,13,20,38|7,12,14,25,28,29
2,11,13,20,22,33|3,6,8,27,31,32|7,12,14,25,28,29
2,15,20,25,33,40|3,6,8,11,13,26|7,12,14,17,22,31
2,16,20,28,33,40|3,6,8,11,13,26|7,12,14,17,22,31
2,22,25,31,33,40|3,6,8,11,13,26|7,12,14,15,17,20
3,6,8,27,31,32|7,11,12,16,17,22|14,18,20,25,28,30
3,6,25,31,32,33|7,11,12,16,17,22|14,20,27,28,30,40
3,8,10,11,21,29|6,7,12,14,17,25|20,22,27,30,31,40
3,8,10,16,22,29|6,7,12,14,17,25|11,27,28,30,31,40
3,11,16,28,32,33|6,7,12,14,17,25|20,22,27,30,31,40
3,14,28,31,32,33|6,7,12,16,17,20|11,22,25,27,30,40
3,16,20,22,32,33|6,7,12,14,17,25|11,27,28,30,31,40
1,2,6,8,10,13|3,11,14,15,26,33|7,12,16,17,20,22
1,2,8,10,21,40|3,6,11,14,27,38|7,12,15,17,20,31
1,3,8,16,17,28|2,6,11,27,31,33|7,10,12,14,15,32
1,3,8,17,20,21|2,6,11,27,31,33|7,10,12,14,15,32
1,6,10,13,20,30|2,8,18,25,28,31|3,11,14,15,26,33
1,7,12,15,25,32|2,6,11,27,31,33|3,8,10,16,28,29
1,7,12,16,28,32|2,6,11,27,31,33|3,8,10,14,15,17
1,7,12,20,21,32|2,6,11,27,31,33|3,8,10,14,15,17
1,10,11,13,22,30|2,6,14,20,27,33|3,8,15,25,26,40
1,10,15,25,30,40|2,6,11,27,31,33|7,12,16,17,20,22
1,10,16,28,30,40|2,6,11,27,31,33|7,12,14,17,22,25
1,10,20,21,30,40|2,6,11,27,31,33|7,12,14,17,22,25
2,6,14,20,27,33|3,8,10,15,25,29|7,11,12,16,17,28
2,8,18,25,28,31|3,6,11,14,27,38|7,12,16,17,20,22
2,8,22,25,27,40|3,6,11,16,26,33|7,10,12,14,15,32
2,8,27,28,31,40|3,6,11,16,26,33|7,10,12,14,15,32
2,11,14,22,27,33|3,6,8,10,16,17|7,12,25,28,29,31
3,6,8,13,20,26|7,10,12,14,15,32|11,25,27,28,30,40
3,6,11,16,26,33|7,10,12,14,15,32|18,20,25,28,30,31
3,8,11,13,22,26|6,7,10,12,16,32|18,20,25,28,30,31
3,11,14,15,26,33|6,7,10,12,16,32|18,20,25,28,30,31
1,2,6,10,16,33|3,8,11,13,26,28|7,12,15,17,20,25
1,2,8,10,13,22|3,6,11,27,31,38|7,12,14,17,25,28
1,2,10,14,15,33|3,6,11,27,31,38|7,12,16,17,20,28
1,3,8,10,21,32|2,6,11,25,27,33|7,12,16,17,20,28
1,6,10,14,27,30|3,8,11,13,26,28|7,12,15,17,20,25
1,7,12,14,15,26|2,6,11,25,27,33|3,8,10,16,17,22
2,8,25,27,28,40|3,6,16,20,26,33|7,10,11,12,21,32
3,11,15,26,31,33|7,10,12,16,22,32|20,25,27,28,30,40
3,11,16,22,26,33|7,10,12,15,31,32|20,25,27,28,30,40
3,14,22,26,31,33|7,10,11,12,21,32|20,25,27,28,30,40
1,7,11,12,21,26|2,6,20,25,27,33|3,8,10,16,17,28
1,7,12,15,26,31|2,6,20,25,27,33|3,8,10,16,17,28
1,8,10,19,22,30|2,18,20,23,28,40|6,7,11,12,17,33
2,3,17,23,27,40|7,12,18,26,30,31|8,10,19,25,33,34
2,8,10,19,27,30|3,7,12,25,34,40|17,18,23,26,31,33
2,10,18,30,31,33|3,7,12,25,34,40|8,17,19,23,26,27
1,2,18,25,30,33|3,7,12,31,34,40|11,17,19,23,27,38
1,19,23,27,32,38|2,10,14,18,30,33|3,7,12,31,34,40
2,3,8,27,29,33|7,12,14,18,26,30|10,19,23,25,34,40
2,7,12,14,18,38|3,20,27,29,30,33|10,19,23,25,34,40
2,10,14,18,30,33|3,7,12,31,34,40|11,17,19,23,27,38
1,10,11,30,31,33|3,22,23,26,28,40|7,8,12,17,20,25
1,2,17,21,30,31|6,9,10,23,32,39|8,11,13,15,26,34
1,2,17,22,30,39|6,8,13,26,31,34|9,10,14,21,23,32
1,8,9,21,31,38|2,3,6,11,34,39|12,13,23,25,28,35
1,8,9,22,38,39|2,3,6,16,31,34|11,12,21,23,27,35
1,8,17,21,31,34|2,3,6,32,38,39|12,13,23,25,28,35
1,8,17,22,34,39|2,3,14,21,32,38|12,13,23,25,28,35
2,3,6,11,34,39|8,13,15,26,32,38|9,16,17,22,23,25
2,3,6,16,31,34|8,13,15,26,32,38|9,11,17,21,23,25
2,3,6,21,22,34|8,13,15,26,32,38|9,11,17,23,28,39
2,3,6,32,38,39|8,10,21,29,31,34|9,16,17,22,23,25
2,3,14,21,32,38|6,8,13,26,31,34|9,11,17,23,28,39
2,3,15,16,32,38|6,8,13,26,31,34|9,11,17,21,23,25
2,6,13,26,30,31|8,10,22,29,34,39|9,11,17,21,23,25
2,10,21,29,30,31|6,11,13,25,34,38|9,17,20,22,23,39
2,10,22,29,30,39|6,8,13,26,31,34|9,11,17,21,23,25
2,11,13,15,26,30|6,9,10,23,32,39|16,22,25,34,38,40
2,11,21,27,30,32|6,8,13,26,31,34|9,16,17,22,23,25
2,13,14,22,26,30|6,9,10,23,32,39|11,21,25,34,38,40
2,13,25,28,30,32|6,14,16,26,33,34|9,17,20,21,23,31
2,15,27,30,31,32|6,11,13,25,34,38|9,17,20,22,23,39
2,16,22,27,30,32|6,8,13,26,31,34|9,11,17,21,23,25
2,21,26,30,31,40|6,9,10,23,32,39|11,13,14,28,34,38
2,22,26,30,39,40|6,11,13,25,34,38|9,10,14,21,23,32
3,6,26,30,32,39|8,10,21,29,31,34|9,16,17,22,23,25
3,14,21,26,30,32|6,11,13,25,34,38|9,16,17,23,28,31
3,15,16,26,30,32|6,11,13,25,34,38|9,17,20,21,23,31
1,2,6,17,30,39|8,10,14,21,29,34|12,13,22,23,25,35
1,2,14,17,21,30|6,8,10,29,34,39|12,13,22,23,25,35
1,2,15,16,17,30|6,8,10,29,34,39|12,13,22,23,25,35
1,2,21,25,29,30|6,8,13,14,26,34|9,11,17,22,23,39
1,2,28,29,30,39|6,8,13,14,26,34|9,11,17,21,23,31
1,6,8,9,38,39|2,10,14,21,29,30|12,13,22,23,25,35|15,16,20,32,33,34
1,6,8,17,34,39|2,10,14,21,29,30|12,13,22,23,25,35
1,8,9,14,21,38|2,6,10,29,30,39|12,13,22,23,25,35|15,16,20,32,33,34
1,8,9,15,16,38|2,6,10,29,30,39|11,21,31,32,33,34|12,13,22,23,25,35
1,8,14,17,21,34|2,6,10,29,30,39|12,13,22,23,25,35
1,8,15,16,17,34|2,6,10,29,30,39|12,13,22,23,25,35
1,8,21,25,29,34|2,6,13,14,26,30|9,11,17,22,23,39
1,8,28,29,34,39|2,6,13,14,26,30|9,11,17,21,23,31
1,9,21,23,31,32|2,3,6,14,16,34|8,12,28,33,35,39
1,9,22,23,32,39|2,3,6,14,16,34|8,12,21,25,33,35
2,3,6,14,16,34|8,12,21,25,33,35|9,11,17,22,23,39
2,6,10,29,30,39|8,12,21,25,33,35|9,14,16,17,23,28
2,6,13,14,26,30|8,10,15,16,29,34|9,11,17,21,23,31
2,6,16,27,30,32|8,10,14,21,29,34|9,11,17,22,23,39
2,6,26,30,39,40|8,10,14,21,29,34|9,15,16,17,20,23
2,10,14,21,29,30|6,8,16,27,32,34|9,11,17,22,23,39
2,10,15,16,29,30|6,8,13,14,26,34|9,11,17,21,23,31
2,13,22,25,30,32|6,8,10,29,34,39|9,11,17,21,23,31
2,13,28,30,31,32|6,8,10,29,34,39|9,14,15,17,23,25
2,14,15,27,30,32|6,8,10,29,34,39|9,11,17,21,23,31
2,14,21,26,30,40|6,8,10,29,34,39|9,15,16,17,20,23
2,15,16,26,30,40|6,8,10,29,34,39|9,11,17,21,23,31
6,11,13,31,34,38|8,12,21,25,33,35|9,14,16,17,23,28
6,13,14,20,34,38|8,12,21,25,33,35|9,11,17,22,23,39
6,16,25,32,33,34|8,17,28,29,38,39|12,14,15,23,27,35
6,16,25,34,38,40|8,12,28,33,35,39|9,11,17,21,23,31
6,17,23,26,29,39|8,12,21,25,33,35|11,13,14,22,34,38
6,20,32,33,34,39|8,17,21,25,29,38|12,13,23,28,31,35
6,20,34,38,39,40|8,12,21,25,33,35|9,14,16,17,23,28
8,12,21,25,33,35|9,11,17,22,23,39|14,16,28,34,38,40
8,12,28,33,35,39|9,11,17,21,23,31|14,15,25,34,38,40
8,17,21,25,29,38|11,22,32,33,34,39|12,13,23,28,31,35
8,17,28,29,38,39|11,21,31,32,33,34|12,13,22,23,25,35
1,2,21,29,30,31|6,8,13,25,32,34|9,11,15,16,17,23
1,2,22,29,30,39|6,8,13,25,32,34|9,11,14,17,21,23
1,6,9,23,32,39|8,12,21,31,33,35|11,15,16,34,38,40
1,8,21,29,31,34|2,6,13,25,30,32|9,11,15,16,17,23
1,8,22,29,34,39|2,6,13,25,30,32|9,11,14,17,21,23
1,9,15,16,23,32|6,11,13,14,34,38|8,12,21,31,33,35
2,6,13,25,30,32|8,12,21,31,33,35|9,11,15,16,17,23
2,13,14,28,30,32|6,9,11,17,23,39|8,12,21,31,33,35
2,13,15,20,30,32|6,9,11,17,23,39|8,12,21,31,33,35|14,16,22,34,38,40
6,9,11,17,23,39|8,12,21,31,33,35|14,16,22,34,38,40
6,9,16,17,23,31|8,12,22,33,35,39|11,14,21,34,38,40
6,11,13,14,34,38|8,12,21,31,33,35|9,16,22,23,25,29
6,11,32,33,34,39|8,17,21,29,31,38|12,13,14,23,28,35
6,11,34,38,39,40|8,12,21,31,33,35|9,14,16,17,22,23
6,12,13,23,25,35|8,17,21,29,31,38|11,15,16,32,33,34
6,16,31,32,33,34|8,17,22,29,38,39|12,13,14,23,28,35
6,16,31,34,38,40|8,12,22,33,35,39|9,11,14,17,21,23
8,17,21,29,31,38|11,15,16,32,33,34|12,13,14,23,28,35
8,17,22,29,38,39|11,14,21,32,33,34|12,13,15,20,23,35
1,2,6,29,30,39|8,11,13,15,32,34|12,21,23,31,35,40
1,6,8,29,34,39|2,11,13,15,30,32|12,21,23,31,35,40
1,8,14,21,29,34|2,6,13,30,31,32|12,22,23,35,39,40
1,8,15,16,29,34|2,6,13,30,31,32|12,22,23,35,39,40
2,6,13,30,31,32|8,12,14,21,33,35|9,11,22,23,29,39
2,11,13,15,30,32|6,8,12,33,35,39|9,14,16,23,28,29
2,13,14,22,30,32|6,8,12,33,35,39|9,11,21,23,29,31
2,21,30,31,32,40|6,8,12,33,35,39|9,14,15,23,25,29
1,2,17,21,25,30|6,8,9,10,38,39|11,15,16,26,33,34
1,2,17,28,30,39|6,8,13,25,26,34|9,10,21,23,31,32
1,8,9,21,25,38|2,3,6,20,34,39|12,16,23,27,28,35
1,8,9,28,38,39|2,3,6,16,25,34|12,20,21,23,27,35
1,8,17,21,25,34|2,3,22,32,38,39|12,16,23,27,28,35
1,8,17,28,34,39|2,3,21,31,32,38|12,15,23,25,27,35
2,3,6,16,25,34|8,9,10,14,21,38|17,23,26,28,29,39
2,3,6,20,34,39|8,9,10,14,21,38|12,15,23,25,27,35
2,3,11,21,31,34|6,8,9,10,38,39|12,15,23,25,27,35
2,3,11,22,34,39|8,9,10,14,21,38|12,15,23,25,27,35
2,3,14,15,25,34|6,8,9,10,38,39|12,16,23,27,28,35
2,3,14,16,28,34|6,8,9,10,38,39|12,15,23,25,27,35
2,3,14,20,21,34|6,8,9,10,38,39|12,15,23,25,27,35
2,3,15,16,20,34|6,8,9,10,38,39|17,21,23,25,26,29
2,3,16,22,31,34|6,8,9,10,38,39|12,15,23,25,27,35
2,3,21,31,32,38|6,8,10,17,34,39|12,15,23,25,27,35
2,3,22,32,38,39|6,8,13,25,26,34|12,16,23,27,28,35
2,6,10,17,30,39|8,13,14,26,28,34|12,15,23,25,27,35
2,6,13,25,26,30|8,9,10,14,21,38|12,16,23,27,28,35
2,10,14,17,21,30|6,8,13,25,26,34|12,16,23,27,28,35
2,10,15,16,17,30|6,8,13,25,26,34|12,20,21,23,27,35
2,10,21,25,29,30|6,11,16,27,34,38|9,17,20,23,28,39
2,10,28,29,30,39|6,8,13,25,26,34|12,20,21,23,27,35
2,13,14,26,28,30|6,8,9,10,38,39|12,15,23,25,27,35
2,13,15,20,26,30|6,8,9,10,38,39|12,16,23,27,28,35
2,13,22,26,30,31|6,8,9,10,38,39|12,15,23,25,27,35
2,15,25,27,30,32|6,8,9,10,38,39|11,14,21,26,33,34
2,16,27,28,30,32|6,8,9,10,38,39|11,14,21,26,33,34
2,20,21,27,30,32|6,8,9,10,38,39|11,15,16,26,33,34
2,21,25,26,30,40|6,8,9,10,38,39|12,16,23,27,28,35
2,26,28,30,39,40|6,11,16,27,34,38|9,10,21,23,31,32
3,21,26,30,31,32|6,8,9,10,38,39|12,15,23,25,27,35
3,22,26,30,32,39|6,11,16,27,34,38|9,17,20,21,23,25
6,8,9,10,38,39|11,14,21,26,33,34|12,15,23,25,27,35
6,8,10,17,34,39|12,15,23,25,27,35|14,21,26,32,33,38
6,11,26,33,34,39|8,9,10,14,21,38|12,15,23,25,27,35
6,16,26,31,33,34|8,9,10,14,21,38|12,15,23,25,27,35
6,26,32,33,38,39|8,10,14,17,21,34|12,15,23,25,27,35
8,10,21,25,29,34|9,17,20,23,28,39|15,16,26,32,33,38
8,10,28,29,34,39|9,17,20,21,23,25|15,16,26,32,33,38
1,2,6,9,23,39|3,8,21,31,32,34|10,15,16,29,30,38
1,2,9,14,21,23|3,8,22,32,34,39|10,15,16,29,30,38
1,2,9,15,16,23|3,8,21,31,32,34|6,10,29,30,38,39
1,6,17,30,38,39|2,8,13,14,28,34|3,12,21,23,31,35
1,14,17,21,30,38|2,6,8,13,25,34|3,12,22,23,35,39
1,15,16,17,30,38|2,6,8,13,25,34|3,12,21,23,31,35
1,28,29,30,38,39|2,6,8,13,25,34|3,12,21,23,31,35
2,6,8,13,25,34|3,12,21,23,31,35|10,15,16,29,30,38
2,6,11,33,34,39|3,12,21,23,31,35|8,9,10,15,16,30
2,6,16,31,33,34|3,12,22,23,35,39|8,9,10,14,21,30
2,6,32,33,38,39|3,12,21,23,31,35|8,9,10,15,16,30
2,8,13,14,28,34|3,12,21,23,31,35|6,10,29,30,38,39
2,8,13,15,20,34|3,12,21,23,31,35|6,10,29,30,38,39
2,8,21,25,34,40|3,12,22,23,35,39|6,13,14,26,30,38
2,8,28,34,39,40|3,12,21,23,31,35|6,13,14,26,30,38
2,11,14,21,33,34|3,12,22,23,35,39|6,16,27,30,32,38
2,11,15,16,33,34|3,12,21,23,31,35|6,8,9,10,30,39
2,14,15,31,33,34|3,12,22,23,35,39|6,16,27,30,32,38
2,14,16,22,33,34|3,12,21,23,31,35|6,8,9,10,30,39
2,14,21,32,33,38|3,12,22,23,35,39|6,11,16,27,30,34
2,15,16,32,33,38|3,12,21,23,31,35|6,8,9,10,30,39
1,17,21,30,31,38|2,6,8,16,27,34|3,12,23,28,35,39
1,17,22,30,38,39|2,6,8,16,27,34|3,12,21,23,25,35
2,6,8,16,27,34|3,12,21,23,25,35|10,22,29,30,38,39
2,6,16,25,33,34|3,12,23,28,35,39|8,9,10,21,30,31
2,6,20,33,34,39|3,12,21,23,25,35|11,13,15,26,30,38
2,8,13,22,25,34|3,12,23,28,35,39|10,21,29,30,31,38
2,8,13,28,31,34|3,12,21,23,25,35|10,22,29,30,38,39
2,8,14,15,27,34|3,12,21,23,25,35|6,13,26,30,31,38
2,11,21,31,33,34|3,12,23,28,35,39|13,14,22,26,30,38
2,11,22,33,34,39|3,12,21,23,25,35|6,13,26,30,31,38
2,13,15,23,26,32|3,6,11,34,38,39|8,9,10,21,30,31
2,14,15,25,33,34|3,12,23,28,35,39|6,13,26,30,31,38
2,14,16,28,33,34|3,12,21,23,25,35|6,13,26,30,31,38
2,14,20,21,33,34|3,12,23,28,35,39|6,13,26,30,31,38
2,15,16,20,33,34|3,12,21,23,25,35|6,13,26,30,31,38
2,16,22,31,33,34|3,12,21,23,25,35|11,13,15,26,30,38
2,21,31,32,33,38|3,12,23,28,35,39|6,14,25,27,30,34
2,22,32,33,38,39|3,12,21,23,25,35|6,15,27,28,30,34
1,22,29,30,38,39|2,6,8,13,31,34|3,12,14,21,23,35
2,6,8,13,31,34|3,12,14,21,23,35|28,30,32,38,39,40
2,8,11,13,15,34|3,6,12,23,35,39|21,25,30,32,38,40
2,8,13,14,22,34|3,6,12,23,35,39|21,25,30,32,38,40
2,8,13,15,32,38|3,6,12,23,35,39|11,21,25,30,34,40
2,8,21,31,34,40|3,6,12,23,35,39|13,14,28,30,32,38
2,8,22,34,39,40|3,12,14,21,23,35|6,13,25,30,32,38
1,2,9,21,23,25|3,6,8,26,34,39|10,15,16,17,30,38
1,2,9,23,28,39|3,6,16,25,34,38|8,21,26,27,30,32
1,17,21,25,30,38|2,6,9,10,23,39|3,8,15,16,26,34
2,6,9,10,23,39|3,8,14,21,26,34|15,25,27,30,32,38
2,9,10,14,21,23|3,6,8,26,34,39|15,25,27,30,32,38
2,9,10,15,16,23|3,6,8,26,34,39|20,21,27,30,32,38
2,7,12,13,16,38|3,8,17,27,30,39|10,15,18,21,23,34
1,9,11,21,25,38|2,3,6,26,32,39|10,14,15,17,31,34
1,9,11,28,38,39|2,3,14,21,26,32|6,10,16,17,31,34
1,9,15,25,31,38|2,3,6,26,32,39|10,11,14,17,21,34
1,9,16,22,25,38|2,3,6,26,32,39|10,11,14,17,21,34
1,9,16,28,31,38|2,3,6,26,32,39|10,11,14,17,21,34
1,9,20,21,31,38|2,3,6,26,32,39|10,11,15,16,17,34
1,9,20,22,38,39|2,3,14,21,26,32|6,10,16,17,31,34
1,9,21,22,28,38|2,3,6,26,32,39|10,11,15,16,17,34
1,11,17,21,25,34|2,3,6,26,32,39|9,10,14,15,31,38
1,11,17,28,34,39|2,3,14,21,26,32|6,9,10,16,31,38
1,15,17,25,31,34|2,3,6,26,32,39|9,10,11,14,21,38
1,16,17,22,25,34|2,3,6,26,32,39|9,10,11,14,21,38
1,16,17,28,31,34|2,3,6,26,32,39|9,10,11,14,21,38
1,17,20,21,31,34|2,3,6,26,32,39|9,10,11,15,16,38
1,17,20,22,34,39|2,3,14,21,26,32|6,9,10,16,31,38
1,17,21,22,28,34|2,3,6,26,32,39|9,10,11,15,16,38
1,6,8,9,26,39|10,11,21,29,31,34|12,16,25,28,33,35
1,6,9,16,25,38|8,12,20,21,27,35|10,11,22,29,34,39
1,6,9,20,38,39|8,12,15,25,27,35|10,11,21,29,31,34
1,6,9,21,28,38|8,12,15,25,27,35|10,11,22,29,34,39
1,6,16,17,25,34|8,9,10,21,31,32|12,20,28,33,35,39
1,6,17,20,34,39|8,9,10,21,31,32|12,16,25,28,33,35
1,6,26,29,38,39|8,9,10,21,31,32|12,16,25,28,33,35
1,8,9,14,21,26|6,10,16,25,29,34|12,20,28,33,35,39
1,9,11,21,31,38|6,10,14,16,17,34|8,12,15,25,27,35
1,9,11,22,38,39|6,10,14,16,17,34|8,12,15,25,27,35
1,9,14,15,25,38|6,10,20,29,34,39|8,12,16,27,28,35
1,9,14,16,28,38|6,10,20,29,34,39|8,12,15,25,27,35
1,9,16,22,31,38|6,10,20,29,34,39|8,12,15,25,27,35
1,11,17,21,31,34|6,9,10,14,16,38|8,12,15,25,27,35
1,11,17,22,34,39|6,9,10,14,16,38|8,12,15,25,27,35
1,14,15,17,25,34|6,13,26,31,32,38|8,12,16,27,28,35
1,14,16,17,28,34|6,13,26,31,32,38|8,12,15,25,27,35
1,14,17,20,21,34|6,13,26,31,32,38|8,12,15,25,27,35
1,15,16,26,29,38|6,14,25,27,32,34|8,9,17,20,28,39
1,16,25,28,29,34|6,13,26,31,32,38|8,12,20,21,27,35
1,17,21,31,32,38|6,10,16,25,29,34|12,20,28,33,35,39
1,17,22,32,38,39|6,10,16,25,29,34|8,12,20,21,27,35
1,20,28,29,34,39|6,9,10,14,16,38|8,12,15,25,27,35
6,9,10,14,16,38|8,12,15,25,27,35|11,21,26,31,34,40
6,10,14,16,17,34|8,12,15,25,27,35|21,26,31,32,38,40
6,10,16,25,29,34|8,9,17,20,28,39|11,13,15,26,32,38
6,10,20,29,34,39|8,9,16,17,25,28|11,13,15,26,32,38
6,10,21,28,29,34|8,12,15,25,27,35|13,14,22,26,32,38
6,11,13,26,31,34|8,9,10,22,32,39|12,16,25,28,33,35
6,13,14,20,26,34|8,9,10,21,31,32|12,16,25,28,33,35
6,13,26,31,32,38|8,9,16,17,25,28|10,11,22,29,34,39
6,16,25,26,34,40|8,9,10,21,31,32|12,20,28,33,35,39
6,20,26,34,39,40|8,9,10,21,31,32|12,16,25,28,33,35
8,9,10,21,31,32|11,13,14,22,26,34|12,16,25,28,33,35
8,9,10,22,32,39|11,21,26,31,34,40|12,16,25,28,33,35
8,9,16,17,25,28|10,11,21,29,31,34|13,14,22,26,32,38
8,9,17,20,28,39|10,11,21,29,31,34|13,14,22,26,32,38
8,12,15,25,27,35|10,11,21,29,31,34|13,14,22,26,32,38
8,12,16,27,28,35|10,11,21,29,31,34|13,14,22,26,32,38
8,17,21,25,26,29|11,15,27,31,32,34|12,20,28,33,35,39
8,17,26,28,29,39|11,15,27,31,32,34|12,20,21,25,33,35
10,11,21,29,31,34|12,16,25,28,33,35|13,14,22,26,32,38
10,11,22,29,34,39|12,16,25,28,33,35|21,26,31,32,38,40
10,14,15,25,29,34|12,20,28,33,35,39|21,26,31,32,38,40
10,14,16,28,29,34|11,13,15,26,32,38|12,20,21,25,33,35
10,14,20,21,29,34|11,13,15,26,32,38|12,16,25,28,33,35
10,16,22,29,31,34|11,13,15,26,32,38|12,20,21,25,33,35
10,21,29,31,32,38|11,13,14,22,26,34|12,16,25,28,33,35
10,22,29,32,38,39|11,21,26,31,34,40|12,16,25,28,33,35
1,9,16,25,28,38|2,3,21,26,31,32|6,10,17,20,34,39
1,9,20,21,25,38|2,3,22,26,32,39|10,14,16,17,28,34
1,9,20,28,38,39|2,3,21,26,31,32|6,10,16,17,25,34
1,16,17,25,28,34|2,3,21,26,31,32|6,9,10,20,38,39
1,17,20,21,25,34|2,3,22,26,32,39|9,10,14,16,28,38
1,17,20,28,34,39|2,3,21,26,31,32|6,9,10,16,25,38
6,8,12,13,25,35|11,14,17,21,29,38|15,16,20,32,34,40
6,11,17,29,38,39|8,12,13,14,28,35|15,16,20,32,34,40
6,16,17,29,31,38|8,12,13,14,28,35|11,22,32,34,39,40
6,17,21,22,29,38|8,12,13,14,28,35|15,16,20,32,34,40
8,12,13,15,20,35|11,14,17,21,29,38|16,22,31,32,34,40
8,12,13,22,31,35|11,14,17,21,29,38|15,16,20,32,34,40
1,6,9,14,16,38|8,12,13,22,25,35|11,28,32,34,39,40
1,6,14,16,17,34|8,9,20,21,25,29|11,12,22,33,35,39
1,6,20,29,34,39|8,9,11,17,21,31|12,14,15,25,33,35
1,6,21,28,29,34|8,9,11,17,22,39|12,14,15,25,33,35
1,8,9,21,31,32|6,10,14,16,29,34|11,12,22,33,35,39
1,8,9,22,32,39|6,10,14,16,29,34|11,12,21,31,33,35
1,11,22,29,34,39|6,8,9,16,17,25|12,14,20,21,33,35
1,14,15,25,29,34|6,8,9,17,20,39|11,12,21,31,33,35
1,14,16,28,29,34|6,8,9,17,20,39|11,12,21,31,33,35
1,14,20,21,29,34|6,8,9,16,17,25|11,12,22,33,35,39
1,15,16,20,29,34|6,8,9,17,21,28|11,12,22,33,35,39
1,16,22,29,31,34|6,8,9,17,20,39|12,14,15,25,33,35
1,21,29,31,32,38|6,8,9,16,17,25|11,12,22,33,35,39
1,22,29,32,38,39|6,8,9,16,17,25|11,12,21,31,33,35
6,8,9,16,17,25|11,12,21,31,33,35|13,14,20,22,32,34
6,8,9,17,20,39|11,12,21,31,33,35|16,22,25,32,34,40
6,8,9,17,21,28|11,12,22,33,35,39|15,25,31,32,34,40
6,8,17,26,29,39|11,12,21,31,33,35|13,14,20,22,32,34
6,12,16,25,33,35|8,9,11,17,21,31|13,14,20,22,32,34
6,12,20,33,35,39|8,9,11,17,21,31|16,22,25,32,34,40
6,12,21,28,33,35|8,9,11,17,22,39|15,25,31,32,34,40
6,13,20,31,32,34|8,9,11,17,22,39|12,14,15,25,33,35
6,13,22,28,32,34|8,9,11,17,21,31|12,14,15,25,33,35
6,16,17,25,29,38|8,12,13,28,31,35|20,22,32,34,39,40
6,17,20,29,38,39|8,12,13,22,25,35|16,28,31,32,34,40
8,9,11,17,21,31|12,14,15,25,33,35|20,22,32,34,39,40
8,9,11,17,22,39|12,14,15,25,33,35|16,28,31,32,34,40
8,9,14,15,17,25|11,12,21,31,33,35|20,22,32,34,39,40
8,9,14,16,17,28|11,12,21,31,33,35|20,22,32,34,39,40
8,9,14,17,20,21|11,12,22,33,35,39|15,25,31,32,34,40
8,9,16,25,28,29|11,12,21,31,33,35|13,14,20,22,32,34
8,9,20,21,25,29|11,12,22,33,35,39|16,28,31,32,34,40
8,9,20,28,29,39|11,12,21,31,33,35|16,22,25,32,34,40
8,14,17,21,26,29|11,12,22,33,35,39|15,25,31,32,34,40
8,15,16,17,26,29|11,12,21,31,33,35|13,14,20,22,32,34
11,12,22,33,35,39|14,15,17,25,29,38|16,28,31,32,34,40
11,17,21,29,31,38|12,14,15,25,33,35|20,22,32,34,39,40
11,17,22,29,38,39|12,14,15,25,33,35|16,28,31,32,34,40
11,28,32,34,39,40|12,14,15,25,33,35|16,17,22,29,31,38
1,6,9,11,38,39|8,12,13,25,28,35|10,14,15,29,31,34
1,6,9,16,31,38|8,11,12,21,27,35|13,14,20,28,32,34
1,6,9,21,22,38|8,12,13,25,28,35|10,11,15,16,29,34
1,6,11,17,34,39|8,9,10,14,21,32|12,15,25,31,33,35
1,6,16,17,31,34|8,9,10,14,21,32|11,12,28,33,35,39
1,6,17,21,22,34|8,9,10,15,16,32|11,12,28,33,35,39
1,6,17,32,38,39|8,11,12,21,27,35|10,14,15,29,31,34
1,8,9,21,25,32|6,10,11,29,34,39|12,16,28,31,33,35
1,8,9,28,32,39|6,10,16,29,31,34|11,12,21,25,33,35
1,9,11,14,21,38|6,10,16,29,31,34|8,12,13,25,28,35
1,9,11,15,16,38|6,10,21,22,29,34|8,12,13,25,28,35
1,9,14,15,31,38|6,10,11,29,34,39|8,12,13,25,28,35
1,9,14,16,22,38|6,10,11,29,34,39|8,12,13,25,28,35
1,11,14,17,21,34|6,8,9,10,32,39|12,15,25,31,33,35
1,11,15,16,17,34|6,8,9,10,32,39|12,20,21,31,33,35
1,11,21,25,29,34|6,8,9,10,32,39|12,16,28,31,33,35
1,11,28,29,34,39|6,13,14,26,32,38|8,9,15,17,25,31
