1,14,17,27,38,39|2,3,13,16,26,31|9,10,15,21,25,33
9,10,15,21,25,33|13,22,27,28,31,34|16,18,20,26,38,39
1,2,6,25,30,39|8,10,14,15,16,34|9,21,22,23,28,31
1,2,14,28,30,39|6,8,10,15,21,34|9,16,22,23,25,31
1,2,15,16,25,30|6,8,10,14,34,39|9,21,22,23,28,31
1,2,15,21,28,30|6,8,10,14,34,39|9,16,22,23,25,31
1,2,22,30,31,39|6,8,10,15,21,34|9,14,16,23,25,28
1,6,8,25,34,39|2,10,14,15,16,30|9,21,22,23,28,31
1,8,14,28,34,39|2,6,10,15,21,30|9,16,22,23,25,31
1,8,15,16,25,34|2,6,10,14,30,39|9,21,22,23,28,31
1,8,15,21,28,34|2,6,10,14,30,39|9,16,22,23,25,31
1,8,22,31,34,39|2,6,10,15,21,30|9,14,16,23,25,28
2,6,10,14,30,39|8,15,16,17,25,38|9,21,22,23,28,31
2,6,10,15,21,30|8,14,17,28,38,39|9,16,22,23,25,31
2,10,14,15,16,30|6,8,17,25,38,39|9,21,22,23,28,31
1,9,13,16,23,31|2,14,18,25,30,39|8,15,21,27,34,40
2,15,18,21,25,30|6,13,16,28,33,34|14,17,23,27,29,39
8,14,18,25,34,39|13,16,31,32,33,38|15,17,21,23,27,29
2,6,16,18,21,38|3,13,14,15,22,34|27,30,31,32,39,40
2,14,15,18,21,38|3,6,13,16,22,34|27,30,31,32,39,40
3,6,13,16,22,34|7,9,12,14,15,21|18,25,30,31,32,39
3,13,14,15,22,34|6,7,9,12,16,21|18,25,30,31,32,39
3,14,31,34,39,40|6,7,9,12,16,21|13,15,22,27,30,32
3,15,22,34,39,40|6,7,9,12,16,21|13,14,27,30,31,32
3,16,21,22,34,40|6,7,9,12,15,39|13,14,27,30,31,32
1,15,17,21,27,30|2,8,16,18,26,39|3,13,14,25,31,34
2,6,13,15,27,38|3,25,31,34,39,40|7,9,12,16,21,28
2,13,14,16,26,33|3,25,31,34,39,40|10,15,21,27,29,30
2,14,18,25,38,39|3,6,15,16,27,34|10,13,17,21,22,30
2,15,18,28,38,39|3,6,14,21,27,34|10,13,16,17,30,31
3,6,14,21,27,34|7,9,12,15,28,39|10,13,16,17,30,31
3,6,15,16,27,34|7,9,12,14,25,39|10,13,17,21,22,30
3,13,16,20,31,34|7,9,12,14,25,39|10,15,21,27,29,30
3,13,16,22,28,34|7,9,12,14,25,39|10,15,21,27,29,30
3,25,31,34,39,40|6,13,15,26,27,30|7,9,12,16,21,28
2,8,13,16,27,32|3,14,25,34,39,40|7,9,12,15,21,31
2,14,18,31,38,39|3,6,13,15,25,34|7,9,12,16,21,22
2,14,19,25,38,39|3,6,13,16,28,34|7,9,12,15,21,31
2,15,18,21,31,38|3,6,13,16,28,34|14,19,25,26,30,39
2,15,19,21,25,38|3,6,13,16,28,34|7,9,12,14,31,39
2,16,18,21,22,38|3,6,13,15,25,34|7,9,12,14,31,39
2,16,19,21,28,38|3,6,13,15,25,34|7,9,12,14,31,39
3,6,13,16,28,34|7,9,12,14,31,39|15,19,21,25,26,30
3,13,14,16,20,34|7,9,12,15,21,31|25,27,30,32,39,40
3,15,16,22,27,34|7,9,12,25,31,39|10,13,17,21,28,30
1,6,15,21,26,38|8,9,20,25,28,39|10,14,16,22,31,34
1,6,20,31,34,39|8,9,21,22,25,28|10,14,15,16,32,38
1,6,21,22,25,34|8,9,20,28,31,39|10,14,15,16,32,38
1,6,21,28,31,34|8,9,20,22,25,39|10,14,15,16,32,38
1,6,22,28,34,39|8,9,20,21,25,31|10,14,15,16,32,38
1,8,15,26,32,39|6,10,14,16,31,34|21,22,25,28,29,38
1,14,16,28,31,34|6,10,15,21,32,38|8,9,20,22,25,39
1,14,20,22,34,39|6,10,15,21,32,38|8,9,16,25,28,31
1,15,16,20,31,34|6,10,14,32,38,39|8,9,21,22,25,28
1,15,20,32,38,39|6,10,14,16,31,34|8,9,21,22,25,28
6,8,17,26,31,39|10,11,14,15,16,34|21,22,25,28,29,38
6,10,11,14,34,39|8,9,16,25,28,31|15,17,20,21,22,38
6,10,11,15,21,34|8,9,16,25,28,31|14,17,20,22,38,39
6,10,14,16,31,34|8,9,11,25,28,39|15,17,20,21,22,38
6,10,14,21,22,34|8,9,11,25,28,39|15,16,17,20,31,38
6,10,15,16,22,34|8,9,11,25,28,39|14,17,20,21,31,38
6,17,20,31,38,39|8,9,21,22,25,28|10,11,14,15,16,34
6,17,21,22,25,38|8,9,20,28,31,39|10,11,14,15,16,34
6,17,21,28,31,38|8,9,20,22,25,39|10,11,14,15,16,34
6,17,22,28,38,39|8,9,20,21,25,31|10,11,14,15,16,34
1,13,21,23,29,32|2,6,14,18,30,39|8,15,16,19,31,34
2,11,16,19,21,30|6,8,14,18,34,39|13,15,17,23,29,31
2,14,15,16,18,30|6,8,19,31,34,39|11,13,17,21,23,29
2,15,16,19,30,31|6,8,14,18,34,39|11,13,17,21,23,29
3,16,21,30,32,40|6,8,14,18,34,39|13,15,17,23,29,31
6,14,33,34,39,40|8,16,19,21,32,38|13,15,17,23,29,31
1,3,15,17,30,39|6,8,13,27,31,34|9,10,16,21,23,40
1,3,16,17,21,30|6,8,13,27,31,34|9,10,15,23,39,40
1,9,13,15,23,25|2,3,16,21,32,33|8,18,28,31,34,39
1,9,13,16,23,28|2,3,15,32,33,39|8,18,21,25,31,34
2,3,6,13,16,38|8,18,21,25,31,34|9,10,15,23,39,40
2,3,13,14,15,38|8,18,21,25,31,34|17,22,23,27,29,39
2,3,15,32,33,39|6,8,13,27,31,34|9,10,16,21,23,40
2,3,15,38,39,40|6,8,13,27,31,34|16,18,21,23,26,32
2,3,16,21,32,33|6,8,13,27,31,34|9,10,15,23,39,40
2,3,16,21,38,40|6,8,13,27,31,34|15,18,23,26,32,39
2,6,13,27,30,31|8,15,19,26,38,39|9,10,16,21,23,40
2,11,13,15,27,30|8,16,19,21,26,38|22,25,33,34,39,40
2,13,14,22,27,30|8,15,19,26,38,39|9,10,16,21,23,40
2,18,21,25,30,31|6,9,10,13,16,23|8,15,19,26,38,39
2,18,22,25,30,39|6,8,13,27,31,34|9,10,16,21,23,40
2,19,25,28,30,39|6,8,13,27,31,34|9,10,16,21,23,40
2,21,27,30,31,40|6,9,10,13,16,23|8,15,19,26,38,39
2,22,27,30,39,40|6,9,10,13,16,23|8,18,21,25,31,34
3,6,13,16,26,30|8,18,21,25,31,34|9,10,15,23,39,40
3,10,15,29,30,39|6,8,13,27,31,34|16,18,21,23,26,32
3,10,16,21,29,30|6,8,13,27,31,34|15,18,23,26,32,39
3,13,14,15,26,30|8,18,21,25,31,34|17,22,23,27,29,39
3,14,21,27,30,32|6,9,10,13,16,23|8,15,19,26,38,39
6,9,10,13,16,23|8,15,19,26,38,39|21,25,31,33,34,40
6,13,25,31,33,34|8,15,19,26,38,39|9,10,16,21,23,40
6,14,16,27,33,34|8,10,13,21,29,38|15,18,23,26,32,39
8,15,19,26,38,39|9,10,16,21,23,40|13,14,22,25,33,34
8,16,19,21,26,38|9,10,13,14,15,23|22,25,33,34,39,40
1,9,14,21,23,27|2,3,13,15,31,38|8,18,25,28,34,39
1,9,15,16,23,27|2,3,11,13,21,38|8,18,25,28,34,39
2,7,12,15,17,39|3,11,13,21,26,30|6,16,27,31,33,34
2,7,12,16,17,21|3,13,15,26,30,31|6,11,27,33,34,39
3,21,27,30,31,32|6,13,16,26,33,38|8,18,25,28,34,39
6,11,27,33,34,39|8,16,18,21,26,38|9,10,13,15,23,31
6,16,27,31,33,34|8,15,18,26,38,39|9,10,11,13,21,23
8,15,18,26,38,39|9,10,11,13,21,23|14,16,22,27,33,34
8,16,18,21,26,38|9,10,13,15,23,31|25,28,33,34,39,40
8,18,25,28,34,39|9,10,11,13,21,23|15,16,27,32,33,38
1,3,16,21,29,30|6,8,18,31,34,39|13,14,15,32,33,38
1,6,9,13,16,23|2,11,15,18,30,39|8,14,19,21,25,34
1,9,13,14,15,23|2,6,18,30,31,39|8,16,19,20,21,34
1,9,15,23,39,40|2,11,16,18,21,30|6,13,14,31,33,34
1,9,16,21,23,40|2,6,18,30,31,39|11,13,14,15,33,34
2,6,19,25,30,39|8,11,16,18,21,34|13,14,15,32,33,38
2,11,16,18,21,30|6,8,19,25,34,39|13,14,15,32,33,38
2,14,18,21,30,31|6,8,19,25,34,39|13,16,17,23,28,29
2,14,19,21,25,30|6,8,18,31,34,39|13,16,17,23,28,29
2,15,16,18,30,31|6,8,19,25,34,39|13,17,20,21,23,29
2,15,16,19,25,30|6,8,18,31,34,39|13,17,20,21,23,29
2,15,18,21,22,30|6,8,19,25,34,39|13,16,17,23,28,29
2,16,19,20,21,30|6,8,18,31,34,39|13,14,15,32,33,38
6,31,33,34,39,40|8,16,18,21,32,38|13,15,17,23,25,29
8,14,18,22,34,39|13,15,17,23,25,29|16,21,32,33,38,40
8,14,19,21,25,34|13,16,17,23,28,29|15,32,33,38,39,40
8,14,19,28,34,39|13,15,17,23,25,29|16,21,32,33,38,40
1,8,9,15,33,39|2,6,13,14,27,30|16,19,21,23,26,32
1,8,9,16,21,33|2,6,13,14,27,30|15,19,23,26,32,39
1,9,11,13,21,23|2,6,18,25,30,39|8,15,16,27,34,40
1,9,13,15,23,31|2,6,18,25,30,39|8,14,21,27,34,40
1,9,13,16,22,23|2,6,18,25,30,39|8,14,21,27,34,40
1,13,17,21,23,32|2,6,18,25,30,39|8,15,16,27,34,40
1,16,21,29,33,38|2,6,13,14,27,30|8,15,18,20,34,39
2,3,8,13,21,32|6,17,23,27,29,39|15,16,25,33,34,40
2,6,18,25,30,39|8,14,21,27,34,40|13,15,31,32,33,38
2,6,27,30,39,40|8,14,18,21,25,34|13,15,31,32,33,38
2,7,12,15,29,39|3,13,16,28,30,32|8,14,18,21,25,34
2,7,12,16,21,29|3,13,15,25,30,32|6,8,27,34,39,40
2,14,18,21,25,30|6,8,27,34,39,40|13,15,31,32,33,38
2,14,21,27,30,40|6,8,18,25,34,39|13,15,31,32,33,38
2,15,16,27,30,40|6,8,18,25,34,39|10,13,21,23,29,32
2,15,18,20,30,39|6,8,13,14,27,34|16,19,21,23,26,32
2,16,18,20,21,30|6,8,13,14,27,34|15,19,23,26,32,39
2,18,22,30,31,39|6,8,13,14,27,34|16,19,21,23,26,32
3,13,16,28,30,32|6,8,18,25,34,39|14,17,21,23,27,29
3,13,20,21,30,32|6,8,18,25,34,39|15,16,17,23,27,29
6,17,23,27,29,39|8,14,18,21,25,34|13,15,31,32,33,38
1,3,16,17,21,38|2,13,15,26,31,33|7,9,12,22,25,39
1,17,21,27,30,31|2,13,16,22,26,33|3,8,9,10,15,39
2,11,13,15,27,38|3,8,9,10,16,21|18,22,25,26,30,39
2,11,13,21,26,33|3,6,16,27,31,34|7,9,12,22,25,39
2,13,14,22,27,38|3,8,9,10,15,39|18,21,25,26,30,31
2,13,16,22,26,33|3,6,11,27,34,39|7,9,12,21,25,31
2,18,21,25,31,38|3,6,11,27,34,39|10,13,16,17,28,30
2,18,22,25,38,39|3,6,16,27,31,34|10,13,17,20,21,30
2,18,28,31,38,39|3,6,21,22,27,34|10,13,15,17,25,30
2,19,25,28,38,39|3,6,16,27,31,34|10,13,17,20,21,30
2,21,27,31,32,33|3,6,13,16,26,38|7,9,12,22,25,39
2,22,27,32,33,39|3,6,13,16,26,38|7,9,12,21,25,31
3,6,11,27,34,39|7,9,12,21,25,31|10,13,16,17,28,30
3,6,13,16,26,38|7,9,12,21,25,31|10,22,27,29,30,39
3,6,16,27,31,34|7,9,12,22,25,39|10,13,17,20,21,30
3,6,21,22,27,34|7,9,12,28,31,39|10,13,15,17,25,30
3,6,27,32,38,39|7,9,12,21,25,31|10,13,16,17,28,30
3,10,16,21,29,38|6,13,26,27,30,31|7,9,12,22,25,39
3,11,14,21,27,34|7,9,12,22,25,39|10,13,16,17,28,30
3,13,14,15,26,38|7,9,12,21,25,31|10,22,27,29,30,39
3,13,16,20,28,34|7,9,12,21,25,31|10,22,27,29,30,39
3,14,15,27,31,34|7,9,12,22,25,39|10,13,16,17,28,30
3,14,21,27,32,38|7,9,12,22,25,39|10,13,16,17,28,30
3,15,26,32,33,39|7,9,12,21,25,31|10,13,16,17,28,30
3,15,26,38,39,40|7,9,12,21,25,31|10,13,16,17,28,30
1,2,8,13,17,21|3,6,25,34,39,40|7,9,12,15,16,31
1,3,8,9,15,39|2,11,16,18,21,38|6,13,25,27,30,32
1,3,8,9,16,21|2,6,18,31,38,39|10,13,14,15,17,30
1,3,16,21,29,38|2,8,13,15,27,32|6,7,9,12,31,39
1,13,15,17,25,30|2,6,18,31,38,39|3,16,20,21,34,40
1,13,16,17,28,30|2,6,18,31,38,39|3,14,21,25,34,40
1,13,17,20,21,30|2,6,18,31,38,39|3,15,16,25,34,40
1,21,27,29,30,31|2,6,19,25,38,39|3,11,13,16,22,34
1,22,27,29,30,39|2,8,13,21,26,40|7,9,12,15,16,31
2,6,18,31,38,39|3,11,13,16,22,34|14,19,21,25,26,30
2,6,19,25,38,39|3,11,13,15,31,34|7,12,16,17,21,32
2,8,10,13,21,29|3,6,25,34,39,40|7,9,12,15,16,31
2,8,13,15,27,32|3,6,25,34,39,40|7,9,11,12,16,21
2,8,15,19,26,39|3,6,13,14,25,34|7,9,11,12,16,21
2,8,16,19,21,26|3,6,13,14,25,34|7,9,11,12,15,39
2,11,15,18,38,39|3,6,13,14,25,34|7,12,16,17,21,32
2,11,16,18,21,38|3,6,13,14,25,34|7,12,15,17,32,39
2,13,15,25,32,33|3,14,28,34,39,40|7,9,11,12,16,21
2,13,15,25,38,40|6,7,9,12,31,39|11,16,18,21,26,30
2,13,16,28,32,33|3,6,25,34,39,40|7,9,12,14,21,31
2,13,16,28,38,40|6,7,9,12,31,39|14,19,21,25,26,30
2,13,20,21,32,33|3,6,25,34,39,40|7,9,12,15,16,31
2,13,20,21,38,40|6,7,9,12,31,39|15,16,19,25,26,30
2,14,18,22,38,39|3,6,13,15,28,34|7,9,11,12,16,21
2,14,19,28,38,39|3,6,13,16,20,34|7,9,12,15,21,22
2,15,16,18,31,38|3,6,13,14,25,34|27,28,30,32,39,40
2,15,16,19,25,38|3,13,14,22,31,34|27,28,30,32,39,40
2,15,18,21,22,38|3,6,13,14,25,34|27,28,30,32,39,40
2,15,19,20,38,39|3,6,13,14,25,34|7,9,11,12,16,21
2,16,19,20,21,38|3,6,13,14,25,34|7,9,11,12,15,39
2,19,22,31,38,39|3,6,13,14,25,34|7,9,11,12,16,21
3,6,13,14,25,34|7,9,11,12,15,39|10,16,17,21,30,40
3,6,13,15,28,34|7,9,11,12,16,21|14,18,22,26,30,39
3,6,13,16,20,34|7,9,11,12,15,39|14,18,21,26,30,31
3,6,25,34,39,40|7,9,11,12,16,21|10,13,14,15,17,30
3,11,13,15,31,34|6,19,25,26,30,39|7,12,16,17,21,32
3,11,13,16,22,34|6,7,9,12,31,39|14,19,21,25,26,30
3,11,13,21,32,38|6,7,9,12,31,39|15,16,19,25,26,30
3,13,14,15,20,34|6,7,9,12,31,39|10,16,17,21,30,40
3,13,14,22,31,34|6,19,25,26,30,39|7,9,11,12,16,21
3,13,15,31,32,38|6,19,25,26,30,39|7,9,11,12,16,21
3,13,16,22,32,38|6,7,9,12,31,39|14,19,21,25,26,30
3,14,21,25,34,40|6,7,9,12,31,39|10,13,16,28,29,30
3,14,28,34,39,40|6,10,13,16,17,30|7,9,12,15,21,22
3,15,16,25,34,40|6,7,9,12,31,39|10,13,20,21,29,30
3,15,20,34,39,40|6,10,13,16,17,30|7,9,12,14,21,31
3,16,20,21,34,40|6,7,9,12,31,39|10,13,14,15,17,30
1,2,15,17,33,39|3,6,13,25,31,34|7,9,12,16,20,21
1,2,16,17,21,33|3,6,13,25,31,34|7,9,12,14,28,39
1,6,17,27,30,39|2,8,16,18,21,26|3,11,13,15,25,34
1,14,17,21,27,30|2,6,13,16,26,33|3,22,25,34,39,40
1,15,16,17,27,30|2,6,18,25,38,39|3,8,13,21,26,32
1,21,25,27,29,30|2,6,13,16,26,33|3,28,31,34,39,40
1,27,28,29,30,39|2,6,13,16,26,33|3,21,25,31,34,40
2,6,13,14,27,38|3,21,25,31,34,40|7,9,12,15,20,39
2,6,13,16,26,33|3,21,25,31,34,40|7,9,12,14,28,39
2,6,18,25,38,39|3,8,13,21,26,32|10,15,16,27,29,30
2,6,27,32,33,39|3,11,13,15,25,34|7,9,12,16,20,21
2,6,27,38,39,40|3,8,13,21,26,32|7,9,12,15,16,25
2,8,15,18,26,39|3,6,13,25,31,34|7,9,12,16,20,21
2,8,16,18,21,26|3,6,13,25,31,34|7,9,12,14,28,39
2,10,15,29,33,39|3,6,13,25,31,34|7,9,12,16,20,21
2,10,16,21,29,33|3,6,13,25,31,34|7,9,12,14,28,39
2,13,14,15,26,33|3,21,25,31,34,40|6,10,27,29,30,39
2,14,18,21,25,38|3,11,13,16,28,34|6,10,27,29,30,39
2,14,18,28,38,39|3,6,13,25,31,34|7,9,12,16,20,21
2,14,21,27,32,33|3,6,13,25,31,34|7,9,12,15,20,39
2,14,21,27,38,40|3,6,13,25,31,34|7,9,12,15,20,39
2,15,16,18,25,38|3,8,13,21,26,32|6,10,27,29,30,39
2,15,16,27,32,33|3,6,13,25,31,34|7,9,12,14,28,39
2,15,16,27,38,40|3,6,13,25,31,34|7,9,12,14,28,39
2,15,18,20,38,39|3,6,13,25,31,34|7,12,16,21,26,29
2,15,26,33,39,40|3,6,13,25,31,34|7,9,12,16,20,21
2,16,18,20,21,38|3,6,13,25,31,34|7,9,12,14,28,39
2,16,21,26,33,40|3,6,13,25,31,34|7,9,12,14,28,39
2,18,22,31,38,39|3,6,14,16,27,34|7,9,12,15,21,28
2,19,21,25,31,38|3,6,14,16,27,34|7,9,12,15,20,39
2,19,22,25,38,39|3,6,14,16,27,34|7,9,12,15,21,28
2,19,28,31,38,39|3,6,14,16,27,34|10,11,13,17,21,30
3,6,13,25,31,34|7,9,12,14,28,39|10,15,16,27,29,30
3,6,14,16,27,34|7,9,12,15,20,39|10,11,13,17,21,30
3,8,13,21,26,32|6,7,9,12,25,39|10,15,16,27,29,30
3,11,13,15,25,34|6,10,27,29,30,39|7,9,12,16,20,21
3,11,13,16,28,34|6,7,9,12,25,39|10,14,21,27,29,30
3,11,13,20,21,34|6,7,9,12,25,39|10,15,16,27,29,30
3,13,14,22,25,34|6,10,27,29,30,39|7,9,12,15,21,28
3,13,14,28,31,34|6,7,9,12,25,39|10,15,16,27,29,30
3,13,15,20,31,34|6,7,9,12,25,39|10,14,21,27,29,30
3,13,15,22,28,34|6,7,9,12,25,39|10,14,21,27,29,30
3,13,15,25,32,38|6,10,27,29,30,39|7,9,12,16,20,21
3,13,16,20,22,34|6,7,9,12,25,39|10,14,21,27,29,30
3,13,16,28,32,38|6,7,9,12,25,39|10,14,21,27,29,30
3,13,20,21,32,38|6,7,9,12,25,39|10,15,16,27,29,30
3,22,25,34,39,40|6,13,14,26,27,30|7,9,12,15,21,28
3,28,31,34,39,40|6,13,14,26,27,30|7,9,12,15,16,25
1,2,8,13,21,29|3,6,14,34,39,40|15,16,18,25,30,32
2,6,13,16,38,40|3,8,15,17,29,39|14,18,21,25,30,32
2,13,14,15,38,40|3,8,16,17,21,29|6,18,25,30,32,39
1,2,15,29,33,39|3,6,11,13,16,34|14,19,21,26,30,31
1,2,16,21,29,33|3,6,13,14,31,34|11,15,19,26,30,39
1,6,27,29,30,39|2,11,13,21,32,33|3,15,16,31,34,40
1,11,13,17,21,30|2,6,14,18,38,39|3,15,16,31,34,40
1,13,15,17,30,31|2,6,14,18,38,39|3,11,16,21,34,40
2,6,14,18,38,39|3,11,16,21,34,40|10,13,15,29,30,31
2,11,13,21,32,33|3,6,31,34,39,40|7,9,12,14,15,16
2,11,13,21,38,40|6,7,9,12,14,39|15,16,19,26,30,31
2,11,16,19,21,38|3,6,13,14,31,34|18,22,25,30,32,39
2,13,15,31,32,33|3,11,16,21,34,40|6,7,9,12,14,39
2,13,15,31,38,40|6,7,9,12,14,39|11,16,19,21,26,30
2,13,16,22,38,40|6,7,9,12,14,39|18,21,25,30,31,32
2,14,15,16,18,38|3,6,31,34,39,40|10,11,13,21,29,30
2,14,19,21,31,38|3,6,11,13,16,34|18,22,25,30,32,39
2,14,19,22,38,39|3,6,11,13,16,34|18,21,25,30,31,32
2,15,16,19,31,38|3,14,22,34,39,40|10,11,13,21,29,30
2,15,19,21,22,38|3,6,11,13,16,34|18,28,30,31,32,39
3,6,31,34,39,40|7,9,12,14,15,16|10,11,13,21,29,30
3,11,16,21,34,40|6,7,9,12,14,39|10,13,15,29,30,31
3,15,16,31,34,40|6,7,9,12,14,39|10,11,13,21,29,30
3,16,21,32,38,40|6,7,9,12,14,39|10,13,15,29,30,31
3,6,8,27,34,39|7,12,16,17,21,38|13,15,25,26,30,33
3,6,25,33,34,39|7,12,16,17,21,38|8,13,15,26,27,30
3,8,14,21,27,34|7,12,15,17,38,39|13,16,26,28,30,33
2,15,19,23,26,39|3,8,13,16,28,34|18,21,25,30,31,38
2,16,19,21,23,26|3,6,31,33,34,39|11,13,15,27,30,38
2,15,18,23,32,39|3,6,8,13,16,34|14,19,21,25,30,38
2,16,18,21,23,32|3,8,13,14,15,34|6,19,25,30,38,39
1,2,7,12,14,40|3,6,18,20,28,30|8,11,19,26,31,33
1,8,17,25,33,40|3,6,7,12,28,29|11,19,20,23,27,32
3,6,7,12,28,29|8,10,14,17,33,40|11,19,20,23,27,32
3,6,7,12,22,29|8,11,14,19,26,33|18,20,23,25,32,40
3,7,11,12,14,29|6,8,19,22,26,33|18,20,23,25,32,40
1,3,7,12,31,32|6,10,17,18,23,28|8,11,26,27,33,40
3,6,7,12,17,28|8,10,11,27,29,33|18,20,23,25,26,40
3,7,11,12,17,31|8,18,22,26,28,33|10,20,23,27,29,40
3,7,12,20,25,29|6,10,17,18,23,28|8,11,26,27,33,40
1,2,7,12,31,40|3,11,18,20,25,30|6,10,17,19,23,28
1,3,7,12,14,32|6,8,18,26,28,33|10,11,17,19,23,31
1,8,20,27,29,33|3,6,7,12,17,22|11,18,23,25,26,40
1,10,14,18,23,32|2,3,8,11,27,40|19,20,22,28,33,38
3,6,7,12,17,22|8,11,18,26,31,33|10,19,20,23,25,29
3,7,11,12,14,17|6,8,18,26,28,33|10,19,20,23,25,29
3,7,11,12,25,29|6,8,18,26,28,33|10,14,17,19,20,23
3,7,12,22,28,29|8,10,17,31,33,40|11,18,20,23,27,32
1,7,12,30,31,40|2,3,6,18,22,23|8,11,19,25,33,38
2,3,6,18,23,28|7,10,12,14,30,40|8,19,20,25,33,38
2,3,11,18,23,31|7,10,12,14,30,40|8,19,20,25,33,38
2,3,11,19,23,25|7,10,12,14,30,40|8,18,20,31,33,38
2,3,19,20,23,31|7,10,12,14,30,40|8,11,18,25,33,38
2,3,19,22,23,28|7,10,12,14,30,40|8,11,18,25,33,38
1,8,10,14,19,30|2,11,18,23,25,40|6,7,12,28,29,33
2,11,18,23,25,40|3,6,8,19,28,38|7,12,14,20,29,33
2,18,22,23,28,40|3,8,11,19,31,38|7,12,14,20,29,33
2,19,20,23,25,40|3,6,8,18,22,38|7,11,12,29,31,33
3,6,18,23,28,32|7,8,12,17,31,40|11,19,20,25,30,33
1,7,12,14,32,33|2,18,20,23,25,40|3,8,19,22,28,38
1,7,12,14,38,40|2,8,11,18,25,33|3,6,19,22,23,26
1,8,10,14,18,30|3,6,19,22,23,26|7,11,12,25,29,33
1,8,10,19,30,31|2,18,20,23,25,40|6,7,12,17,22,33
3,10,23,29,31,40|6,7,12,17,22,33|8,11,18,20,27,30
3,6,18,22,23,32|7,8,12,14,17,40|11,19,20,30,31,33
3,11,19,23,31,32|6,7,12,22,29,33|8,18,20,25,30,40
1,2,10,14,19,23|3,8,11,18,25,38|6,7,12,17,28,33
1,7,12,31,32,33|2,11,19,20,23,27|3,8,18,22,28,38
1,7,12,31,38,40|2,8,18,20,25,33|3,6,19,23,26,28
1,8,10,18,30,31|2,11,19,20,23,27|3,22,28,33,38,40
1,8,10,19,25,30|3,6,18,22,23,26|7,11,12,17,31,33
1,10,30,31,33,40|2,11,19,20,23,27|3,8,18,22,28,38
1,2,10,19,23,31|3,8,18,20,25,38|7,12,17,22,28,33
1,3,8,17,25,33|2,11,18,20,23,27|7,10,12,14,38,40
1,7,12,25,38,40|2,11,18,20,23,27|3,8,10,14,17,33
1,8,10,18,25,30|3,19,20,23,26,31|7,12,17,22,28,33
1,8,10,27,30,40|3,6,18,23,26,28|7,11,12,17,25,33
1,6,17,27,38,39|2,3,11,13,21,26|9,10,15,16,25,33
1,9,25,28,33,39|2,3,11,13,21,26|10,15,16,27,29,38
1,10,11,13,21,34|2,3,22,27,32,39|15,16,18,25,26,38
1,10,13,15,31,34|2,3,22,27,32,39|14,18,21,25,26,38
1,10,13,16,22,34|2,3,21,27,31,32|6,18,25,26,38,39
1,14,17,21,27,38|2,3,13,15,26,31|6,9,10,25,33,39
1,15,16,17,27,38|2,3,11,13,21,26|6,9,10,25,33,39
1,21,25,27,29,38|2,3,13,15,26,31|9,10,14,28,33,39
1,27,28,29,38,39|2,3,11,13,21,26|9,10,15,16,25,33
6,9,10,25,33,39|11,13,27,28,31,34|16,18,20,21,26,38
9,10,14,21,25,33|11,13,27,28,31,34|15,18,20,26,38,39
9,10,14,28,33,39|11,13,22,25,27,34|16,18,20,21,26,38
9,10,16,20,21,33|11,13,22,25,27,34|14,18,26,28,38,39
9,10,22,31,33,39|13,14,20,27,28,34|15,16,18,25,26,38
10,11,13,17,21,38|15,16,26,27,32,33|18,20,25,28,34,39
10,13,15,17,31,38|14,21,26,27,32,33|18,20,25,28,34,39
10,13,16,17,22,38|14,21,26,27,32,33|18,20,25,28,34,39
1,2,3,15,17,39|6,11,13,25,27,34|9,10,14,21,31,33
1,2,3,16,17,21|6,9,10,31,33,39|8,13,15,26,27,32
1,6,10,13,16,34|2,3,14,21,27,32|11,15,18,26,38,39
1,8,9,21,27,31|2,3,6,13,16,26|10,15,17,32,33,39
1,8,9,22,27,39|2,3,6,13,16,26|18,20,21,25,31,34
1,8,13,17,21,26|2,3,6,27,32,39|9,10,15,16,31,33
1,9,21,25,31,33|2,3,6,13,16,26|10,15,17,38,39,40
1,9,22,25,33,39|2,3,6,13,16,26|20,21,27,31,34,40
1,9,28,31,33,39|2,3,6,13,16,26|11,21,25,27,34,40
1,10,13,14,15,34|2,3,6,27,32,39|11,16,18,21,26,38
1,13,15,17,25,38|2,3,6,27,32,39|9,10,11,16,21,33
1,13,16,17,28,38|2,3,6,27,32,39|9,10,14,21,31,33
1,13,17,20,21,38|2,3,6,27,32,39|9,10,15,16,31,33
1,21,27,29,31,38|2,3,6,13,16,26|9,10,11,15,33,39
1,22,27,29,38,39|2,3,6,13,16,26|9,10,14,21,31,33
2,3,6,13,16,26|9,10,11,15,33,39|18,20,21,25,31,34
2,3,6,27,32,39|8,9,10,13,15,25|11,16,18,21,26,38
2,3,10,15,29,39|6,11,13,25,27,34|14,18,21,26,31,38
2,3,10,16,21,29|6,11,13,25,27,34|14,18,22,26,38,39
2,3,13,14,15,26|6,9,10,31,33,39|11,21,25,27,34,40
2,3,14,21,27,32|6,9,10,31,33,39|13,15,25,26,38,40
2,3,15,16,27,32|6,9,10,31,33,39|13,20,21,26,38,40
2,3,15,26,39,40|6,10,13,16,17,38|18,20,21,25,31,34
2,3,16,21,26,40|6,9,10,31,33,39|11,13,14,27,28,34
6,9,10,31,33,39|8,13,15,26,27,32|18,21,22,25,28,34
6,11,13,25,27,34|9,10,14,21,31,33|15,19,20,26,38,39
6,13,20,27,31,34|9,10,11,15,33,39|14,19,21,25,26,38
6,13,22,27,28,34|9,10,11,15,33,39|14,18,21,26,31,38
6,18,26,31,38,39|8,9,10,13,15,25|21,22,27,28,34,40
6,19,25,26,38,39|8,9,10,13,16,28|20,21,27,31,34,40
8,9,10,13,15,25|11,16,18,21,26,38|20,22,27,34,39,40
8,9,10,13,16,28|11,15,18,26,38,39|20,21,27,31,34,40
8,9,10,13,20,21|11,15,18,26,38,39|16,22,25,27,34,40
8,13,15,26,27,32|9,10,11,16,21,33|18,20,22,25,34,39
9,10,11,16,21,33|13,14,20,22,27,34|18,25,28,32,38,39
9,10,14,21,31,33|11,13,15,20,27,34|18,25,28,32,38,39
10,15,17,32,33,39|11,13,14,27,28,34|16,19,20,21,26,38
10,16,17,21,32,33|11,13,14,27,28,34|15,19,20,26,38,39
1,2,3,15,29,39|6,8,9,10,13,16|11,14,18,21,25,34
1,2,3,16,21,29|6,11,13,14,27,34|8,9,10,15,39,40
1,6,9,31,33,39|2,3,11,13,21,32|14,15,16,19,26,38
1,6,13,16,17,38|8,9,10,15,39,40|11,14,18,21,25,34
1,8,9,13,15,25|6,11,27,34,39,40|10,16,21,29,32,33
1,8,9,13,16,28|6,11,18,25,34,39|14,21,27,32,38,40
1,8,9,13,20,21|6,11,18,25,34,39|14,15,16,19,26,38
1,8,13,21,26,29|6,11,18,25,34,39|15,16,27,32,38,40
1,9,11,15,33,39|2,3,13,16,22,32|6,18,21,28,31,34
1,9,11,16,21,33|2,3,13,15,31,32|6,14,19,26,38,39
1,9,14,21,31,33|2,3,13,16,22,32|6,11,18,25,34,39
1,9,14,22,33,39|2,3,11,13,21,32|6,16,18,25,31,34
1,9,15,16,31,33|2,3,11,13,21,32|6,14,19,26,38,39
1,9,15,21,22,33|6,10,13,16,29,38|11,14,18,28,34,39
1,13,14,15,17,38|6,11,18,25,34,39|8,9,10,16,21,40
1,13,15,25,29,38|6,11,27,34,39,40|8,16,18,21,26,32
1,15,17,32,33,39|6,8,9,10,13,16|11,14,18,21,25,34
1,15,17,38,39,40|2,3,11,13,21,32|6,16,18,25,31,34
1,16,17,21,32,33|6,11,13,14,27,34|8,9,10,15,39,40
1,16,17,21,38,40|2,3,13,15,31,32|6,11,18,25,34,39
2,3,11,13,21,32|6,14,19,26,38,39|15,16,18,20,31,34
2,3,13,15,31,32|6,11,18,25,34,39|8,9,10,16,21,40
2,3,13,16,22,32|6,11,18,25,34,39|8,17,21,27,29,31
6,8,9,10,13,16|11,14,18,21,25,34|15,26,32,33,39,40
6,10,13,16,29,38|8,15,18,26,32,39|11,14,21,27,34,40
6,11,13,14,27,34|8,9,10,15,39,40|16,18,20,21,32,38
6,11,18,25,34,39|8,9,10,13,14,15|16,21,26,32,33,40
6,11,27,34,39,40|8,9,10,13,14,15|16,18,20,21,32,38
6,13,14,27,32,38|8,9,10,15,39,40|11,16,18,20,21,34
6,13,16,26,32,33|8,9,10,15,39,40|11,14,18,21,25,34
6,13,16,26,38,40|8,17,21,27,29,31|11,14,18,28,34,39
6,15,19,21,26,38|8,17,22,27,29,39|13,14,25,28,34,40
6,16,27,31,34,40|8,9,10,13,14,15|17,22,25,29,33,39
6,18,20,31,34,39|8,9,10,13,14,15|16,21,26,32,33,40
6,18,21,22,25,34|8,9,10,13,14,15|17,28,29,31,33,39
6,18,21,28,31,34|8,9,10,13,14,15|17,22,25,29,33,39
6,18,22,28,34,39|8,9,10,13,14,15|16,21,26,32,33,40
6,18,25,32,38,39|8,9,10,13,14,15|19,21,22,28,31,34
6,19,20,25,34,39|8,9,10,13,14,15|16,21,26,32,33,40
6,19,21,25,28,34|8,9,10,13,14,15|18,22,31,32,38,39
6,21,22,27,34,40|8,9,10,13,14,15|17,28,29,31,33,39
6,27,32,38,39,40|8,9,10,13,14,15|11,16,18,20,21,34
8,9,10,13,14,15|11,16,18,20,21,34|17,22,25,29,33,39
8,16,18,21,26,32|10,13,14,15,29,38|11,19,22,25,34,39
11,14,18,21,25,34|15,16,27,32,38,40|17,28,29,31,33,39
11,14,18,28,34,39|15,16,27,32,38,40|17,21,25,29,31,33
11,14,21,27,34,40|15,16,18,25,32,38|17,28,29,31,33,39
11,15,16,18,25,34|14,21,27,32,38,40|17,28,29,31,33,39
11,15,16,27,34,40|14,18,21,25,32,38|17,28,29,31,33,39
14,15,27,31,34,40|16,18,20,21,32,38|17,22,25,29,33,39
14,16,22,27,34,40|15,18,20,32,38,39|17,21,25,29,31,33
14,18,20,21,31,34|15,16,27,32,38,40|17,22,25,29,33,39
14,18,20,22,34,39|15,16,27,32,38,40|17,21,25,29,31,33
14,19,20,21,25,34|15,16,27,32,38,40|17,28,29,31,33,39
14,21,27,32,38,40|15,16,18,20,31,34|17,22,25,29,33,39
1,6,8,9,27,39|2,3,13,15,25,32|11,16,19,21,26,38
1,6,9,25,33,39|2,3,13,16,28,32|11,21,27,31,34,40
1,6,27,29,38,39|2,3,13,15,25,32|18,21,22,28,31,34
1,8,9,14,21,27|2,3,13,15,25,32|6,19,26,31,38,39
1,8,9,15,16,27|2,3,13,20,21,32|6,14,18,26,38,39
1,9,14,21,25,33|2,3,13,16,28,32|6,19,26,31,38,39
1,9,14,28,33,39|2,3,13,15,25,32|11,16,19,21,26,38
1,9,15,16,25,33|2,3,13,20,21,32|6,14,18,26,38,39
1,9,15,20,33,39|2,3,13,16,28,32|8,17,21,25,27,29
1,9,15,21,28,33|6,11,13,27,31,34|14,19,22,26,38,39
1,9,16,20,21,33|2,3,13,15,25,32|6,14,18,26,38,39
1,9,22,31,33,39|2,3,13,15,25,32|6,21,27,28,34,40
1,11,13,17,21,38|6,9,10,14,33,39|15,16,18,20,25,34
1,13,15,17,31,38|6,9,10,14,33,39|19,21,22,25,28,34
1,13,16,17,22,38|6,9,10,14,33,39|11,18,21,25,31,34
1,14,21,27,29,38|2,3,13,15,25,32|11,18,28,31,34,39
1,15,16,27,29,38|2,3,13,20,21,32|6,9,10,14,33,39
1,15,26,29,33,39|2,3,13,16,28,32|11,18,21,25,31,34
1,16,21,26,29,33|2,3,13,15,25,32|6,20,27,34,39,40
2,3,13,15,25,32|6,9,10,14,33,39|11,16,19,21,26,38
2,3,13,16,28,32|6,9,10,14,33,39|8,17,21,25,27,29
2,3,13,20,21,32|6,9,10,14,33,39|15,16,19,26,31,38
6,9,10,14,33,39|8,17,21,25,27,29|13,15,26,31,38,40
6,9,10,15,21,33|8,17,27,28,29,39|13,16,22,26,38,40
6,11,13,27,31,34|9,10,14,15,16,33|18,22,25,32,38,39
6,13,27,31,32,38|9,10,14,15,16,33|11,18,22,25,34,39
6,14,18,26,38,39|8,9,10,11,13,21|15,16,20,27,34,40
6,15,18,21,26,38|8,9,10,13,16,22|11,19,25,28,34,39
6,16,25,27,34,40|8,9,10,11,13,21|14,19,22,26,38,39
6,18,20,25,34,39|8,9,10,11,13,21|15,16,19,26,31,38
6,18,21,25,28,34|8,9,10,13,15,31|14,19,22,26,38,39
6,19,26,31,38,39|8,9,10,11,13,21|14,15,25,27,34,40
6,20,27,34,39,40|8,9,10,11,13,21|14,15,16,18,26,38
6,21,27,28,34,40|8,9,10,13,15,31|14,19,22,26,38,39
8,9,10,11,13,21|14,15,16,18,26,38|17,25,28,29,33,39
8,9,10,13,15,31|11,16,19,21,26,38|14,18,20,28,34,39
8,9,10,13,16,22|11,15,19,26,38,39|14,18,20,21,25,34
8,10,13,17,21,32|11,15,19,26,38,39|14,16,18,25,28,34
8,17,21,25,27,29|9,10,14,15,16,33|11,18,28,31,34,39
8,17,27,28,29,39|9,10,14,15,16,33|11,13,21,26,38,40
9,10,14,15,16,33|11,13,21,26,38,40|18,20,22,31,34,39
11,13,14,22,27,34|15,16,19,26,31,38|17,25,28,29,33,39
14,20,21,27,34,40|15,16,19,26,31,38|17,25,28,29,33,39
6,11,15,18,21,34|8,13,16,17,28,29|14,19,22,32,38,39
6,13,15,28,34,40|11,16,17,21,29,33|14,19,22,32,38,39
6,13,16,20,34,40|11,15,17,29,33,39|14,19,21,31,32,38
6,15,18,21,32,38|8,13,16,17,28,29|11,14,19,22,34,39
1,6,9,15,21,33|11,13,16,28,34,40|14,18,22,32,38,39
1,8,9,11,13,21|2,3,15,32,39,40|6,14,16,18,25,34
1,8,9,13,15,31|2,3,16,21,32,40|6,11,19,25,34,39
1,8,9,13,16,22|2,3,15,32,39,40|6,14,18,21,28,34
1,9,14,15,16,33|6,8,17,27,29,39|11,13,20,21,34,40
1,11,13,21,29,38|2,3,15,32,39,40|6,14,16,18,25,34
1,13,15,29,31,38|2,3,16,21,32,40|6,11,19,25,34,39
1,13,16,22,29,38|2,3,15,32,39,40|6,14,18,21,28,34
2,3,6,13,16,32|8,14,17,21,27,29|11,15,19,20,34,39
2,3,13,14,15,32|6,8,17,27,29,39|11,16,19,20,21,34
2,3,16,21,32,40|6,8,17,27,29,39|14,15,19,25,31,34
6,8,17,27,29,39|11,13,15,25,34,40|14,18,21,31,32,38
6,13,25,31,34,40|8,14,17,21,27,29|11,15,18,32,38,39
6,14,18,21,28,34|8,15,16,17,27,29|19,22,31,32,38,39
6,15,18,20,21,34|13,16,28,32,38,40|17,22,29,31,33,39
6,17,25,29,33,39|8,13,21,26,32,40|11,15,16,18,31,34
6,18,21,22,31,34|8,15,16,17,27,29|14,19,28,32,38,39
6,18,31,32,38,39|8,14,17,21,27,29|11,13,15,25,34,40
6,19,21,28,31,34|8,15,16,17,27,29|14,18,22,32,38,39
6,19,25,32,38,39|8,14,17,21,27,29|11,13,16,28,34,40
8,13,21,26,32,40|11,14,18,22,34,39|15,16,17,25,29,33
8,14,17,21,27,29|11,13,15,25,34,40|19,22,31,32,38,39
8,15,16,17,27,29|11,13,20,21,34,40|14,18,22,32,38,39
8,15,19,26,32,39|11,13,16,28,34,40|14,17,21,25,29,33
8,16,19,21,26,32|11,13,15,25,34,40|14,17,28,29,33,39
11,13,15,25,34,40|14,17,28,29,33,39|16,19,20,21,32,38
11,13,16,28,34,40|14,17,21,25,29,33|15,19,20,32,38,39
11,13,20,21,34,40|14,17,28,29,33,39|15,16,18,31,32,38
11,14,18,22,34,39|13,15,25,32,38,40|16,17,20,21,29,33
11,14,19,21,25,34|13,16,28,32,38,40|15,17,20,29,33,39
11,14,19,28,34,39|13,15,25,32,38,40|16,17,20,21,29,33
11,15,16,18,31,34|13,20,21,32,38,40|14,17,28,29,33,39
11,15,16,19,25,34|13,20,21,32,38,40|14,17,28,29,33,39
11,15,18,32,38,39|13,14,22,25,34,40|16,17,20,21,29,33
11,15,19,20,34,39|13,16,28,32,38,40|14,17,21,25,29,33
11,16,18,21,32,38|13,14,22,25,34,40|15,17,20,29,33,39
11,16,19,20,21,34|13,15,25,32,38,40|14,17,28,29,33,39
11,19,22,31,34,39|13,15,25,32,38,40|16,17,20,21,29,33
3,13,17,25,29,33|7,9,11,12,18,39|16,19,26,27,30,40
3,13,14,17,29,33|6,7,9,12,19,21|16,18,27,30,32,40
1,3,17,19,38,39|2,13,14,18,26,33|7,9,12,16,27,40
1,2,8,10,14,19|3,6,11,18,28,38|7,12,17,20,31,40
1,3,6,17,22,33|2,8,11,19,20,27|7,10,12,14,32,40
1,3,8,11,27,29|2,6,18,20,28,33|7,10,12,14,32,40
1,3,22,28,29,33|2,8,11,19,20,27|7,10,12,14,32,40
1,7,12,25,32,40|2,6,18,20,28,33|3,8,11,19,26,31
2,11,18,20,31,33|3,6,8,19,26,28|7,10,12,14,32,40
2,11,19,20,25,33|3,6,8,18,22,26|7,10,12,14,32,40
1,2,8,10,14,18|3,6,26,28,33,40|7,11,12,20,27,29
1,2,10,14,33,40|3,6,8,18,26,28|7,11,12,20,27,29
1,3,6,17,28,33|2,8,11,18,20,27|7,10,12,31,32,40
1,7,10,12,14,29|2,8,11,18,20,27|3,6,26,28,33,40
1,7,12,14,26,40|2,8,11,18,20,27|3,6,10,28,29,33
1,8,11,26,32,39|6,10,14,15,20,34|22,25,28,29,31,38
1,2,6,20,21,30|8,11,16,17,31,38|14,15,23,26,28,29
1,2,11,16,30,31|6,8,10,14,15,34|17,20,21,22,23,32
1,2,11,21,22,30|6,8,10,14,15,34|16,17,20,23,31,32
1,2,14,15,28,30|6,8,17,20,21,38|11,16,23,26,29,31
1,2,14,16,20,30|6,8,15,17,25,38|11,21,22,23,26,29
1,8,11,16,31,34|2,6,10,14,15,30|17,20,21,22,23,32
1,8,11,21,22,34|2,6,10,14,15,30|16,17,20,23,31,32
1,8,16,31,32,38|2,6,10,14,15,30|9,11,20,21,22,23
1,8,21,22,32,38|2,6,10,14,15,30|9,11,16,20,23,31
1,2,11,16,25,30|6,8,10,15,31,34|17,20,21,23,28,32
1,2,11,20,30,39|6,8,10,15,31,34|9,14,22,23,25,28
1,2,11,21,28,30|6,8,10,15,31,34|16,17,20,23,25,32
1,2,14,25,30,31|6,8,10,11,21,34|9,16,20,22,23,28
1,2,15,22,25,30|6,8,10,11,21,34|16,20,23,26,29,31
1,2,15,28,30,31|6,8,10,11,21,34|16,17,20,23,25,32
1,2,16,20,30,31|6,8,10,11,21,34|9,14,22,23,25,28
1,2,16,22,28,30|6,8,10,11,21,34|9,14,20,23,25,31
1,2,20,21,22,30|6,8,10,15,31,34|11,14,16,17,23,26
1,6,21,23,26,32|2,10,11,14,16,30|8,15,17,22,25,38
1,8,11,16,25,34|2,6,10,15,30,31|17,20,21,23,28,32
1,8,11,20,34,39|2,6,10,15,30,31|9,14,22,23,25,28
1,8,11,21,28,34|2,6,10,15,30,31|16,17,20,23,25,32
1,8,14,25,31,34|2,6,10,11,21,30|9,16,20,22,23,28
1,8,15,22,25,34|2,6,10,11,21,30|16,20,23,26,29,31
1,8,15,28,31,34|2,6,10,11,21,30|16,17,20,23,25,32
1,8,16,20,31,34|2,6,10,11,21,30|9,14,22,23,25,28
1,8,16,22,28,34|2,6,10,11,21,30|9,14,20,23,25,31
1,8,16,25,32,38|2,6,10,11,21,30|9,15,20,23,28,31
1,8,20,21,22,34|2,6,10,15,30,31|11,14,16,17,23,26
1,8,20,32,38,39|2,6,10,11,21,30|9,14,22,23,25,28
1,8,21,28,32,38|2,6,10,15,30,31|9,11,16,20,23,25
1,14,16,23,26,32|2,6,10,11,21,30|8,15,17,22,25,38
2,6,10,11,21,30|8,14,17,25,31,38|9,16,20,22,23,28
2,6,10,15,30,31|8,11,16,17,25,38|20,21,22,23,26,29
2,6,10,16,22,30|8,11,17,20,38,39|14,23,25,26,29,31
2,10,11,14,16,30|6,9,23,25,28,31|8,17,20,21,22,38
2,10,14,15,22,30|6,9,23,25,28,31|8,11,17,20,38,39
1,2,6,11,21,30|8,14,15,17,22,38|16,20,23,25,29,32
1,2,6,15,30,31|8,11,14,16,17,38|20,21,23,28,29,32
1,2,6,16,22,30|8,11,20,29,38,39|14,15,17,23,28,32
1,2,11,14,16,30|6,8,15,17,31,38|20,21,23,28,29,32
1,2,14,15,22,30|6,8,11,17,21,38|16,20,23,25,29,32
1,2,15,25,28,30|6,8,10,20,21,34|11,16,17,23,26,31
1,2,16,20,25,30|8,10,11,21,22,34|14,15,17,23,26,28
1,2,20,21,28,30|6,8,10,15,25,34|11,16,17,23,26,31
1,6,8,21,26,38|2,10,11,16,30,31|9,15,20,23,25,28
1,8,15,25,28,34|2,6,10,20,21,30|11,16,17,23,26,31
1,8,16,20,25,34|2,10,11,21,22,30|14,15,17,23,26,28
1,8,20,21,28,34|2,6,10,15,25,30|11,16,17,23,26,31
1,11,23,26,32,39|2,6,10,15,25,30|8,17,20,21,28,38
1,16,23,26,31,32|2,6,10,15,25,30|8,17,20,21,28,38
1,2,8,17,22,25|3,6,11,14,26,38|10,20,28,29,30,31
1,2,8,17,28,31|3,6,11,14,26,38|10,20,22,25,29,30
1,17,20,28,30,31|2,8,10,22,25,29|3,6,11,14,26,38
1,2,8,17,22,31|3,6,11,25,32,38|10,14,20,28,29,30
1,6,17,20,25,30|2,8,10,14,28,29|3,11,22,31,32,38
1,11,17,28,30,31|2,6,8,10,25,29|3,14,20,22,32,38
1,14,17,20,28,30|2,6,8,10,25,29|3,11,22,31,32,38
1,17,20,22,30,31|2,6,8,10,25,29|3,11,14,28,32,38
1,20,25,28,29,30|2,6,8,10,14,17|3,11,22,31,32,38
2,8,10,22,29,31|3,6,11,25,32,38|14,20,26,28,30,40
2,8,22,26,31,40|3,6,11,25,32,38|10,14,20,28,29,30
2,11,22,25,38,40|3,6,8,26,31,32|10,14,20,28,29,30
2,11,28,31,38,40|3,8,14,22,26,32|6,10,20,25,29,30
2,14,20,28,38,40|3,6,8,26,31,32|10,11,22,25,29,30
1,2,6,17,23,25|3,8,11,28,31,34|14,20,22,26,30,33
1,2,14,17,23,28|3,6,8,20,25,34|11,22,26,30,31,33
1,2,17,22,23,31|3,6,8,14,26,38|20,25,28,30,32,33
2,6,10,23,25,29|3,8,11,28,31,34|14,20,22,26,30,33
2,10,14,23,28,29|3,6,8,20,25,34|11,22,26,30,31,33
2,10,22,23,29,31|3,6,8,14,26,38|20,25,28,30,32,33
2,11,15,20,33,38|3,6,23,26,31,32|8,10,14,17,28,30
2,14,20,22,33,38|3,6,23,26,31,32|8,10,25,28,29,30
1,10,22,30,31,38|2,6,11,23,26,27|3,8,20,25,28,34
1,2,6,17,23,31|3,8,11,14,28,34|20,22,25,30,32,33
1,2,14,17,22,23|3,6,8,11,25,34|20,28,30,31,32,33
2,6,10,23,29,31|3,8,11,14,28,34|20,22,25,30,32,33
2,6,23,26,31,40|3,8,11,14,28,34|20,22,25,30,32,33
2,10,14,22,23,29|3,6,8,11,25,34|20,28,30,31,32,33
2,14,22,23,26,40|3,6,8,11,25,34|20,28,30,31,32,33
2,23,25,28,32,40|3,6,8,20,31,34|11,14,22,26,30,33
1,2,6,10,14,30|8,11,22,27,32,38|17,20,23,25,28,29
1,6,8,17,25,38|3,11,14,22,26,30|10,23,28,29,31,32
1,8,14,17,28,38|2,6,11,20,27,30|10,22,23,25,29,32
