8,9,13,22,26,31|10,12,14,21,33,35|11,15,25,27,29,34
8,9,15,25,27,32|10,12,14,21,33,35|11,13,17,28,31,34
8,9,16,27,28,32|10,12,14,21,33,35|11,13,17,22,25,34
8,9,20,21,27,32|10,12,15,16,33,35|11,13,17,22,25,34|26,28,29,38,39,40
8,21,26,27,29,32|9,11,13,22,25,38|10,12,15,16,33,35|17,20,28,34,39,40
9,11,13,22,25,38|10,12,14,21,33,35|15,20,27,29,31,34
9,11,13,28,31,38|10,12,14,21,33,35|16,20,22,27,29,34
9,13,20,22,31,38|10,12,14,21,33,35|11,15,25,27,29,34
10,12,14,21,33,35|11,13,17,22,25,34|16,27,28,29,32,38
10,12,15,16,33,35|11,13,17,22,25,34|20,21,27,29,32,38
1,6,13,26,31,34|2,3,9,11,21,25|10,12,22,33,35,39
1,10,21,29,31,34|2,3,9,11,28,39|13,14,17,22,26,38
1,10,22,29,34,39|2,3,9,11,21,25|6,13,17,26,31,38
1,11,13,15,26,34|2,3,9,16,22,25|10,12,21,31,33,35
1,11,21,27,32,34|2,3,9,15,25,31|10,12,22,33,35,39
1,13,14,22,26,34|2,3,9,11,21,25|15,17,27,31,32,38
1,13,15,26,32,38|2,3,9,11,21,25|6,16,17,20,27,34|10,12,22,33,35,39
1,13,25,28,32,34|2,3,9,20,21,31|6,16,26,27,29,38|10,12,22,33,35,39
1,15,27,31,32,34|2,3,9,11,21,25|10,12,22,33,35,39
1,16,22,27,32,34|2,3,9,11,21,25|6,13,17,26,31,38
1,21,26,31,34,40|2,3,9,11,28,39|16,17,22,27,32,38
1,22,26,34,39,40|2,3,9,11,21,25|15,17,27,31,32,38
2,3,9,11,21,25|6,13,17,26,31,38|10,12,22,33,35,39|16,20,27,28,29,34
2,3,9,11,28,39|6,10,13,25,32,34|14,15,26,27,29,38
2,3,9,15,25,31|6,16,17,20,27,34|10,12,22,33,35,39
2,3,9,16,22,25|6,13,17,26,31,38|10,28,32,34,39,40
2,3,9,16,28,31|6,10,13,25,32,34|14,15,26,27,29,38
2,3,9,20,21,31|6,10,13,25,32,34|14,15,26,27,29,38
2,3,9,20,22,39|6,10,13,25,32,34|14,15,26,27,29,38
2,3,9,21,22,28|6,10,13,25,32,34|14,15,26,27,29,38
2,3,17,21,25,32|6,8,9,16,26,27|10,12,22,33,35,39
2,3,17,28,32,39|6,8,9,16,26,27|10,12,21,31,33,35
2,3,21,26,29,31|6,9,14,25,27,38|10,12,22,33,35,39
2,3,22,26,29,39|6,9,14,25,27,38|10,12,21,31,33,35
6,8,9,16,26,27|10,12,21,31,33,35|11,13,17,25,28,34
6,9,15,27,28,38|10,12,21,31,33,35|13,17,20,22,25,34
6,9,16,20,27,38|10,12,21,31,33,35|11,13,17,25,28,34
6,13,17,26,31,38|10,12,22,33,35,39|14,25,27,28,29,34
6,14,17,25,27,34|8,9,13,26,28,31|10,12,22,33,35,39
6,15,17,27,28,34|8,9,13,22,25,26|10,12,21,31,33,35
6,16,17,20,27,34|8,9,13,22,25,26|10,12,21,31,33,35
8,9,13,22,25,26|10,12,21,31,33,35|14,15,17,20,27,34
8,9,13,26,28,31|10,12,22,33,35,39|11,17,21,27,32,38
8,9,14,15,26,27|10,12,21,31,33,35|11,13,17,25,28,34
9,11,13,25,28,38|10,12,21,31,33,35|14,15,17,20,27,34
9,14,15,20,27,38|10,12,21,31,33,35|11,13,17,25,28,34
10,12,21,31,33,35|11,13,15,17,26,38|14,25,27,28,29,34
10,12,22,33,35,39|11,13,15,17,26,38|14,25,27,28,29,34
1,6,9,10,38,39|2,3,14,17,21,26|25,27,28,29,31,34
1,6,10,17,34,39|2,3,9,16,25,28|11,21,26,27,29,38
1,6,13,25,26,34|2,3,9,20,28,39|8,10,12,21,27,35
1,9,10,14,21,38|2,3,6,17,26,39|25,27,28,29,31,34
1,9,10,15,16,38|2,3,6,17,26,39|25,27,28,29,31,34
1,10,14,17,21,34|2,3,9,16,25,28|15,26,27,29,31,38
1,10,21,25,29,34|2,3,6,17,26,39|9,11,16,27,28,38
1,10,28,29,34,39|2,3,9,20,21,25|13,17,22,26,31,38
1,13,15,20,26,34|2,3,9,16,25,28|8,10,12,21,27,35
1,13,22,26,31,34|2,3,9,16,25,28|8,10,12,21,27,35
1,16,27,28,32,34|2,3,6,17,26,39|10,12,21,25,33,35
2,3,6,17,26,39|8,10,12,21,27,35|9,13,20,25,28,38
2,3,9,16,25,28|6,10,13,14,26,34|17,20,21,27,32,38
2,3,9,20,21,25|6,10,13,14,26,34|16,17,27,28,32,38
2,3,9,20,28,39|6,10,13,14,26,34|15,17,25,27,32,38
2,3,14,17,21,26|6,9,25,27,31,38|10,12,28,33,35,39
2,3,15,16,17,26|6,9,25,27,31,38|10,12,28,33,35,39
1,8,12,13,15,35|2,3,6,29,32,39|9,11,14,21,38,40
1,6,13,25,32,34|2,3,9,11,14,21|22,26,29,38,39,40
1,12,21,31,33,35|2,3,6,9,11,39|8,13,15,17,26,32
1,12,22,33,35,39|2,3,6,9,16,31|8,13,15,17,26,32
1,13,14,28,32,34|2,3,6,9,11,39|21,26,29,31,38,40
1,13,15,20,32,34|2,3,6,9,11,39|21,26,29,31,38,40
1,17,21,29,31,38|2,3,6,9,11,39|8,10,12,13,15,35
1,17,22,29,38,39|2,3,6,9,16,31|8,10,12,13,15,35
1,21,25,32,34,40|2,3,6,9,11,39|8,10,12,13,15,35
1,28,32,34,39,40|2,3,6,9,16,31|8,10,12,13,15,35
2,3,6,9,11,39|8,10,12,13,15,35|14,22,27,29,31,34|17,21,25,32,38,40
2,3,6,9,16,31|8,10,12,13,15,35|11,17,21,25,34,40|22,26,29,32,33,39
2,3,6,9,21,22|8,10,12,13,15,35|11,17,28,34,39,40
2,3,9,11,15,16|6,10,13,14,32,34|21,26,29,31,38,40
2,3,9,14,16,22|6,10,32,34,39,40|11,13,15,26,29,38
2,3,14,17,21,32|6,8,9,13,26,31|11,16,22,27,29,34
2,3,21,25,29,32|6,8,9,13,26,31|11,17,28,34,39,40
2,3,28,29,32,39|6,8,9,13,26,31|11,17,21,25,34,40
6,9,14,16,26,33|8,10,12,13,15,35|11,17,21,25,34,40
6,13,26,29,31,38|8,9,11,21,27,32|16,17,22,25,34,40
6,14,25,27,29,34|8,9,11,13,15,26|17,28,32,38,39,40
6,15,27,28,29,34|8,9,13,14,22,26|17,21,25,32,38,40
6,16,20,27,29,34|8,9,11,13,15,26|17,21,25,32,38,40
8,9,15,27,31,32|11,13,14,17,28,34|22,26,29,38,39,40
8,9,16,22,27,32|11,13,14,17,28,34|21,26,29,31,38,40
8,9,21,26,31,40|11,13,14,17,28,34|16,22,27,29,32,38
8,9,22,26,39,40|11,13,14,17,28,34|15,27,29,31,32,38
8,10,12,13,15,35|9,11,21,25,32,33|14,22,27,29,31,34
8,13,15,17,26,32|9,11,21,25,38,40|14,22,27,29,31,34
9,11,28,32,33,39|13,14,17,20,22,34|21,26,29,31,38,40
9,11,28,38,39,40|13,14,17,20,22,34|21,26,29,31,32,33
9,15,25,31,32,33|11,13,14,17,28,34|22,26,29,38,39,40
9,15,25,31,38,40|11,13,14,17,28,34|22,26,29,32,33,39
9,16,22,25,32,33|11,13,14,17,28,34|21,26,29,31,38,40
9,16,22,25,38,40|11,13,14,17,28,34|21,26,29,31,32,33
9,16,28,31,32,33|11,13,15,17,20,34|22,26,29,38,39,40
9,16,28,31,38,40|11,13,15,17,20,34|22,26,29,32,33,39
9,20,21,31,32,33|11,13,14,17,28,34|22,26,29,38,39,40
9,20,21,31,38,40|11,13,14,17,28,34|22,26,29,32,33,39
9,20,22,32,33,39|11,13,14,17,28,34|21,26,29,31,38,40
9,20,22,38,39,40|11,13,14,17,28,34|21,26,29,31,32,33
1,6,12,33,35,39|2,3,21,29,31,32|8,9,15,16,26,40|11,13,14,17,22,34
1,12,14,21,33,35|2,3,22,29,32,39|6,9,11,13,31,38|15,16,17,20,34,40
1,12,15,16,33,35|2,3,21,29,31,32|6,8,9,13,14,26|11,17,22,34,39,40
2,3,6,9,14,16|11,13,15,17,32,38|20,21,25,29,34,40
2,3,21,29,31,32|6,8,9,13,14,26|11,17,22,34,39,40
2,3,22,29,32,39|6,8,9,13,14,26|11,17,21,31,34,40
6,9,13,14,20,38|11,17,21,31,34,40|15,16,26,29,32,33
6,9,20,32,33,39|11,13,14,17,22,34|15,16,26,29,38,40
6,9,20,38,39,40|11,13,14,17,22,34|15,16,26,29,32,33
6,9,21,28,32,33|11,13,14,17,22,34|15,16,26,29,38,40
6,9,21,28,38,40|11,13,14,17,22,34|15,16,26,29,32,33
6,13,14,26,29,38|9,11,21,31,32,33|15,16,17,20,34,40
6,26,29,32,33,39|9,11,13,14,22,38|15,16,17,20,34,40
1,3,6,7,12,29|8,10,19,22,32,33|17,18,20,23,28,40
2,6,15,17,26,30|8,9,11,25,31,34|10,12,16,23,32,35
2,9,11,25,30,31|6,8,15,17,26,34|10,12,16,23,32,35
2,9,14,20,25,30|6,8,15,17,26,34|10,12,16,23,32,35
2,9,15,20,28,30|6,17,22,31,34,38|10,12,16,23,32,35
2,9,22,28,30,31|6,8,15,17,26,34|10,12,16,23,32,35
2,14,25,26,29,30|6,15,17,20,34,38|10,12,16,23,32,35
2,15,26,28,29,30|6,17,22,31,34,38|10,12,16,23,32,35
1,12,16,23,26,35|2,9,20,25,30,31|6,10,15,32,34,38
1,12,16,23,32,35|2,6,9,14,28,30|11,15,22,29,34,38
2,6,9,14,28,30|8,11,16,17,32,34|12,23,25,29,31,35
2,6,9,15,20,30|8,11,16,17,32,34|12,23,25,29,31,35
2,11,16,17,30,32|6,8,9,14,28,34|12,23,25,29,31,35
2,15,17,22,30,32|6,8,9,14,28,34|12,23,25,29,31,35
2,25,29,30,31,32|6,8,9,14,28,34|11,12,16,17,23,35
1,6,15,32,34,38|2,9,11,14,25,30|12,16,17,20,23,35
2,6,9,22,25,30|8,11,16,26,29,34|12,15,17,23,28,35
2,6,9,28,30,31|8,11,16,26,29,34|12,14,17,23,25,35
2,9,11,14,25,30|6,28,29,31,34,38|12,16,17,20,23,35
2,9,15,20,22,30|6,28,29,31,34,38|12,14,17,23,25,35
2,11,16,26,29,30|6,8,9,22,25,34|12,15,17,23,28,35
2,14,26,29,30,31|6,8,9,22,25,34|12,15,17,23,28,35
2,15,22,26,29,30|6,8,9,28,31,34|12,14,17,23,25,35
1,2,7,8,9,31|3,12,27,29,30,38|10,23,25,33,35,40
1,2,7,29,31,38|3,8,9,12,27,30|10,23,25,33,35,40
1,2,19,25,30,38|3,7,8,20,31,35|9,11,23,27,32,33
1,7,9,12,30,31|2,3,23,27,29,32|8,10,14,19,34,38
1,9,17,23,31,33|2,10,14,19,30,38|3,7,8,11,25,35
2,7,12,31,34,40|3,8,9,11,27,30|14,17,19,23,26,38
2,10,14,19,30,38|3,7,8,11,25,35|9,23,26,31,33,40
2,20,27,29,30,33|3,7,8,11,25,35|9,18,22,23,28,38
1,2,18,25,30,38|3,7,12,31,32,34|8,9,10,23,27,29
1,2,27,30,32,33|3,7,8,20,25,35|14,17,18,23,26,38
1,2,27,30,38,40|3,7,8,20,25,35|9,10,14,17,23,33
1,7,9,12,25,30|2,3,8,27,29,38|10,18,23,31,32,34
2,3,8,27,29,38|7,9,10,12,14,30|17,18,20,23,25,34
2,3,25,29,33,38|7,9,10,12,14,30|17,20,23,27,34,40
2,7,12,25,34,40|3,8,9,20,27,30|14,17,18,23,26,38
2,10,14,18,30,38|3,7,8,20,25,35|23,26,27,29,32,33
2,10,19,30,31,38|3,7,8,20,25,35|23,26,27,29,32,33
2,11,17,27,30,33|3,7,8,20,25,35|10,18,23,31,32,34
7,9,10,12,14,30|8,11,17,27,33,34|18,23,25,26,29,38
1,10,13,16,33,38|3,7,12,17,25,39|18,21,22,23,26,27
1,8,13,16,29,33|3,6,14,18,21,30|19,23,25,32,39,40
1,8,13,16,17,33|3,6,18,21,25,30|10,19,23,29,31,39
1,13,14,23,27,29|2,3,8,15,18,21|6,19,28,33,38,39
1,15,17,18,21,23|2,3,8,19,31,39|13,14,25,33,38,40
1,18,23,25,29,39|2,3,6,13,15,33|8,14,16,19,27,38
2,3,8,14,18,39|6,19,21,25,33,38|13,23,27,31,32,40
2,3,8,15,18,21|6,19,28,33,38,39|13,23,27,31,32,40
2,3,14,33,39,40|6,8,19,21,27,38|13,18,23,25,31,32
2,3,15,21,33,40|8,13,14,18,25,38|10,19,23,29,31,39
3,6,18,21,25,30|8,10,13,16,29,33|11,19,23,27,32,39
3,6,18,28,30,39|8,10,13,16,29,33|19,21,22,23,27,32
3,7,12,14,29,39|6,8,19,21,27,38|13,18,23,25,31,32
3,7,12,15,21,29|6,18,22,33,38,39|11,13,16,19,23,26
3,13,25,30,31,40|6,8,19,21,27,38|10,14,18,23,29,39
3,14,16,27,30,40|6,13,15,18,23,26|11,19,31,33,38,39
3,14,18,21,28,30|8,10,13,16,29,33|11,19,23,27,32,39
3,15,18,20,21,30|6,19,28,33,38,39|13,23,27,31,32,40
3,16,19,25,30,31|6,13,15,18,23,26|8,27,32,33,39,40
3,19,21,22,25,30|6,13,15,18,23,26|8,27,32,33,39,40
3,19,21,28,30,31|6,13,15,18,23,26|8,27,32,33,39,40
1,18,23,29,31,39|2,3,8,13,16,40|11,15,19,21,33,38
1,19,23,25,29,39|2,3,8,13,16,40|6,14,18,21,33,38
3,11,15,18,21,30|6,19,22,33,38,39|10,13,16,23,29,40
3,11,19,30,31,39|6,14,18,21,33,38|10,13,16,23,29,40
3,15,16,18,22,30|6,19,21,23,27,32|13,14,31,33,38,40
3,19,21,22,30,31|6,15,16,18,33,38|13,14,23,27,32,40
1,2,7,12,13,16|3,18,20,25,30,39|6,19,21,23,26,27
1,13,23,25,27,29|3,7,12,14,17,39|18,21,28,31,33,38
2,3,8,13,14,27|10,15,17,18,21,23|19,20,25,33,38,39
3,7,12,15,17,21|6,13,22,27,33,38|10,18,23,25,29,39
3,7,12,25,29,39|6,13,22,27,33,38|10,15,17,18,21,23
3,11,13,27,30,31|8,19,25,26,33,39|10,15,17,18,21,23
3,18,21,25,28,30|6,13,22,27,33,38|10,17,19,23,31,39
1,8,27,29,33,39|3,16,18,25,30,31|10,15,17,19,21,23
1,13,23,27,29,31|2,3,8,19,25,39|14,18,21,28,33,38
1,17,18,23,31,39|2,3,11,13,16,33|8,19,21,22,27,38
1,17,19,23,25,39|2,3,11,13,16,33|6,8,18,21,27,38
2,3,8,18,31,39|6,21,27,33,38,40|13,14,19,23,25,26
2,3,8,19,25,39|6,21,27,33,38,40|11,13,16,18,23,26
2,3,11,13,16,33|6,8,18,21,27,38|10,14,17,19,23,39
2,3,13,14,31,33|6,8,18,21,27,38|10,19,23,25,29,39
2,3,13,15,22,33|6,8,18,21,27,38|10,14,17,19,23,39
2,3,31,33,39,40|6,8,18,21,27,38|13,14,19,23,25,26
3,6,13,22,27,30|8,14,18,26,33,39|10,15,17,19,21,23
3,7,12,29,31,39|6,8,18,21,27,38|10,13,16,17,23,40
3,11,18,25,30,39|6,21,27,33,38,40|13,15,19,23,26,28
3,11,27,30,39,40|6,18,21,25,33,38|13,15,19,23,26,28
3,16,18,25,30,31|6,21,27,33,38,40|10,14,17,19,23,39
3,16,27,30,31,40|6,18,21,25,33,38|10,14,17,19,23,39
3,18,20,30,31,39|6,21,27,33,38,40|13,14,19,23,25,26
3,18,21,22,25,30|8,11,19,27,38,39|10,13,16,17,23,40
3,18,21,28,30,31|8,11,19,27,38,39|10,13,16,17,23,40
3,18,22,28,30,39|6,21,27,33,38,40|13,14,19,23,25,26
3,19,20,25,30,39|6,8,18,21,27,38|10,13,16,17,23,40
3,21,22,27,30,40|6,18,28,33,38,39|13,14,19,23,25,26
1,8,18,23,25,35|2,6,7,22,34,40|3,9,12,14,30,33
2,6,7,22,34,40|3,9,12,14,30,33|8,10,19,23,31,35
1,2,14,19,30,38|3,6,7,8,22,35|9,23,25,32,33,40
2,17,30,31,33,40|3,6,7,8,22,35|9,11,14,18,23,38
1,2,7,14,29,38|3,9,12,30,31,33|8,10,19,23,25,35
2,6,7,28,34,40|3,9,12,30,31,33|8,10,19,23,25,35
2,7,14,20,34,40|3,9,12,30,31,33|8,10,19,23,25,35
2,12,27,29,30,33|3,6,7,22,32,34|8,10,18,23,31,35
1,2,14,18,30,38|3,6,7,8,28,35|11,17,19,23,25,34
1,2,19,30,31,38|3,6,7,8,28,35|9,10,14,23,29,33
1,7,9,12,14,30|6,17,18,23,28,34|8,27,29,32,33,38
1,8,9,23,27,29|2,7,12,14,34,40|3,17,30,31,32,33
1,8,14,18,34,38|2,3,9,23,31,40|7,12,17,25,29,30
1,18,23,31,32,34|2,3,8,9,14,33|7,12,17,25,29,30
2,7,12,14,34,40|3,6,9,28,30,33|17,18,23,31,32,38
2,11,27,29,30,33|3,6,7,8,28,35|9,14,18,20,23,38
2,17,25,30,33,40|3,6,7,8,28,35|9,11,18,23,31,38
1,11,14,19,30,34|2,18,23,29,31,32|6,7,8,28,35,40
1,14,17,29,30,33|2,6,9,19,22,23|7,8,11,31,35,40
2,18,23,29,31,32|6,7,8,28,35,40|11,14,17,19,30,38
1,2,8,14,19,34|3,9,23,31,32,40|6,7,11,22,33,35
1,3,9,14,23,29|6,7,11,22,33,35|8,17,18,25,30,32
1,11,14,18,30,34|2,6,9,19,23,28|7,8,20,31,35,40
1,11,19,30,31,34|2,6,9,18,22,23|3,14,29,32,33,38
1,14,18,30,32,38|2,6,9,19,23,28|3,8,25,29,34,40
1,14,19,20,30,34|2,6,9,18,22,23|7,8,11,25,35,40
1,17,29,30,31,33|2,6,9,18,22,23|7,8,11,25,35,40
1,19,30,31,32,38|2,6,9,18,22,23|3,8,14,17,34,40
2,6,9,18,22,23|3,8,14,17,34,40|11,27,29,30,32,33
2,6,9,19,23,28|3,8,14,17,34,40|11,18,25,29,30,38
2,8,19,25,29,38|3,9,23,31,32,40|6,7,11,22,33,35
2,9,11,14,18,23|3,6,22,29,33,34|7,8,20,31,35,40
2,9,11,19,23,31|3,6,22,29,33,34|8,17,18,25,30,32
2,9,14,19,20,23|3,6,22,29,33,34|7,8,11,25,35,40
2,14,17,18,23,32|3,6,22,29,33,34|7,8,11,25,35,40
2,14,19,23,26,29|6,7,11,22,33,35|8,9,18,20,30,31
2,17,19,23,31,32|3,6,22,29,33,34|7,8,11,25,35,40
2,18,23,25,29,32|3,8,9,14,38,40|6,7,11,22,33,35
2,23,27,29,32,40|6,7,11,22,33,35|8,9,18,20,30,31
3,6,22,29,33,34|7,8,11,25,35,40|14,17,19,20,30,38
3,8,14,17,34,40|6,7,11,22,33,35|18,20,29,30,31,38
3,8,25,29,34,40|6,7,11,22,33,35|14,17,19,20,30,38
3,9,23,31,32,40|6,7,11,22,33,35|8,14,17,19,26,30
3,11,14,29,33,34|6,17,18,22,30,38|7,8,20,31,35,40
1,3,8,14,33,35|2,9,12,19,23,31|6,7,17,22,29,38
1,3,23,31,35,40|6,7,8,9,17,22|12,18,25,29,30,38
1,2,8,14,18,34|3,9,23,25,32,40|6,7,11,28,33,35|17,19,20,30,31,38
1,2,8,19,31,34|3,9,23,25,32,40|6,7,11,28,33,35|14,17,18,20,30,38
1,2,14,33,34,40|6,17,18,28,30,38|7,8,9,12,25,29
1,3,9,23,29,31|2,8,14,17,18,38|6,7,11,28,33,35
1,6,18,28,30,34|2,8,9,25,33,40|7,12,14,17,29,38
1,8,17,27,29,30|2,6,9,18,23,28|7,11,14,20,33,35
1,11,18,30,31,34|2,8,9,25,33,40|7,12,14,17,29,38
1,11,19,25,30,34|2,6,9,18,23,28|3,29,31,32,33,38
1,17,25,29,30,33|2,6,9,18,23,28|7,12,31,32,34,40
1,19,20,30,31,34|2,6,9,18,23,28|7,12,14,17,29,38
1,19,22,28,30,34|2,8,9,25,33,40|7,12,14,17,29,38
1,19,25,30,32,38|2,6,9,18,23,28|3,8,17,31,34,40|7,11,14,20,33,35
2,6,9,18,23,28|3,8,17,31,34,40|7,11,14,20,33,35
2,8,9,25,33,40|6,10,19,22,30,34|7,12,14,17,29,38
2,9,11,18,23,31|3,6,28,29,33,34|7,8,20,25,35,40|10,14,19,30,32,38
2,9,11,19,23,25|3,6,28,29,33,34|8,14,17,18,26,30
2,9,14,18,20,23|3,6,28,29,33,34|8,17,19,26,30,31
2,9,19,20,23,31|3,6,28,29,33,34|8,14,17,18,26,30
2,9,19,22,23,28|3,8,17,31,34,40|7,11,14,20,33,35
2,14,17,33,38,40|6,10,19,22,30,34|7,8,9,12,25,29
2,14,18,23,26,29|3,8,9,31,32,33|6,10,19,22,30,34
2,17,18,23,31,32|3,6,28,29,33,34|7,8,20,25,35,40
2,17,19,23,25,32|3,6,28,29,33,34|8,9,20,27,30,40
2,19,23,26,29,31|6,7,11,28,33,35|8,9,18,20,25,30
2,25,29,33,38,40|6,10,19,22,30,34|7,8,9,12,14,17
3,8,9,31,32,33|6,10,19,22,30,34|7,12,14,17,29,38
3,8,17,31,34,40|6,7,11,28,33,35|10,14,19,30,32,38
3,9,23,25,32,40|6,7,11,28,33,35|8,14,17,18,26,30
3,11,29,31,33,34|6,17,18,28,30,38|7,8,20,25,35,40
3,29,31,32,33,38|6,10,19,22,30,34|7,8,9,12,14,17
1,3,8,31,33,35|2,9,12,19,23,25|6,7,17,28,29,38
1,3,23,25,35,40|6,7,8,9,17,28|10,12,14,19,30,34
1,7,8,9,31,32|3,10,14,23,35,40|12,17,19,25,30,38
1,12,18,30,31,34|3,10,14,23,35,40|6,7,8,9,17,28
1,12,19,25,30,34|3,10,14,23,35,40|6,7,8,9,17,28
1,3,9,14,17,23|6,7,20,28,33,35|10,11,19,30,31,34
1,3,9,23,25,29|2,8,10,14,19,34|6,7,20,28,33,35|11,17,27,30,38,40
1,3,14,34,38,40|2,9,11,18,23,25|6,7,20,28,33,35
1,11,18,25,30,34|2,14,17,19,23,26|3,6,9,22,33,38
1,11,27,30,34,40|2,8,17,18,31,38|3,9,10,14,23,29|6,7,20,28,33,35
1,14,19,26,30,38|2,9,11,18,23,25|3,6,17,22,33,34
1,18,20,30,31,34|2,8,17,19,25,38|3,9,10,14,23,29|7,11,22,28,33,35
1,18,22,28,30,34|2,8,17,19,25,38|3,9,10,14,23,29|7,11,20,31,33,35
1,18,25,30,32,38|2,8,10,14,19,34|6,7,20,28,33,35
1,19,20,25,30,34|2,8,17,18,31,38|3,9,10,14,23,29|7,11,22,28,33,35
1,27,30,32,38,40|2,8,10,14,19,34|6,7,20,28,33,35
2,8,17,18,31,38|3,9,10,14,23,29|6,7,20,28,33,35
2,8,17,19,25,38|3,9,10,14,23,29|6,7,20,28,33,35
2,9,11,18,23,25|3,6,17,22,33,34|10,19,30,31,32,38
2,9,11,23,27,40|3,6,17,22,33,34|10,14,18,30,32,38
2,9,18,22,23,28|3,8,11,27,29,34|10,19,30,31,32,38
2,9,19,20,23,25|3,6,17,22,33,34|10,14,18,30,32,38
2,14,17,19,23,26|3,6,9,22,33,38|7,12,25,32,34,40
2,17,18,23,25,32|3,6,9,22,33,38|10,11,19,30,31,34
2,17,23,27,32,40|3,6,9,22,33,38|10,11,14,18,30,34
2,18,23,26,29,31|3,6,9,22,33,38|7,12,25,32,34,40
2,19,23,25,26,29|3,6,9,22,33,38|10,11,14,18,30,34
3,6,9,22,33,38|7,12,25,32,34,40|8,17,18,26,30,31
3,8,9,25,32,33|6,10,18,22,30,34|7,12,17,29,31,38
3,8,9,25,38,40|6,7,20,28,33,35|10,11,14,18,30,34
3,8,11,27,29,34|6,7,20,28,33,35|10,14,18,30,32,38
3,8,17,25,34,40|6,7,20,28,33,35|10,14,18,30,32,38
3,8,27,29,32,38|6,7,20,28,33,35|10,11,14,18,30,34
3,9,10,14,23,29|6,7,20,28,33,35|8,17,18,26,30,31
3,9,14,23,26,40|6,7,20,28,33,35|10,11,19,30,31,34
3,11,25,29,33,34|7,8,9,12,17,31|10,14,18,30,32,38
3,22,28,29,33,34|7,8,9,12,17,31|10,14,18,30,32,38
3,25,29,32,33,38|6,10,18,22,30,34|7,8,9,12,17,31
1,3,8,25,33,35|2,9,12,23,27,40|6,7,10,22,29,34
1,7,11,25,29,34|2,9,12,23,27,40|3,8,10,14,33,35
1,7,20,29,31,34|2,9,12,18,23,25|3,8,10,14,33,35
1,7,22,28,29,34|2,9,12,18,23,25|3,8,10,14,33,35
1,7,25,29,32,38|2,9,12,23,27,40|3,8,10,14,33,35
1,12,18,25,30,34|3,8,10,14,33,35|7,17,20,29,31,38
1,12,27,30,34,40|3,8,10,14,33,35|7,11,17,25,29,38
2,9,12,18,23,25|3,8,10,14,33,35|6,7,22,26,34,40
2,9,12,23,27,40|3,8,10,14,33,35|7,11,17,25,29,38
3,8,10,14,33,35|6,7,22,26,34,40|12,17,18,25,30,38
1,2,17,23,27,29|3,6,9,28,33,38|7,12,14,26,34,40
1,2,25,33,34,40|3,9,10,23,29,31|7,8,11,20,27,35
1,3,9,17,23,31|2,8,10,14,18,34|7,11,20,25,33,35
1,7,12,25,29,34|2,8,9,11,27,33|10,18,30,31,32,38
1,19,26,30,31,38|2,8,9,11,27,33|7,10,12,14,29,34
1,20,27,30,34,40|2,8,17,18,25,38|3,9,10,23,29,31
2,8,9,11,27,33|6,10,18,28,30,34|7,12,17,25,29,38
2,8,17,18,25,38|3,9,10,23,29,31|7,12,14,26,34,40
2,8,17,27,32,33|3,9,10,23,29,31|7,12,14,26,34,40
2,8,17,27,38,40|3,9,10,23,29,31|7,11,20,25,33,35
2,9,20,23,27,40|3,6,17,28,33,34|10,18,30,31,32,38
2,10,14,33,34,40|3,9,11,23,27,32|7,12,17,25,29,38
2,11,27,29,33,38|3,9,23,26,31,40|6,10,18,28,30,34
2,14,17,18,23,26|3,6,9,28,33,38|7,8,11,20,27,35
2,17,19,23,26,31|3,6,9,28,33,38|7,8,11,20,27,35
2,18,23,25,26,29|3,6,9,28,33,38|7,8,11,20,27,35
2,23,26,27,29,40|3,6,9,28,33,38|10,11,18,30,31,34
3,6,17,28,33,34|7,8,11,20,27,35|10,18,30,31,32,38
3,8,9,14,26,33|6,10,18,28,30,34|7,12,17,25,29,38
3,9,10,23,29,31|7,8,11,20,27,35|17,25,26,30,33,40
3,9,11,23,27,32|6,10,18,28,30,34|7,12,17,25,29,38
3,9,23,26,31,40|6,10,18,28,30,34|7,8,11,20,27,35
3,14,26,29,33,38|6,10,18,28,30,34|7,8,9,12,17,25
3,17,31,32,33,38|6,10,18,28,30,34|7,8,11,20,27,35
1,6,7,17,28,34|2,8,9,12,27,33|3,10,23,25,35,40
1,7,8,9,14,26|2,12,27,29,33,38|3,10,23,25,35,40
1,7,9,11,31,38|3,10,23,25,35,40|12,26,27,29,30,33
1,7,11,17,31,34|2,8,9,12,27,33|3,10,23,25,35,40
1,7,14,17,20,34|2,8,9,12,27,33|3,10,23,25,35,40
1,7,14,26,29,38|2,8,9,12,27,33|3,10,23,25,35,40
1,7,17,31,32,38|2,8,9,12,27,33|3,10,23,25,35,40
1,3,9,17,23,25|2,8,10,18,31,34|20,26,27,29,30,33
1,7,12,17,31,34|2,8,9,20,27,33|10,14,19,26,30,38
1,9,10,30,31,33|2,17,19,23,25,26|7,11,12,27,32,34
1,19,25,26,30,38|2,8,9,20,27,33|7,10,12,29,31,34
2,17,18,23,26,31|3,8,9,11,27,38|10,19,20,25,30,34
2,17,19,23,25,26|3,8,9,11,27,38|7,10,12,29,31,34
2,20,27,29,33,38|3,9,10,14,17,23|7,12,26,31,34,40
1,2,27,32,33,38|3,9,10,17,23,31|7,12,25,26,34,40
3,8,14,19,32,39|6,7,12,13,15,29|18,21,22,30,31,40
1,2,10,13,16,33|3,8,18,25,26,39|7,12,17,21,22,27
1,3,8,13,16,17|2,6,18,21,25,33|11,19,20,27,30,39
1,3,29,31,33,39|2,6,8,18,21,27|7,11,12,13,16,17
1,7,12,13,16,32|2,6,8,18,21,27|3,11,19,31,38,39
1,10,13,16,30,40|2,6,8,18,21,27|3,11,19,31,38,39
1,10,14,19,30,39|2,6,8,18,21,27|3,13,15,28,32,33
1,10,15,19,21,30|2,6,18,28,33,39|3,8,13,14,27,32
2,6,8,18,21,27|3,11,19,31,38,39|7,12,13,15,17,22
2,6,18,21,25,33|3,8,10,13,16,29|7,12,17,31,39,40
2,6,18,28,33,39|3,8,10,13,16,29|14,19,25,27,30,31
2,8,11,19,27,39|3,6,18,21,31,38|7,12,13,15,17,22
2,8,13,18,25,31|3,6,19,28,38,39|7,12,14,16,27,29
2,8,14,16,18,27|3,6,19,21,25,38|7,12,13,15,17,22
2,8,19,21,22,27|3,11,14,18,38,39|7,12,13,25,29,31
2,11,18,31,33,39|3,6,19,21,25,38|7,12,13,15,17,22
2,11,19,25,33,39|3,6,18,21,31,38|7,12,13,15,17,22
2,13,25,31,33,40|3,6,18,22,38,39|7,12,14,16,27,29
2,14,16,18,25,33|3,6,19,28,38,39|7,12,13,15,17,22
2,14,16,27,33,40|3,6,18,21,31,38|7,12,13,15,17,22
2,14,18,20,33,39|3,6,19,21,25,38|7,11,12,13,16,17
2,14,18,21,28,33|3,8,10,13,16,29|7,12,17,31,39,40|15,19,22,25,27,30
2,15,16,18,28,33|3,6,19,21,25,38|7,12,13,14,17,31
2,15,18,20,21,33|3,6,19,28,38,39|7,11,12,13,16,17
2,18,21,22,31,33|3,6,19,28,38,39|7,11,12,13,16,17
2,19,20,31,33,39|3,8,10,13,16,29|6,15,18,25,27,30
2,19,21,22,25,33|3,8,10,13,16,29|7,12,17,31,39,40|14,15,18,27,28,30
2,19,21,28,31,33|3,6,18,22,38,39|7,11,12,13,16,17
2,19,22,28,33,39|3,6,18,21,31,38|7,11,12,13,16,17
3,6,18,21,31,38|7,11,12,13,16,17|15,19,22,25,27,30
3,6,18,22,38,39|7,11,12,13,16,17|14,19,25,27,30,31
3,6,19,21,25,38|7,11,12,13,16,17|14,15,18,27,28,30
3,6,19,28,38,39|7,11,12,13,16,17|15,18,22,27,30,31
3,8,10,13,16,29|6,15,18,25,27,30|7,12,17,31,39,40
3,8,14,19,26,39|6,7,12,21,27,29|13,18,20,25,30,31
3,8,15,19,21,26|6,16,18,27,28,30|7,12,13,14,17,31
3,11,15,18,21,38|7,12,13,14,17,31|16,19,22,27,28,30
3,11,19,31,38,39|6,7,12,21,27,29|13,18,22,25,28,30
3,14,18,21,22,38|7,11,12,13,16,17|15,19,27,28,30,31
3,14,19,20,38,39|6,7,12,21,27,29|13,18,22,25,28,30
3,14,19,21,28,38|6,15,18,25,27,30|7,11,12,13,16,17
3,15,16,19,28,38|6,7,12,21,27,29|13,18,20,25,30,31
3,15,19,20,21,38|6,16,18,27,28,30|7,12,13,14,17,31
3,19,21,22,31,38|6,15,18,25,27,30|7,11,12,13,16,17
1,3,8,27,29,39|2,16,18,25,31,33|7,12,13,15,17,28
1,3,25,29,33,39|2,8,16,18,27,31|7,12,13,15,17,28
1,10,14,18,30,39|2,6,13,22,27,33|3,16,19,25,31,38
1,10,15,18,21,30|2,6,13,22,27,33|3,8,19,26,31,39
1,10,19,30,31,39|2,6,13,22,27,33|3,8,15,18,21,26
2,8,16,18,27,31|3,6,13,15,26,33|7,12,17,25,39,40
2,8,18,21,22,27|3,6,13,15,26,33|7,12,17,25,39,40
2,8,19,21,27,28|3,6,13,15,26,33|7,12,17,25,39,40
2,11,18,25,33,39|3,6,21,27,38,40|7,12,13,15,17,28
2,11,27,33,39,40|3,6,18,21,25,38|7,12,13,15,17,28
2,16,18,25,31,33|3,6,21,27,38,40|7,12,13,15,17,28
2,16,27,31,33,40|3,6,18,21,25,38|7,12,13,15,17,28
2,18,20,31,33,39|3,6,21,27,38,40|7,12,13,14,17,25
2,18,21,28,31,33|3,11,19,25,38,39|7,12,13,16,17,20
2,18,22,28,33,39|3,6,21,27,38,40|7,12,13,14,17,25
2,19,20,25,33,39|3,6,21,27,38,40|7,12,13,15,17,28
2,21,22,27,33,40|3,6,18,28,38,39|7,12,13,14,17,25
3,8,14,18,26,39|7,12,13,15,17,28|16,19,20,25,27,30
3,8,19,26,31,39|7,12,13,14,17,25|11,18,21,27,28,30
3,10,14,29,33,39|7,12,13,15,17,28|11,16,18,25,27,30
3,10,15,21,29,33|7,12,13,14,17,25|11,18,20,27,30,39
3,11,18,31,38,39|7,12,13,14,17,25|19,20,21,27,28,30
3,11,19,25,38,39|7,12,13,15,17,28|16,18,20,27,30,31
3,14,26,33,39,40|7,12,13,15,17,28|11,16,18,25,27,30
3,19,20,31,38,39|7,12,13,14,17,25|11,18,21,27,28,30
3,19,22,28,38,39|7,12,13,14,17,25|16,18,20,27,30,31
1,3,8,13,16,29|2,6,14,18,21,33|19,20,25,30,39,40
2,6,14,18,21,33|3,8,19,31,32,39|7,11,12,13,16,29
2,6,15,16,18,33|3,8,19,31,32,39|11,13,14,27,30,40
2,6,19,21,31,33|3,8,14,18,32,39|7,11,12,13,16,29
2,6,19,22,33,39|3,8,15,18,21,32|7,11,12,13,16,29
2,8,11,13,16,18|3,6,14,19,21,38|7,12,29,31,39,40
2,8,13,15,18,22|3,6,14,19,21,38|7,12,29,31,39,40
2,8,18,31,39,40|3,6,13,15,32,33|11,14,16,19,27,30
2,11,15,19,21,33|3,8,14,18,32,39|6,13,22,27,30,40
3,6,13,15,32,33|7,12,29,31,39,40|11,14,16,19,27,30
3,6,14,19,21,38|7,11,12,13,16,29|18,20,30,31,39,40
3,6,15,16,19,38|7,12,13,14,29,31|11,18,25,30,39,40
3,8,14,18,32,39|6,11,19,21,27,30|7,12,13,15,22,29
3,8,15,18,21,32|6,13,19,25,28,30|7,12,29,31,39,40
3,14,32,33,39,40|6,11,19,21,27,30|7,12,13,15,22,29
1,3,14,29,33,39|2,6,8,19,21,27|11,13,18,25,30,31
1,3,15,21,29,33|2,8,13,14,18,25|6,16,19,27,28,30
2,6,8,19,21,27|3,11,13,16,32,33|7,12,14,17,39,40
2,6,18,21,31,33|3,8,19,25,32,39|7,12,13,15,28,29
2,6,18,22,33,39|3,11,13,16,38,40|14,15,19,27,28,30
2,6,19,21,25,33|3,8,18,31,32,39|7,12,13,15,28,29
2,6,19,28,33,39|3,11,13,16,38,40|14,15,18,22,27,30
2,8,13,15,18,28|3,6,19,21,31,38|7,12,14,17,39,40
2,8,13,16,18,20|3,6,19,21,31,38|7,12,14,17,39,40
2,8,14,16,19,27|3,13,15,22,32,33|7,12,25,29,39,40
2,8,18,25,39,40|3,6,19,21,31,38|7,12,13,15,28,29
2,11,14,18,33,39|3,6,19,21,31,38|7,12,13,15,28,29
2,11,15,18,21,33|3,6,19,22,38,39|7,12,13,14,25,29
2,11,19,31,33,39|3,6,14,18,21,38|7,12,13,15,28,29
2,13,14,25,33,40|3,6,15,16,18,38|11,19,21,22,27,30
2,13,15,28,33,40|3,6,14,18,21,38|11,16,19,27,30,31
2,13,16,20,33,40|3,6,14,18,21,38|15,19,22,27,30,31
2,14,16,18,31,33|3,6,19,22,38,39|7,12,13,15,28,29
2,14,16,19,25,33|3,8,18,31,32,39|6,7,12,13,15,17
2,14,18,21,22,33|3,8,19,25,32,39|6,7,12,13,15,17
2,14,19,20,33,39|3,6,15,16,18,38|11,13,27,30,31,40
2,14,19,21,28,33|3,6,15,16,18,38|7,12,25,29,39,40
2,15,16,18,22,33|3,6,19,21,31,38|7,12,13,14,25,29
2,15,16,19,28,33|3,6,14,18,21,38|7,12,25,29,39,40
2,15,19,20,21,33|3,8,18,31,32,39|6,13,27,28,30,40
2,19,21,22,31,33|3,6,15,16,18,38|7,12,13,14,25,29
3,6,14,18,21,38|7,12,13,15,28,29|11,16,19,27,30,31
3,6,15,16,18,38|7,12,13,14,25,29|11,19,21,22,27,30
3,8,18,31,32,39|6,7,12,13,15,17|11,19,21,22,27,30
3,8,19,25,32,39|6,7,12,13,15,17|11,14,16,18,27,30
3,11,13,16,32,33|6,15,18,27,30,31|7,12,14,17,39,40
3,11,14,19,38,39|6,7,12,13,15,17|18,21,25,28,30,40
3,11,15,19,21,38|6,13,18,25,28,30|7,12,14,17,39,40
3,13,14,31,32,33|6,11,18,21,27,30|7,12,25,29,39,40
3,13,15,22,32,33|6,11,18,21,27,30|7,12,14,17,39,40
3,14,16,19,31,38|6,7,12,13,15,17|18,20,25,30,39,40
3,14,19,21,22,38|6,7,12,13,15,17|18,20,25,30,39,40
3,15,16,19,22,38|6,11,18,21,27,30|7,12,13,14,25,29
3,31,32,33,39,40|6,7,12,13,15,17|11,14,16,18,27,30
1,12,14,19,23,35|2,6,18,28,29,30|8,9,31,32,33,40
1,2,7,29,31,32|3,9,12,25,30,40|6,10,18,22,23,35
1,11,18,23,25,35|2,6,7,17,28,29|9,12,31,33,38,40
1,11,23,27,35,40|2,6,7,17,28,29|8,9,12,18,31,38
1,12,14,19,34,38|2,6,7,17,28,29|8,10,31,33,35,40
1,18,20,23,31,35|2,6,7,17,28,29|3,9,12,25,30,40
1,18,22,23,28,35|2,7,11,17,29,31|3,9,12,25,30,40
1,19,20,23,25,35|2,6,7,17,28,29|8,9,12,18,31,38
2,6,7,17,28,29|3,9,12,25,30,40|10,11,14,18,23,35
2,7,11,17,29,31|3,9,12,25,30,40|6,10,18,22,23,35
2,7,14,17,20,29|3,9,12,25,30,40|6,10,18,22,23,35
1,2,18,30,31,32|3,6,7,11,22,35|8,9,10,14,29,33
1,2,19,25,30,32|3,6,7,11,22,35|8,9,10,14,29,33
1,3,17,29,30,31|6,8,9,18,28,38|10,12,14,19,23,35
1,8,9,25,29,33|2,6,17,18,28,30|10,12,14,19,23,35
1,8,18,31,32,34|2,7,12,14,17,29|3,9,11,25,30,40
1,9,17,23,31,40|2,10,14,19,30,32|3,6,7,11,22,35|8,18,20,25,29,34
1,12,18,23,31,35|2,10,14,19,30,32|6,9,28,33,38,40
1,31,32,33,34,40|2,6,17,18,28,30|8,9,11,19,25,38
2,3,29,31,32,33|6,8,9,18,28,38|10,12,14,19,23,35
2,3,29,31,38,40|6,8,17,18,28,34|9,11,14,19,23,26
2,10,14,19,30,32|3,6,7,11,22,35|8,18,20,25,29,34
2,11,17,18,30,31|6,9,19,22,23,26|8,20,27,29,34,40
2,14,17,18,20,30|3,6,7,11,22,35|8,19,26,29,31,38
2,17,19,20,30,31|3,6,7,11,22,35|8,9,10,14,29,33
2,18,20,25,29,30|3,6,7,11,22,35|8,9,14,26,33,40
2,20,27,29,30,40|3,6,7,11,22,35|8,10,14,19,32,34
3,9,11,25,30,40|6,8,17,18,28,34|10,12,14,19,23,35
3,9,20,30,31,40|6,8,17,18,28,34|10,12,14,19,23,35
3,11,27,29,30,32|6,8,9,18,28,38|10,12,14,19,23,35
3,17,25,30,32,40|6,8,9,18,28,38|10,12,14,19,23,35
3,26,29,30,31,40|6,8,9,18,28,38|10,12,14,19,23,35
6,8,9,18,28,38|10,12,14,19,23,35|11,17,31,33,34,40
6,17,28,33,34,40|8,9,11,18,31,38|10,12,14,19,23,35
8,9,11,18,31,38|10,12,14,19,23,35|20,25,29,33,34,40
8,9,11,19,25,38|14,17,20,33,34,40|18,23,26,29,31,32
8,9,14,18,20,38|11,17,31,33,34,40|19,23,25,26,29,32
8,11,17,18,31,34|9,14,20,33,38,40|19,23,25,26,29,32
8,17,18,31,32,38|9,11,14,19,23,26|20,25,29,33,34,40
8,17,19,20,31,34|9,11,18,23,25,32|14,26,29,33,38,40
8,18,20,25,29,34|9,11,14,19,23,26|17,31,32,33,38,40
8,19,26,29,31,38|9,11,18,23,25,32|14,17,20,33,34,40
1,2,7,14,29,32|3,9,12,30,31,40|6,10,19,22,23,35
1,6,18,23,28,35|2,7,11,14,17,29|3,9,12,30,31,40
1,8,25,33,35,40|2,6,7,17,22,29|9,12,18,23,31,32
1,11,18,23,31,35|2,6,7,17,22,29|9,12,14,33,38,40
1,11,19,23,25,35|2,6,7,17,22,29|3,9,12,30,31,40
1,14,18,20,23,35|2,6,7,17,22,29|3,9,12,30,31,40
1,19,20,23,31,35|2,6,7,17,22,29|8,9,12,14,18,38
1,19,22,23,28,35|2,7,11,14,17,29|3,9,12,30,31,40
2,6,7,17,22,29|3,9,12,30,31,40|10,11,14,19,23,35
2,7,11,14,17,29|3,9,12,30,31,40|6,10,19,22,23,35
1,2,14,18,30,32|6,8,9,19,28,38|11,25,29,33,34,40
1,2,19,30,31,32|6,8,9,18,22,38|11,14,17,33,34,40
1,12,14,18,23,35|2,6,17,19,28,30|8,9,25,32,33,40
1,14,32,33,34,40|2,6,17,18,22,30|8,9,11,19,31,38
2,3,14,29,38,40|6,8,17,18,22,34|9,11,19,23,25,32
2,6,17,19,28,30|8,9,11,14,18,38|20,29,31,33,34,40
2,11,14,17,18,30|6,8,9,19,28,38|20,29,31,33,34,40
2,14,17,19,20,30|6,8,9,18,22,38|11,25,29,33,34,40
2,18,20,29,30,31|6,8,9,19,28,38|11,14,17,33,34,40
2,19,20,25,29,30|6,8,9,18,22,38|11,14,17,33,34,40
3,6,9,28,30,40|8,11,14,17,18,34|19,23,26,29,31,32
3,9,14,20,30,40|6,8,17,18,22,34|19,23,26,29,31,32
6,8,9,18,22,38|11,14,17,33,34,40|19,23,26,29,31,32
6,9,22,33,38,40|8,11,14,17,18,34|19,23,26,29,31,32
6,17,22,33,34,40|8,9,11,14,18,38|19,23,26,29,31,32
1,2,3,31,34,40|6,9,18,23,26,28|10,14,17,29,33,38
1,2,14,18,26,30|3,6,7,20,28,35|8,9,10,25,29,33
1,2,19,26,30,31|3,6,7,20,28,35|8,9,10,14,17,33
1,6,18,28,34,38|2,3,9,11,31,33|10,12,19,23,25,35
1,8,9,17,25,33|2,10,18,30,31,32|3,6,7,20,28,35
1,8,12,27,33,35|2,3,17,31,38,40|6,9,18,23,26,28
1,8,14,18,26,34|2,3,6,9,28,33|10,12,19,23,25,35
1,8,17,27,29,38|2,3,6,9,28,33|10,12,18,23,31,35
1,9,20,23,27,29|2,3,17,31,32,33|6,10,19,22,34,38
1,10,14,29,33,34|2,3,17,31,38,40|6,9,18,23,26,28
1,11,18,31,34,38|2,3,6,9,28,33|10,12,19,23,25,35
1,11,19,25,34,38|2,3,6,9,28,33|10,12,18,23,31,35
1,14,18,20,34,38|2,3,6,9,28,33|10,12,19,23,25,35
1,17,25,29,33,38|2,10,18,30,31,32|3,6,7,20,28,35
2,3,9,14,20,33|6,10,19,22,34,38|17,18,23,26,31,32
2,3,17,31,32,33|6,9,18,23,26,28|10,11,14,19,34,38
2,3,17,31,38,40|6,9,18,23,26,28|8,10,19,25,32,34
2,7,12,17,25,29|6,9,18,23,26,28|10,11,14,19,34,38
2,10,18,30,31,32|3,6,7,20,28,35|8,9,25,26,33,40
2,10,19,25,30,32|3,6,7,20,28,35|8,14,17,18,26,38
2,17,18,20,25,30|3,7,11,22,28,35|8,26,27,29,32,33
2,17,20,27,30,40|3,7,11,22,28,35|8,9,10,25,29,33
3,7,11,20,31,35|6,9,18,23,26,28|8,10,19,25,32,34
3,17,26,30,31,40|6,10,19,22,34,38|8,9,20,27,32,33
8,14,17,18,26,38|10,12,19,23,25,35|11,20,27,29,33,34
1,2,6,7,9,28|3,12,17,27,30,32|10,11,18,23,25,35
1,2,7,9,11,31|3,12,17,27,30,32|10,18,22,23,28,35
1,2,7,9,14,20|3,12,17,27,30,32|10,11,18,23,25,35
1,2,7,14,26,29|3,9,11,12,27,30|10,18,20,23,31,35
1,2,7,17,31,32|3,9,11,12,27,30|10,18,22,23,28,35
1,8,20,27,33,35|2,7,10,29,31,32|9,12,19,23,25,26
1,12,18,31,34,38|2,7,17,20,25,29|10,11,23,27,35,40
2,7,17,20,25,29|3,9,11,12,27,30|10,18,22,23,28,35
2,7,26,31,32,40|3,9,11,12,27,30|10,18,22,23,28,35
1,2,3,14,34,40|6,9,18,22,23,26|11,27,29,32,33,38
1,2,14,19,26,30|3,6,7,11,28,35|8,9,10,29,31,33
1,2,18,25,30,32|3,6,7,11,28,35|8,9,10,29,31,33
1,2,27,30,32,40|3,6,7,11,28,35|8,9,10,29,31,33
1,3,17,25,29,30|6,9,18,22,23,26|8,10,19,31,32,34
1,6,18,22,34,38|2,3,8,9,25,40|10,12,19,23,31,35
1,6,19,28,34,38|2,3,8,9,25,40|10,12,14,18,23,35
1,8,9,17,31,33|2,3,25,29,38,40|10,12,14,18,23,35
1,8,18,25,32,34|2,3,6,9,22,33|10,12,19,23,31,35
1,8,27,32,34,40|2,3,6,9,22,33|10,12,14,18,23,35
1,11,14,18,34,38|2,3,6,9,22,33|10,12,19,23,31,35
1,11,19,31,34,38|2,3,6,9,22,33|10,12,14,18,23,35
1,12,18,23,25,35|2,3,6,9,22,33|8,10,19,31,32,34
1,12,23,27,35,40|2,3,6,9,22,33|8,10,14,18,32,34
1,14,19,20,34,38|2,3,6,9,22,33|18,23,25,26,29,32
1,17,29,31,33,38|2,3,8,9,25,40|10,12,14,18,23,35
1,25,32,33,34,40|2,7,12,17,29,31|6,9,18,22,23,26
2,3,8,9,25,40|10,12,14,18,23,35|11,27,29,32,33,38
2,3,8,27,29,32|6,9,18,22,23,26|11,17,25,33,34,40
2,3,14,17,38,40|6,9,18,22,23,26|8,10,19,31,32,34
2,3,25,29,32,33|6,9,18,22,23,26|8,11,17,27,34,40
2,3,25,29,38,40|6,9,18,22,23,26|8,10,19,31,32,34
2,7,12,17,29,31|3,9,20,25,30,40|8,10,14,18,32,34
2,10,14,18,30,32|3,6,7,11,28,35|8,9,19,20,25,38
2,11,17,18,25,30|3,6,7,20,22,35|8,9,10,29,31,33
2,11,17,27,30,40|3,6,7,20,22,35|8,9,10,29,31,33
2,17,18,20,30,31|3,6,7,11,28,35|8,19,25,26,29,38|10,14,32,33,34,40
2,17,18,22,28,30|3,7,11,14,20,35|8,9,10,29,31,33
2,17,19,20,25,30|3,6,7,11,28,35|8,9,10,29,31,33
3,6,7,11,28,35|8,9,10,29,31,33|14,17,18,23,26,32
3,6,7,20,22,35|8,9,10,29,31,33|14,17,18,23,26,32
3,7,11,14,20,35|6,9,18,22,23,26|8,10,19,31,32,34
3,20,27,29,30,32|6,9,18,22,23,26|11,17,25,33,34,40
3,25,26,29,30,40|8,9,11,27,32,33|10,12,14,18,23,35
