1,8,9,16,31,33|2,3,6,21,38,40|11,19,23,26,32,39
1,8,9,21,22,33|2,3,14,16,38,40|10,13,23,29,31,32
1,8,13,25,29,38|2,3,6,21,32,33|9,10,14,16,23,40
1,9,11,13,23,31|2,3,6,21,32,33|8,10,29,38,39,40
1,9,13,14,20,23|2,3,6,21,32,33|8,10,29,38,39,40
1,9,16,23,25,40|2,3,6,21,32,33|8,10,13,14,29,38
1,9,20,23,39,40|2,3,6,21,32,33|8,10,13,14,29,38
1,11,29,33,38,39|2,3,8,13,31,32|6,9,10,21,23,40
1,13,14,23,26,29|2,3,6,21,32,33|8,11,16,18,25,34
1,13,17,23,31,32|2,3,6,21,38,40|8,11,16,18,25,34
1,16,23,27,29,32|2,3,6,21,38,40|8,11,18,20,34,39
1,16,29,31,33,38|2,11,18,20,30,39|6,9,10,21,23,40|8,15,19,25,28,34
1,21,22,29,33,38|2,3,8,13,31,32|9,10,14,16,23,40
1,23,26,29,39,40|2,3,6,21,32,33|8,11,16,18,25,34
2,3,14,16,32,33|6,8,19,21,26,38|13,17,20,23,25,29
2,3,14,16,38,40|6,11,13,28,33,34|15,17,22,23,27,29
2,7,11,12,29,39|3,6,15,27,30,32|8,13,14,26,38,40
2,7,12,16,29,31|3,6,15,27,30,32|8,11,18,20,34,39
2,7,12,21,22,29|3,6,15,27,30,32|8,11,16,18,25,34
2,11,16,18,25,30|6,8,19,21,26,38|10,13,23,29,31,32
2,11,16,27,30,40|6,8,19,21,26,38|10,13,23,29,31,32
2,11,18,20,30,39|6,8,19,21,26,38|9,10,14,16,23,40
2,11,18,21,28,30|6,13,20,22,33,34|8,10,29,38,39,40|16,19,23,26,31,32
2,13,20,25,30,40|6,8,19,21,26,38|11,16,17,23,27,29
2,14,18,25,30,31|6,8,19,21,26,38|11,16,17,23,27,29
2,14,27,30,31,40|6,8,19,21,26,38|13,17,20,23,25,29
2,15,18,22,25,30|6,8,19,21,26,38|9,10,14,16,23,40
2,15,18,28,30,31|6,8,19,21,26,38|9,10,14,16,23,40
2,15,19,25,28,30|6,9,10,21,23,40|8,11,18,20,34,39
2,15,22,27,30,40|6,8,19,21,26,38|10,13,23,29,31,32
2,16,18,20,30,31|6,8,19,21,26,38|15,17,22,23,27,29
2,16,18,22,28,30|6,8,19,21,26,38|10,13,23,29,31,32|11,20,33,34,39,40
2,16,19,20,25,30|6,9,10,21,23,40|8,13,14,26,32,33
2,18,20,21,22,30|6,11,13,28,33,34|8,10,29,38,39,40|16,19,23,26,31,32
2,19,20,21,28,30|8,10,13,14,29,38|11,16,25,33,34,40
3,6,10,21,29,30|8,11,16,18,25,34|13,14,20,32,33,38
3,6,15,27,30,32|8,10,13,14,29,38|11,16,25,33,34,40
3,10,14,16,29,30|6,8,19,21,26,38|11,20,33,34,39,40
3,11,13,25,30,32|6,8,19,21,26,38|9,10,14,16,23,40
3,13,20,30,31,32|6,8,19,21,26,38|9,10,14,16,23,40
3,13,22,28,30,32|6,8,19,21,26,38|9,10,14,16,23,40
3,14,16,26,30,40|6,11,13,28,33,34|8,18,20,32,38,39|15,17,22,23,27,29
6,9,10,21,23,40|8,11,16,18,25,34|13,14,20,32,33,38
6,11,13,28,33,34|8,10,29,38,39,40|14,16,18,23,26,32
6,13,20,22,33,34|8,10,29,38,39,40|14,16,18,23,26,32
6,13,28,32,33,38|8,11,16,18,25,34|14,17,23,27,29,31
6,18,21,23,26,32|8,10,13,14,29,38|11,16,25,33,34,40
8,10,13,14,29,38|11,16,25,33,34,40|19,21,22,23,26,32
8,10,29,38,39,40|11,13,14,20,33,34|16,19,23,26,31,32
8,14,16,19,26,38|10,13,23,29,31,32|11,20,33,34,39,40
8,14,18,25,31,34|11,16,17,23,27,29|20,32,33,38,39,40
8,15,18,22,25,34|9,10,14,16,23,40|11,13,31,32,33,38
8,15,19,25,28,34|9,10,14,16,23,40|11,13,31,32,33,38
8,16,18,25,32,38|11,13,14,20,33,34|15,17,22,23,27,29
8,18,20,21,22,34|9,10,14,16,23,40|11,13,31,32,33,38
8,19,20,21,28,34|9,10,14,16,23,40|11,13,31,32,33,38
1,3,11,17,30,39|2,7,12,16,25,29|6,8,9,10,21,33
1,3,16,17,30,31|2,7,12,20,29,39|6,8,9,10,21,33|13,23,25,26,32,40
1,3,17,21,22,30|2,7,12,16,25,29|6,11,15,27,33,34|8,13,26,31,38,40
1,6,9,15,23,27|2,3,8,13,25,32|10,14,16,29,33,38
1,6,17,21,33,38|2,3,8,13,25,32|9,10,11,23,39,40
1,8,9,16,25,33|2,3,6,13,22,38|10,17,23,32,39,40
1,8,9,20,33,39|2,3,6,13,22,38|14,17,23,25,27,29
1,8,9,21,28,33|2,3,6,13,22,38|10,17,23,32,39,40
1,8,13,17,31,38|2,3,11,32,33,39|9,10,21,22,23,40
1,8,16,27,29,38|2,3,11,32,33,39|6,9,10,13,22,23
1,8,26,29,33,39|2,3,6,13,22,38|9,10,16,23,31,40
1,9,11,13,23,25|2,3,16,31,32,33|6,8,18,21,26,38
1,9,13,20,23,31|2,3,11,32,33,39|6,8,18,21,26,38
1,9,13,22,23,28|2,3,11,32,33,39|6,8,18,21,26,38
1,13,17,23,25,32|2,3,11,38,39,40|6,8,9,10,21,33
1,13,23,26,29,31|2,3,11,32,33,39|8,14,25,27,34,40
1,14,16,17,33,38|2,3,8,13,25,32|9,10,11,23,39,40
1,16,25,29,33,38|2,6,7,12,17,21|3,11,13,14,26,30|8,15,27,28,34,40
1,20,29,33,38,39|2,3,8,13,25,32|9,10,16,23,31,40
1,21,28,29,33,38|2,3,8,13,25,32|9,10,11,23,39,40
2,3,6,13,22,38|8,9,10,14,16,33|11,18,23,26,32,39
2,3,11,13,14,38|6,8,9,10,21,33|15,17,23,27,28,29
2,3,11,32,33,39|6,8,18,21,26,38|9,10,16,23,31,40
2,3,11,38,39,40|6,8,9,10,21,33|14,17,23,25,27,29
2,3,16,31,32,33|6,8,18,21,26,38|9,10,11,13,14,23
2,3,16,31,38,40|6,8,9,10,21,33|11,18,23,26,32,39
2,3,21,22,38,40|6,11,15,27,33,34|10,13,14,17,23,32
2,6,7,12,17,21|3,10,11,29,30,39|8,13,26,31,32,33
2,7,12,14,16,17|3,6,13,22,26,30|8,15,18,25,28,34|9,10,11,23,39,40
2,7,12,16,25,29|3,6,13,22,26,30|8,15,27,28,34,40
2,7,12,20,29,39|3,6,13,22,26,30|8,9,10,14,16,33
2,7,12,21,28,29|3,6,13,22,26,30|8,9,10,14,16,33
2,14,25,27,30,40|6,8,9,10,21,33|11,18,23,26,32,39
2,15,18,25,28,30|6,8,9,10,21,33|16,17,20,23,27,29
2,15,27,28,30,40|6,8,9,10,21,33|11,18,23,26,32,39
2,16,18,20,25,30|6,8,9,10,21,33|15,17,23,27,28,29
2,16,20,27,30,40|6,8,9,10,21,33|11,18,23,26,32,39
2,18,20,21,28,30|6,9,10,13,22,23|8,11,19,26,38,39
3,6,13,22,26,30|8,9,10,14,16,33|15,17,23,27,28,29
3,10,11,29,30,39|6,8,18,21,26,38|15,25,28,33,34,40
3,10,16,29,30,31|6,8,18,21,26,38|11,13,22,28,33,34
3,10,21,22,29,30|6,11,15,27,33,34|8,13,26,31,38,40
3,11,13,14,26,30|6,8,9,10,21,33|15,17,23,27,28,29
3,11,26,30,39,40|6,8,9,10,21,33|14,17,23,25,27,29
3,13,20,25,30,32|6,8,9,10,21,33|15,17,23,27,28,29
3,16,26,30,31,40|6,8,9,10,21,33|14,17,23,25,27,29
3,21,22,26,30,40|6,11,15,27,33,34|8,10,13,29,31,38
6,8,18,21,26,38|9,10,11,13,14,23|15,25,28,33,34,40
6,9,10,13,22,23|8,11,19,26,38,39|15,25,28,33,34,40
6,10,21,29,33,38|8,14,25,27,34,40|11,18,23,26,32,39
6,11,15,27,33,34|8,10,13,29,31,38|16,19,23,25,26,32
6,13,20,28,33,34|8,11,19,26,38,39|9,10,16,23,31,40
6,14,22,27,33,34|8,10,13,29,31,38|11,18,23,26,32,39
6,15,27,32,33,38|8,16,18,20,25,34|9,10,11,13,14,23
6,21,26,33,38,40|8,15,18,25,28,34|9,10,11,13,14,23
8,10,13,29,31,38|11,18,23,26,32,39|15,25,28,33,34,40
8,16,19,26,31,38|9,10,11,13,14,23|15,25,28,33,34,40
8,19,21,22,26,38|9,10,11,13,14,23|15,25,28,33,34,40
1,6,9,21,23,40|2,11,14,16,18,30|8,15,19,22,31,34
1,9,14,16,23,40|2,6,11,18,21,30|8,15,19,22,31,34
1,13,23,29,31,32|2,6,11,18,21,30|8,14,15,19,28,34
2,14,15,19,28,30|6,8,11,18,21,34|16,17,23,25,29,40
2,15,19,22,30,31|6,8,11,18,21,34|13,14,17,20,23,29
3,6,13,22,30,32|8,11,14,16,18,34|17,20,23,29,39,40
3,11,13,14,30,32|6,8,15,18,31,34|16,17,23,25,29,40
3,11,30,32,39,40|6,8,15,18,31,34|13,14,17,20,23,29
3,16,30,31,32,40|6,8,11,18,21,34|13,14,17,20,23,29
3,21,22,30,32,40|6,8,15,18,31,34|13,14,17,20,23,29
6,8,15,19,25,34|11,13,17,23,29,31|14,16,32,33,38,40
6,8,18,21,32,38|11,13,17,23,29,31|14,15,22,33,34,40
6,8,19,20,21,34|11,13,17,23,29,31|14,16,32,33,38,40
6,15,31,33,34,40|8,11,19,32,38,39|13,14,17,20,23,29
6,16,22,33,34,40|8,11,19,32,38,39|13,14,17,20,23,29
1,3,11,29,30,39|6,8,15,18,25,34|13,14,23,26,32,40
1,3,16,29,30,31|6,8,15,18,25,34|11,13,14,32,33,38
1,3,21,22,29,30|6,8,15,18,25,34|11,13,14,32,33,38
1,6,8,9,21,33|2,7,12,14,16,29|3,11,13,30,31,32
1,8,9,14,16,33|2,6,7,12,21,29|3,11,13,30,31,32
1,8,13,29,31,38|2,6,15,18,25,30|11,21,22,33,34,40|14,16,19,23,26,32
1,13,14,17,23,32|2,6,7,12,21,29|8,11,16,18,31,34
1,13,23,25,29,32|2,6,15,27,30,40|8,11,16,18,31,34
1,17,23,32,39,40|2,6,7,12,21,29|8,11,16,18,31,34
2,3,8,13,14,32|6,15,17,23,27,29|11,16,31,33,34,40
2,6,7,12,21,29|3,11,13,30,31,32|8,14,15,18,28,34
2,6,15,18,25,30|8,11,19,20,34,39|10,13,14,23,29,32
2,6,15,27,30,40|8,11,16,18,31,34|10,13,14,23,29,32
2,6,18,20,21,30|8,11,13,25,34,40|14,16,19,23,26,32
2,7,12,14,16,29|3,6,13,28,30,32|8,11,18,21,22,34
2,11,16,18,30,31|6,8,15,27,34,40|10,13,14,23,29,32
2,11,16,19,25,30|6,8,15,27,34,40|10,13,14,23,29,32
2,11,18,21,22,30|6,8,15,27,34,40|10,13,14,23,29,32
2,11,19,20,30,39|6,8,15,18,25,34|10,13,14,23,29,32
2,11,19,21,28,30|6,8,15,18,25,34|10,13,14,23,29,32
2,13,20,30,31,40|6,8,15,18,25,34|14,16,19,23,26,32
2,13,22,28,30,40|6,8,15,18,25,34|14,16,19,23,26,32
2,14,15,18,28,30|6,11,13,22,33,34|8,16,19,25,32,38
2,14,16,18,20,30|6,8,15,27,34,40|11,13,17,23,25,29
2,14,19,25,30,31|6,8,15,27,34,40|13,17,22,23,28,29
2,15,18,22,30,31|6,16,28,33,34,40|8,19,20,32,38,39|11,13,17,23,25,29
2,15,19,22,25,30|6,8,16,18,28,34|10,13,14,23,29,32
2,15,19,28,30,31|6,8,18,20,21,34|10,13,14,23,29,32
2,16,19,20,30,31|6,8,15,18,25,34|10,13,14,23,29,32
2,16,19,22,28,30|6,8,15,18,25,34|10,13,14,23,29,32
2,19,20,21,22,30|6,8,15,18,25,34|10,13,14,23,29,32
3,16,25,30,32,40|6,8,18,20,21,34|13,17,22,23,28,29
3,20,30,32,39,40|6,8,15,18,25,34|13,17,22,23,28,29
3,21,28,30,32,40|6,8,15,18,25,34|13,17,20,23,29,31
6,15,25,33,34,40|8,11,18,32,38,39|13,17,20,23,29,31
6,16,28,33,34,40|8,11,18,32,38,39|13,17,20,23,29,31
6,20,21,33,34,40|8,11,18,32,38,39|13,17,22,23,28,29
8,11,18,32,38,39|13,17,20,23,29,31|14,15,28,33,34,40
8,16,18,31,32,38|11,13,17,23,25,29|14,15,28,33,34,40
8,16,19,25,32,38|11,21,22,33,34,40|13,17,20,23,29,31
8,18,21,22,32,38|11,13,17,23,25,29|14,15,28,33,34,40
8,19,20,32,38,39|11,13,17,23,25,29|14,15,28,33,34,40
8,19,21,28,32,38|11,13,17,23,25,29|14,16,20,33,34,40
1,2,6,21,29,33|3,11,14,16,34,40|15,18,22,25,30,32
1,2,8,13,29,31|3,6,11,21,34,40|14,15,19,22,26,30
1,2,14,16,29,33|3,6,11,21,34,40|15,18,22,25,30,32
1,11,13,14,17,30|2,6,15,19,31,38|7,12,21,22,29,32
1,13,20,29,30,31|2,6,11,19,21,38|3,14,15,22,34,40
1,17,21,22,30,40|2,6,14,15,18,38|7,11,12,29,32,39
2,6,11,19,21,38|3,8,16,17,29,31|13,20,25,30,32,40
2,6,13,22,38,40|3,8,11,17,29,39|14,18,25,30,31,32
2,6,14,15,18,38|3,8,11,17,29,39|13,20,25,30,32,40
2,6,15,19,31,38|3,8,11,17,29,39|13,20,25,30,32,40
2,6,16,19,22,38|3,8,11,17,29,39|13,20,25,30,32,40
2,8,16,18,31,32|3,6,11,21,34,40|14,15,19,22,26,30
2,8,18,21,22,32|3,6,15,31,34,40|10,11,13,14,29,30
2,8,19,21,28,32|3,6,15,31,34,40|10,11,13,14,29,30
2,11,13,14,38,40|3,8,16,17,29,31|15,18,22,25,30,32
2,11,14,16,19,38|3,6,15,31,34,40|7,12,21,22,29,32
2,11,32,33,39,40|3,8,16,17,29,31|6,7,9,12,14,15
2,14,15,19,22,38|3,6,11,21,34,40|7,12,16,29,31,32
2,16,31,32,33,40|3,8,11,17,29,39|6,7,9,12,14,15
2,21,22,32,33,40|3,8,11,17,29,39|6,7,9,12,14,15
3,6,11,21,34,40|7,12,16,29,31,32|14,15,19,22,26,30
3,8,11,17,29,39|6,7,9,12,14,15|13,20,25,30,32,40
3,8,16,17,29,31|6,7,9,12,14,15|11,18,20,30,32,39
3,8,17,21,22,29|6,7,9,12,14,15|11,16,18,25,30,32
3,14,15,22,34,40|6,11,19,21,26,30|7,12,16,29,31,32
1,2,6,17,21,33|3,8,10,29,32,39|7,9,11,12,16,31|13,22,26,28,30,40
1,2,8,13,17,31|3,11,16,25,34,40|6,7,9,12,20,21|14,15,18,26,28,30
1,2,8,16,27,29|3,6,11,13,28,34|7,9,12,15,22,31
1,2,14,16,17,33|3,6,11,13,28,34|7,9,12,15,22,31
1,2,16,25,29,33|3,6,11,13,28,34|7,9,12,15,22,31
1,2,20,29,33,39|3,6,11,13,28,34|7,9,12,15,22,31
1,2,21,28,29,33|3,6,13,20,22,34|7,9,11,12,16,31
1,3,8,9,11,39|2,6,10,21,29,33|7,12,16,17,31,32|13,22,26,28,30,40
1,3,8,9,16,31|2,6,10,21,29,33|7,11,12,17,32,39|13,22,26,28,30,40
1,3,8,9,21,22|2,6,15,18,25,38|7,11,12,17,32,39|10,13,20,29,30,31
1,3,8,17,32,39|2,6,10,21,29,33|7,9,11,12,16,31|13,22,26,28,30,40
1,3,11,29,38,39|2,6,8,18,21,26|7,9,12,14,15,28|10,16,17,30,31,40
1,3,16,29,31,38|2,6,8,18,21,26|7,9,12,14,15,28|10,11,17,30,39,40
1,3,21,22,29,38|2,6,15,27,32,33|7,9,11,12,16,31
1,6,15,17,27,30|2,8,10,13,29,31|3,11,16,25,34,40
1,10,13,14,30,32|2,6,8,18,21,26|3,11,16,25,34,40|7,9,12,15,22,31
1,10,30,32,39,40|2,6,8,18,21,26|3,11,13,14,20,34|7,9,12,15,22,31
1,11,13,17,25,30|2,6,8,18,21,26|3,15,28,31,34,40|7,9,12,14,16,20
1,13,17,20,30,31|2,6,8,18,21,26|3,11,16,25,34,40|7,9,12,14,15,28
1,13,17,22,28,30|2,6,8,18,21,26|3,11,16,25,34,40
1,14,25,27,29,30|2,6,8,18,21,26|3,11,13,31,32,38
1,15,27,28,29,30|2,6,8,18,21,26|3,11,13,14,20,34|7,12,16,17,31,32
1,16,20,27,29,30|2,6,8,18,21,26|3,11,13,31,32,38|7,9,12,14,15,28
2,6,8,18,21,26|3,11,13,14,20,34|7,9,12,15,22,31
2,6,10,21,29,33|3,8,13,14,26,32|7,9,11,12,16,31
2,6,15,18,25,38|3,8,10,29,32,39|7,9,11,12,16,31|13,22,26,28,30,40
2,6,15,27,32,33|3,11,13,14,20,34|10,16,17,30,31,40
2,6,15,27,38,40|3,8,10,29,32,39|7,9,11,12,16,31|19,20,21,22,26,30
2,6,16,18,28,38|3,8,10,29,32,39|7,9,11,12,21,22|13,20,26,30,31,40
2,6,18,20,21,38|3,8,10,29,32,39|7,9,11,12,16,31|13,22,26,28,30,40
2,6,21,26,33,40|3,8,10,29,32,39|7,9,11,12,16,31
2,8,10,13,29,31|3,11,16,25,34,40|6,7,9,12,20,21|14,15,18,26,28,30
2,8,11,13,27,32|3,14,25,31,34,40|6,7,9,12,16,28|19,20,21,22,26,30
2,8,11,19,26,39|3,6,13,20,22,34|7,9,12,14,15,28|10,16,17,30,31,40
2,8,14,16,18,26|3,6,11,13,28,34|7,9,12,15,22,31
2,8,16,19,26,31|3,6,11,13,28,34|7,12,17,21,22,32
2,8,19,21,22,26|3,6,11,13,28,34|7,9,12,14,16,20|25,27,30,31,32,40
2,10,14,16,29,33|3,6,11,13,28,34|7,9,12,15,22,31
2,11,13,25,32,33|3,15,28,31,34,40|6,7,9,12,20,21
2,11,13,25,38,40|3,8,10,29,32,39|6,7,9,12,16,28|15,18,22,26,30,31
2,11,16,18,31,38|3,6,13,20,22,34|7,9,12,14,15,28
2,11,16,19,25,38|3,6,13,20,22,34|7,9,12,14,15,28
2,11,18,21,22,38|3,8,10,29,32,39|6,7,9,12,15,25|13,20,26,30,31,40
2,11,19,20,38,39|3,8,13,14,26,32|6,7,9,12,15,25|10,16,17,30,31,40
2,11,19,21,28,38|3,6,13,20,22,34|7,12,14,16,26,29|25,27,30,31,32,40
2,13,20,31,32,33|3,11,16,25,34,40|6,7,12,21,26,29
2,13,20,31,38,40|3,8,10,29,32,39|6,7,9,12,15,25|11,18,21,22,26,30
2,13,22,28,32,33|3,11,16,25,34,40|6,7,9,12,20,21
2,13,22,28,38,40|3,8,10,29,32,39|6,7,9,12,15,25|11,16,18,26,30,31
2,14,15,18,28,38|3,6,13,20,22,34|7,9,11,12,16,31
2,14,16,18,20,38|3,6,11,13,28,34|7,9,12,15,22,31
2,14,16,26,33,40|3,6,11,13,28,34|7,9,12,15,22,31
2,14,19,25,31,38|3,6,11,13,28,34|7,12,17,21,22,32
2,15,18,22,31,38|3,6,11,13,28,34|7,9,12,14,16,20
2,15,19,22,25,38|3,6,11,13,28,34|7,9,12,14,16,20
2,15,19,28,31,38|3,6,13,20,22,34|7,11,12,17,32,39
2,16,19,20,31,38|3,6,11,13,28,34|7,12,17,21,22,32
2,16,19,22,28,38|3,8,10,29,32,39|6,7,9,12,15,25|13,20,26,30,31,40
2,19,20,21,22,38|3,6,11,13,28,34|7,12,14,16,26,29|25,27,30,31,32,40
3,6,11,13,28,34|7,9,12,14,16,20|10,17,21,22,30,40
3,6,13,20,22,34|7,9,11,12,16,31|14,15,18,26,28,30
3,6,13,28,32,38|7,9,11,12,16,31|10,17,21,22,30,40
3,8,10,29,32,39|6,7,9,12,15,25|11,16,18,26,30,31
3,8,13,14,26,32|6,7,9,12,15,25|10,11,17,30,39,40
3,8,26,32,39,40|6,7,9,12,15,25|10,11,13,14,17,30
3,11,13,14,20,34|6,7,9,12,15,25|10,16,17,30,31,40
3,11,13,31,32,38|6,7,9,12,15,25|10,17,21,22,30,40
3,11,16,25,34,40|6,7,9,12,20,21|10,13,22,28,29,30
3,11,20,34,39,40|6,7,9,12,15,25|10,13,22,28,29,30
3,11,21,28,34,40|6,7,9,12,15,25|10,13,20,29,30,31
3,13,14,20,32,38|6,7,9,12,15,25|10,11,17,30,39,40
3,14,25,31,34,40|6,7,9,12,16,28|11,13,20,27,30,32
3,15,22,25,34,40|6,7,9,12,16,28|10,11,13,14,17,30
3,15,28,31,34,40|6,7,9,12,20,21|10,11,13,14,17,30
3,16,20,31,34,40|6,7,9,12,15,25|10,11,13,14,17,30
3,16,22,28,34,40|6,7,9,12,15,25|10,11,13,14,17,30
3,16,25,32,38,40|6,7,9,12,20,21|10,11,13,14,17,30
3,20,21,22,34,40|6,7,9,12,15,25|10,11,13,14,17,30
3,20,32,38,39,40|6,7,9,12,15,25|10,11,13,14,17,30
3,21,28,32,38,40|6,7,9,12,15,25|10,11,13,14,17,30
1,2,8,13,14,17|3,6,15,25,34,40|7,12,20,29,32,39|11,16,19,26,30,31
1,2,8,13,25,29|3,6,16,28,34,40|7,9,12,14,15,22
1,2,8,17,39,40|3,6,11,13,22,34|7,12,16,25,29,32|14,15,19,26,28,30
1,2,11,29,33,39|3,6,13,22,32,38|10,14,16,17,30,40
1,2,16,29,31,33|3,6,11,13,22,34|14,15,19,26,28,30
1,2,21,22,29,33|3,6,15,25,34,40|7,9,11,12,14,16
1,3,6,8,9,21|2,11,13,31,32,33|10,14,16,17,30,40
1,3,6,21,29,38|2,8,13,14,26,40|15,18,25,28,30,32
1,3,8,9,14,16|2,6,11,18,21,38|7,12,20,29,32,39|15,19,22,26,30,31
1,3,14,16,29,38|2,6,8,19,21,26|15,18,25,28,30,32
1,6,13,17,28,30|2,8,10,29,39,40|7,9,11,12,14,16
1,11,13,17,30,31|2,6,8,19,21,26|3,14,15,28,34,40|7,12,16,25,29,32
1,11,16,27,29,30|2,6,8,19,21,26|3,14,15,28,34,40
1,13,14,17,20,30|2,6,8,19,21,26|3,11,16,31,34,40
1,13,20,25,29,30|2,6,8,19,21,26|3,11,16,31,34,40|7,9,12,14,15,22
1,14,27,29,30,31|2,6,8,19,21,26|3,11,32,38,39,40
1,15,22,27,29,30|2,6,8,19,21,26|3,11,13,14,32,38
1,16,17,25,30,40|2,6,8,19,21,26|3,11,13,14,32,38
1,17,20,30,39,40|2,6,8,19,21,26|3,11,13,14,32,38
1,17,21,28,30,40|2,6,15,18,31,38|7,9,11,12,14,16
2,6,8,19,21,26|3,11,13,14,32,38|10,16,25,29,30,40
2,6,11,18,21,38|3,8,16,17,25,29|7,9,12,14,15,22
2,6,13,28,32,33|3,8,16,17,25,29|7,9,12,14,15,22
2,6,13,28,38,40|3,8,16,17,25,29|7,9,12,14,15,22
2,6,15,18,31,38|3,8,16,17,25,29|11,19,21,22,26,30
2,6,15,19,25,38|3,8,17,20,29,39|7,9,11,12,14,16
2,6,16,18,22,38|3,8,17,20,29,39|11,13,26,30,31,40
2,6,16,19,28,38|3,8,17,20,29,39|7,9,12,14,15,22|11,13,26,30,31,40
2,6,19,20,21,38|3,8,16,17,25,29|7,9,12,14,15,22|11,13,26,30,31,40
2,8,10,13,14,29|3,6,15,25,34,40|11,16,19,26,30,31
2,8,10,29,39,40|3,6,11,13,22,34|7,12,14,16,17,32
2,8,13,14,26,40|6,7,9,11,12,21|15,18,25,28,30,32
2,8,14,16,19,26|3,6,11,13,22,34|7,12,20,29,32,39
2,8,16,18,25,32|3,6,11,13,22,34|10,20,29,30,39,40
2,8,16,27,32,40|3,6,11,13,22,34|14,15,19,26,28,30
2,8,18,20,32,39|3,6,11,13,22,34|10,14,16,17,30,40
2,8,18,21,28,32|3,6,11,13,22,34|10,14,16,17,30,40
2,11,13,31,32,33|3,6,15,25,34,40|14,16,19,20,26,30
2,11,13,31,38,40|3,8,16,17,25,29|6,19,20,21,26,30|7,9,12,14,15,22
2,11,14,16,18,38|3,6,15,25,34,40|7,12,20,29,32,39
2,11,16,19,31,38|3,6,15,25,34,40|7,12,20,29,32,39
2,11,19,21,22,38|3,6,15,25,34,40|7,12,14,16,17,32
2,13,14,20,32,33|3,6,15,25,34,40|11,16,19,26,30,31
2,13,14,20,38,40|3,8,16,17,25,29|6,7,9,11,12,21|15,19,22,26,30,31
2,14,15,18,22,38|3,6,16,28,34,40|7,12,20,29,32,39
2,14,15,19,28,38|3,6,11,13,22,34|7,12,16,25,29,32
2,14,16,19,20,38|3,6,11,13,22,34|7,12,21,28,29,32
2,15,19,22,31,38|3,6,16,28,34,40|7,12,20,29,32,39
2,16,25,32,33,40|3,6,11,13,22,34|14,15,19,26,28,30
2,20,32,33,39,40|3,6,11,13,22,34|14,15,19,26,28,30
2,21,28,32,33,40|3,6,11,13,22,34|14,16,19,20,26,30
3,6,11,13,22,34|7,12,14,16,17,32|10,20,29,30,39,40
3,6,13,22,32,38|7,9,11,12,14,16|10,20,29,30,39,40
3,6,15,25,34,40|7,9,11,12,14,16|18,20,21,28,30,32
3,6,16,28,34,40|7,9,12,14,15,22|10,11,13,29,30,31
3,6,20,21,34,40|7,9,11,12,14,16|15,18,25,28,30,32
3,8,16,17,25,29|6,7,9,11,12,21|13,14,20,26,30,40
3,8,17,20,29,39|6,7,9,11,12,21|14,15,18,22,26,30
3,8,17,21,28,29|6,7,9,12,15,31|11,14,16,18,26,30
3,11,13,14,32,38|6,7,9,12,15,31|10,16,25,29,30,40
3,11,16,31,34,40|6,7,12,17,21,32|10,13,14,20,29,30
3,11,21,22,34,40|6,7,9,12,15,31|10,13,14,20,29,30
3,11,32,38,39,40|6,7,9,12,15,31|10,13,14,20,29,30
3,14,15,28,34,40|6,7,9,11,12,21|16,18,20,25,30,32
3,14,16,20,34,40|6,7,9,11,12,21|15,18,25,28,30,32
3,15,22,31,34,40|6,7,9,11,12,21|10,13,14,20,29,30
3,16,31,32,38,40|6,7,9,11,12,21|10,13,14,20,29,30
3,21,22,32,38,40|6,7,9,12,15,31|10,13,14,20,29,30
1,2,8,16,17,27|3,6,13,22,26,38|7,9,12,15,25,28
1,2,16,17,25,33|3,6,13,22,26,38|7,9,12,20,21,28
1,2,17,20,33,39|3,6,13,22,26,38|7,9,12,15,25,28
1,2,17,21,28,33|3,6,13,22,26,38|7,9,12,16,20,25
1,3,11,17,38,39|2,6,13,26,28,33|7,9,12,16,20,25
1,3,16,17,31,38|2,6,13,26,28,33|10,14,25,27,29,30
1,3,17,21,22,38|2,6,13,26,28,33|7,9,12,16,20,25
1,10,13,25,30,32|2,8,16,26,27,40|7,9,12,20,21,28
1,14,17,25,27,30|2,6,13,26,28,33|3,8,9,10,11,39
1,15,17,27,28,30|2,8,16,18,25,26|3,10,11,29,38,39
1,16,17,20,27,30|2,6,13,26,28,33|3,8,9,10,11,39
2,8,10,13,17,31|3,6,14,27,28,34|7,9,12,16,20,25
2,8,10,16,27,29|3,6,13,22,26,38|7,9,12,15,25,28
2,8,16,18,25,26|3,6,14,27,28,34|10,13,17,20,30,31
2,8,16,26,27,40|3,10,11,29,38,39|7,9,12,15,25,28
2,8,18,20,26,39|3,6,14,27,28,34|10,11,13,17,25,30
2,8,18,21,26,28|3,6,15,20,27,34|10,11,13,17,25,30
2,10,14,16,17,33|3,6,13,22,26,38|7,9,12,15,25,28
2,10,16,25,29,33|3,6,13,22,26,38|7,9,12,20,21,28
2,10,20,29,33,39|3,6,13,22,26,38|7,9,12,15,25,28
2,10,21,28,29,33|3,6,13,22,26,38|7,9,12,16,20,25
2,11,13,26,31,33|3,6,14,27,28,34|7,9,12,16,20,25
2,13,14,20,26,33|3,6,22,27,31,34|7,9,12,15,25,28
2,14,25,27,32,33|3,6,13,22,26,38|7,9,12,20,21,28
2,14,25,27,38,40|3,8,9,10,11,39|6,7,12,17,21,26
2,15,18,25,28,38|3,6,22,27,31,34|7,12,14,16,17,26
2,15,27,28,32,33|3,6,13,22,26,38|7,9,12,16,20,25
2,15,27,28,38,40|3,8,9,10,11,39|6,7,12,17,21,26
2,16,20,27,32,33|3,6,13,22,26,38|7,9,12,15,25,28
2,16,20,27,38,40|3,8,9,10,11,39|6,7,12,17,21,26
2,16,25,26,33,40|3,6,14,27,28,34|10,13,17,20,30,31
2,18,20,21,28,38|3,6,22,27,31,34|7,12,14,16,17,26
2,20,26,33,39,40|3,6,14,27,28,34|10,11,13,17,25,30
2,21,26,28,33,40|3,6,15,20,27,34|10,11,13,17,25,30
3,6,13,22,26,38|7,9,12,15,25,28|10,16,20,27,29,30
3,8,10,17,32,39|7,9,12,15,25,28|16,20,26,27,30,40
3,8,13,25,26,32|6,10,15,17,27,30|7,9,12,20,21,28
3,10,21,22,29,38|7,9,12,15,25,28|16,20,26,27,30,40
3,11,13,14,26,38|6,10,15,17,27,30|7,9,12,16,20,25
3,11,13,20,25,34|6,7,12,17,21,26|10,15,27,28,29,30
3,11,26,32,33,39|6,10,15,17,27,30|7,9,12,16,20,25
3,11,26,38,39,40|6,10,15,17,27,30|7,9,12,16,20,25
3,13,20,22,28,34|6,7,12,17,21,26|10,14,25,27,29,30
3,13,20,25,32,38|6,7,12,17,21,26|10,15,27,28,29,30
3,16,26,31,32,33|6,10,15,17,27,30|7,9,12,20,21,28
3,16,26,31,38,40|6,10,15,17,27,30|7,9,12,20,21,28
3,21,22,26,32,33|6,10,15,17,27,30|7,9,12,16,20,25
3,21,22,26,38,40|6,10,15,17,27,30|7,9,12,16,20,25
1,2,8,13,17,25|3,6,10,21,29,38|7,9,11,12,20,39|14,26,27,30,31,40
1,2,11,17,33,39|3,6,8,9,10,21|7,12,16,26,29,31
1,2,16,17,31,33|3,6,8,9,10,21|7,11,12,26,29,39
1,2,17,21,22,33|3,6,11,15,27,34|7,9,12,14,25,31
1,3,6,17,21,38|2,8,10,13,25,29|7,9,11,12,20,39|14,26,27,30,31,40
1,3,8,9,16,25|2,6,13,22,26,33|7,12,17,20,32,39|10,14,27,29,30,31
1,3,8,9,20,39|2,6,13,22,26,33|7,12,16,17,25,32|10,14,27,29,30,31
1,3,8,9,21,28|2,6,13,22,26,33|7,12,16,17,25,32|10,14,27,29,30,31
1,3,8,26,29,39|2,11,16,18,25,38|6,10,13,17,28,30|7,9,12,20,21,22
1,3,14,16,17,38|2,6,13,22,26,33|7,9,11,12,20,39
1,3,16,25,29,38|2,6,13,22,26,33|7,9,11,12,20,39|10,17,21,28,30,40
1,3,20,29,38,39|2,6,13,22,26,33|7,9,11,12,16,25|10,17,21,28,30,40
1,3,21,28,29,38|2,6,13,22,26,33|7,9,11,12,16,25|10,17,20,30,39,40
1,10,13,30,31,32|2,8,11,18,26,39|3,6,14,22,27,34
1,11,16,17,27,30|2,6,13,22,26,33|3,15,25,28,34,40
1,13,17,20,25,30|2,8,11,18,26,39|3,6,10,21,29,38|7,9,12,15,28,31
1,14,17,27,30,31|2,6,13,22,26,33|3,15,25,28,34,40|7,9,11,12,20,39
1,15,17,22,27,30|2,8,10,13,25,29|3,6,21,26,32,33|7,9,11,12,20,39
1,25,27,29,30,31|2,6,13,22,26,33|3,8,9,10,14,16|7,12,17,20,32,39
2,6,13,22,26,33|3,8,9,10,14,16|7,12,17,20,32,39
2,8,10,13,14,17|3,6,11,15,27,34|7,9,12,16,20,31
2,8,10,13,25,29|3,6,11,15,27,34|7,9,12,16,20,31
2,8,10,17,39,40|3,6,11,15,27,34|7,9,12,14,25,31|16,18,22,26,28,30
2,8,11,18,26,39|3,6,10,21,29,38|7,9,12,14,25,31
2,8,13,20,27,32|3,6,10,21,29,38|7,9,11,12,16,25|15,18,26,28,30,31
2,8,13,25,26,40|3,6,10,21,29,38|7,9,11,12,20,39
2,8,16,18,26,31|3,6,10,21,29,38|7,9,11,12,20,39
2,8,16,19,25,26|3,6,10,21,29,38|7,9,11,12,20,39
2,8,18,21,22,26|3,6,11,15,27,34|7,9,12,14,25,31|10,17,20,30,39,40
2,8,19,20,26,39|3,6,10,21,29,38|7,9,11,12,16,25
2,8,19,21,26,28|3,6,11,15,27,34|7,9,12,14,25,31|10,17,20,30,39,40
2,10,11,29,33,39|3,6,13,20,28,34|7,9,12,14,25,31|15,22,26,27,30,40
2,10,16,29,31,33|3,6,11,15,27,34|7,9,12,20,21,22
2,10,21,22,29,33|3,6,11,15,27,34|7,9,12,14,25,31
2,11,13,14,26,33|3,6,8,9,10,21|7,12,16,17,25,32
2,11,16,18,25,38|3,6,8,9,10,21|7,12,17,20,32,39|14,26,27,30,31,40
2,11,16,27,32,33|3,6,8,9,10,21|13,20,25,26,30,40
2,11,16,27,38,40|3,6,8,9,10,21|7,12,17,20,32,39|14,18,25,26,30,31
2,11,18,20,38,39|3,6,8,9,10,21|7,12,16,17,25,32|14,26,27,30,31,40
2,11,18,21,28,38|3,6,14,22,27,34|7,9,12,16,20,31
2,11,26,33,39,40|3,6,8,9,10,21|7,12,16,17,25,32
2,13,20,25,32,33|3,6,8,9,10,21|7,11,12,26,29,39
2,13,20,25,38,40|3,6,8,9,10,21|7,11,12,26,29,39
2,14,18,25,31,38|3,6,8,9,10,21|7,11,12,26,29,39
2,14,27,31,32,33|3,6,8,9,10,21|7,11,12,26,29,39
2,14,27,31,38,40|3,6,8,9,10,21|7,11,12,26,29,39
2,15,18,22,25,38|3,6,8,9,10,21|7,11,12,26,29,39
2,15,18,28,31,38|3,6,8,9,10,21|7,11,12,26,29,39
2,15,19,25,28,38|3,6,8,9,10,21|7,11,12,26,29,39
2,15,22,27,32,33|3,6,8,9,10,21|7,11,12,26,29,39
2,15,22,27,38,40|3,6,8,9,10,21|7,11,12,26,29,39
2,16,18,20,31,38|3,6,8,9,10,21|7,11,12,26,29,39
2,16,18,22,28,38|3,6,8,9,10,21|7,11,12,26,29,39
2,16,19,20,25,38|3,6,8,9,10,21|7,11,12,26,29,39
2,16,26,31,33,40|3,6,8,9,10,21|7,12,17,20,32,39
2,18,20,21,22,38|3,6,11,15,27,34|7,9,12,14,25,31
2,19,20,21,28,38|3,6,11,15,27,34|7,9,12,14,25,31
2,21,22,26,33,40|3,6,11,15,27,34|7,9,12,14,25,31
3,6,10,21,29,38|7,9,11,12,16,25|14,26,27,30,31,40
3,6,11,15,27,34|7,9,12,14,25,31|10,17,20,30,39,40
3,6,13,20,28,34|7,9,11,12,16,25|10,14,27,29,30,31
3,6,14,22,27,34|7,9,11,12,16,25|10,17,20,30,39,40
3,6,15,27,32,38|7,9,11,12,16,25|10,13,14,17,20,30
3,6,21,26,32,33|7,9,11,12,16,25|10,13,14,17,20,30
3,6,21,26,38,40|7,9,11,12,16,25|10,13,14,17,20,30
3,8,13,26,31,32|7,9,11,12,16,25|10,15,22,27,29,30
3,10,14,16,29,38|7,9,11,12,20,39|15,18,22,25,26,30
3,11,13,20,31,34|7,9,12,15,22,25|10,17,21,28,30,40
3,11,13,22,28,34|7,9,12,14,25,31|10,17,20,30,39,40
3,11,13,25,32,38|7,9,12,15,28,31|10,17,20,30,39,40
3,13,20,31,32,38|7,9,11,12,16,25|10,15,22,27,29,30
3,13,22,28,32,38|7,9,11,12,16,25|10,14,27,29,30,31
3,14,16,26,32,33|6,10,13,17,28,30|7,9,11,12,20,39
3,14,16,26,38,40|6,10,13,17,28,30|7,9,11,12,20,39
3,15,25,28,34,40|7,9,11,12,20,39|10,14,27,29,30,31
3,16,20,25,34,40|6,10,13,17,28,30|7,11,12,26,29,39
3,20,21,28,34,40|7,9,11,12,16,25|10,14,27,29,30,31
1,2,10,13,31,38|3,6,25,27,28,34|7,12,17,20,26,39
1,2,10,13,14,38|3,6,22,25,27,34|7,11,12,17,26,39
1,2,10,38,39,40|3,6,22,25,27,34|7,12,16,17,26,31
1,7,12,26,32,39|2,8,10,13,17,25|3,6,27,28,31,34
1,17,25,27,30,31|2,13,22,26,28,33|3,8,9,10,20,39
2,11,13,20,27,38|3,8,9,10,16,25|7,12,17,21,22,26
2,25,27,31,38,40|3,8,9,10,20,39|7,12,17,21,22,26
1,7,12,22,30,32|6,8,10,29,33,38|11,19,20,23,28,34
2,6,7,8,12,17|3,11,28,30,32,33|10,22,23,29,38,40
2,7,8,12,28,29|3,20,22,30,32,33|6,11,19,23,26,38
1,2,3,23,28,29|6,7,10,12,30,32|8,22,26,33,38,40
1,6,10,23,34,40|2,3,8,28,32,33|7,12,17,20,22,30
1,7,12,28,30,32|2,3,6,10,23,29|8,22,26,33,38,40
1,9,20,22,23,33|2,3,8,28,38,40|6,7,10,12,30,32
1,22,23,26,29,33|2,3,8,28,38,40|6,7,10,12,30,32
2,3,6,10,23,29|7,11,12,17,28,30|8,22,26,33,38,40
2,3,6,11,33,38|7,12,17,20,22,30|8,9,10,23,28,40
2,3,6,23,26,40|7,11,12,17,28,30|8,10,22,29,33,38
2,7,8,12,17,22|3,6,11,26,30,33|10,23,28,29,38,40
6,7,10,12,30,32|8,22,26,33,38,40|11,18,20,23,28,34
1,6,8,10,33,34|2,3,22,23,26,40|7,12,17,20,28,30
1,10,22,23,34,40|2,3,6,8,26,33|7,12,17,20,28,30
1,6,13,22,27,34|2,3,17,25,39,40|10,15,18,21,32,38
1,8,9,10,13,16|2,3,11,27,29,39|17,18,21,22,25,38
1,10,13,16,29,38|2,3,17,25,39,40|6,9,20,21,27,33
1,11,13,14,27,34|2,3,17,25,39,40|10,15,18,21,32,38
1,11,18,25,34,39|2,3,13,15,17,28|6,9,20,21,27,33
1,11,27,34,39,40|2,3,13,14,17,25|10,15,18,21,32,38
1,13,14,27,32,38|2,3,17,25,39,40|6,10,18,21,31,34
1,13,16,26,32,33|2,3,11,27,29,39|6,10,18,21,31,34
1,13,16,26,38,40|2,3,11,27,29,39|6,10,18,21,31,34
1,14,19,26,38,39|2,3,13,15,17,28|6,9,20,21,27,33
1,15,19,21,26,38|2,3,11,27,29,39|9,13,20,25,31,33
1,16,18,25,31,34|2,3,11,27,29,39|13,15,17,22,26,33
1,16,27,31,34,40|2,3,13,14,17,25|10,15,18,21,32,38
1,18,20,31,34,39|2,3,13,14,17,25|6,9,16,27,28,33
1,18,21,22,25,34|2,3,11,27,29,39|13,14,17,26,31,33
1,18,21,28,31,34|2,3,11,27,29,39|13,15,17,22,26,33
1,18,22,28,34,39|2,3,13,14,17,25|6,9,20,21,27,33
1,18,25,32,38,39|2,3,13,15,17,28|6,9,20,21,27,33
1,19,20,25,34,39|2,3,13,15,17,28|6,21,26,27,29,33
1,19,21,25,28,34|2,3,11,27,29,39|13,14,17,26,31,33
1,21,22,27,34,40|2,3,13,14,17,25|10,19,31,32,38,39
1,27,32,38,39,40|2,3,13,14,17,25|6,10,18,21,31,34
2,3,11,27,29,39|6,10,18,21,31,34|9,13,22,25,28,33
2,3,13,14,17,25|6,9,16,27,28,33|10,11,15,18,21,34
2,3,13,15,17,28|6,9,20,21,27,33|10,11,14,18,34,39
2,3,13,16,17,20|6,9,15,25,27,33|10,11,14,18,34,39
2,3,16,27,29,31|6,10,18,22,34,39|17,19,21,25,28,38
2,3,17,25,39,40|6,9,16,27,28,33|10,11,15,18,21,34
2,3,21,22,27,29|6,10,19,28,34,39|9,13,20,25,31,33
6,9,15,25,27,33|8,17,18,26,31,39|10,13,16,20,34,40
6,9,16,27,28,33|8,17,18,26,31,39|10,13,14,25,34,40
6,9,20,21,27,33|8,17,18,26,31,39|10,13,14,25,34,40
6,10,19,21,25,34|8,9,13,20,27,31|17,18,22,28,38,39
8,9,13,20,27,31|10,11,14,18,34,39|17,19,21,25,28,38
8,13,26,27,29,31|10,11,14,18,34,39|17,19,21,25,28,38
8,17,18,26,31,39|9,11,21,22,27,33|10,13,14,25,34,40
8,17,19,25,26,39|9,11,16,27,31,33|10,13,15,28,34,40
9,11,16,27,31,33|10,13,14,25,34,40|17,18,22,28,38,39
9,11,21,22,27,33|10,13,14,25,34,40|17,18,20,31,38,39
9,13,20,25,31,33|10,11,14,18,34,39|17,21,22,27,38,40
9,13,22,25,28,33|10,11,14,18,34,39|16,17,27,31,38,40
9,14,15,27,28,33|10,11,19,31,34,39|17,18,21,22,25,38
9,15,22,27,31,33|10,11,14,18,34,39|17,19,21,25,28,38
10,13,15,28,34,40|11,17,18,25,38,39|14,16,26,27,29,33
1,14,18,26,38,39|2,3,6,17,21,27|10,13,25,31,34,40
1,15,18,21,26,38|2,3,10,13,16,32|9,11,20,27,33,39
1,16,25,27,34,40|10,18,31,32,38,39|13,15,17,26,28,33
1,18,21,25,28,34|2,3,10,13,16,32|8,17,26,27,39,40
1,19,26,31,38,39|2,3,6,17,21,27|10,14,16,18,25,34
1,20,27,34,39,40|2,3,10,13,16,32|17,18,21,25,28,38
1,21,27,28,34,40|2,3,10,13,16,32|8,17,18,25,26,39
2,3,10,13,16,32|8,17,18,25,26,39|9,11,21,27,28,33
2,3,13,17,25,31|6,10,18,28,34,39|9,20,21,22,27,33
2,3,20,27,29,39|6,10,18,21,25,34|13,15,17,26,28,33
1,2,3,13,16,26|9,15,25,27,28,33|10,18,20,31,34,39
1,6,14,18,21,34|2,3,11,13,16,29|8,9,19,20,31,39
1,6,15,16,18,34|2,3,13,14,29,31|8,9,11,19,25,39
1,6,19,21,31,34|2,3,11,13,16,29|8,9,14,18,20,39
1,6,19,22,34,39|2,3,11,13,16,29|8,9,14,18,21,28
1,11,13,16,34,40|6,8,9,18,21,25|19,20,29,31,38,39
1,11,14,19,34,39|2,3,13,15,22,29|6,8,9,18,21,25
1,11,15,19,21,34|2,3,13,14,29,31|6,8,9,18,28,39
1,13,14,31,34,40|6,8,9,18,21,25|15,16,17,19,22,38
1,13,15,22,34,40|6,8,9,18,21,25|11,14,17,19,38,39
1,14,16,19,31,34|2,3,13,15,22,29|6,8,9,18,21,25
1,14,19,21,22,34|2,3,11,13,16,29|6,8,9,18,28,39
1,14,19,32,38,39|2,3,11,13,16,29|6,8,9,18,21,25
1,15,16,19,22,34|2,3,13,14,29,31|6,8,9,18,21,25
1,15,19,21,32,38|2,3,11,13,16,29|6,8,9,18,28,39
2,3,11,13,16,29|6,8,9,18,21,25|17,31,32,33,39,40
2,3,13,14,29,31|6,8,9,18,21,25|15,16,17,19,22,38
2,3,13,15,22,29|6,8,9,18,21,25|11,14,17,19,38,39
2,3,29,31,39,40|6,8,9,18,21,25|11,13,16,17,32,33
6,8,9,18,21,25|11,13,16,17,32,33|19,20,29,31,38,39
6,8,9,18,28,39|11,13,16,17,32,33|19,21,22,25,29,38
6,8,9,21,27,40|11,13,16,17,32,33|14,18,20,29,38,39
6,9,13,22,31,33|8,14,18,26,29,39|11,15,17,19,21,38
6,9,21,25,33,40|8,13,27,29,31,32|11,14,17,19,38,39
6,9,28,33,39,40|8,13,27,29,31,32|11,15,17,19,21,38
6,13,15,26,29,33|8,9,11,18,31,39|14,17,19,21,22,38
6,17,19,22,38,39|8,9,13,25,31,40|14,16,27,29,32,33
6,18,21,25,29,38|8,9,14,16,27,40|13,15,17,22,32,33
6,21,27,29,32,33|8,9,11,18,31,39|13,15,17,22,38,40
6,21,27,29,38,40|8,9,11,18,31,39|13,15,17,22,32,33
8,9,11,18,31,39|13,15,17,22,32,33|14,16,27,29,38,40
8,9,11,19,25,39|13,14,17,31,32,33|15,16,18,28,29,38
8,9,14,16,27,40|11,15,17,19,21,38|13,25,29,31,32,33
8,9,14,18,20,39|11,13,16,17,32,33|19,21,22,25,29,38
8,9,14,18,21,28|11,13,16,17,32,33|19,20,29,31,38,39
8,9,15,16,18,28|11,14,17,19,38,39|13,25,29,31,32,33
8,9,15,18,20,21|11,13,16,17,32,33|19,22,28,29,38,39
8,9,16,19,25,31|13,15,17,22,32,33|14,18,20,29,38,39
8,9,19,20,31,39|11,13,16,17,32,33|14,18,21,28,29,38
8,9,19,21,22,25|11,13,16,17,32,33|14,18,20,29,38,39
8,9,19,21,28,31|11,13,16,17,32,33|14,18,20,29,38,39
8,9,19,22,28,39|11,13,16,17,32,33|15,18,20,21,29,38
8,13,27,29,31,32|9,14,16,25,33,40|11,15,17,19,21,38
8,17,18,31,32,39|9,11,13,15,22,33|14,16,27,29,38,40
8,17,19,25,32,39|9,11,13,14,31,33|15,16,18,28,29,38
1,6,13,15,34,40|8,9,11,14,18,39|19,21,22,29,31,38
6,9,11,13,15,33|8,14,17,18,32,39|19,21,22,29,31,38
6,9,13,14,22,33|8,15,17,18,21,32|11,19,29,31,38,39
6,13,15,17,32,33|8,9,11,14,18,39|19,21,22,29,31,38
1,2,3,13,16,32|6,9,11,21,27,33|8,14,17,18,26,39
1,6,18,21,25,34|2,3,11,13,16,17|8,9,20,27,39,40
1,6,18,28,34,39|2,3,11,13,16,17|9,14,15,22,27,33
1,6,21,27,34,40|2,3,11,13,16,17|8,9,18,20,25,39
1,8,17,27,29,39|6,9,13,25,28,33|10,11,15,19,21,34
1,11,18,31,34,39|2,3,6,21,27,29|9,13,14,20,25,33
1,11,19,25,34,39|2,3,6,21,27,29|9,13,15,20,28,33
1,13,25,31,34,40|2,3,6,21,27,29|8,14,17,18,26,39
1,14,16,18,25,34|2,3,6,21,27,29|8,17,19,26,31,39|9,13,15,20,28,33
1,14,16,27,34,40|2,3,13,15,17,22|8,9,18,20,25,39
1,14,18,20,34,39|2,3,6,21,27,29|9,11,13,25,31,33
1,14,18,21,28,34|2,3,11,13,16,17|6,9,15,27,31,33
1,15,16,18,28,34|2,3,6,21,27,29|8,17,19,26,31,39|9,13,14,20,25,33
1,15,18,20,21,34|2,3,11,13,16,17|8,26,27,29,39,40
1,16,19,25,31,34|2,3,6,21,27,29|8,14,17,18,26,39|9,13,15,20,28,33
1,17,25,29,33,39|6,8,9,13,27,28|10,11,15,19,21,34
1,18,21,22,31,34|2,3,11,13,16,17|8,9,20,27,39,40
1,18,31,32,38,39|2,3,6,21,27,29|9,13,14,20,25,33|10,15,16,19,22,34
1,19,20,31,34,39|2,3,6,21,27,29|10,13,16,32,38,40
1,19,21,22,25,34|2,3,11,13,16,17|6,9,15,27,31,33
1,19,21,28,31,34|2,3,11,13,16,17|8,9,18,20,25,39
1,19,22,28,34,39|2,3,6,21,27,29|9,11,13,25,31,33
1,19,25,32,38,39|2,3,6,21,27,29|9,13,15,20,28,33
2,3,6,21,27,29|8,9,18,20,25,39|10,11,13,16,34,40
2,3,11,13,16,17|6,9,15,27,31,33|8,18,25,26,29,39|10,14,19,21,22,34
2,3,13,14,17,31|6,9,11,21,27,33|8,18,25,26,29,39|10,15,16,19,22,34
