2,3,6,9,13,25|10,14,18,21,32,34|15,16,17,19,26,38
2,3,9,13,14,28|6,10,18,32,34,39|15,16,17,19,26,38
2,3,9,13,15,20|6,10,18,32,34,39|14,17,19,21,26,38
2,3,9,13,22,31|6,10,18,32,34,39|14,17,19,21,26,38
2,3,9,21,25,40|6,10,18,32,34,39|15,16,17,19,26,38
2,3,9,28,39,40|6,11,13,17,27,34|18,21,26,29,31,38
2,3,13,15,26,29|6,10,18,32,34,39|9,11,21,27,38,40
2,3,21,27,29,32|6,9,13,26,31,33|11,17,18,28,34,39
8,9,18,21,26,31|10,12,13,15,33,35|16,17,19,25,28,34
8,9,18,22,26,39|10,12,13,15,33,35|11,17,21,27,34,40
8,9,19,21,25,26|10,12,13,15,33,35|11,17,18,28,34,39
8,9,19,26,28,39|10,12,13,15,33,35|11,17,18,21,25,34
9,11,18,21,25,38|10,12,13,15,33,35|16,17,22,27,34,40
9,11,18,28,38,39|10,12,13,15,33,35|16,17,22,27,34,40
9,11,21,27,38,40|10,12,13,15,33,35|16,17,18,22,25,34
9,13,25,28,32,33|11,17,21,27,34,40|18,22,26,29,38,39
9,15,27,31,32,33|11,17,18,21,25,34|19,26,28,29,38,39
9,16,18,22,25,38|10,12,13,15,33,35|11,17,21,27,34,40
9,16,18,28,31,38|10,12,13,15,33,35|11,17,21,27,34,40
9,16,19,25,28,38|10,12,13,15,33,35|11,17,21,27,34,40
9,16,22,27,38,40|10,12,13,15,33,35|11,17,18,21,25,34
9,18,20,21,31,38|10,12,13,15,33,35|16,17,19,25,28,34
9,18,20,22,38,39|10,12,13,15,33,35|11,17,21,27,34,40
9,19,20,21,25,38|10,12,13,15,33,35|11,17,18,28,34,39
9,19,20,28,38,39|10,12,13,15,33,35|11,17,18,21,25,34
10,12,13,15,33,35|11,17,18,21,25,34|19,26,28,29,38,39
1,9,17,21,25,33|6,13,26,27,29,38|10,18,22,32,34,39
1,9,17,28,33,39|6,13,26,27,29,38|10,18,21,31,32,34
1,12,21,27,33,35|2,3,9,13,22,25|6,17,18,26,38,39
1,13,22,27,32,34|6,9,10,17,33,39|18,21,25,26,29,38
1,17,21,27,29,38|2,3,9,13,22,25|10,19,28,32,34,39
2,3,6,9,16,27|10,18,21,31,32,34|17,19,22,26,38,39
2,3,9,13,28,31|6,17,18,26,38,39|10,19,21,25,32,34
2,3,9,14,15,27|6,17,18,26,38,39|10,19,21,25,32,34
1,8,21,25,27,30|2,10,13,15,23,31|7,12,14,28,38,39
1,8,27,28,30,39|2,10,11,13,21,23|7,12,15,16,25,38
1,2,13,15,23,25|6,7,12,31,38,39|10,11,16,21,30,33
1,2,13,16,23,28|6,7,12,31,38,39|10,15,21,22,30,33
1,8,21,27,30,31|2,6,10,13,16,23|7,11,12,15,38,39
1,8,22,27,30,39|2,6,10,13,16,23|7,12,14,21,31,38
1,21,25,30,31,33|2,6,10,13,16,23|7,11,12,15,38,39
1,22,25,30,33,39|2,6,10,13,16,23|7,12,14,21,31,38
1,28,30,31,33,39|2,6,10,13,16,23|7,12,15,21,22,38
3,14,17,21,23,25|6,7,12,31,38,39|8,10,13,16,28,30
3,14,17,23,28,39|7,11,12,16,21,38|8,10,13,15,25,30
3,15,16,17,23,25|6,7,12,31,38,39|8,10,13,20,21,30
3,16,17,20,21,23|6,7,12,31,38,39|8,10,13,15,25,30
3,17,22,23,31,39|7,11,12,16,21,38|8,10,13,15,25,30
1,3,16,21,23,32|6,7,12,14,38,39|8,10,13,15,30,31
3,6,17,23,31,39|7,12,14,15,16,38|8,10,11,13,21,30
3,11,16,17,21,23|6,7,12,14,38,39|8,10,13,15,30,31
3,15,16,17,23,31|6,7,12,14,38,39|8,10,11,13,21,30
3,21,23,25,29,31|6,7,12,14,38,39|8,10,13,16,22,30
3,23,28,29,31,39|6,7,12,15,21,38|8,10,13,16,22,30
1,2,6,18,26,30|3,7,11,20,22,35|8,9,10,28,29,33
1,6,8,18,26,34|2,3,9,11,22,33|10,12,19,23,28,35
1,6,10,29,33,34|2,3,17,22,38,40|9,11,19,23,26,28
1,6,18,20,34,38|2,3,9,11,22,33|10,12,19,23,28,35
1,11,18,22,34,38|2,3,6,9,20,33|10,12,19,23,28,35
1,11,19,28,34,38|2,3,6,9,20,33|10,12,18,22,23,35
2,3,9,11,22,33|6,8,17,18,26,38|10,12,19,23,28,35
2,3,17,22,38,40|6,9,18,20,23,26|8,10,19,28,32,34
2,7,12,17,28,29|6,9,18,20,23,26|10,22,32,33,34,40
2,10,19,28,30,32|3,7,11,20,22,35|6,8,17,18,26,38
1,2,18,28,30,32|3,6,7,11,20,35|8,9,10,22,29,33
1,3,17,28,29,30|6,8,10,18,32,34|9,11,19,22,23,26
1,6,11,18,34,38|2,3,8,9,28,40|10,12,19,22,23,35
1,8,9,17,22,33|2,3,28,29,38,40|6,10,12,18,23,35
1,8,18,28,32,34|2,3,6,9,11,33|10,12,19,22,23,35
1,11,19,22,34,38|2,3,6,17,32,33|9,10,23,28,29,40
1,12,18,23,28,35|2,3,6,9,11,33|8,10,19,22,32,34
1,17,22,29,33,38|2,3,8,9,28,40|6,10,12,18,23,35
1,28,32,33,34,40|2,7,12,17,22,29|6,9,11,18,23,26
2,3,6,17,32,33|8,9,11,18,28,38|10,12,19,22,23,35
2,3,28,29,38,40|6,8,10,18,32,34|9,11,19,22,23,26
2,7,12,17,22,29|3,9,20,28,30,40|6,8,10,18,32,34
2,17,18,20,22,30|6,10,32,33,34,40|8,19,26,28,29,38
2,17,19,20,28,30|6,8,10,18,32,34|22,26,29,33,38,40
1,2,6,7,17,32|8,9,12,18,28,38|10,19,20,22,23,35
1,6,12,18,34,38|2,7,11,17,28,29|10,19,20,22,23,35
2,6,7,26,32,40|8,9,12,18,28,38|10,19,20,22,23,35
2,7,17,20,22,29|6,9,12,18,23,26|8,10,28,33,35,40
1,2,7,22,29,32|3,9,12,28,30,40|6,10,11,18,23,35
1,11,18,23,28,35|2,6,7,17,20,29|9,12,22,33,38,40
2,6,7,17,20,29|3,9,12,28,30,40|10,11,19,22,23,35
2,7,11,17,22,29|3,9,12,28,30,40|6,10,19,20,23,35
1,8,18,22,32,34|2,6,7,12,17,29|3,9,11,28,30,40
1,9,17,22,23,40|2,6,10,19,30,32|8,18,20,28,29,34
1,12,18,22,23,35|2,6,10,19,30,32|20,28,29,33,34,40
1,22,32,33,34,40|2,6,7,12,17,29|8,9,11,19,28,38
2,6,10,19,30,32|8,9,11,18,22,38|20,28,29,33,34,40
6,8,9,18,20,38|11,17,22,33,34,40|19,23,26,28,29,32
6,8,18,26,29,38|9,19,20,23,28,32|11,17,22,33,34,40
6,9,11,19,23,26|8,17,18,22,32,38|20,28,29,33,34,40
6,9,20,33,38,40|8,11,17,18,22,34|19,23,26,28,29,32
6,10,12,19,23,35|8,9,11,18,22,38|20,28,29,33,34,40
6,17,19,23,26,32|8,9,11,18,22,38|20,28,29,33,34,40
6,17,20,33,34,40|8,9,11,18,22,38|19,23,26,28,29,32
6,26,29,33,38,40|8,11,17,18,22,34|9,19,20,23,28,32
1,8,28,33,35,40|2,6,7,11,17,29|9,12,18,22,23,32
1,6,12,18,23,35|2,11,17,19,22,30|8,9,28,32,33,40
1,2,18,22,30,38|3,6,7,12,32,34|8,9,19,23,26,28
1,2,19,28,30,38|3,6,7,12,32,34|8,9,18,22,23,26
1,9,17,22,23,33|2,6,10,19,30,38|3,7,8,11,28,35
2,6,10,19,30,38|3,7,8,11,28,35|9,22,23,26,33,40
2,7,12,22,34,40|3,9,11,28,30,33|6,17,19,23,26,38
1,2,18,28,30,38|3,7,12,22,32,34|6,9,10,17,23,33
1,7,9,12,28,30|2,3,6,17,33,38|10,18,22,23,32,34
1,9,17,23,28,33|2,6,10,18,30,38|3,7,12,22,32,34
1,6,7,9,12,30|8,17,28,33,34,40|19,22,23,26,29,38
1,6,8,18,34,38|2,3,9,22,23,40|7,12,17,28,29,30
1,18,22,23,32,34|2,3,6,8,9,33|7,12,17,28,29,30
2,6,7,12,34,40|3,9,11,22,30,33|17,19,23,28,32,38
2,17,28,30,33,40|3,6,7,8,20,35|9,11,18,22,23,38
1,2,6,7,29,38|3,9,12,22,30,33|8,10,19,23,28,35
2,6,7,20,34,40|3,9,12,22,30,33|8,10,19,23,28,35
2,17,22,30,33,40|3,6,7,8,11,35|18,23,28,29,32,38
2,13,15,17,30,33|3,6,7,8,35,39|9,14,18,21,23,38
1,11,16,31,32,34|6,8,10,12,21,35|9,14,15,20,22,38
1,6,14,15,26,34|8,10,11,12,35,39|16,17,20,31,32,38
6,9,14,25,28,38|8,10,11,12,35,39|15,17,20,22,31,34
6,9,15,20,25,38|8,10,11,12,35,39|14,17,22,28,31,34
6,9,22,25,31,38|8,10,11,12,35,39|14,15,17,20,28,34
6,14,15,17,26,38|8,10,11,12,35,39|22,25,28,29,31,34
6,15,25,26,29,38|8,10,11,12,35,39|14,17,22,28,31,34
6,16,26,28,29,38|8,10,11,12,35,39|15,17,20,22,31,34
6,20,21,26,29,38|8,10,11,12,35,39|14,17,22,28,31,34
1,6,11,21,26,34|8,10,12,16,25,35|9,15,20,28,31,38
1,6,15,26,31,34|8,10,12,16,25,35|9,11,20,21,28,38
1,6,16,22,26,34|8,10,12,20,35,39|9,11,15,25,28,38
1,6,21,26,32,38|8,10,12,16,25,35|15,17,20,28,31,34
1,11,14,16,26,34|6,9,25,28,31,38|8,10,12,20,35,39
1,14,15,22,26,34|6,9,25,28,31,38|8,10,12,20,35,39
1,14,16,26,32,38|6,17,25,28,31,34|8,10,12,20,35,39
1,15,25,28,32,34|6,11,17,21,26,38|8,10,12,20,35,39
1,20,21,28,32,34|6,15,17,26,31,38|8,10,12,16,25,35
1,6,7,17,34,39|3,10,13,15,23,35|9,12,21,27,30,33
1,7,28,29,34,39|3,10,13,15,23,35|9,12,21,27,30,33
1,2,13,15,33,34|7,8,11,21,27,35|17,18,28,30,38,39
1,6,13,27,30,34|2,9,18,21,23,25|7,11,28,33,35,39
1,18,21,25,30,34|2,6,9,13,23,27|7,11,28,33,35,39
1,18,28,30,34,39|2,6,9,13,23,27|7,11,21,25,33,35
1,21,27,30,34,40|2,9,18,23,28,39|7,15,25,31,33,35
2,9,18,21,23,25|3,6,17,33,34,39|7,8,15,27,31,35
2,9,18,23,28,39|3,8,21,27,29,34|7,15,25,31,33,35
2,9,21,23,27,40|3,6,17,33,34,39|7,8,13,25,28,35
3,6,9,33,38,39|7,8,11,21,27,35|10,15,16,18,30,34
3,9,14,21,33,38|6,10,18,30,34,39|7,8,13,25,28,35
3,9,15,16,33,38|6,10,18,30,34,39|7,8,11,21,27,35
1,18,21,30,31,34|2,9,19,23,28,39|6,7,8,16,27,35
1,18,22,30,34,39|2,9,19,21,23,25|6,7,8,16,27,35
1,19,21,25,30,34|2,9,18,22,23,39|6,7,8,16,27,35
1,19,28,30,34,39|2,9,18,21,23,31|6,7,8,16,27,35
2,9,18,21,23,31|3,8,13,15,17,34|6,7,16,25,33,35
2,9,18,22,23,39|3,8,13,15,17,34|6,7,16,25,33,35
2,9,19,21,23,25|3,8,13,15,17,34|6,7,20,33,35,39
2,9,19,23,28,39|3,8,13,15,17,34|6,7,16,25,33,35
3,8,9,13,15,38|6,7,16,25,33,35|10,14,19,21,30,34
3,21,29,31,33,34|6,7,8,16,27,35|17,18,22,30,38,39
3,22,29,33,34,39|6,7,8,16,27,35|17,18,21,30,31,38
1,15,16,18,30,34|2,9,19,21,23,31|6,7,8,13,25,35
1,19,21,30,31,34|2,6,9,18,23,39|7,8,13,14,28,35
2,6,9,18,23,39|3,14,21,29,33,34|7,8,13,15,20,35
2,9,14,18,21,23|3,6,29,33,34,39|7,8,13,15,20,35
2,9,15,16,18,23|3,6,29,33,34,39|7,8,13,14,28,35|17,19,21,30,31,38
2,9,19,21,23,31|3,6,29,33,34,39|7,8,13,14,28,35|15,16,17,18,30,38
2,9,19,22,23,39|3,14,21,29,33,34|6,7,8,13,25,35|15,16,17,18,30,38
3,6,29,33,34,39|7,8,13,14,28,35|15,16,17,18,30,38
3,9,13,15,23,32|6,7,11,33,35,39|14,17,18,21,30,38
3,14,21,29,33,34|6,7,8,13,25,35|15,16,17,18,30,38
3,15,16,29,33,34|6,7,8,13,25,35|14,17,18,21,30,38
2,9,13,15,23,40|6,7,14,16,33,35|18,21,29,30,31,38
2,9,15,16,19,23|6,7,8,13,31,35|18,22,29,30,38,39
2,21,27,29,33,38|3,9,13,15,23,26|10,18,22,30,34,39
3,9,13,15,23,26|7,8,16,27,28,35|10,18,21,30,31,34
3,9,21,23,27,32|7,16,25,28,33,35|10,18,22,30,34,39
3,9,21,31,33,38|7,8,15,25,27,35|10,18,22,30,34,39
3,9,22,33,38,39|7,8,15,25,27,35|10,18,21,30,31,34
1,2,15,25,30,32|6,9,11,16,23,26|8,14,17,28,31,34
1,2,16,28,30,32|6,8,9,25,31,38|10,12,14,15,23,35
1,2,20,21,30,32|6,8,9,25,31,38|10,12,14,15,23,35
1,6,14,31,34,38|2,11,15,17,25,30|9,16,20,23,28,32
1,6,15,22,34,38|2,11,16,17,28,30|20,21,23,26,29,32
1,8,15,25,32,34|2,11,16,17,28,30|6,9,14,23,26,31
1,8,16,28,32,34|2,6,17,25,30,31|9,11,14,15,23,26
1,8,20,21,32,34|2,6,17,25,30,31|9,11,14,15,23,26
1,12,15,23,25,35|2,6,10,16,30,32|8,9,11,20,21,38
1,12,16,23,28,35|2,6,17,25,30,31|8,9,11,20,21,38
1,12,20,21,23,35|2,6,10,16,30,32|8,9,11,15,25,38
2,6,17,25,30,31|8,9,11,16,28,38|10,12,14,15,23,35
2,11,16,17,28,30|6,8,9,25,31,38|10,12,14,15,23,35
2,11,17,20,21,30|6,8,9,25,31,38|10,12,14,15,23,35
2,15,17,22,28,30|6,8,9,25,31,38|20,21,23,26,29,32
2,16,17,20,22,30|6,8,9,25,31,38|10,12,14,15,23,35
2,25,28,29,30,31|6,8,10,16,32,34|9,11,14,15,23,26
1,11,12,21,23,35|2,6,14,17,25,30|8,16,20,28,29,34
1,12,15,23,31,35|2,6,14,17,25,30|8,9,11,16,22,38
1,12,16,22,23,35|2,6,14,17,25,30|8,9,11,15,31,38
2,6,14,17,25,30|8,9,11,15,31,38|16,22,23,26,29,32
2,11,15,17,30,31|6,8,9,14,25,38|16,22,23,26,29,32
2,11,16,17,22,30|6,8,9,14,25,38|15,23,26,29,31,32
2,14,17,22,30,31|6,8,9,15,28,38|11,21,23,26,29,32
1,6,12,16,23,35|2,11,14,15,17,30|8,20,21,29,32,38
1,12,14,15,23,35|2,6,11,16,17,30|8,20,21,29,32,38
1,6,25,31,34,38|2,10,16,28,30,32|9,11,20,21,23,26
1,11,20,21,34,38|2,10,15,25,30,32|9,14,23,26,28,31
1,14,22,25,34,38|2,10,16,28,30,32|9,11,20,21,23,26
1,14,28,31,34,38|2,10,15,25,30,32|9,11,20,21,23,26
1,15,20,31,34,38|2,10,16,28,30,32|9,14,22,23,25,26
1,15,22,28,34,38|2,10,20,21,30,32|6,9,23,25,26,31
1,16,20,22,34,38|2,10,15,25,30,32|9,14,23,26,28,31
1,2,6,16,26,30|8,9,14,25,28,38|10,11,12,21,23,35
1,2,14,15,26,30|8,9,16,20,28,38|10,11,12,21,23,35
1,6,15,28,34,38|2,10,11,21,30,32|9,14,22,23,26,31
1,6,16,20,34,38|2,10,11,21,30,32|9,14,22,23,26,31
1,11,15,31,34,38|2,10,16,22,30,32|6,9,14,23,25,26
1,11,16,22,34,38|2,10,15,30,31,32|6,9,14,23,25,26
1,14,22,31,34,38|2,10,11,21,30,32|6,9,15,23,26,28
2,14,17,25,28,30|6,9,16,20,23,26|8,10,11,21,32,34
2,15,17,20,25,30|8,10,11,21,32,34|9,14,22,23,26,31
2,16,17,20,28,30|6,9,14,23,25,26|8,10,11,21,32,34
2,17,22,25,30,31|6,9,15,23,26,28|8,10,11,21,32,34
1,13,15,32,33,34|2,17,18,21,30,31|3,6,7,11,35,39
1,13,15,34,38,40|2,17,18,21,30,31|3,6,7,11,35,39
1,15,16,19,34,38|2,13,22,27,29,30|3,6,7,11,35,39|9,18,21,23,25,32
2,3,13,15,29,38|6,9,19,23,26,39|8,17,18,21,31,34
2,13,22,27,29,30|3,6,7,11,35,39|8,9,18,21,31,38
2,17,18,21,30,31|3,6,7,11,35,39|8,13,22,27,29,34|9,15,16,19,23,26
2,17,18,22,30,39|3,6,7,16,31,35|8,9,19,21,25,38|14,15,27,29,33,34
2,17,19,21,25,30|3,6,7,11,35,39|8,13,22,27,29,34
2,17,19,28,30,39|3,6,7,16,31,35|8,13,22,27,29,34|9,18,21,23,25,32
3,6,7,11,35,39|8,9,18,21,31,38|13,14,17,22,33,34
3,6,7,16,31,35|8,9,18,22,38,39|11,13,15,17,33,34
3,6,7,21,22,35|8,9,19,28,38,39|11,13,15,17,33,34
3,7,11,14,21,35|6,9,13,23,27,32|8,17,18,22,34,39
3,7,11,15,16,35|6,9,13,23,27,32|8,17,18,21,31,34
3,7,14,15,31,35|6,9,13,23,27,32|8,17,18,22,34,39
3,7,14,16,22,35|6,9,13,23,27,32|8,17,18,21,31,34
3,13,15,26,29,30|8,9,18,21,31,38|17,22,33,34,39,40
3,21,27,29,30,32|6,9,13,31,33,38|8,17,18,22,34,39
1,18,21,23,25,35|2,7,17,22,29,39|9,12,13,15,33,38
1,18,23,28,35,39|2,7,17,21,29,31|9,12,13,15,33,38
1,21,23,27,35,40|2,7,17,22,29,39|9,12,13,15,33,38
2,7,17,21,29,31|6,10,18,23,35,39|9,12,13,15,33,38
1,9,21,23,27,29|2,17,18,28,30,39|3,6,7,16,25,35
2,6,13,17,27,30|3,7,11,21,31,35|8,9,18,28,38,39
2,13,27,28,29,30|3,6,7,16,25,35|9,14,18,21,23,26
2,17,18,21,25,30|3,6,7,20,35,39|8,9,13,15,26,33
2,17,18,28,30,39|3,6,7,16,25,35|8,9,13,15,26,33
2,17,21,27,30,40|3,6,7,16,25,35|8,9,13,15,26,33
3,6,9,16,27,30|8,17,18,21,25,34|13,15,26,29,33,38
3,7,11,21,31,35|6,8,9,13,27,38|17,28,33,34,39,40
3,7,11,22,35,39|6,8,9,13,27,38|17,21,25,33,34,40
3,7,14,15,25,35|6,8,9,13,27,38|17,28,33,34,39,40
3,7,14,16,28,35|6,8,9,13,27,38|17,21,25,33,34,40
3,7,14,20,21,35|6,8,9,13,27,38|17,28,33,34,39,40
3,7,15,16,20,35|6,8,9,13,27,38|17,21,25,33,34,40
3,7,16,22,31,35|6,8,9,13,27,38|17,21,25,33,34,40
3,9,13,22,25,30|8,17,18,28,34,39|21,27,29,32,33,38
2,14,17,19,21,30|6,9,18,23,32,39|11,13,15,29,33,34
2,15,16,17,19,30|6,9,18,23,32,39|13,14,22,29,33,34
2,19,21,25,29,30|6,9,18,23,32,39|8,13,15,17,34,40
3,6,9,30,39,40|8,14,17,19,21,34|13,15,29,32,33,38
3,9,14,21,30,40|6,8,17,19,34,39|13,15,29,32,33,38
2,6,13,27,29,30|8,9,14,18,21,38|15,16,17,33,34,40
2,6,17,18,30,39|8,9,19,21,31,38|13,14,28,29,33,34
2,14,17,18,21,30|6,8,13,27,29,34|9,15,16,33,38,40
2,15,16,17,18,30|6,8,13,27,29,34|9,14,21,33,38,40
2,17,19,21,30,31|3,6,7,14,16,35|8,18,28,29,34,39
2,17,19,22,30,39|3,6,7,14,16,35|8,18,21,25,29,34
2,18,21,25,29,30|3,6,7,14,16,35|8,9,19,22,38,39
2,18,28,29,30,39|3,6,7,14,16,35|8,9,19,21,31,38
2,21,27,29,30,40|3,6,7,14,16,35|8,9,19,22,38,39
3,6,7,14,16,35|8,9,19,21,31,38|13,15,20,29,33,34
3,13,15,17,30,32|6,8,9,18,38,39|21,25,29,33,34,40
1,18,21,23,31,35|2,6,7,17,29,39|3,9,12,13,15,30
1,18,22,23,35,39|2,7,14,17,21,29|3,9,12,13,15,30
1,19,21,23,25,35|2,6,7,17,29,39|3,9,12,13,15,30
1,19,23,28,35,39|2,7,14,17,21,29|3,9,12,13,15,30
2,6,7,17,29,39|3,9,12,13,15,30|10,14,19,21,23,35
2,7,14,17,21,29|3,9,12,13,15,30|6,10,19,23,35,39
2,7,13,15,26,32|3,9,12,21,27,30|10,18,23,28,35,39
2,3,13,15,17,38|9,18,21,23,26,31|16,27,28,29,33,34
2,13,17,22,27,30|3,7,11,21,25,35|6,10,19,34,38,39
3,7,16,22,25,35|6,10,19,34,38,39|9,13,23,27,28,32
1,9,17,21,23,27|3,7,16,25,28,35|6,10,18,34,38,39
2,13,17,27,28,30|3,7,20,21,25,35|6,10,18,34,38,39
3,7,16,25,28,35|6,9,13,23,26,27|10,14,18,21,34,38
3,7,20,21,25,35|6,9,13,23,26,27|10,15,16,18,34,38
3,7,20,28,35,39|6,9,13,23,26,27|10,14,18,21,34,38
1,6,15,25,28,34|8,11,17,21,26,31|10,14,16,22,32,38
1,6,20,21,28,34|8,11,17,22,26,39|10,14,15,31,32,38
1,8,21,26,31,32|6,10,14,15,28,34|11,16,17,22,25,38
1,8,22,26,32,39|6,10,11,16,31,34|14,15,17,20,25,38
1,11,15,25,31,34|6,8,17,20,26,39|10,14,16,22,32,38
1,11,16,22,25,34|6,8,17,20,26,39|10,14,15,31,32,38
1,11,20,22,34,39|6,8,16,17,25,26|10,14,15,31,32,38
1,11,21,22,28,34|6,8,16,17,25,26|10,14,15,31,32,38
1,14,22,25,31,34|6,8,17,20,26,39|10,11,15,16,32,38
1,15,22,28,31,34|6,8,16,17,25,26|10,11,14,21,32,38
1,15,25,31,32,38|6,8,17,20,26,39|10,11,14,16,22,34
1,16,22,25,32,38|6,8,17,20,26,39|10,11,14,15,31,34
1,20,22,32,38,39|6,8,16,17,25,26|10,11,14,15,31,34
1,21,22,28,32,38|6,8,16,17,25,26|10,11,14,15,31,34
1,11,14,15,25,34|6,8,16,17,26,31|20,21,22,28,29,38
1,11,14,16,28,34|6,8,17,21,22,26|15,20,25,29,31,38
1,11,14,20,21,34|6,8,16,17,26,31|15,22,25,28,29,38
1,11,15,16,20,34|6,8,17,21,22,26|14,25,28,29,31,38
1,2,16,25,28,30|6,8,10,20,34,39|11,17,21,23,26,31
1,2,20,21,25,30|8,10,11,22,34,39|14,16,17,23,26,28
1,2,20,28,30,39|6,8,10,16,25,34|11,17,21,23,26,31
1,6,8,26,38,39|2,10,11,21,30,31|9,16,20,23,25,28
1,8,16,25,28,34|2,6,10,20,30,39|11,17,21,23,26,31
1,8,20,21,25,34|2,10,11,22,30,39|14,16,17,23,26,28
1,8,20,28,34,39|2,6,10,16,25,30|11,17,21,23,26,31
1,21,23,26,31,32|2,6,10,16,25,30|8,17,20,28,38,39
1,2,6,11,30,39|8,14,15,17,31,38|16,23,25,28,29,32
1,2,6,16,30,31|8,11,14,17,21,38|20,23,28,29,32,39
1,2,6,21,22,30|8,11,15,16,17,38|20,23,28,29,32,39
1,2,11,14,21,30|6,8,16,17,31,38|20,23,28,29,32,39
1,2,11,15,16,30|6,8,17,21,22,38|20,23,28,29,32,39
1,2,14,15,30,31|6,8,11,17,38,39|16,23,25,28,29,32
1,2,14,16,22,30|6,8,11,17,38,39|20,21,23,25,29,32
1,2,6,20,30,39|8,11,17,21,31,38|14,15,23,25,26,29
1,2,6,21,28,30|8,11,17,22,38,39|9,14,15,20,23,25
1,2,11,21,30,31|6,8,10,14,16,34|17,20,22,23,32,39
1,2,11,22,30,39|6,8,10,14,16,34|15,17,23,25,31,32
1,2,14,15,25,30|6,8,17,20,38,39|9,11,16,23,28,31
1,2,14,16,28,30|6,8,17,20,38,39|9,11,15,23,25,31
1,2,14,20,21,30|6,8,16,17,25,38|9,15,22,23,28,31
1,2,15,16,20,30|6,8,17,21,28,38|9,14,22,23,25,31
1,2,16,22,30,31|6,8,17,20,38,39|14,15,23,25,26,29
1,8,11,21,31,34|2,6,10,14,16,30|17,20,22,23,32,39
1,8,11,22,34,39|2,6,10,14,16,30|15,17,23,25,31,32
1,8,21,31,32,38|2,6,10,14,16,30|9,11,20,22,23,39
1,8,22,32,38,39|2,6,10,14,16,30|9,11,15,23,25,31
1,2,11,21,25,30|6,8,10,16,31,34|17,20,23,28,32,39
1,2,11,28,30,39|6,8,10,16,31,34|17,20,21,23,25,32
1,2,15,25,30,31|6,8,10,11,34,39|9,20,21,22,23,28
1,2,16,22,25,30|6,8,10,11,34,39|14,15,17,23,26,31
1,2,16,28,30,31|6,8,10,11,34,39|17,20,21,23,25,32
1,2,20,21,30,31|6,8,10,11,34,39|9,15,22,23,25,28
1,2,20,22,30,39|6,8,10,16,31,34|11,14,17,21,23,26
1,2,21,22,28,30|6,8,10,11,34,39|9,15,20,23,25,31
1,6,23,26,32,39|2,10,11,14,21,30|8,15,17,25,31,38
1,8,11,21,25,34|2,6,10,16,30,31|17,20,23,28,32,39
1,8,11,28,34,39|2,6,10,16,30,31|17,20,21,23,25,32
1,8,15,25,31,34|2,6,10,11,30,39|9,20,21,22,23,28
1,8,16,22,25,34|2,6,10,11,30,39|14,15,17,23,26,31
1,8,16,28,31,34|2,6,10,11,30,39|17,20,21,23,25,32
1,8,20,21,31,34|2,6,10,11,30,39|9,15,22,23,25,28
1,8,20,22,34,39|2,6,10,16,30,31|11,14,17,21,23,26
1,8,21,22,28,34|2,6,10,11,30,39|9,15,20,23,25,31
1,8,21,25,32,38|2,6,10,11,30,39|9,16,20,23,28,31
1,8,28,32,38,39|2,6,10,16,30,31|9,11,20,21,23,25
1,14,21,23,26,32|2,6,10,11,30,39|8,15,17,25,31,38
1,15,16,23,26,32|2,6,10,11,30,39|8,17,20,21,31,38
2,6,10,11,30,39|8,15,17,25,31,38|9,20,21,22,23,28
2,6,10,16,30,31|8,11,17,21,25,38|20,22,23,26,29,39
2,6,10,21,22,30|8,11,17,28,38,39|9,15,20,23,25,31
1,2,3,11,15,39|6,8,16,17,25,27|10,14,21,31,32,33
1,2,3,14,21,31|6,8,16,17,25,27|10,11,15,32,33,39
1,6,14,16,27,38|8,10,13,15,25,32|11,17,28,31,33,39
1,8,13,15,26,31|6,17,20,25,33,39|10,11,16,21,38,40
1,8,21,27,31,32|6,10,11,13,16,38|14,17,20,28,33,39
1,8,22,27,32,39|6,10,11,13,16,38|14,17,20,21,25,33
1,11,13,15,25,38|6,8,17,20,27,39|10,14,21,31,32,33
1,11,13,16,28,38|6,8,17,20,27,39|10,14,21,31,32,33
1,11,13,20,21,38|6,8,16,17,25,27|10,14,22,32,33,39
1,13,14,22,25,38|6,8,17,20,27,39|10,11,16,21,32,33
1,13,14,28,31,38|6,8,16,17,25,27|10,11,15,32,33,39
1,13,15,20,31,38|6,8,16,17,25,27|10,14,22,32,33,39
1,13,15,22,28,38|6,8,16,17,25,27|10,14,21,31,32,33
1,13,16,20,22,38|6,8,17,21,27,28|10,11,15,32,33,39
1,21,25,31,32,33|6,8,17,20,27,39|10,11,13,14,15,38
1,22,25,32,33,39|6,8,17,21,27,28|10,11,13,14,15,38
1,22,25,38,39,40|6,8,17,21,27,28|10,15,16,31,32,33
1,28,31,32,33,39|6,8,16,17,25,27|10,11,13,14,15,38
1,28,31,38,39,40|6,8,16,17,25,27|10,15,21,22,32,33
6,10,13,15,22,38|8,11,17,21,27,31|20,25,28,29,33,39
8,16,17,22,27,31|10,11,13,14,15,38|20,25,28,29,33,39
8,16,25,27,28,29|10,11,13,14,15,38|17,20,22,31,33,39
8,20,27,28,29,39|10,11,13,14,15,38|16,17,22,25,31,33
1,2,3,6,14,39|8,10,11,13,21,32|15,16,17,20,31,33
1,2,3,6,15,21|8,10,13,16,22,32|11,14,17,28,33,39
1,2,3,14,15,16|6,8,11,17,27,39|20,21,25,29,31,33
1,6,8,27,32,39|10,14,15,16,38,40|20,21,25,29,31,33
1,6,13,14,25,38|8,11,15,16,17,27|20,28,29,31,33,39
1,6,13,15,28,38|8,11,14,17,21,27|20,22,25,29,33,39
1,6,25,38,39,40|8,10,11,13,21,32|14,16,17,28,31,33
1,8,15,16,27,32|6,10,14,38,39,40|20,21,25,29,31,33
1,11,13,16,22,38|6,10,14,32,33,39|8,15,25,27,29,31
1,13,14,15,20,38|6,8,11,17,27,39|16,25,28,29,31,33
1,15,20,38,39,40|6,8,16,17,27,31|21,22,25,28,29,33
1,22,31,32,33,39|6,10,15,21,38,40|8,13,14,17,25,28
1,22,31,38,39,40|6,10,15,21,32,33|8,13,14,17,25,28
6,10,14,38,39,40|8,11,15,16,17,27|20,21,25,29,31,33
6,10,15,21,38,40|8,11,27,28,29,39|14,16,17,22,25,33
1,6,11,13,16,38|8,10,15,32,39,40|14,20,21,25,29,33
1,6,13,15,22,38|8,10,16,21,32,40|11,28,29,31,33,39
1,11,15,38,39,40|6,8,10,13,16,32|14,20,21,25,29,33
1,11,16,21,38,40|6,8,13,17,25,31|14,20,28,29,33,39
1,14,21,31,38,40|6,8,10,13,16,32|11,22,25,29,33,39
1,14,22,38,39,40|6,8,10,13,16,32|11,21,25,29,31,33
1,15,21,22,38,40|6,8,10,13,16,32|11,28,29,31,33,39
1,2,3,14,21,25|6,8,10,13,16,26|17,20,28,31,33,39
1,2,3,14,28,39|6,8,10,13,16,26|17,20,21,25,31,33
1,2,3,15,20,39|6,8,10,13,16,26|17,21,22,25,28,33
1,2,3,15,21,28|6,8,10,13,16,26|17,20,22,25,33,39
1,6,11,27,38,39|2,3,10,14,15,16|17,20,21,25,31,33
1,6,16,27,31,38|8,10,13,14,15,26|11,17,25,28,33,39
1,6,21,22,27,38|2,3,10,14,15,16|11,17,25,28,33,39
1,6,26,31,33,39|2,3,10,14,15,16|8,11,17,21,25,27
1,8,13,16,26,28|2,3,6,10,14,39|17,20,21,25,31,33
1,8,13,20,21,26|2,3,6,10,14,39|16,17,25,28,31,33
1,11,14,21,27,38|6,8,10,13,16,26|17,20,22,25,33,39
1,11,15,16,27,38|2,3,6,10,14,39|17,20,21,25,31,33
1,11,15,26,33,39|6,10,13,14,25,38|8,16,17,27,28,31
1,11,16,21,26,33|2,3,6,10,14,39|8,15,17,25,27,31
1,13,14,25,28,38|2,3,6,10,15,21|8,17,20,22,27,39
1,13,15,20,25,38|2,3,6,10,14,39|8,16,17,27,28,31
1,13,16,20,28,38|2,3,6,10,14,39|8,11,17,21,25,27
1,14,15,27,31,38|6,8,10,13,16,26|11,17,25,28,33,39
1,14,16,22,27,38|2,3,6,10,15,21|11,17,25,28,33,39
1,14,22,26,33,39|2,3,6,10,15,21|8,16,17,27,28,31
1,15,16,26,31,33|2,3,6,10,14,39|8,11,17,21,25,27
1,15,21,22,26,33|2,3,6,10,14,39|8,16,17,27,28,31
1,8,12,18,22,35|2,3,6,9,11,40|19,20,28,29,32,38
1,8,12,19,28,35|2,3,6,9,11,40|18,20,22,29,32,38
1,6,9,17,20,33|2,3,22,26,29,40|8,10,12,19,28,35
1,6,17,26,29,33|2,3,9,11,28,40|8,10,12,18,22,35
1,6,19,26,32,38|2,3,9,11,28,40|8,10,12,18,22,35
1,6,9,11,17,33|8,10,12,19,22,35|18,20,28,29,32,38
1,8,12,18,28,35|2,3,6,9,20,40|11,19,22,26,29,38
1,9,11,28,29,33|2,3,17,22,32,40|6,8,10,12,18,35
1,9,20,22,29,33|6,8,10,12,18,35|11,17,19,28,32,38
1,12,28,33,35,40|6,8,9,11,18,26|17,19,20,22,32,38
1,17,28,29,32,33|2,3,6,9,20,40|8,10,12,19,22,35
6,8,10,12,18,35|9,11,19,20,22,38|26,28,29,32,33,40
6,9,11,18,20,38|8,10,12,19,22,35|26,28,29,32,33,40
6,9,11,26,33,40|8,10,12,19,22,35|18,20,28,29,32,38
6,10,12,33,35,40|8,9,11,19,22,26|18,20,28,29,32,38
6,11,18,26,29,38|8,10,12,19,22,35|9,20,28,32,33,40
6,17,26,32,33,40|8,10,12,19,22,35|11,18,20,28,29,34
1,2,6,8,27,39|7,12,14,15,16,26|10,11,13,20,21,30
1,2,8,15,16,27|6,7,12,14,26,39|10,11,13,20,21,30
1,2,15,16,25,33|3,8,17,28,31,39|10,11,13,20,21,30
1,2,15,21,28,33|3,8,17,22,25,39|6,10,14,16,27,30
1,3,6,31,38,39|2,8,10,11,13,21|7,12,14,15,16,26
1,3,11,15,38,39|2,8,10,13,16,22|7,12,21,25,31,32
1,6,16,25,27,30|2,8,10,11,13,21|7,12,28,31,32,39
1,6,20,27,30,39|2,8,10,11,13,21|7,12,14,15,16,26
1,6,21,27,28,30|2,8,10,13,15,31|7,12,22,25,32,39
1,14,15,25,27,30|2,8,10,11,13,21|7,12,28,31,32,39
1,14,16,27,28,30|2,6,10,15,21,33|3,8,17,22,25,39
1,14,20,21,27,30|2,8,10,13,15,31|7,12,22,25,32,39
1,15,16,20,27,30|2,6,10,14,33,39|3,8,17,21,25,31
3,8,17,21,25,31|6,7,12,14,26,39|10,11,13,16,28,30
3,8,17,22,25,39|6,7,12,15,21,26|10,11,13,16,28,30
3,8,17,28,31,39|6,7,12,15,21,26|10,13,14,22,25,30
1,2,6,31,33,39|3,8,14,17,21,25|10,11,13,16,22,30
1,2,8,13,15,25|7,12,14,28,32,39|10,16,20,21,30,40
1,2,11,15,33,39|3,8,14,17,21,25|6,10,13,16,20,30
1,2,11,16,21,33|3,6,8,17,25,39|10,13,14,15,20,30
1,2,14,21,31,33|3,6,8,17,25,39|10,11,13,16,22,30
1,3,6,15,21,38|7,12,14,28,32,39|10,11,13,16,22,30
1,6,11,27,30,39|2,8,10,13,14,15|7,12,16,20,21,32
1,11,14,21,27,30|2,6,8,10,13,16|7,12,15,20,32,39
1,13,14,25,28,30|2,8,10,15,39,40|7,12,16,20,21,32
1,13,15,20,25,30|2,8,10,16,21,40|7,12,14,28,32,39
1,13,16,20,28,30|2,8,10,15,39,40|7,12,14,21,25,32
1,13,22,25,30,31|2,8,10,15,39,40|7,12,16,20,21,32
3,6,8,17,25,39|7,12,15,21,28,32|10,11,13,16,22,30
3,8,14,17,21,25|6,10,13,15,28,30|7,12,22,31,32,39
3,8,15,17,21,28|6,7,12,25,32,39|10,11,13,16,22,30
3,8,16,17,20,21|6,7,12,25,32,39|10,11,13,15,30,31
3,8,17,22,31,39|6,10,13,14,25,30|7,12,15,21,28,32
1,2,8,13,15,31|7,11,12,16,21,32|10,14,22,30,39,40
1,11,13,16,28,30|3,6,8,17,31,39|7,12,15,21,22,32
1,13,14,22,25,30|3,6,8,17,31,39|7,11,12,16,21,32
1,13,15,20,30,31|3,8,11,16,17,21|7,12,14,22,32,39
1,13,15,22,28,30|3,6,8,17,31,39|7,11,12,16,21,32
3,8,21,25,29,31|6,10,11,13,16,30|7,12,14,22,32,39
3,8,22,25,29,39|6,10,11,13,16,30|7,12,14,21,31,32
3,8,28,29,31,39|6,10,11,13,16,30|7,12,15,21,22,32
1,3,28,31,38,39|2,8,10,14,21,27|7,12,15,16,25,26
1,3,6,25,38,39|2,8,10,13,16,28|7,12,14,21,26,31
1,3,14,28,38,39|2,8,10,13,15,25|7,11,12,16,21,26
1,3,15,20,38,39|2,8,10,13,16,28|7,12,14,21,26,31
1,3,22,31,38,39|2,8,10,13,15,25|7,11,12,16,21,26
1,11,27,28,30,39|2,8,10,13,15,25|7,12,14,21,26,31
1,15,25,27,30,31|2,8,10,13,16,28|7,12,14,22,26,39
1,16,27,28,30,31|2,8,10,13,15,25|7,12,14,22,26,39
1,20,21,27,30,31|2,8,10,13,15,25|7,12,14,22,26,39
1,20,22,27,30,39|2,8,10,13,15,25|7,11,12,16,21,26
3,8,17,25,28,39|6,10,16,27,30,31|7,12,15,21,22,26
3,13,15,17,29,33|6,7,9,12,19,39|18,21,27,30,32,40
2,13,16,17,30,33|3,7,8,14,35,39|9,15,18,21,23,38
1,2,8,10,14,16|3,6,15,20,25,38|11,22,27,28,30,31
1,6,10,15,25,30|2,8,11,16,20,27|3,14,22,28,31,38
1,6,10,16,28,30|2,8,11,14,25,27|3,15,20,22,31,38
1,10,11,16,30,31|2,6,8,22,25,27|3,14,15,20,28,38
1,10,14,15,28,30|2,6,8,22,25,27|3,11,16,20,31,38
1,10,14,16,20,30|2,6,8,22,25,27|3,11,15,28,31,38
1,10,15,22,30,31|2,8,11,14,25,27|3,6,16,20,28,38
1,18,23,31,35,39|2,7,15,17,21,29|3,9,12,13,16,30
1,19,23,25,35,39|2,7,15,17,21,29|3,9,12,13,16,30
2,7,14,17,29,39|3,9,12,13,16,30|10,15,19,21,23,35
2,7,15,17,21,29|3,9,12,13,16,30|10,14,19,23,35,39
2,13,14,27,29,30|3,6,7,15,16,35|8,9,19,31,38,39
2,15,17,18,21,30|8,9,19,31,38,39|13,14,25,29,33,34
2,17,19,30,31,39|3,6,7,14,21,35|13,15,28,29,33,34
3,6,7,14,21,35|8,9,19,31,38,39|13,15,28,29,33,34
3,9,14,30,39,40|8,15,17,19,21,34|13,16,29,32,33,38
3,9,15,21,30,40|8,14,17,19,34,39|13,16,29,32,33,38
1,9,23,27,29,39|3,6,7,21,25,35|13,15,17,28,33,34
2,13,14,17,27,30|3,6,7,21,25,35|9,19,23,26,31,39
2,13,25,27,29,30|3,6,7,28,35,39|9,15,18,21,23,26
2,17,18,25,30,39|3,7,14,21,28,35|8,9,13,16,26,33
2,17,27,30,39,40|3,6,7,21,25,35|8,9,13,16,26,33
3,6,9,21,27,30|8,17,18,25,34,39|13,16,26,29,33,38
3,7,15,16,28,35|8,9,13,14,27,38|17,25,33,34,39,40
3,7,15,20,21,35|8,9,13,14,27,38|17,25,33,34,39,40
3,7,21,22,31,35|8,9,13,14,27,38|17,25,33,34,39,40
1,13,16,32,33,34|2,17,18,30,31,39|3,7,11,15,21,35
1,13,16,34,38,40|2,17,18,30,31,39|3,7,11,15,21,35
2,3,13,16,29,38|8,17,18,31,34,39|9,15,19,21,23,26
2,13,27,29,30,31|3,6,7,22,35,39|9,15,19,21,23,26
2,17,18,30,31,39|3,7,11,15,21,35|9,10,13,16,23,29
2,17,19,25,30,39|3,6,7,21,31,35|9,10,13,16,23,29
3,6,7,21,31,35|8,9,19,25,38,39|11,13,16,17,33,34
3,6,7,22,35,39|8,13,27,29,31,34|9,15,19,21,23,26
3,7,11,14,35,39|6,21,27,29,33,34|9,13,16,23,26,40
3,7,11,15,21,35|8,9,18,31,38,39|14,16,27,29,33,34
3,7,14,16,31,35|6,21,27,29,33,34|8,9,19,25,38,39
3,7,14,21,22,35|8,9,18,31,38,39|11,13,16,17,33,34
3,7,15,16,22,35|6,21,27,29,33,34|8,9,18,31,38,39
3,7,20,25,35,39|9,13,14,23,26,27|10,15,18,21,34,38
3,7,21,25,28,35|9,10,23,27,29,39|13,16,17,26,33,38
1,18,31,34,38,39|3,7,21,22,25,35|9,10,13,16,17,23
2,3,13,16,17,38|9,18,23,26,31,39|21,27,28,29,33,34
2,13,17,27,30,31|3,7,11,25,35,39|10,15,19,21,34,38
3,7,21,28,31,35|9,10,13,16,17,23|20,27,29,33,34,39
1,11,16,25,34,38|2,10,20,30,32,39|9,15,23,26,28,31
1,11,20,34,38,39|2,10,16,25,30,32|9,15,23,26,28,31
1,14,25,31,34,38|2,10,20,30,32,39|9,11,21,23,26,28
1,15,22,25,34,38|2,10,20,30,32,39|9,11,21,23,26,28
1,15,28,31,34,38|2,10,16,25,30,32|9,11,20,23,26,39
1,16,20,31,34,38|2,10,21,28,30,32|9,15,22,23,25,26
1,16,22,28,34,38|2,10,20,30,32,39|9,14,23,25,26,31
1,20,21,22,34,38|2,10,16,25,30,32|9,15,23,26,28,31
1,2,6,21,26,30|8,9,15,25,28,38|10,11,12,23,35,39
1,2,14,16,26,30|8,9,15,25,28,38|10,11,12,23,35,39
1,6,15,25,34,38|2,10,11,30,32,39|9,14,16,20,23,26
1,6,16,28,34,38|2,10,11,30,32,39|9,15,22,23,26,31
1,6,20,21,34,38|2,10,11,30,32,39|9,14,15,23,26,28
1,11,16,31,34,38|2,10,21,22,30,32|6,9,15,23,25,26
1,11,21,22,34,38|2,10,16,30,31,32|6,9,15,23,25,26
1,14,15,28,34,38|2,10,11,30,32,39|6,9,20,21,23,26
1,14,16,20,34,38|2,10,11,30,32,39|6,9,15,23,25,26
1,15,22,31,34,38|2,10,11,30,32,39|6,9,16,23,26,28
2,15,17,25,28,30|6,9,20,21,23,26|8,10,11,32,34,39
2,16,17,20,25,30|6,10,14,15,34,38|9,11,21,22,23,26
2,17,20,21,28,30|6,9,15,23,25,26|8,10,11,32,34,39
1,6,12,21,23,35|2,11,14,16,17,30|8,15,22,25,29,34
1,12,14,16,23,35|2,6,11,17,21,30|8,15,22,25,29,34
2,6,16,17,22,30|8,11,20,29,34,39|9,14,15,23,28,32
1,2,16,25,30,32|6,9,11,21,23,26|8,15,17,28,31,34
1,2,20,30,32,39|6,9,11,21,23,26|8,14,17,25,31,34
1,2,21,28,30,32|6,9,15,23,26,31|8,11,16,17,25,34
1,6,16,22,34,38|2,11,17,20,30,39|9,15,23,25,28,32
1,8,16,25,32,34|2,11,17,20,30,39|6,9,15,23,26,31
1,8,20,32,34,39|2,11,16,17,25,30|6,9,15,23,26,31
1,8,21,28,32,34|2,11,16,17,25,30|6,9,15,23,26,31
1,12,16,23,25,35|2,6,10,21,30,32|8,9,11,20,38,39
1,12,20,23,35,39|2,6,10,21,30,32|8,9,11,16,25,38
1,12,21,23,28,35|2,10,14,16,30,32|8,9,11,20,38,39
2,10,14,16,30,32|6,9,11,21,23,26|8,15,17,22,25,34
2,11,16,17,25,30|6,8,10,21,32,34|9,14,15,22,23,26
2,11,17,20,30,39|6,8,10,21,32,34|9,14,15,22,23,26
2,11,17,21,28,30|6,9,15,23,26,31|8,10,14,16,32,34
2,15,17,22,25,30|6,8,10,21,32,34|9,11,14,16,23,26
2,15,17,28,30,31|6,8,10,21,32,34|9,11,14,16,23,26
2,16,17,20,30,31|6,8,10,21,32,34|9,14,15,22,23,26
2,17,20,21,22,30|6,9,15,23,26,31|8,10,14,16,32,34
1,6,14,15,34,38|2,11,16,17,30,31|9,20,21,22,23,32
1,11,12,23,35,39|2,6,15,17,25,30|8,9,14,16,20,38
1,12,16,23,31,35|2,6,15,17,25,30|8,9,11,21,22,38
1,12,21,22,23,35|2,6,15,17,25,30|8,9,11,16,31,38
2,6,15,17,25,30|8,9,11,16,31,38|21,22,23,26,29,32
2,11,16,17,30,31|6,8,9,15,25,38|21,22,23,26,29,32
2,11,17,21,22,30|6,8,9,15,25,38|16,23,26,29,31,32
2,14,15,17,28,30|6,8,9,20,21,38|11,23,26,29,32,39
2,14,16,17,20,30|6,8,9,15,25,38|11,23,26,29,32,39
2,15,17,22,30,31|6,8,9,16,28,38|11,23,26,29,32,39
2,16,20,25,29,30|6,9,14,15,23,26|8,11,17,21,22,34
2,9,13,16,23,40|6,7,14,21,33,35|18,29,30,31,38,39
2,9,14,18,23,39|3,15,21,29,33,34|7,8,13,16,20,35
2,9,15,18,21,23|3,14,29,33,34,39|7,8,13,16,20,35
2,9,19,23,31,39|3,15,21,29,33,34|7,8,13,14,25,35
3,9,13,16,23,32|6,7,21,31,33,35|14,17,18,30,38,39
3,15,21,29,33,34|7,8,13,14,25,35|17,19,30,31,38,39
1,18,30,31,34,39|3,8,9,13,16,38|6,7,21,25,33,35
1,19,25,30,34,39|3,8,9,13,16,38|7,14,21,28,33,35
2,9,18,23,31,39|3,8,13,16,17,34|6,7,21,25,33,35
2,9,19,23,25,39|3,8,13,16,17,34|7,14,21,28,33,35
3,8,9,13,16,38|6,7,21,25,33,35|10,14,19,30,34,39
1,13,14,27,30,34|2,9,18,23,25,39|7,21,28,31,33,35
1,18,25,30,34,39|2,9,13,14,23,27|7,21,28,31,33,35
2,9,18,23,25,39|3,15,17,21,33,34|7,8,16,27,31,35
3,9,14,33,38,39|7,8,16,27,31,35|10,15,18,21,30,34
1,7,15,17,21,34|3,10,13,16,23,35|9,12,27,30,33,39
1,12,27,33,35,39|2,3,9,13,25,31|15,17,18,21,26,38
1,9,17,31,33,39|2,3,13,16,26,29|10,15,18,21,32,34
1,10,13,16,29,34|2,3,9,25,39,40|15,17,19,21,26,38
1,13,14,27,32,34|2,3,9,25,39,40|15,17,19,21,26,38
1,13,16,26,34,40|2,3,27,29,32,39|9,18,21,22,25,38
1,15,19,21,26,34|2,3,9,13,14,25|17,27,32,38,39,40
1,27,32,34,39,40|2,3,9,13,14,25|15,17,19,21,26,38
2,3,9,13,16,20|10,14,18,32,34,39|15,17,19,21,26,38
2,3,13,16,26,29|9,11,18,25,38,39|17,21,22,27,34,40
8,9,18,26,31,39|10,12,13,16,33,35|17,19,21,25,28,34
8,9,19,25,26,39|10,12,13,16,33,35|17,18,21,28,31,34
9,11,18,25,38,39|10,12,13,16,33,35|17,21,22,27,34,40
9,11,27,38,39,40|10,12,13,16,33,35|17,18,21,22,25,34
9,18,20,31,38,39|10,12,13,16,33,35|17,19,21,25,28,34
9,18,21,22,25,38|10,12,13,16,33,35|11,17,27,34,39,40
9,18,21,28,31,38|10,12,13,16,33,35|11,17,27,34,39,40
9,19,20,25,38,39|10,12,13,16,33,35|17,18,21,28,31,34
9,19,21,25,28,38|10,12,13,16,33,35|11,17,27,34,39,40
9,21,22,27,38,40|10,12,13,16,33,35|11,17,18,25,34,39
1,12,13,16,33,35|2,3,9,14,39,40|6,17,18,21,31,34
2,3,9,14,39,40|6,13,22,27,29,34|15,17,18,21,32,38
2,3,9,15,21,40|6,13,22,27,29,34|14,17,18,32,38,39
6,13,22,27,29,34|8,9,14,19,26,39|15,17,18,21,32,38
9,13,16,20,32,33|11,14,17,18,34,39|15,19,21,26,29,38
9,14,18,21,22,38|11,17,19,31,34,39|13,16,26,29,32,33
9,14,19,20,38,39|11,15,17,18,21,34|13,16,26,29,32,33
1,19,25,32,34,39|2,3,9,11,13,16|15,18,21,26,29,38
2,3,9,11,13,16|6,17,18,21,25,34|19,26,29,31,38,39
2,3,9,13,15,22|6,17,18,21,25,34|19,26,29,31,38,39
2,3,13,16,17,32|6,9,18,21,25,38|20,27,29,34,39,40
