1,3,20,21,23,35|6,7,25,31,32,34|12,13,17,28,30,38
3,6,10,16,23,35|7,11,15,25,32,34|12,13,17,28,30,38
3,10,14,15,23,35|6,7,25,31,32,34|12,13,17,28,30,38
1,2,8,13,22,34|3,9,15,23,25,32|6,14,17,27,30,38
1,3,8,21,32,34|2,6,9,14,23,27|11,13,17,28,30,38
1,3,12,21,23,35|2,6,16,17,33,38|8,9,14,27,28,30
1,6,14,27,30,34|2,8,9,15,25,33|3,21,23,26,29,32
1,11,13,28,30,34|2,6,9,14,23,27|3,8,17,21,32,38
1,13,20,22,30,34|2,6,9,14,23,27|3,8,17,21,32,38
1,13,28,30,32,38|2,6,9,14,23,27|3,8,11,17,21,34
2,6,9,14,23,27|3,8,11,17,21,34|15,25,26,29,30,33
2,6,16,17,33,38|3,9,15,23,25,32|10,11,21,30,34,40
2,8,9,15,25,33|3,21,23,26,29,32|6,10,11,13,30,34
2,8,9,16,28,33|3,21,23,26,29,32|6,10,11,13,30,34
2,8,13,17,22,38|3,9,15,23,25,32|10,11,21,30,34,40
2,8,15,27,29,38|3,9,16,23,28,32|6,10,11,13,30,34
2,8,21,26,29,33|3,9,15,23,25,32|6,10,11,13,30,34
2,9,11,13,23,28|3,8,15,17,31,34|6,25,27,29,30,38
2,9,13,20,22,23|3,8,11,17,21,34|6,25,27,29,30,38
2,13,17,23,28,32|3,8,9,11,21,38|10,15,30,31,34,40
2,13,22,23,26,29|3,8,9,11,21,38|7,12,15,31,32,34
2,14,15,17,33,38|3,9,16,23,28,32|6,10,11,13,30,34|7,8,22,25,31,35
3,8,9,11,21,38|6,16,17,26,30,33|7,12,15,31,32,34
3,9,15,23,25,32|6,10,11,13,30,34|7,8,16,20,28,35
3,9,16,23,28,32|6,10,11,13,30,34|7,8,15,20,25,35
3,9,20,21,23,32|6,10,11,13,30,34|7,8,14,25,28,35
2,13,22,23,29,32|6,7,8,11,16,35|14,15,17,30,38,40
1,3,6,16,23,35|7,11,14,15,32,34|8,9,12,13,28,30
1,3,14,15,23,35|6,7,11,16,32,34|8,9,12,13,28,30
1,16,22,30,34,40|2,6,9,11,13,23|3,8,21,29,32,38
2,6,9,11,13,23|3,8,15,29,31,34|16,17,22,30,32,33
2,6,13,17,23,32|3,8,11,21,29,34|9,14,15,20,30,33
2,9,11,21,23,40|3,8,15,29,31,34|16,17,22,30,32,33
2,9,15,23,31,40|3,8,11,21,29,34|16,17,22,30,32,33
2,9,16,22,23,40|3,8,11,21,29,34|15,17,30,31,32,33
2,13,23,28,29,32|6,7,8,14,25,35|9,11,15,30,31,33
2,17,21,23,32,40|3,8,15,29,31,34|6,9,14,25,30,33
3,6,9,16,23,32|7,8,11,15,31,35|13,20,22,29,30,38
3,9,14,15,23,32|6,7,8,16,20,35|11,13,28,29,30,38
1,23,25,27,28,35|2,7,20,21,26,32|10,12,13,22,34,38
1,2,13,26,28,30|8,9,22,25,27,38|10,20,21,32,33,34
1,13,20,28,34,38|2,3,8,17,21,26|10,12,15,23,27,35
2,3,8,17,21,26|6,10,13,20,34,38|9,23,25,27,28,32
2,3,17,20,21,38|6,8,10,13,26,34|9,23,25,27,28,32
3,17,20,21,26,30|8,9,22,25,27,38|10,16,28,32,33,34
1,12,13,28,34,38|2,7,11,21,26,32|6,10,23,27,31,35
1,2,3,11,21,34|6,8,9,25,27,38|10,12,13,23,28,35
1,2,3,15,31,34|6,8,9,25,27,38|10,12,13,23,28,35
1,2,3,16,22,34|6,8,9,25,27,38|10,12,13,23,28,35
1,2,3,21,32,38|6,8,17,25,27,34|9,11,13,23,26,28
1,2,13,22,26,30|6,8,9,25,27,38|10,11,21,32,33,34
1,3,21,26,30,32|6,8,9,25,27,38|10,12,13,23,28,35
1,6,14,27,34,38|2,10,13,28,30,32|8,9,15,25,26,33
1,6,16,26,33,34|2,3,11,17,21,38|9,22,23,25,27,32
1,8,13,22,26,34|2,3,11,17,21,38|9,23,27,28,31,32
1,9,10,21,23,32|2,3,15,17,31,38|8,25,27,28,29,34
1,11,13,28,34,38|2,6,17,25,27,30|8,9,20,21,26,33
1,13,20,22,34,38|2,6,17,25,27,30|8,9,16,26,28,33
1,14,15,26,33,34|2,3,11,17,21,38|9,22,23,25,27,32
2,3,11,17,21,38|6,9,14,23,26,27|8,10,13,28,32,34
2,3,15,17,31,38|6,9,14,23,26,27|8,10,13,28,32,34
2,3,16,17,22,38|6,9,14,23,26,27|8,10,13,28,32,34
2,6,17,25,27,30|8,9,16,26,28,33|10,11,21,34,38,40
2,14,17,27,28,30|6,10,11,13,34,38|8,9,15,25,26,33
2,15,17,20,27,30|6,10,11,13,34,38|8,9,16,26,28,33
2,17,22,27,30,31|6,10,11,13,34,38|8,9,15,25,26,33
2,25,27,28,29,30|6,10,11,13,34,38|8,9,20,21,26,33
3,11,17,21,26,30|6,8,9,25,27,38|10,12,13,23,28,35
3,15,17,26,30,31|6,8,9,25,27,38|10,11,21,32,33,34
3,16,17,22,26,30|6,8,9,25,27,38|10,11,21,32,33,34
1,6,23,25,27,35|2,7,14,15,26,32|9,12,16,28,33,38
1,12,13,22,34,38|2,6,7,16,26,32|8,10,15,25,33,35
1,14,23,27,28,35|2,6,7,16,26,32|9,12,15,25,33,38
1,22,23,27,31,35|2,6,7,16,26,32|9,12,15,25,33,38
2,6,7,16,26,32|8,9,12,15,27,38|10,11,13,23,28,35
1,2,3,6,16,34|8,9,11,15,27,38|10,12,13,22,23,35
1,2,3,14,15,34|6,8,9,27,31,38|10,12,13,22,23,35
1,2,6,13,26,30|8,9,11,15,27,38|14,17,22,25,33,34
1,2,10,21,29,30|6,8,9,27,31,38|11,15,17,25,33,34
1,2,15,27,30,32|6,8,13,17,26,38|9,10,16,23,28,29
1,2,21,26,30,40|6,8,9,27,31,38|10,12,13,22,23,35|11,15,17,25,33,34
1,6,8,13,26,34|2,3,14,15,17,38|9,10,16,23,28,29
1,8,10,21,29,34|2,3,6,16,17,38|9,11,13,22,23,26
1,8,15,27,32,34|2,3,6,16,17,38|9,10,20,21,23,29
1,8,21,26,34,40|2,3,6,16,17,38|9,10,15,23,25,29
1,9,15,17,23,25|2,3,8,21,26,29|6,10,16,32,33,34
1,9,16,17,23,28|2,3,8,21,26,29|10,14,15,32,33,34
1,9,17,20,21,23|2,3,15,25,29,38|6,10,16,32,33,34
1,12,15,23,27,35|2,3,6,16,17,38|8,9,11,21,26,33
1,15,25,32,33,34|2,3,6,16,17,38|9,10,20,21,23,29
1,15,25,34,38,40|2,3,8,9,16,28|10,12,13,22,23,35
1,16,28,32,33,34|2,3,8,9,15,25|10,12,13,22,23,35
1,16,28,34,38,40|2,3,8,9,15,25|10,12,13,22,23,35
1,17,21,23,26,29|2,3,8,9,15,25|6,10,16,32,33,34
1,20,21,32,33,34|2,3,6,16,17,38|9,10,15,23,25,29
1,20,21,34,38,40|2,3,8,9,15,25|10,12,13,22,23,35
2,3,6,16,17,38|8,9,11,21,26,33|10,12,13,22,23,35
2,3,8,9,16,28|6,17,25,31,33,34|10,12,13,22,23,35
2,3,14,15,17,38|6,9,13,20,23,26|8,10,12,21,33,35
2,3,15,25,29,38|6,8,17,27,31,34|9,11,13,22,23,26
2,3,16,28,29,38|6,8,17,27,31,34|9,11,13,22,23,26
2,3,20,21,29,38|6,8,17,27,31,34|9,11,13,22,23,26
2,6,17,27,30,31|8,9,11,21,26,33|10,12,13,22,23,35
2,10,13,22,30,32|6,8,9,27,31,38|11,15,17,25,33,34
2,11,15,17,27,30|6,9,13,20,23,26|8,10,12,21,33,35
2,13,17,20,28,30|6,8,9,27,31,38|10,14,15,32,33,34
2,14,17,22,27,30|6,9,13,20,23,26|8,10,12,21,33,35
2,22,25,27,29,30|6,8,13,17,26,38|10,14,15,32,33,34
2,27,28,29,30,31|6,8,13,17,26,38|10,14,15,32,33,34
3,6,16,17,26,30|8,9,11,15,27,38|10,12,13,22,23,35|25,28,29,31,33,34
3,9,16,20,28,30|6,8,13,17,26,38|10,14,15,32,33,34
3,9,22,25,30,31|6,8,13,17,26,38|10,14,15,32,33,34
3,14,15,17,26,30|6,8,9,27,31,38|10,12,13,22,23,35
3,15,25,26,29,30|6,8,9,27,31,38|10,12,13,22,23,35|11,16,17,28,33,34
3,16,26,28,29,30|6,8,9,27,31,38|10,12,13,22,23,35|11,15,17,25,33,34
3,20,21,26,29,30|6,8,9,27,31,38|10,12,13,22,23,35|11,15,17,25,33,34
6,8,9,27,31,38|10,12,13,22,23,35|11,15,17,25,33,34
6,17,25,31,33,34|8,9,11,15,27,38|10,12,13,22,23,35
8,9,11,15,27,38|10,12,13,22,23,35|14,17,28,31,33,34
1,2,13,28,30,32|6,8,9,14,27,38|10,12,21,23,35,40|11,15,17,31,33,34
1,6,11,13,34,38|2,3,8,9,15,31|10,12,21,23,35,40
1,8,13,28,32,34|2,3,11,21,29,38|9,15,23,26,31,40
1,9,11,17,21,23|2,3,15,29,31,38|6,8,10,13,32,34
1,9,15,17,23,31|2,3,11,21,29,38|6,8,10,13,32,34
1,9,16,17,22,23|2,3,11,21,29,38|6,8,10,13,32,34
1,11,21,32,33,34|2,3,8,9,15,31|6,10,12,13,23,35
1,11,21,34,38,40|2,3,8,9,15,31|6,10,12,13,23,35
1,12,13,23,28,35|2,3,8,9,11,21|6,14,17,25,33,34
1,15,31,32,33,34|2,3,8,9,11,21|6,10,12,13,23,35
1,15,31,34,38,40|2,3,8,9,11,21|6,10,12,13,23,35
1,16,22,32,33,34|2,3,8,9,11,21|6,10,12,13,23,35
1,16,22,34,38,40|2,3,8,9,11,21|6,10,12,13,23,35
2,3,8,9,11,21|6,10,12,13,23,35|14,15,17,20,33,34
2,3,8,9,15,31|6,10,12,13,23,35|11,16,17,22,33,34
2,3,8,9,16,22|6,10,12,13,23,35|11,15,17,31,33,34
2,3,8,17,21,32|6,9,11,13,23,26|14,25,28,29,33,34
2,3,15,29,31,38|6,8,9,16,26,33|10,12,21,23,35,40
2,3,16,22,29,38|6,8,10,13,32,34|9,11,21,23,26,40
2,6,14,17,27,30|8,9,11,13,28,38|10,12,21,23,35,40|15,20,25,29,33,34
2,6,25,27,29,30|8,9,11,13,28,38|10,12,21,23,35,40|14,15,17,20,33,34
2,10,21,30,32,40|6,8,9,14,27,38|11,15,17,31,33,34
2,11,13,17,28,30|6,8,9,14,27,38|10,12,21,23,35,40|15,20,25,29,33,34
2,13,17,20,22,30|6,8,9,14,27,38|10,12,21,23,35,40
2,14,27,28,29,30|6,8,9,16,26,33|10,12,21,23,35,40
2,15,20,27,29,30|6,8,9,16,26,33|10,12,21,23,35,40
2,22,27,29,30,31|6,8,9,16,26,33|10,12,21,23,35,40
3,6,9,25,30,31|8,10,21,32,34,40|14,15,26,29,33,38
3,9,11,16,28,30|6,8,10,13,32,34|14,15,26,29,33,38
3,9,11,20,21,30|6,8,10,13,32,34|14,15,26,29,33,38
3,9,16,20,22,30|6,8,10,13,32,34|14,15,26,29,33,38
3,15,17,25,30,32|6,8,9,14,27,38|10,12,21,23,35,40|16,20,28,29,33,34
3,15,26,29,30,31|6,8,9,14,27,38|10,12,21,23,35,40|11,16,17,22,33,34
3,16,17,28,30,32|6,8,9,14,27,38|10,12,21,23,35,40|15,20,25,29,33,34
3,16,22,26,29,30|6,8,9,14,27,38|10,12,21,23,35,40|11,15,17,31,33,34
3,17,20,21,30,32|6,8,9,14,27,38|22,25,29,31,33,34
6,8,9,14,27,38|10,12,21,23,35,40|11,15,17,31,33,34
6,8,25,27,29,34|9,11,15,31,33,38|10,12,21,23,35,40
6,9,23,27,31,32|8,11,13,17,28,34|14,15,26,29,33,38
6,13,17,23,26,32|8,14,27,28,29,34|9,11,15,31,33,38
6,14,17,25,33,34|8,9,11,13,28,38|10,12,21,23,35,40
6,15,17,28,33,34|8,9,13,20,22,38|10,12,21,23,35,40
6,16,17,20,33,34|8,9,11,13,28,38|10,12,21,23,35,40
8,9,11,13,28,38|10,12,21,23,35,40|14,15,17,20,33,34
8,9,13,20,22,38|10,12,21,23,35,40|11,15,17,31,33,34
8,14,27,28,29,34|9,11,15,31,33,38|10,12,21,23,35,40
8,15,20,27,29,34|9,11,16,22,33,38|10,12,21,23,35,40
1,2,13,22,30,32|6,8,27,29,31,34|9,11,14,15,33,38
1,6,16,34,38,40|2,3,8,9,14,15|13,22,23,26,29,32
1,8,12,21,33,35|2,3,6,16,29,38|9,11,13,23,28,32
1,8,13,22,32,34|2,3,6,16,29,38|9,14,15,23,26,40
1,12,13,22,23,35|2,3,6,8,9,16|11,14,15,17,33,34
1,14,15,34,38,40|2,3,6,8,9,16|13,22,23,26,29,32
2,3,6,8,9,16|11,14,15,17,33,34|13,22,23,26,29,32
2,3,8,9,14,15|6,11,16,17,33,34|13,22,23,26,29,32
2,11,13,17,22,30|6,8,27,29,31,34|9,14,15,23,26,40
2,13,20,28,29,30|6,9,11,16,33,38|8,15,17,25,34,40
2,15,17,25,30,40|6,8,9,13,20,38|11,16,28,29,33,34
2,16,17,28,30,40|6,8,9,13,20,38|11,15,25,29,33,34
3,6,9,14,25,30|8,11,13,17,22,34|16,28,29,32,33,38
3,6,9,15,28,30|8,11,13,17,22,34|20,21,29,32,33,38
3,6,9,16,20,30|8,11,13,17,22,34|15,25,29,32,33,38
3,9,11,15,30,31|6,8,13,17,20,34|16,28,29,32,33,38
3,9,11,16,22,30|6,8,13,17,20,34|15,25,29,32,33,38
3,9,14,22,30,31|6,8,13,17,20,34|15,25,29,32,33,38
3,11,17,21,30,32|6,8,9,13,20,38|14,22,25,29,33,34
3,15,17,30,31,32|6,8,9,13,20,38|11,16,28,29,33,34
3,16,17,22,30,32|6,8,9,13,20,38|11,15,25,29,33,34
6,9,16,23,26,40|8,11,13,17,22,34|15,25,29,32,33,38
6,11,16,17,33,34|8,9,15,25,38,40|13,22,23,26,29,32
8,9,16,28,38,40|11,14,15,17,33,34|13,22,23,26,29,32
8,9,20,21,38,40|11,14,15,17,33,34|13,22,23,26,29,32
1,2,6,13,30,32|8,9,11,21,38,40|14,15,20,29,33,34
1,2,21,30,32,40|6,8,9,11,13,38|14,15,20,29,33,34
1,12,21,23,35,40|2,6,11,13,17,30|8,9,15,31,32,33
2,16,17,22,30,40|6,8,9,11,13,38|14,15,20,29,33,34
3,6,16,17,30,32|8,9,11,21,38,40|14,15,20,29,33,34
1,2,3,12,16,35|6,9,11,22,27,34|13,20,26,29,32,38
1,8,12,13,26,35|2,3,9,14,25,32|10,11,16,17,29,34
1,10,16,29,32,34|8,12,17,27,31,35|9,15,22,26,38,40
1,12,13,20,35,38|2,3,9,14,25,32|10,11,16,17,29,34
1,16,26,32,34,40|8,12,17,27,31,35|9,10,15,22,29,38
1,17,25,29,31,34|2,3,9,15,28,32|10,12,16,35,38,40
2,3,9,14,25,32|8,12,17,27,31,35|11,13,20,26,29,34
2,3,9,15,28,32|8,12,17,27,31,35|11,13,20,26,29,34
2,3,16,26,29,32|6,9,11,22,27,34|12,17,25,31,33,35
1,6,9,15,17,38|8,10,12,13,32,35|14,25,26,29,34,40
1,9,14,25,29,38|6,15,17,26,34,40|8,10,12,13,32,35
1,9,16,20,29,38|6,15,17,26,34,40|8,10,12,13,32,35
1,11,12,13,35,38|2,3,9,14,31,32|6,10,15,17,29,34
2,3,9,15,22,32|8,12,14,17,27,35|16,20,26,29,34,40
8,12,14,17,27,35|9,11,13,20,32,38|15,26,28,29,34,40
9,11,13,20,32,38|12,14,17,25,33,35|15,26,28,29,34,40
9,14,20,25,34,40|11,13,26,29,32,38|12,15,17,28,33,35
9,15,20,28,34,40|11,13,26,29,32,38|12,14,17,25,33,35
9,22,28,31,34,40|11,13,26,29,32,38|12,14,17,25,33,35
1,9,17,25,31,38|2,3,10,12,16,35|6,26,27,28,29,34
2,3,9,11,16,26|10,12,13,20,35,38|17,22,27,28,32,34
2,3,9,14,26,31|10,12,13,20,35,38|11,17,25,27,32,34
2,3,9,15,22,26|10,12,13,20,35,38|11,17,25,27,32,34
1,8,9,16,17,26|10,11,12,13,35,38|20,25,27,29,32,34
1,12,14,27,35,38|2,3,6,9,15,26|10,16,17,20,29,34
1,12,16,26,33,35|2,3,9,25,31,32|10,15,17,28,29,34
2,3,9,25,31,32|6,22,26,27,29,34|10,11,12,13,35,38
2,3,6,9,15,32|8,12,13,17,20,35|11,16,26,29,34,40
2,6,8,13,17,32|3,11,14,15,29,34|9,16,20,22,30,40
2,8,13,28,29,32|6,7,11,14,31,35|9,16,20,22,30,40
1,2,6,11,13,34|3,8,9,15,25,32|7,14,20,22,31,35
1,2,6,13,32,38|3,11,14,15,17,34|9,25,28,30,31,40
1,2,11,21,34,40|3,6,9,14,31,38|10,16,17,22,29,30
1,2,15,31,34,40|3,6,9,11,16,38|13,17,20,28,30,32
1,2,16,22,34,40|3,6,9,14,31,38|10,11,17,21,29,30
1,2,21,32,38,40|3,6,11,16,17,34|7,14,20,22,31,35
1,3,6,16,32,34|2,8,9,11,13,28|7,14,20,22,31,35
1,3,8,12,21,35|2,6,9,14,25,33|10,15,17,29,30,31
1,3,14,15,32,34|2,6,9,16,20,33|10,11,17,21,29,30
1,6,13,26,30,32|2,9,11,15,31,33|3,14,22,25,29,34
1,10,21,29,30,32|2,6,8,9,14,27|7,11,15,20,31,35
1,21,26,30,32,40|2,6,8,9,14,27|3,11,15,25,29,34
2,6,8,9,14,27|3,11,15,25,29,34|13,17,20,28,30,32
2,6,9,14,25,33|3,8,21,26,29,32|7,11,15,20,31,35
2,6,9,15,28,33|3,8,21,26,29,32|7,11,14,22,25,35
2,6,9,16,20,33|3,8,21,26,29,32|7,11,14,22,25,35
2,6,11,13,17,38|3,8,9,15,25,32|7,14,20,22,31,35
2,6,14,27,29,38|3,8,9,15,25,32|7,11,16,20,22,35
2,6,16,26,29,33|3,8,9,15,25,32|7,11,14,28,31,35
2,8,9,11,13,28|3,6,14,17,31,34|22,25,27,29,30,32
2,8,9,13,20,22|3,6,11,16,17,34|27,28,29,30,31,32
2,8,13,17,28,32|3,6,9,11,16,38|7,14,20,22,31,35
2,9,11,15,31,33|3,6,16,17,32,38|13,20,22,26,29,30
2,9,14,15,20,33|3,6,11,16,17,34|22,25,27,29,30,32
2,11,17,21,32,33|3,6,9,14,31,38|13,20,22,26,29,30
2,13,20,22,29,38|3,6,11,16,17,34|9,25,28,30,31,40
2,14,15,26,29,33|3,6,9,11,16,38|13,17,20,28,30,32
2,15,17,31,32,33|3,6,9,11,16,38|13,20,22,26,29,30
2,15,17,31,38,40|3,8,9,16,28,32|6,7,14,20,25,35
2,16,17,22,32,33|3,6,9,14,31,38|11,13,26,28,29,30
2,16,17,22,38,40|3,6,25,29,31,34|9,11,13,20,28,30
3,8,9,15,25,32|6,7,22,28,31,35|10,11,17,21,29,30
3,8,9,16,28,32|6,7,11,25,31,35|13,20,22,26,29,30
3,8,9,20,21,32|6,7,11,25,31,35|10,16,17,22,29,30
3,11,16,28,29,34|6,7,14,20,25,35|15,17,26,30,31,40
3,14,15,17,32,38|6,7,11,25,31,35|13,20,22,26,29,30
3,14,22,25,29,34|6,7,15,20,28,35|11,17,21,26,30,40
3,15,25,29,32,38|6,7,22,28,31,35|11,17,21,26,30,40
3,20,21,29,32,38|6,7,11,25,31,35|16,17,22,26,30,40
1,2,6,16,34,40|3,8,9,11,21,32|10,14,15,17,29,30
1,2,8,17,21,29|6,7,11,14,25,35|9,16,20,28,30,40
1,2,14,15,34,40|3,8,9,11,21,32|6,10,16,17,29,30
1,15,17,25,29,30|2,6,8,9,13,20|7,11,14,22,31,35
1,16,17,28,29,30|2,6,8,9,13,20|7,11,14,22,31,35
2,6,8,13,26,29|7,11,14,15,20,35|9,22,25,30,31,40
2,6,13,20,29,38|3,8,9,11,21,32|14,15,17,26,30,40
2,6,16,17,32,33|3,11,15,29,31,34|9,14,25,28,30,40
2,8,9,15,25,40|3,6,16,20,29,34|7,11,14,22,31,35
2,8,9,16,28,40|3,6,14,25,29,34|13,17,20,22,30,32
2,8,9,20,21,40|3,6,14,25,29,34|11,13,17,28,30,32
2,8,13,17,22,32|3,6,14,25,29,34|9,16,20,28,30,40
2,8,15,27,29,32|6,7,11,14,25,35|9,16,20,28,30,40
2,8,21,26,29,40|6,7,11,14,25,35|13,17,20,22,30,32
2,11,13,22,29,38|3,8,9,15,31,32|6,16,17,26,30,40
2,14,15,17,32,33|3,6,16,20,29,34|9,22,25,30,31,40
2,15,25,29,38,40|3,8,9,11,21,32|6,7,14,20,31,35
2,16,28,29,38,40|3,8,9,11,21,32|6,7,14,20,31,35
2,20,21,29,38,40|3,8,9,15,31,32|6,7,11,14,25,35
3,8,9,11,21,32|6,7,14,20,31,35|15,25,26,29,30,40
3,8,9,15,31,32|6,7,11,14,25,35|16,26,28,29,30,40
3,8,9,16,22,32|6,7,11,14,25,35|20,21,26,29,30,40
3,15,29,31,32,38|6,7,11,14,25,35|9,16,20,28,30,40
1,2,6,14,27,34|3,8,9,11,21,26|7,20,22,25,31,35
1,2,11,13,28,34|3,6,9,25,31,38|10,21,26,30,32,40
1,2,13,20,22,34|3,6,9,25,31,38|10,21,26,30,32,40
1,2,13,28,32,38|3,6,17,25,31,34|15,20,26,27,29,30
1,3,16,28,32,34|2,6,8,9,25,27|13,17,20,22,26,30
1,3,20,21,32,34|2,6,8,9,25,27|11,13,17,26,28,30
1,9,10,11,21,30|2,6,14,17,27,38|3,25,28,29,31,34
1,9,10,16,22,30|2,6,14,17,27,38|3,25,28,29,31,34
1,10,17,21,30,32|2,6,8,9,25,27|3,15,26,29,31,38
1,13,26,28,30,32|2,6,8,9,25,27|3,11,17,20,21,34
2,6,8,9,25,27|3,10,14,15,32,34|11,13,17,26,28,30
2,6,10,11,13,34|3,8,9,15,26,31|7,14,20,25,28,35
2,6,10,13,32,38|3,8,9,11,21,26|7,14,20,25,28,35
2,6,14,17,27,38|3,8,9,11,21,26|7,20,22,25,31,35
2,6,16,17,26,33|3,8,10,12,21,35|9,11,22,25,27,30
2,8,9,14,27,28|3,6,10,16,32,34|7,20,22,25,31,35
2,8,9,15,20,27|3,6,10,16,32,34|7,11,25,28,31,35
2,8,9,22,27,31|3,6,10,16,32,34|7,14,20,25,28,35
2,9,14,25,28,33|3,6,10,16,32,34|13,17,20,22,26,30
2,9,15,20,25,33|3,6,10,16,32,34|11,13,17,26,28,30
2,9,16,20,28,33|3,6,17,25,31,34|10,21,26,30,32,40
2,9,22,25,31,33|3,6,10,16,32,34|11,13,17,26,28,30
2,10,11,21,34,40|3,6,9,25,31,38|13,17,20,22,26,30
2,10,15,31,34,40|3,8,9,11,21,26|7,14,20,25,28,35
2,10,16,22,34,40|3,6,9,25,31,38|11,13,17,26,28,30
2,10,21,32,38,40|3,6,17,25,31,34|9,14,20,27,28,30
2,11,13,17,28,38|3,6,10,16,32,34|7,20,22,25,31,35
2,13,17,20,22,38|3,6,10,16,32,34|7,11,25,28,31,35
2,14,27,28,29,38|3,6,10,16,32,34|7,20,22,25,31,35
2,15,20,27,29,38|3,6,10,16,32,34|7,11,25,28,31,35
2,15,25,26,29,33|3,6,10,16,32,34|9,11,27,28,30,31
2,22,27,29,31,38|3,6,10,16,32,34|7,14,20,25,28,35
3,6,10,16,32,34|7,11,25,28,31,35|13,17,20,22,26,30
3,9,11,16,28,38|6,10,13,26,30,32|7,20,22,25,31,35
3,9,16,20,22,38|6,10,13,26,30,32|7,11,25,28,31,35
3,16,17,20,22,34|6,10,13,26,30,32|7,11,25,28,31,35
1,2,6,13,20,34|3,8,9,14,15,26|7,11,22,25,31,35|10,16,17,28,29,30
1,2,11,13,22,34|3,6,8,9,16,26|7,14,20,28,31,35|10,15,17,25,29,30
1,2,13,22,32,38|3,6,8,9,16,26|7,11,14,25,28,35|10,17,20,21,29,30
1,2,15,25,34,40|3,6,8,9,16,26|7,14,20,28,31,35
1,2,16,28,34,40|3,6,9,14,25,38|10,17,20,21,29,30
1,2,20,21,34,40|3,6,8,9,16,26|7,11,14,25,28,35|17,22,27,30,31,32
1,3,11,21,32,34|2,6,8,9,27,31|7,14,20,22,25,35|10,16,17,28,29,30
1,3,15,31,32,34|2,6,8,13,17,26|7,11,14,25,28,35
1,3,16,22,32,34|2,6,8,9,27,31|7,11,14,25,28,35|10,17,20,21,29,30
1,6,9,10,16,30|2,8,13,26,28,29|3,11,15,17,31,34|7,14,20,22,25,35
1,9,10,14,15,30|2,6,8,13,17,26|3,16,20,28,29,34|7,11,22,25,31,35
1,13,22,26,30,32|2,6,8,9,27,31|3,14,15,17,20,34
2,6,8,9,27,31|3,11,16,17,22,34|13,20,26,28,29,30
2,6,8,13,17,26|3,9,11,15,31,38|7,14,20,22,25,35
2,6,9,25,31,33|3,11,16,17,22,34|13,20,26,28,29,30
2,6,10,16,34,40|3,8,9,14,15,26|7,11,22,25,31,35
2,6,13,17,20,38|3,8,9,14,15,26|7,11,22,25,31,35
2,6,27,29,31,38|3,8,9,14,15,26|7,11,16,20,28,35
2,8,9,11,15,27|3,6,14,17,25,34|13,20,26,28,29,30
2,8,9,13,20,28|3,6,14,17,25,34|11,15,26,27,29,30
2,8,10,17,21,29|3,6,9,14,25,38|7,11,16,20,28,35
2,8,13,26,28,29|3,6,9,14,25,38|15,17,20,27,30,32
2,8,15,17,27,32|3,6,9,14,25,38|7,11,16,20,28,35
2,8,17,21,26,40|3,6,9,14,25,38|7,11,16,20,28,35
2,9,11,15,25,33|3,6,16,17,20,34|14,22,26,27,29,30
2,9,14,28,31,33|3,6,16,17,20,34|11,15,26,27,29,30
2,9,16,20,22,33|3,6,14,17,25,34|11,15,26,27,29,30
2,10,14,15,34,40|3,6,8,9,16,26|7,11,22,25,31,35
2,11,13,17,22,38|3,6,8,9,16,26|7,14,20,28,31,35
2,11,15,27,29,38|3,6,8,9,16,26|7,14,20,22,25,35
2,11,21,26,29,33|3,6,9,14,25,38|7,15,20,22,28,35
2,13,20,28,29,38|3,6,8,9,16,26|7,11,22,25,31,35
2,14,22,27,29,38|3,6,8,9,16,26|7,11,15,20,25,35
2,15,17,25,32,33|3,6,8,9,16,26|7,14,20,28,31,35
2,15,17,25,38,40|3,6,8,9,16,26|7,14,20,28,31,35
2,15,26,29,31,33|3,6,9,14,25,38|7,11,16,20,28,35
2,16,17,28,32,33|3,6,9,14,25,38|11,15,26,27,29,30
2,16,17,28,38,40|3,8,9,14,15,26|6,7,20,25,31,35
2,16,22,26,29,33|3,6,9,14,25,38|15,17,20,27,30,32
2,17,20,21,32,33|3,6,8,9,16,26|7,11,14,25,28,35
2,17,20,21,38,40|3,6,8,9,16,26|7,11,14,25,28,35
3,6,8,9,16,26|7,11,14,25,28,35|10,17,20,21,29,30
3,6,9,14,25,38|7,11,16,20,28,35|17,22,27,30,31,32
3,6,9,15,28,38|7,11,22,25,31,35|10,17,20,21,29,30
3,6,9,16,20,38|7,11,14,25,28,35|17,22,27,30,31,32
3,6,16,26,29,38|7,11,14,25,28,35|15,17,20,27,30,32
3,8,9,14,15,26|6,7,20,25,31,35|10,16,17,28,29,30
3,9,11,15,31,38|6,7,22,25,28,35|10,17,20,21,29,30
3,9,11,16,22,38|6,7,20,25,31,35|14,17,27,28,30,32
3,11,17,21,32,38|6,7,20,25,31,35|14,22,26,27,29,30
3,16,17,22,32,38|6,7,20,25,31,35|9,11,14,27,28,30
1,2,6,13,26,38|3,10,11,21,32,34|7,20,25,28,31,35
1,2,8,9,10,21|3,6,16,17,26,38|7,20,25,28,31,35
1,2,11,15,27,34|3,6,16,17,26,38|7,20,25,28,31,35
1,2,14,22,27,34|3,6,16,17,26,38|7,20,25,28,31,35
1,2,21,26,38,40|3,10,15,31,32,34|9,11,25,27,28,30
1,15,26,27,30,32|2,6,10,13,20,34|3,9,14,25,28,38
2,10,11,13,22,34|3,6,16,17,26,38|7,20,25,28,31,35
2,10,15,25,34,40|3,6,16,17,26,38|9,20,27,28,30,31
2,10,20,21,34,40|3,6,16,17,26,38|9,11,25,27,28,30
1,9,19,25,28,38|2,3,15,18,26,32|10,22,27,29,34,40
1,9,22,27,38,40|2,3,15,18,26,32|6,10,17,19,25,34
1,17,18,22,25,34|2,3,9,10,15,40|6,19,26,27,32,38
1,17,18,28,31,34|2,3,9,10,15,40|6,19,26,27,32,38
1,17,22,27,34,40|2,3,15,18,26,32|6,9,10,19,25,38
2,3,17,22,27,29|6,9,10,18,31,38|19,25,26,28,34,40
1,2,3,9,15,40|6,10,14,17,19,34|8,12,18,22,27,35
1,6,17,18,31,34|8,12,19,27,28,35|9,10,15,32,33,40
1,6,17,19,25,34|8,9,10,15,18,32|12,22,27,33,35,40
1,8,9,15,19,26|6,10,18,29,31,34|12,22,27,33,35,40
1,9,11,15,18,38|6,10,14,17,19,34|12,22,27,33,35,40
1,9,14,19,28,38|6,10,18,29,31,34|12,22,27,33,35,40
1,9,15,19,20,38|6,10,18,29,31,34|12,22,27,33,35,40
1,11,15,17,18,34|6,9,10,14,19,38|12,22,27,33,35,40
1,14,17,19,28,34|6,9,20,27,29,33|15,18,26,32,38,40
1,15,17,18,32,38|6,9,20,27,29,33|14,19,26,28,34,40
1,15,19,26,29,38|6,11,18,27,32,34|9,17,22,25,33,40
1,17,19,22,31,34|6,9,20,27,29,33|15,18,26,32,38,40
1,18,28,29,31,34|6,9,10,14,19,38|12,22,27,33,35,40
1,19,25,28,29,34|8,9,10,15,18,32|12,22,27,33,35,40
1,22,27,29,34,40|6,9,10,14,19,38|12,18,28,31,33,35
6,10,18,29,31,34|8,9,17,19,25,28|12,22,27,33,35,40
6,10,19,25,29,34|8,9,17,18,28,31|12,22,27,33,35,40
8,9,10,15,18,32|12,19,25,28,33,35|17,22,27,29,38,40
8,9,17,18,28,31|10,15,19,20,29,34|12,22,27,33,35,40
8,9,17,19,25,28|10,11,15,18,29,34|12,22,27,33,35,40
8,9,17,22,27,40|10,11,15,18,29,34|12,19,25,28,33,35
8,12,18,22,27,35|9,10,15,32,33,40|17,19,25,28,29,38
8,12,19,27,28,35|9,10,15,32,33,40|17,18,22,25,29,38
1,6,9,18,25,38|2,3,15,19,26,32|12,27,28,33,35,40
1,6,9,27,38,40|2,3,15,19,26,32|10,14,18,28,29,34
1,6,17,18,25,34|2,3,15,19,26,32|9,11,27,28,29,33
1,6,17,27,34,40|2,3,15,19,26,32|12,18,25,28,33,35
1,9,14,18,28,38|2,3,6,17,27,29|19,22,25,26,34,40
1,9,15,18,20,38|2,3,6,17,27,29|19,22,25,26,34,40
1,9,19,22,25,38|2,3,6,17,27,29|14,18,26,28,34,40
1,9,19,28,31,38|2,3,6,17,27,29|15,18,20,26,34,40
1,10,15,19,32,34|2,3,6,17,27,29|12,18,25,28,33,35
1,14,17,18,28,34|2,3,15,19,26,32|9,20,22,27,29,33
1,15,17,18,20,34|6,9,10,19,31,38|12,27,28,33,35,40
1,17,18,22,31,34|2,3,15,19,26,32|9,11,27,28,29,33
1,17,19,22,25,34|6,9,10,14,18,38|12,27,28,33,35,40
1,18,25,28,29,34|2,3,15,19,26,32|6,9,11,17,27,33
1,27,28,29,34,40|2,3,15,19,26,32|6,9,10,14,18,38
2,3,6,17,27,29|9,10,11,15,19,38|12,18,25,28,33,35
2,3,15,19,26,32|6,9,10,14,18,38|12,27,28,33,35,40
6,18,25,26,34,40|9,10,11,15,19,38|17,27,28,29,32,33
1,6,9,14,18,38|8,12,19,22,27,35|15,17,26,29,33,40
1,6,27,29,34,40|8,9,10,15,19,32|12,14,18,28,33,35
1,9,14,19,22,38|6,8,12,18,27,35|15,17,26,29,33,40
1,11,15,17,19,34|6,8,12,18,27,35|9,25,28,29,33,40
1,14,17,19,22,34|6,8,12,18,27,35|9,25,28,29,33,40
1,14,18,28,29,34|6,8,9,17,27,40|12,19,22,25,33,35
1,15,17,19,32,38|6,8,12,18,27,35|9,25,28,29,33,40
1,15,18,20,29,34|6,8,9,17,27,40|12,19,22,25,33,35
1,19,22,25,29,34|6,8,9,17,27,40|12,14,18,28,33,35
6,8,9,17,27,40|10,11,15,19,29,34|12,14,18,28,33,35
6,8,12,18,27,35|9,14,17,28,33,40|10,11,15,19,29,34
6,12,27,33,35,40|8,9,10,15,19,32|14,17,18,28,29,38
6,17,27,29,38,40|8,9,10,15,19,32|12,14,18,28,33,35
1,9,15,32,33,40|6,8,12,19,27,35|14,17,18,22,29,38
1,7,11,27,28,35|2,10,15,17,18,38|3,19,22,25,26,34
1,7,20,22,27,35|2,10,15,17,18,38|3,19,26,28,31,34
2,18,27,28,32,38|3,19,22,25,26,34|7,9,10,12,15,17
1,6,7,20,27,35|2,10,15,17,19,38|3,14,18,22,26,34
1,7,11,22,27,35|2,10,15,17,19,38|3,6,18,26,31,34
2,10,15,17,19,38|3,6,18,26,31,34|7,9,12,22,27,32
2,17,27,28,29,33|3,6,18,26,31,34|7,10,22,25,35,40
2,18,22,27,32,38|3,6,19,25,26,34|7,10,28,31,35,40
2,19,27,28,32,38|3,6,18,26,31,34|7,10,22,25,35,40
1,3,10,15,33,35|2,12,18,22,27,34|7,9,26,28,31,40
1,2,15,17,18,38|3,6,12,27,33,35|9,10,19,22,25,30
1,6,7,11,27,35|2,8,9,10,15,18|3,14,19,22,26,34
1,7,25,28,35,40|2,6,11,18,27,34|3,9,15,17,20,33
1,9,18,25,28,30|2,6,19,20,27,34|3,15,17,26,29,33|7,10,22,31,35,40
1,9,27,28,30,40|2,10,15,18,29,38|3,6,19,26,31,34
1,15,17,18,26,30|2,6,19,20,27,34|3,9,25,28,29,33|7,10,22,31,35,40
2,6,11,18,27,34|3,9,14,17,28,33|7,10,15,20,35,40
2,6,18,27,32,38|3,9,14,17,28,33|7,10,15,20,35,40
2,6,19,20,27,34|3,9,14,17,28,33|7,10,22,31,35,40
2,11,19,22,27,34|3,6,9,17,25,33|7,10,14,28,35,40
2,15,18,26,32,33|3,6,8,9,17,27|7,10,14,28,35,40
2,17,22,27,29,33|3,6,14,18,26,34|7,10,15,20,35,40
2,19,22,27,32,38|3,6,9,17,25,33|7,10,14,28,35,40
3,6,9,17,25,33|7,10,14,28,35,40|19,22,26,27,30,32
3,9,14,17,28,33|6,7,10,25,35,40|19,22,26,27,30,32
3,9,15,17,20,33|6,7,10,25,35,40|19,22,26,27,30,32
3,9,25,28,29,33|6,18,26,27,30,32|7,10,15,20,35,40
1,2,15,17,19,38|3,6,18,25,32,34|7,10,14,22,35,40
1,3,9,15,32,33|2,6,11,19,27,34|7,10,14,22,35,40
1,3,15,17,34,40|2,6,19,27,32,38|9,10,14,18,22,30
1,7,22,25,35,40|2,6,11,19,27,34|3,9,28,29,31,33|10,15,17,18,30,32
1,7,28,31,35,40|2,6,11,19,27,34|3,9,14,17,22,33
1,9,18,28,30,31|2,6,11,19,27,34|7,10,14,22,35,40
1,9,19,25,28,30|2,6,17,27,29,33|3,15,18,20,32,34|7,10,14,22,35,40
1,9,22,27,30,40|2,10,15,19,29,38|3,6,18,25,32,34
1,15,17,19,26,30|2,18,22,25,34,40|3,9,28,29,31,33
2,6,17,27,29,33|3,14,18,28,32,34|7,10,11,15,35,40
2,6,19,27,32,38|3,9,11,15,17,33|7,10,14,22,35,40
2,15,19,26,32,33|3,8,9,22,27,29|6,7,10,31,35,40
2,18,22,25,34,40|3,6,9,17,31,33|10,15,19,26,29,30
3,9,28,29,31,33|6,19,26,27,30,32|7,10,11,15,35,40
1,7,9,11,15,17|2,6,12,19,27,34|3,8,18,25,28,35
1,7,9,14,17,22|2,6,12,19,27,34|3,8,18,25,28,35
2,6,12,19,27,34|3,8,18,25,28,35|7,9,10,11,15,29
1,2,8,9,15,18|3,6,19,25,32,34|17,27,28,29,30,40
1,6,7,25,35,40|3,9,14,28,29,33|10,15,17,19,30,32
1,7,14,28,35,40|3,6,8,9,27,29|10,15,17,19,30,32
1,7,22,31,35,40|3,6,8,9,27,29|10,15,17,19,30,32
1,15,18,26,29,30|2,19,22,25,34,40|3,6,9,14,17,33
2,6,18,25,34,40|3,9,14,28,29,33|10,15,17,19,30,32
2,14,18,28,34,40|3,6,8,9,27,29|10,15,17,19,30,32
2,18,22,31,34,40|3,6,8,9,27,29|10,15,17,19,30,32
3,15,19,20,32,34|6,7,10,14,35,40|17,18,25,28,29,30
3,19,22,31,32,34|6,7,10,14,35,40|17,18,25,28,29,30
1,2,8,9,15,19|3,6,14,18,32,34|17,22,27,29,30,40
1,6,9,18,30,31|2,14,19,28,34,40|3,15,17,29,32,33
1,9,14,18,22,30|2,6,19,25,34,40|3,15,17,29,32,33
1,9,14,19,28,30|2,6,18,31,34,40|3,15,17,29,32,33
1,15,17,18,30,32|2,6,19,25,34,40|3,9,14,22,29,33
1,6,7,9,29,31|2,12,15,18,34,40|3,8,19,22,25,35
1,7,9,14,22,29|2,12,15,18,34,40|3,8,19,28,31,35
1,6,13,20,32,34|2,3,9,11,14,15|8,10,12,21,35,40
1,8,12,13,28,35|2,3,6,9,11,16|10,14,15,32,34,40
1,11,12,21,33,35|2,3,6,9,14,31|8,13,26,28,29,32|16,17,20,22,34,40
1,11,13,22,32,34|2,3,6,9,14,31|8,10,12,21,35,40
1,12,15,31,33,35|2,3,6,9,11,16|8,10,17,21,29,32
1,12,16,22,33,35|2,3,6,9,14,31|8,10,17,21,29,32
1,15,17,29,31,38|2,3,6,9,11,16|8,10,12,21,35,40
1,16,17,22,29,38|2,3,6,9,14,31|8,10,12,21,35,40
2,3,6,9,11,16|8,10,12,21,35,40|13,20,28,29,32,38
2,3,6,9,14,31|8,10,12,21,35,40|11,13,17,22,32,38
2,3,6,9,15,22|8,10,12,21,35,40|11,13,20,28,29,34
2,3,9,11,14,15|6,8,10,12,13,35|16,17,20,22,34,40
2,3,14,15,17,32|6,8,9,11,13,26|25,28,29,31,34,40
2,3,15,25,29,32|6,8,9,11,13,26|14,17,28,31,34,40
2,3,16,28,29,32|6,8,9,11,13,26|14,17,22,25,34,40
2,3,20,21,29,32|6,8,9,11,13,26|14,17,22,25,34,40
6,8,10,12,13,35|9,11,15,25,32,33|14,17,28,31,34,40
6,9,11,13,20,38|8,10,12,21,35,40|15,26,29,31,32,33
6,9,25,31,32,33|8,10,12,21,35,40|11,13,20,28,29,34
6,11,13,26,29,38|8,9,14,22,27,32|15,17,20,31,34,40
1,6,12,16,33,35|2,3,11,21,29,32|8,9,14,15,26,40
1,8,12,13,22,35|2,3,11,21,29,32|6,9,14,25,38,40
1,12,14,15,33,35|2,3,11,21,29,32|6,8,9,16,26,40
1,6,10,16,29,34|2,3,9,11,15,31|8,13,17,22,26,32
1,6,14,27,32,34|2,3,9,11,15,31|8,10,12,13,22,35|16,26,28,29,38,40
1,6,16,26,34,40|2,3,9,11,15,31|8,10,12,13,22,35|14,27,28,29,32,38
1,8,9,15,17,25|2,3,6,16,26,29|10,11,21,32,34,40
1,8,9,16,17,28|2,3,14,15,26,29|6,10,11,13,32,34
1,8,9,17,20,21|2,3,6,16,26,29|10,12,14,15,33,35
1,8,12,15,27,35|2,3,6,9,14,25|10,11,21,32,34,40
1,8,17,21,26,29|2,3,6,9,14,25|10,15,31,32,34,40
1,10,14,15,29,34|2,3,6,9,16,20|8,13,17,22,26,32
1,11,13,28,32,34|2,3,6,9,14,25|20,21,26,29,38,40
1,12,15,25,33,35|2,3,6,9,16,20|8,13,17,22,26,32|11,14,27,28,29,34
1,12,16,28,33,35|2,3,6,9,14,25|8,13,17,22,26,32|11,15,20,27,29,34
1,12,20,21,33,35|2,3,6,9,14,25|8,13,17,22,26,32
1,13,20,22,32,34|2,3,6,9,14,25|16,26,28,29,38,40
1,14,15,26,34,40|2,3,6,9,16,20|8,10,12,13,22,35
1,15,17,25,29,38|2,3,6,9,16,20|8,10,12,13,22,35
1,16,17,28,29,38|2,3,6,9,14,25|8,10,12,13,22,35
1,17,20,21,29,38|2,3,6,9,14,25|8,10,12,13,22,35
2,3,6,9,14,25|8,10,12,13,22,35|11,15,20,27,29,34
2,3,6,9,15,28|8,10,12,13,22,35|20,21,26,29,32,33
2,3,6,9,16,20|8,10,12,13,22,35|11,14,27,28,29,34
2,3,9,11,15,31|6,10,12,16,33,35|8,13,17,22,26,32
2,3,9,11,16,22|6,13,20,26,29,38|10,12,14,15,33,35
2,3,9,14,15,20|6,10,11,13,32,34|16,26,28,29,38,40
2,3,9,14,22,31|6,10,11,13,32,34|15,25,26,29,38,40
2,3,11,17,21,32|6,8,9,13,20,26|10,12,14,15,33,35
2,3,15,17,31,32|6,8,9,13,20,26|11,14,27,28,29,34
2,3,16,17,22,32|6,8,9,13,20,26|10,12,14,15,33,35
6,8,9,25,27,32|10,12,14,15,33,35|11,13,17,20,22,34|16,26,28,29,38,40
6,9,11,14,27,38|8,10,12,13,22,35|15,17,20,25,34,40|16,26,28,29,32,33
6,9,11,16,26,33|8,10,12,13,22,35|14,17,25,28,34,40|15,20,27,29,32,38
6,9,14,26,31,33|8,10,12,13,22,35|11,15,20,27,29,34
6,10,12,16,33,35|8,9,11,13,22,26|14,17,25,28,34,40|15,20,27,29,32,38
8,9,11,13,22,26|10,12,14,15,33,35|16,17,20,28,34,40
8,9,14,27,28,32|11,13,17,20,22,34|15,25,26,29,38,40
8,9,15,20,27,32|11,13,22,26,29,38|14,17,25,28,34,40
8,9,15,25,26,40|11,13,17,20,22,34|14,27,28,29,32,38
8,9,16,26,28,40|10,12,14,15,33,35|11,13,17,20,22,34
8,9,20,21,26,40|10,12,14,15,33,35|11,13,17,28,32,38
8,9,22,27,31,32|10,12,14,15,33,35|16,17,20,28,34,40
8,10,12,13,22,35|9,11,14,15,26,33|16,17,20,28,34,40
8,13,17,22,26,32|9,14,25,28,38,40|11,15,20,27,29,34
8,15,26,27,29,32|9,11,13,20,22,38|14,17,25,28,34,40
9,16,20,28,38,40|10,12,14,15,33,35|11,22,27,29,31,34
10,12,14,15,33,35|11,13,17,20,22,34|16,26,28,29,38,40
1,6,11,13,26,34|2,3,9,14,22,25|10,12,15,31,33,35
1,6,13,26,32,38|2,3,9,11,15,25|10,12,16,22,33,35|14,20,27,28,29,34
1,6,27,31,32,34|2,3,9,11,15,25|8,10,12,13,28,35|16,17,22,26,38,40
1,8,9,10,21,32|2,3,15,26,29,31|6,14,17,20,27,34
1,10,11,21,29,34|2,3,6,9,25,31|8,13,17,26,28,32
1,10,15,29,31,34|2,3,9,11,16,28|14,17,22,27,32,38
1,10,16,22,29,34|2,3,6,9,25,31|8,13,17,26,28,32
1,10,21,29,32,38|2,3,6,9,25,31|11,13,17,20,28,34
1,11,15,27,32,34|2,3,6,9,25,31|8,10,12,13,28,35|16,17,22,26,38,40
1,11,21,26,34,40|2,3,6,9,25,31|8,10,12,13,28,35|14,17,22,27,32,38
1,13,20,28,32,34|2,3,6,9,25,31|10,11,12,21,33,35|16,17,22,26,38,40
1,14,22,27,32,34|2,3,6,9,25,31|8,10,12,13,28,35|11,17,21,26,38,40
1,15,26,31,34,40|2,3,9,11,16,28|14,17,22,27,32,38
1,16,22,26,34,40|2,3,6,9,25,31|8,10,12,13,28,35|11,15,17,27,32,38
1,21,26,32,38,40|2,3,6,9,25,31|8,10,12,13,28,35|11,14,17,22,27,34
2,3,6,9,25,31|8,10,12,13,28,35|11,14,17,22,27,34
2,3,9,11,15,25|6,10,13,20,32,34|16,17,22,26,38,40
2,3,9,11,16,28|6,10,13,20,32,34|15,17,26,31,38,40
2,3,9,11,20,21|6,14,26,27,29,38|8,10,12,13,28,35
2,3,9,14,22,25|6,10,13,20,32,34|11,17,21,26,38,40
2,3,9,14,28,31|6,10,13,20,32,34|11,17,21,26,38,40
2,3,9,15,20,31|6,11,13,17,26,38|10,12,16,22,33,35
2,3,9,15,22,28|6,10,13,20,32,34|11,17,21,26,38,40
2,3,9,16,20,22|6,11,13,17,26,38|10,12,15,31,33,35
2,3,11,21,26,29|6,9,14,20,27,38|8,10,12,13,28,35
2,3,15,17,25,32|6,8,9,14,26,27|10,11,12,21,33,35
2,3,15,26,29,31|6,9,14,20,27,38|8,10,12,13,28,35
2,3,16,17,28,32|6,8,9,14,26,27|10,11,12,21,33,35
2,3,16,22,26,29|6,9,11,27,31,38|8,10,12,13,28,35
2,3,17,20,21,32|6,8,9,14,26,27|10,12,15,31,33,35
6,8,9,14,26,27|10,11,12,21,33,35|13,17,20,28,32,38
6,9,11,27,31,38|8,10,12,13,28,35|16,17,22,26,32,33
6,9,14,20,27,38|8,10,12,13,28,35|11,17,21,26,32,33
6,9,14,25,26,33|8,10,12,13,28,35|11,15,17,27,32,38
6,9,16,20,26,33|8,10,12,13,28,35|11,14,17,22,27,34
6,11,13,17,26,38|8,9,22,25,27,32|10,12,15,31,33,35
6,14,17,20,27,34|8,9,11,13,26,28|10,12,15,31,33,35
6,17,27,31,32,38|8,9,11,13,26,28|10,12,16,22,33,35
8,9,11,13,26,28|10,12,15,31,33,35|14,17,22,27,32,38
8,9,13,20,22,26|10,11,12,21,33,35|17,25,28,31,34,40
8,9,22,25,27,32|10,11,12,21,33,35|15,17,26,31,38,40
8,9,27,28,31,32|10,11,12,21,33,35|13,20,22,26,29,38
8,10,12,13,28,35|9,11,14,22,27,38|15,17,26,31,32,33
8,13,17,26,28,32|9,11,14,22,27,38|10,12,15,31,33,35
10,12,15,31,33,35|11,13,17,20,28,34|22,25,27,29,32,38
1,6,9,10,16,38|2,3,14,15,17,26|11,25,27,28,29,34
1,6,10,16,17,34|2,3,9,14,25,28|11,15,26,27,29,38
1,6,13,20,26,34|2,3,9,14,25,28|8,10,12,15,27,35
1,6,25,27,32,34|2,3,9,16,20,28|8,10,17,21,26,29
1,9,10,14,15,38|2,3,6,16,17,26|11,25,27,28,29,34
1,10,14,15,17,34|2,3,9,16,20,28|6,26,27,29,31,38
1,10,15,25,29,34|2,3,6,16,17,26|9,11,14,27,28,38
1,10,16,28,29,34|2,3,9,15,20,25|11,13,17,22,26,38
1,10,20,21,29,34|2,3,6,16,17,26|8,9,25,27,28,32
1,11,13,22,26,34|2,3,9,14,25,28|8,10,12,15,27,35
1,13,22,26,32,38|2,3,9,14,25,28|6,17,20,27,31,34
1,14,27,28,32,34|2,3,6,16,17,26|10,12,15,25,33,35
1,15,25,26,34,40|2,3,9,16,20,28|17,22,27,31,32,38
1,16,26,28,34,40|2,3,9,15,20,25|17,22,27,31,32,38
1,20,21,26,34,40|2,3,9,14,25,28|8,10,12,15,27,35
1,22,27,31,32,34|2,3,6,16,17,26|10,12,15,25,33,35
