1,10,11,30,32,39|2,6,8,13,26,28|3,15,20,22,31,34
1,10,16,30,31,32|2,6,8,13,26,28|3,11,15,22,25,34
1,10,21,22,30,32|2,6,8,13,26,28|3,11,14,25,31,34
1,15,17,25,28,30|2,6,11,21,26,33|3,16,20,31,32,38
1,17,20,21,28,30|2,6,11,15,27,38|3,8,16,26,31,32
2,6,8,10,17,21|3,11,14,25,31,34|15,20,27,28,30,32
2,6,11,15,27,38|3,8,16,26,31,32|10,20,21,28,29,30
2,6,13,20,28,38|3,8,11,26,32,39|10,15,17,22,30,31
2,6,14,22,27,38|3,8,11,26,32,39|10,15,25,28,29,30
2,6,15,26,31,33|3,11,16,22,28,34|14,20,25,27,30,32
2,6,16,22,26,33|3,11,14,25,31,34|10,20,21,28,29,30
2,8,10,14,16,17|3,6,15,20,25,34|11,13,22,26,28,30
2,8,10,16,25,29|3,6,14,15,26,38|22,27,28,30,31,32
2,8,10,20,29,39|3,6,14,15,26,38|11,25,27,30,31,32
2,8,10,21,28,29|3,6,14,15,26,38|11,25,27,30,31,32
2,8,14,25,27,32|3,6,16,20,28,34|10,11,17,21,22,30
2,8,15,27,28,32|3,6,22,25,31,34|10,14,16,17,20,30
2,8,16,20,27,32|3,6,14,15,26,38|10,11,17,21,22,30
2,8,16,25,26,40|3,11,15,28,31,34|6,10,17,20,21,30
2,8,20,26,39,40|3,6,14,25,28,34|10,11,16,17,30,31
2,8,21,26,28,40|3,6,15,20,25,34|10,11,16,17,30,31
2,11,14,16,26,33|3,6,15,20,25,34|22,27,28,30,31,32
2,14,15,22,26,33|3,6,16,20,28,34|11,25,27,30,31,32
2,15,25,28,32,33|3,11,16,20,31,34|6,14,22,26,27,30
2,15,25,28,38,40|3,8,11,26,32,39|6,10,17,20,21,30
2,16,20,25,32,33|3,6,14,15,26,38|10,11,17,21,22,30
2,16,20,25,38,40|3,8,11,26,32,39|10,14,15,17,28,30
2,20,21,28,32,33|3,6,14,15,26,38|10,11,16,17,30,31
1,16,23,29,31,32|2,6,11,13,22,30|8,14,15,28,34,40
2,6,16,28,30,40|8,11,13,14,32,38|15,17,22,23,29,31
2,6,20,21,30,40|8,11,13,14,32,38|15,17,22,23,29,31
2,11,16,30,31,40|6,8,13,22,32,38|14,15,17,23,28,29
2,15,22,30,31,40|6,16,17,23,28,29|8,11,13,14,32,38
3,6,15,30,31,32|8,11,21,22,34,40|14,16,17,20,23,29
1,6,9,16,22,23|2,11,13,14,20,30|8,15,28,31,34,40
1,6,17,21,23,32|2,11,13,14,20,30|8,15,22,25,34,40
1,8,11,29,38,39|2,6,13,20,22,30|14,16,23,26,32,40
1,8,21,22,29,38|2,6,11,13,28,30|14,16,23,26,32,40
1,14,16,17,23,32|2,6,11,13,28,30|8,15,22,25,34,40
1,16,23,25,29,32|2,6,11,13,28,30|8,20,21,22,34,40
1,20,23,29,32,39|2,6,11,13,28,30|8,14,25,31,34,40
1,21,23,28,29,32|2,6,13,20,22,30|8,11,16,25,34,40
2,3,6,8,21,32|11,14,15,22,33,34|16,17,20,23,29,31
2,3,8,14,16,32|6,11,15,31,33,34|17,20,21,22,23,29
2,6,11,13,28,30|8,14,25,31,34,40|17,20,21,22,23,29
2,6,13,20,22,30|8,11,16,25,34,40|15,17,23,28,29,31
2,11,13,14,20,30|6,10,21,23,29,32|8,15,22,25,34,40
2,11,16,25,30,40|6,8,13,20,22,34|15,17,23,28,29,31
2,11,20,30,39,40|6,8,13,28,32,38|14,17,23,25,29,31
2,11,21,28,30,40|6,8,13,20,22,34|10,14,16,23,29,32
2,14,25,30,31,40|6,8,11,13,28,34|17,20,21,22,23,29
2,15,22,25,30,40|6,8,11,13,28,34|10,14,16,23,29,32
2,15,28,30,31,40|6,8,13,20,22,34|10,14,16,23,29,32
2,16,20,30,31,40|6,8,11,13,28,34|14,15,22,32,33,38
2,16,22,28,30,40|6,10,21,23,29,32|8,11,13,14,20,34
2,20,21,22,30,40|6,8,11,13,28,34|10,14,16,23,29,32
3,6,15,25,30,32|8,11,13,14,20,34|16,17,22,23,28,29
3,6,16,28,30,32|8,11,13,14,20,34|15,17,22,23,25,29
3,6,20,21,30,32|8,11,16,25,34,40|15,17,23,28,29,31
3,14,15,28,30,32|6,8,13,20,22,34|11,16,17,23,25,29
3,14,16,20,30,32|6,8,11,13,28,34|15,17,22,23,25,29
6,8,13,28,32,38|11,14,15,22,33,34|16,17,20,23,29,31
6,11,15,31,33,34|8,13,14,20,32,38|16,17,22,23,28,29
6,11,16,22,33,34|8,13,14,20,32,38|15,17,23,28,29,31
6,11,21,32,33,38|8,14,25,31,34,40|16,17,22,23,28,29
6,14,15,20,33,34|8,11,13,31,32,38|16,17,22,23,28,29
6,14,22,31,33,34|8,16,25,32,38,40|11,17,20,23,29,39
6,15,31,32,33,38|8,11,13,14,20,34|16,17,22,23,28,29
6,16,22,32,33,38|8,11,13,14,20,34|15,17,23,28,29,31
8,16,20,31,34,40|11,17,21,23,28,29|14,15,22,32,33,38
8,21,28,32,38,40|11,14,15,22,33,34|16,17,20,23,29,31
1,6,9,16,23,28|2,3,8,11,32,39|14,15,20,22,33,34
1,6,21,23,26,29|2,3,8,11,32,39|14,15,20,22,33,34
1,8,14,16,17,38|2,6,11,15,27,30|10,21,22,23,29,32
1,8,16,25,29,38|2,6,11,15,27,30|21,22,23,26,32,40
1,8,20,29,38,39|2,6,11,15,27,30|16,23,26,31,32,40
1,8,21,28,29,38|2,6,11,15,27,30|16,23,26,31,32,40
1,9,11,16,23,31|2,3,6,14,15,38|8,20,21,28,34,40
1,9,11,21,22,23|2,3,6,14,15,38|8,16,20,25,34,40
1,9,14,15,23,28|2,3,8,11,32,39|6,16,20,22,33,34
1,9,14,16,20,23|2,3,8,11,32,39|6,15,22,28,33,34
1,11,17,23,32,39|2,3,6,14,15,38|8,16,20,25,34,40
1,14,16,23,26,29|2,3,8,11,32,39|6,15,20,31,33,34
1,16,17,23,31,32|2,3,6,14,15,38|8,11,13,22,28,34
1,17,21,22,23,32|2,3,6,14,15,38|8,11,13,20,31,34
2,3,6,14,15,38|8,11,13,20,31,34|10,21,22,23,29,32
2,6,11,15,27,30|8,10,14,16,29,38|21,22,23,26,32,40
2,6,13,20,28,30|8,10,14,16,29,38|11,15,22,31,33,34
2,6,14,22,27,30|8,11,13,20,31,34|15,17,23,25,28,29
2,11,13,22,28,30|6,8,10,21,29,38|16,23,26,31,32,40
2,15,25,28,30,40|6,8,10,21,29,38|11,13,14,23,26,32
2,16,20,25,30,40|6,8,10,21,29,38|11,13,14,23,26,32
2,20,21,28,30,40|6,8,11,15,27,34|10,16,23,29,31,32
3,6,14,15,26,30|8,11,13,20,31,34|10,21,22,23,29,32
3,11,16,25,30,32|6,8,10,21,29,38|14,15,20,22,33,34
3,11,21,28,30,32|6,8,14,22,27,34|16,17,20,23,25,29
3,15,22,25,30,32|6,8,10,21,29,38|11,14,16,20,33,34
3,15,28,30,31,32|6,8,10,21,29,38|11,14,16,20,33,34
3,16,20,30,31,32|6,8,10,21,29,38|11,14,15,28,33,34
6,8,21,26,38,40|10,11,23,29,32,39|14,15,20,22,33,34
6,11,15,25,33,34|8,10,14,16,29,38|21,22,23,26,32,40
6,15,20,31,33,34|8,10,14,16,29,38|11,23,26,32,39,40
6,15,22,28,33,34|8,10,14,16,29,38|11,23,26,32,39,40
1,8,11,17,38,39|2,6,14,27,28,30|10,16,23,25,29,32|15,20,22,31,33,34
1,8,16,17,31,38|2,6,14,27,28,30|10,20,23,29,32,39|11,15,22,25,33,34
1,8,17,21,22,38|2,6,14,27,28,30|10,16,23,25,29,32
1,9,11,16,23,25|2,3,6,15,31,38|8,13,20,22,28,34
1,9,11,20,23,39|2,3,6,15,31,38|8,21,22,26,32,33
1,9,14,23,25,31|2,3,6,11,21,38|8,13,20,22,28,34
1,9,15,22,23,25|2,3,6,11,21,38|8,16,26,31,32,33
1,9,20,21,22,23|2,3,6,15,31,38|8,11,26,32,33,39
1,11,23,26,29,39|2,3,6,15,31,38|8,13,20,22,28,34
1,16,17,23,25,32|2,3,6,11,21,38|8,13,20,22,28,34
1,16,23,26,29,31|2,3,6,11,21,38|8,13,20,22,28,34
1,17,20,23,32,39|2,3,6,11,21,38|14,22,28,31,33,34
1,17,21,23,28,32|2,3,6,15,31,38|8,11,13,20,25,34
1,21,22,23,26,29|2,3,6,15,31,38|8,11,13,20,25,34
2,3,6,11,21,38|8,13,20,22,28,34|10,14,16,17,23,32
2,3,6,15,31,38|8,11,13,20,25,34|10,14,16,17,23,32
2,3,6,16,22,38|8,11,13,20,25,34|10,21,23,28,29,32
2,3,8,16,25,32|6,9,10,11,21,23|14,15,20,28,33,34
2,3,8,20,32,39|6,9,10,11,21,23|14,22,28,31,33,34
2,3,11,14,16,38|6,8,15,20,27,34|10,21,23,28,29,32
2,3,14,15,22,38|6,9,10,11,21,23|8,16,26,31,32,33
2,6,14,27,28,30|8,10,11,29,38,39|15,20,22,31,33,34|16,23,25,26,32,40
2,6,15,20,27,30|8,10,11,29,38,39|14,22,28,31,33,34|16,23,25,26,32,40
2,6,22,27,30,31|8,10,11,29,38,39|13,14,20,23,26,32
2,11,14,27,30,31|6,8,13,22,26,38|10,16,23,25,29,32
2,11,15,22,27,30|6,10,17,21,23,32|8,16,26,31,38,40
2,13,20,22,28,30|6,9,10,11,21,23|8,14,27,31,32,38
3,6,11,21,26,30|8,10,16,29,31,38|14,15,20,28,33,34
3,6,16,22,26,30|8,10,11,29,38,39|14,15,20,28,33,34
3,11,14,16,26,30|6,8,15,20,27,34|10,21,23,28,29,32
3,14,15,22,26,30|6,9,10,11,21,23|8,13,20,25,32,38
3,15,25,28,30,32|6,8,13,22,26,38|9,10,11,14,16,23
3,16,20,25,30,32|6,8,13,22,26,38|11,15,28,31,33,34
3,20,21,28,30,32|6,8,13,22,26,38|9,10,11,14,16,23
6,9,10,11,21,23|8,13,20,22,28,34|14,25,31,32,33,38
6,10,17,21,23,32|8,11,13,14,26,38|15,20,22,31,33,34
6,13,23,26,28,32|8,10,11,29,38,39|15,20,22,31,33,34
6,14,15,26,33,38|8,11,13,20,25,34|10,21,23,28,29,32
6,15,20,25,33,34|8,10,11,29,38,39|21,23,26,28,32,40
6,22,25,31,33,34|8,10,11,29,38,39|13,14,20,23,26,32
8,10,16,29,31,38|11,15,22,25,33,34|13,14,20,23,26,32
8,10,21,22,29,38|11,13,23,26,31,32|14,15,20,28,33,34
8,11,13,14,26,38|10,16,23,25,29,32|15,20,22,31,33,34
1,2,6,10,21,30|8,11,13,26,31,38|14,22,25,28,33,34
1,2,10,14,16,30|6,8,13,26,28,38|15,20,22,25,33,34
1,6,8,10,21,34|2,3,11,16,31,38|13,22,23,26,28,32
1,6,17,21,23,26|2,3,11,16,31,38|8,14,22,27,28,34
1,8,10,14,16,34|2,3,6,15,25,38|13,20,23,26,31,32
1,8,16,17,25,38|2,6,27,28,30,31|9,10,11,21,22,23
1,8,17,20,38,39|2,6,22,25,27,30|9,10,11,16,23,31
1,8,17,21,28,38|2,6,22,25,27,30|9,10,11,16,23,31
1,14,16,17,23,26|2,3,6,15,25,38|11,20,21,28,33,34
1,16,23,25,26,29|2,3,6,20,21,38|8,11,15,27,28,34
1,20,23,26,29,39|2,3,6,15,25,38|8,14,22,27,28,34
1,21,23,26,28,29|2,3,6,15,25,38|8,11,16,20,27,34
2,3,6,8,21,26|9,10,11,16,23,31|14,22,25,28,33,34
2,3,6,15,25,38|8,11,16,20,27,34|10,17,21,22,23,32
2,3,6,16,28,38|8,11,14,25,27,34|9,10,15,22,23,31
2,3,6,20,21,38|8,11,14,25,27,34|9,10,15,22,23,31
2,3,8,14,16,26|6,9,10,15,23,25|11,20,21,28,33,34
2,3,11,16,31,38|6,8,22,25,27,34|9,10,14,15,23,28
2,3,11,21,22,38|6,8,27,28,31,34|9,10,14,16,20,23
2,3,14,15,28,38|6,8,22,25,27,34|9,10,11,16,23,31
2,3,14,16,20,38|6,8,22,25,27,34|10,11,17,23,32,39
2,3,15,22,31,38|6,9,10,16,23,28|8,11,14,25,27,34
2,6,22,25,27,30|8,10,14,16,17,38|11,20,21,28,33,34
2,6,27,28,30,31|8,10,14,16,17,38|11,13,23,25,26,32
2,11,14,25,27,30|6,8,10,17,21,38|13,20,23,26,31,32
2,11,15,27,28,30|6,8,10,17,21,38|13,20,23,26,31,32
2,11,16,20,27,30|6,8,10,17,21,38|13,22,23,26,28,32
2,14,20,27,30,31|6,8,10,17,21,38|11,13,23,25,26,32
2,14,22,27,28,30|6,8,10,17,21,38|11,13,23,25,26,32
2,15,20,22,27,30|6,8,10,17,21,38|11,13,23,25,26,32
3,6,15,25,26,30|8,10,14,16,17,38|11,20,21,28,33,34
3,6,20,21,26,30|8,10,14,16,17,38|11,15,25,28,33,34
3,11,16,26,30,31|6,8,10,17,21,38|14,22,25,28,33,34
3,11,21,22,26,30|6,8,27,28,31,34|9,10,14,16,20,23
3,14,15,26,28,30|6,8,10,17,21,38|11,16,20,25,33,34
3,14,16,20,26,30|6,8,10,17,21,38|11,15,25,28,33,34
3,15,22,26,30,31|6,8,10,17,21,38|11,16,20,25,33,34
6,8,10,17,21,38|11,13,23,25,26,32|15,20,28,31,33,34
6,8,13,26,28,38|9,10,11,16,23,31|15,20,22,25,33,34
6,8,22,25,27,34|9,10,11,16,23,31|20,21,28,32,33,38
6,8,27,28,31,34|9,10,11,21,22,23|16,20,25,32,33,38
6,9,10,15,23,25|8,11,13,26,31,38|16,20,22,28,33,34
6,9,10,16,23,28|8,11,13,26,31,38|15,20,22,25,33,34
6,9,10,20,21,23|8,11,13,26,31,38|14,22,25,28,33,34
6,15,23,26,27,32|8,10,14,16,17,38|11,20,21,28,33,34
6,15,26,31,33,38|8,11,14,25,27,34|10,17,21,22,23,32
8,10,14,16,17,38|11,13,23,25,26,32|15,20,28,31,33,34
8,11,14,25,27,34|9,10,15,22,23,31|20,21,28,32,33,38
8,14,20,27,31,34|9,10,11,21,22,23|15,25,28,32,33,38
8,16,25,26,38,40|9,10,11,21,22,23|15,20,28,31,33,34
8,20,26,38,39,40|9,10,11,16,23,31|14,22,25,28,33,34
8,21,26,28,38,40|9,10,11,16,23,31|15,20,22,25,33,34
1,2,10,11,30,39|6,8,15,26,27,38|22,25,28,31,33,34
1,8,10,11,34,39|2,3,14,25,31,38|15,22,23,26,27,32
1,8,10,16,31,34|2,3,11,20,38,39|15,22,23,26,27,32
1,8,10,21,22,34|2,3,11,16,25,38|14,23,26,27,31,32
1,11,17,23,26,39|2,3,14,25,31,38|8,15,20,27,28,34
1,16,17,23,26,31|2,3,11,20,38,39|6,8,25,27,28,34
1,17,21,22,23,26|2,3,11,16,25,38|8,15,20,27,28,34
2,3,11,16,25,38|8,15,20,27,28,34|10,21,22,23,26,29
2,3,11,20,38,39|6,8,25,27,28,34|10,16,23,26,29,31
2,3,11,21,28,38|8,14,20,25,27,34|10,16,23,26,29,31
2,3,14,25,31,38|8,15,20,27,28,34|10,11,23,26,29,39
2,3,15,28,31,38|8,14,20,25,27,34|10,11,23,26,29,39
2,3,16,20,31,38|6,8,25,27,28,34|10,11,23,26,29,39
2,3,16,22,28,38|8,11,25,27,31,34|10,17,20,23,32,39
2,3,20,21,22,38|6,8,25,27,28,34|10,11,23,26,29,39
2,11,25,27,30,31|6,16,26,28,33,38|9,10,20,21,22,23
2,22,27,28,30,31|6,15,25,26,33,38|9,10,11,20,23,39
6,8,25,27,28,34|9,10,11,20,23,39|15,22,26,31,33,38
6,15,25,26,33,38|8,22,27,28,31,34|9,10,11,20,23,39
6,16,26,28,33,38|8,11,25,27,31,34|9,10,20,21,22,23
6,20,21,26,33,38|8,11,25,27,31,34|9,10,16,22,23,28
8,10,17,21,22,38|11,16,23,26,27,32|15,20,25,28,33,34
8,14,20,25,27,34|9,10,11,21,23,28|15,22,26,31,33,38
2,3,15,19,23,26|6,7,12,17,27,30|8,18,25,28,33,34
2,7,12,15,17,33|3,18,22,25,30,38|11,19,23,27,28,34
2,3,8,15,19,38|6,7,12,27,29,30|18,22,23,25,34,40
2,3,15,18,23,32|6,7,12,27,29,30|8,19,22,25,33,34
2,7,12,15,29,33|3,6,18,30,31,38|19,23,25,28,34,40
2,18,22,25,30,33|3,7,8,9,12,15|6,19,20,23,27,34
2,18,28,30,31,33|3,7,8,9,12,15|6,19,20,23,27,34
2,19,25,28,30,33|3,7,8,9,12,15|6,11,18,23,27,34
1,2,8,11,16,19|3,6,14,28,29,33|7,12,15,22,32,40
1,2,8,14,19,31|3,6,15,20,29,33|7,11,12,16,32,40
1,2,8,15,19,22|3,6,14,28,29,33|7,11,12,16,32,40
1,6,14,18,28,30|3,8,11,13,20,29|7,12,15,22,32,40
1,6,19,22,25,30|3,8,11,13,20,29|7,12,14,31,32,40
1,6,19,28,30,31|3,8,11,13,20,29|7,12,15,22,32,40
1,11,16,19,20,30|3,6,14,28,29,33|7,12,15,22,32,40
1,14,19,22,28,30|3,6,15,20,29,33|7,11,12,16,32,40
1,15,19,20,22,30|3,6,14,28,29,33|7,11,12,16,32,40
1,2,8,15,18,28|3,6,17,22,31,33|7,11,12,13,20,32
1,2,8,16,18,20|3,6,14,17,28,33|7,12,25,31,32,40
1,2,8,19,25,31|3,6,14,17,28,33|7,11,12,13,20,32
1,2,14,25,33,40|3,6,8,27,28,29|7,11,12,13,20,32
1,2,15,28,33,40|3,8,11,13,17,20|6,10,18,22,30,31
1,2,16,20,33,40|3,6,8,27,28,29|10,11,14,18,30,31
1,3,14,31,38,40|2,6,8,10,15,18|7,11,12,13,20,32
1,6,7,12,15,17|2,8,10,11,13,40|3,14,20,25,29,33
1,6,27,28,30,40|2,8,10,11,16,19|3,14,20,25,29,33
1,7,12,15,28,29|2,8,10,11,13,40|3,6,17,22,31,33
1,7,12,16,20,29|2,6,8,10,15,18|3,11,14,17,31,33
1,11,18,25,30,31|2,6,10,15,33,40|3,8,14,20,27,29
1,11,27,30,31,40|2,6,8,10,15,18|3,14,20,25,29,33
1,14,18,20,25,30|2,6,10,15,33,40|3,8,11,27,29,31
1,14,20,27,30,40|2,6,8,10,15,18|3,11,25,29,31,33
1,15,18,20,28,30|2,8,10,11,13,40|3,6,17,22,31,33
1,18,22,28,30,31|2,6,10,15,33,40|3,8,11,13,17,20
1,19,22,25,28,30|2,6,8,10,15,18|3,11,14,17,31,33
2,8,10,11,16,19|3,6,14,17,28,33|7,12,25,31,32,40
2,8,10,15,19,22|3,6,14,17,28,33|7,11,12,13,20,32
3,6,15,17,20,33|7,12,25,31,32,40|10,14,19,22,28,30
3,8,11,27,29,31|6,7,12,15,26,40|10,14,19,22,28,30
3,11,15,17,22,33|6,10,14,18,28,30|7,12,25,31,32,40
3,11,25,29,31,33|6,7,12,15,26,40|10,14,19,22,28,30
3,22,28,29,31,33|6,7,12,15,26,40|10,11,14,19,25,30
1,2,8,11,16,18|3,6,14,17,22,33|7,12,15,28,32,40
1,2,8,14,18,31|3,6,11,15,17,33|7,12,16,20,32,40
1,2,8,14,19,25|3,6,11,15,17,33|7,12,16,20,32,40
1,2,8,15,18,22|3,6,28,29,31,33|7,12,14,25,32,40
1,2,8,15,19,28|3,6,14,17,22,33|7,12,16,20,32,40
1,2,8,16,19,20|3,6,11,15,17,33|7,12,14,25,32,40
1,6,18,22,25,30|3,8,11,14,27,29|7,12,15,28,32,40
1,6,18,28,30,31|3,8,11,14,27,29|7,12,16,20,32,40
1,6,19,25,28,30|3,8,11,14,27,29|7,12,16,20,32,40
1,11,14,18,25,30|2,6,8,10,15,19|7,12,16,20,32,40
1,11,15,18,28,30|3,6,8,22,27,29|7,12,14,25,32,40
1,11,16,18,20,30|2,6,8,10,15,19|3,14,22,28,29,33
1,11,19,25,30,31|3,6,8,22,27,29|7,12,15,28,32,40
1,14,18,22,28,30|2,6,8,10,15,19|3,11,16,20,29,33
1,14,19,20,25,30|3,6,8,22,27,29|7,12,15,28,32,40
1,15,18,20,22,30|3,6,28,29,31,33|7,12,14,25,32,40
1,15,19,20,28,30|3,6,8,22,27,29|7,12,14,25,32,40
1,19,22,28,30,31|3,6,11,15,17,33|7,12,14,25,32,40
2,6,8,10,15,19|3,11,14,25,29,33|7,12,16,20,32,40
3,6,22,25,29,33|7,12,15,28,32,40|10,11,14,19,30,31
3,6,28,29,31,33|7,12,14,25,32,40|10,11,15,19,22,30
3,11,15,28,29,33|6,10,14,18,22,30|7,12,16,20,32,40
3,11,16,20,29,33|6,10,14,18,22,30|7,12,15,28,32,40
3,14,22,28,29,33|6,10,11,15,18,30|7,12,16,20,32,40
1,2,6,22,27,33|3,8,10,13,20,32|7,12,14,25,26,40
1,2,11,14,27,33|3,8,10,13,20,32|7,12,15,26,28,40
1,3,6,15,26,33|2,8,10,14,18,25|7,11,12,27,31,32
1,3,8,11,13,26|2,10,14,25,33,40|6,7,12,27,28,32
1,3,11,13,20,38|2,8,10,14,18,25|6,7,12,27,28,32
1,3,25,31,38,40|2,8,10,15,18,28|7,12,14,20,27,32
2,8,10,14,18,25|3,15,17,20,28,33|7,11,12,27,31,32
2,8,10,15,18,28|3,11,17,25,31,33|7,12,14,20,27,32
2,8,10,16,18,20|3,6,17,25,28,33|7,11,12,27,31,32
3,8,11,17,27,31|6,10,18,25,28,30|7,12,16,20,26,40
1,2,8,18,25,31|3,6,10,15,32,33|7,11,12,16,26,40
1,2,11,13,20,33|3,6,8,17,22,27|7,10,12,14,29,31
1,2,25,31,33,40|3,6,8,17,22,27|7,10,11,12,16,29
1,3,8,16,26,40|6,7,12,22,27,32|10,11,14,18,25,30
1,3,14,25,32,33|2,8,10,11,16,18|7,12,15,22,26,40
1,3,14,25,38,40|2,8,10,11,16,18|6,7,12,22,27,32
1,3,15,28,32,33|2,8,10,11,16,18|7,12,14,26,31,40
1,3,15,28,38,40|2,8,10,11,16,18|6,7,12,22,27,32
1,3,16,20,32,33|2,8,10,14,18,31|7,12,15,22,26,40
1,3,16,20,38,40|2,8,10,14,18,31|6,7,12,22,27,32
1,7,11,12,16,17|2,8,10,13,20,40|3,22,25,28,29,33
1,7,12,14,17,31|2,8,10,11,16,18|3,22,25,28,29,33
1,7,12,15,17,22|2,8,10,11,16,18|3,20,25,29,31,33
1,7,12,25,29,31|2,8,10,11,16,18|3,14,17,22,28,33
1,11,25,27,30,40|2,8,10,14,18,31|3,15,17,20,22,33
1,18,20,25,30,31|2,8,10,15,19,28|6,7,12,22,27,32
1,18,22,25,28,30|2,8,10,13,20,40|7,11,12,14,27,32
1,20,27,30,31,40|2,8,10,11,16,18|3,6,17,22,25,33
1,22,27,28,30,40|2,8,10,11,16,18|3,14,17,20,31,33
2,8,10,11,16,18|3,6,17,22,25,33|7,12,14,26,31,40
2,8,10,13,20,40|3,6,17,22,25,33|7,11,12,14,27,32
2,8,10,14,18,31|3,6,17,22,25,33|7,11,12,16,26,40
2,8,10,14,19,25|3,6,17,28,31,33|7,11,12,16,26,40
2,8,10,15,18,22|3,6,17,28,31,33|7,11,12,14,27,32
2,8,10,15,19,28|3,6,17,22,25,33|7,11,12,14,27,32
2,8,10,16,19,20|3,6,17,22,25,33|7,11,12,14,27,32
3,8,11,25,27,29|6,10,18,28,30,31|7,12,15,22,26,40
3,8,20,27,29,31|6,10,18,22,25,30|7,11,12,16,26,40
3,8,22,27,28,29|7,11,12,16,26,40|10,14,18,20,30,31
3,11,14,17,25,33|6,7,12,22,27,32|10,15,19,20,28,30
3,11,15,17,28,33|6,7,12,22,27,32|10,14,18,20,30,31
3,14,17,20,31,33|6,7,12,22,27,32|10,11,15,18,28,30
3,15,17,20,22,33|6,10,18,28,30,31|7,11,12,14,27,32
3,20,25,29,31,33|6,7,12,22,27,32|10,11,15,18,28,30
1,3,6,22,27,38|2,8,10,18,25,31|7,11,12,13,20,26
1,3,8,13,20,26|2,10,25,31,33,40|7,12,22,27,28,32
1,3,11,16,26,33|2,8,10,18,25,31|7,12,22,27,28,32
2,8,10,27,31,40|3,17,22,25,28,33|7,11,12,13,20,26
2,10,11,13,20,33|3,8,17,22,27,28|7,12,25,26,31,40
2,10,25,31,33,40|3,8,17,22,27,28|7,11,12,13,20,26
1,6,10,11,16,34|2,3,14,25,28,32|15,20,26,31,38,40
1,6,10,14,31,34|2,3,15,20,25,32|11,16,26,28,38,40
1,6,10,15,22,34|2,3,14,25,28,32|11,20,21,26,38,40
1,6,10,16,32,38|2,3,11,14,15,26|20,25,28,31,34,40
1,6,17,25,31,38|2,3,11,14,15,26|8,9,10,16,20,22
1,8,9,25,28,31|2,3,6,11,16,26|14,20,22,27,32,38
1,8,11,17,21,26|2,3,14,25,28,32|10,15,20,29,31,38
1,8,15,17,26,31|2,3,14,25,28,32|10,11,20,21,29,38
1,8,16,17,22,26|2,3,14,25,28,32|6,11,20,27,31,34
1,10,11,14,15,34|2,3,16,20,28,32|6,25,26,31,38,40
1,10,14,15,32,38|2,3,6,11,16,26|20,25,28,31,34,40
1,11,15,17,25,38|2,3,6,14,26,31|8,9,10,16,20,22
1,11,17,20,21,38|2,3,6,14,26,31|8,9,10,15,22,28
1,14,17,22,25,38|2,3,6,11,16,26|8,9,10,15,20,31
1,15,17,20,31,38|2,3,6,11,16,26|8,9,10,14,22,25
1,16,17,20,22,38|2,3,6,14,26,31|8,9,10,11,15,25
1,25,28,29,31,38|2,3,6,11,16,26|8,10,17,20,21,32
1,6,8,16,17,26|2,3,11,15,25,32|10,14,22,29,31,38
1,6,15,17,28,38|2,3,11,20,21,32|8,9,10,14,22,31
1,6,16,17,20,38|2,3,11,15,25,32|8,9,10,14,22,31
1,8,9,15,20,25|2,3,11,16,28,32|10,14,22,29,31,38
1,8,9,22,25,31|2,3,11,16,28,32|10,14,15,20,29,38
1,8,14,15,17,26|2,3,6,25,31,32|10,11,16,22,29,38
1,11,15,17,31,38|2,3,14,22,25,32|6,8,9,10,16,20
1,11,16,17,22,38|2,3,6,25,31,32|8,9,10,14,15,20
1,14,15,17,20,38|2,3,6,25,31,32|8,9,10,11,16,22
1,14,17,22,31,38|2,3,11,15,25,32|6,8,9,10,16,20
1,15,20,25,29,38|2,3,11,16,28,32|8,9,10,14,22,31
1,22,25,29,31,38|2,3,11,16,28,32|8,9,10,14,15,20
2,3,6,25,31,32|8,9,10,11,16,22|14,15,20,26,38,40
2,3,11,15,25,32|6,8,9,10,16,20|14,22,26,31,38,40
2,3,15,20,31,32|6,8,9,10,14,25|11,16,22,26,38,40
2,3,16,20,22,32|6,8,9,10,14,25|11,15,26,31,38,40
1,8,11,21,26,29|2,3,6,14,25,32|15,20,22,28,34,40
1,8,15,17,25,32|6,10,11,16,29,38|14,20,28,31,34,40
1,8,15,26,29,31|2,3,6,14,25,32|11,16,20,28,34,40
1,8,16,17,28,32|6,10,14,29,31,38|11,15,20,25,34,40
1,2,11,23,29,39|3,6,8,15,31,34|16,22,28,30,32,33
1,2,16,23,29,31|3,6,8,11,21,34|15,22,25,30,32,33
1,2,21,22,23,29|3,6,8,15,31,34|11,13,14,20,30,38
2,6,13,23,28,32|3,8,11,14,16,34|15,22,25,30,38,40
2,13,14,20,23,32|3,6,8,11,21,34|15,22,25,30,38,40
2,21,23,28,32,40|3,6,8,15,31,34|11,13,14,20,30,38
1,2,11,17,23,39|3,8,14,25,31,34|6,15,20,27,30,38
1,2,16,17,23,31|3,8,11,20,34,39|6,14,27,28,30,38
1,2,17,21,22,23|3,8,11,16,25,34|6,14,27,28,30,38
2,10,11,23,29,39|3,8,14,25,31,34|6,15,20,27,30,38
2,10,16,23,29,31|3,8,11,20,34,39|6,14,27,28,30,38
2,10,21,22,23,29|3,8,11,16,25,34|6,14,27,28,30,38
2,11,16,23,27,32|3,8,14,25,31,34|6,20,21,26,30,33
2,11,23,26,39,40|3,8,14,25,31,34|6,15,20,27,30,38
2,13,20,23,25,32|3,8,11,21,28,34|6,22,27,30,31,38
2,14,15,28,33,38|3,6,21,23,26,32|8,10,11,17,30,39
2,14,16,20,33,38|3,6,21,23,26,32|8,10,11,17,30,39
2,14,23,27,31,32|3,8,11,16,25,34|6,20,21,26,30,33
2,15,22,23,27,32|3,8,11,16,25,34|6,20,21,26,30,33
2,15,22,31,33,38|3,6,21,23,26,32|8,10,11,17,30,39
2,16,23,26,31,40|3,8,11,20,34,39|6,14,27,28,30,38
2,21,22,23,26,40|3,8,11,16,25,34|6,14,27,28,30,38
1,2,6,17,21,23|3,8,11,16,31,34|14,15,22,26,30,33
1,2,14,16,17,23|3,6,8,15,25,34|11,13,20,30,31,38
1,2,16,23,25,29|3,6,8,20,21,34|11,13,22,28,30,38
1,2,20,23,29,39|3,6,8,15,25,34|11,13,22,28,30,38
1,2,21,23,28,29|3,6,8,15,25,34|11,13,20,30,31,38
2,6,10,21,23,29|3,8,11,16,31,34|14,15,22,26,30,33
2,6,15,23,27,32|3,8,11,16,31,34|20,21,28,30,38,40
2,6,21,23,26,40|3,8,11,16,31,34|15,25,28,30,32,33
2,10,14,16,23,29|3,6,8,15,25,34|11,13,20,30,31,38
2,11,13,23,25,32|3,6,8,16,28,34|14,15,22,26,30,33
2,13,20,23,31,32|3,6,8,15,25,34|11,14,16,26,30,33
2,13,22,23,28,32|3,6,8,15,25,34|11,14,16,26,30,33
2,14,16,23,26,40|3,6,8,15,25,34|11,13,20,30,31,38
1,2,3,14,25,40|6,8,10,15,19,26|11,20,27,29,31,33
1,2,3,15,28,40|6,10,14,18,22,38|11,20,27,29,31,33
1,2,3,16,20,40|6,8,10,15,19,26|11,22,27,28,29,33
1,8,14,18,26,31|2,3,6,10,15,40|11,22,27,28,29,33
1,8,14,19,25,26|2,3,6,10,15,40|11,20,27,29,31,33
1,8,15,18,22,26|6,10,14,19,28,38|11,20,27,29,31,33
1,8,15,19,26,28|6,10,14,18,22,38|11,20,27,29,31,33
1,8,16,19,20,26|2,3,6,10,15,40|11,22,27,28,29,33
1,11,14,27,32,33|2,3,6,10,15,40|8,17,18,20,25,31
1,14,18,20,31,38|2,3,6,10,15,40|11,22,27,28,29,33
1,14,18,22,28,38|2,3,6,10,15,40|11,20,27,29,31,33
1,14,19,20,25,38|2,3,6,10,15,40|11,22,27,28,29,33
1,15,19,20,28,38|6,11,17,22,27,33|8,10,14,18,25,32
1,15,22,26,33,40|6,10,14,19,28,38|8,17,18,20,25,31
2,3,6,10,15,40|8,17,18,20,25,31|11,22,27,28,29,33
1,2,3,25,31,40|6,8,10,15,18,26|11,14,17,20,27,33
1,8,14,18,25,26|2,3,10,11,16,40|6,17,20,22,27,33
1,8,15,18,26,28|2,3,10,11,16,40|6,17,20,22,27,33
1,8,16,18,20,26|2,3,10,14,31,40|6,11,17,27,28,33
1,8,19,25,26,31|2,3,10,11,16,40|6,17,20,22,27,33
1,2,3,15,22,40|6,8,17,18,25,28|11,14,20,27,29,33
1,6,15,18,20,38|8,10,14,19,25,32|17,22,28,31,33,40
1,6,19,22,25,38|8,10,11,16,18,32|15,17,20,28,33,40
1,6,19,28,31,38|8,10,11,16,18,32|14,17,20,25,33,40
1,11,15,19,28,38|6,20,22,27,29,33|8,10,14,18,31,32
1,11,16,19,20,38|6,8,17,18,25,28|10,14,31,32,33,40
1,14,19,20,31,38|6,8,17,18,25,28|10,11,16,32,33,40
1,15,19,20,22,38|6,8,17,18,25,28|10,11,16,32,33,40
1,6,11,15,18,38|8,10,14,19,31,32|22,25,28,29,33,40
1,11,14,19,31,38|6,8,10,15,18,32|22,25,28,29,33,40
1,2,6,10,16,38|3,11,25,28,31,34|14,20,22,26,27,30
1,10,15,30,31,32|2,6,8,13,20,26|3,11,14,22,25,34
1,10,16,22,30,32|2,6,8,13,20,26|3,11,14,28,31,34
1,15,17,20,25,30|2,6,11,14,27,38|3,8,16,22,26,32
1,17,22,25,30,31|2,6,8,13,20,26|3,11,16,28,32,38
2,6,11,14,27,38|3,8,15,26,31,32|10,16,20,28,29,30
2,8,10,14,15,17|3,6,11,25,31,34|16,20,26,28,30,40
2,8,16,26,28,40|3,6,11,25,31,34|10,14,15,17,20,30
2,11,13,20,22,38|3,8,15,26,31,32|6,10,14,17,25,30
2,14,25,28,38,40|3,8,11,21,26,32|6,10,16,17,20,30
1,10,15,25,30,32|2,6,8,14,26,27|3,11,16,20,28,34
1,10,16,28,30,32|2,6,8,14,26,27|3,11,15,20,25,34
1,10,20,21,30,32|2,6,8,14,26,27|3,11,22,25,31,34
2,6,11,27,31,38|3,8,15,25,26,32|10,16,17,20,22,30
2,6,14,20,27,38|3,8,15,25,26,32|10,11,16,17,28,30
2,8,10,11,17,21|3,6,14,26,31,38|20,22,25,27,30,32
2,8,10,15,17,31|3,6,11,16,26,38|20,22,25,27,30,32
2,8,10,16,17,22|3,6,14,26,31,38|11,25,27,28,30,32
2,8,22,25,27,32|3,6,11,16,26,38|10,14,17,28,30,31
2,8,27,28,31,32|3,6,11,16,26,38|10,14,17,22,25,30
1,2,8,11,17,21|3,6,14,20,31,34|10,15,22,28,29,30
1,2,8,15,17,31|3,6,11,14,25,34|10,16,20,22,29,30
1,2,8,16,17,22|3,6,11,14,25,34|10,15,20,29,30,31
1,6,17,25,30,31|2,8,10,11,21,29|3,14,15,20,32,38
1,25,28,29,30,31|2,6,8,11,13,26|3,14,15,20,32,38
2,6,25,31,38,40|3,8,14,15,26,32|10,11,16,28,29,30
2,8,10,11,21,29|3,6,14,20,31,34|15,22,26,28,30,40
2,8,10,15,29,31|3,6,11,14,25,34|16,20,22,26,30,40
2,8,10,16,22,29|3,6,11,14,25,34|15,20,26,30,31,40
2,8,11,21,26,40|3,6,14,20,31,34|10,15,22,28,29,30
2,8,15,26,31,40|3,6,11,14,25,34|10,16,20,22,29,30
2,8,16,22,26,40|3,6,11,14,25,34|10,15,20,29,30,31
2,11,15,25,38,40|3,6,8,16,26,32|10,14,28,29,30,31
2,11,20,21,38,40|3,6,8,16,26,32|10,14,22,25,29,30
2,14,22,25,38,40|3,6,8,16,26,32|10,11,20,21,29,30
2,14,28,31,38,40|3,6,8,16,26,32|10,11,15,25,29,30
2,15,20,31,38,40|3,6,8,16,26,32|10,14,22,25,29,30
2,15,22,28,38,40|3,6,8,16,26,32|10,11,20,21,29,30
1,2,10,15,19,30|3,6,7,9,12,31|8,11,18,22,27,34
1,3,22,27,29,30|6,9,10,18,23,31|11,15,19,26,33,38
1,6,27,29,33,38|2,3,8,15,19,26|9,10,14,18,22,23
1,9,18,22,23,25|2,3,8,15,19,26|6,20,27,33,34,40
1,9,18,23,28,31|2,3,6,19,25,38|11,22,27,33,34,40
1,9,19,23,25,28|2,3,6,18,31,38|11,22,27,33,34,40
1,9,22,23,27,40|2,3,6,18,31,38|11,19,25,28,33,34
1,15,17,19,23,26|2,3,6,18,31,38|11,22,27,33,34,40
2,3,8,15,19,26|6,9,10,18,23,31|11,22,27,33,34,40
2,3,11,15,18,38|6,9,10,19,23,25|8,17,27,28,29,33
2,3,14,18,22,38|6,9,10,19,23,25|8,17,27,28,29,33
2,3,15,19,20,38|6,9,10,18,23,31|8,17,27,28,29,33
2,6,7,12,27,29|3,10,15,17,30,40|11,18,22,25,33,34
2,6,18,20,27,30|3,7,9,11,12,15|14,19,22,26,33,38
2,11,18,22,27,30|3,6,7,9,12,31|8,10,15,17,19,38
2,11,19,27,28,30|3,6,7,9,12,31|10,15,17,18,23,32
2,19,20,22,27,30|3,6,7,9,12,31|10,15,17,18,23,32
3,6,7,9,12,31|8,10,15,17,19,38|11,18,22,25,33,34
3,6,18,26,30,31|8,10,15,17,19,38|11,22,27,33,34,40
3,7,9,11,12,15|6,8,18,20,27,34|14,19,22,26,33,38
3,7,9,12,14,22|6,8,18,20,27,34|10,15,19,23,26,29
3,7,12,15,17,32|6,8,18,20,27,34|9,10,14,19,23,28
3,10,15,17,30,40|6,8,18,20,27,34|14,19,22,26,33,38
3,11,15,18,26,30|6,9,10,19,23,25|8,17,27,28,29,33
3,14,18,22,26,30|6,9,10,19,23,25|8,17,27,28,29,33
3,15,19,20,26,30|6,9,10,18,23,31|8,17,27,28,29,33
3,27,28,30,32,40|6,9,10,18,23,31|11,15,19,26,33,38
1,2,3,15,17,33|6,8,19,26,27,38|9,10,14,18,23,28
1,2,10,15,18,30|3,6,7,9,12,25|8,19,20,27,28,34
1,3,6,17,27,30|9,10,14,18,23,28|15,19,20,26,33,38
1,3,27,28,29,30|6,9,10,18,23,25|15,19,20,26,33,38
1,10,15,33,34,40|2,3,6,18,25,38|19,22,23,26,27,32
1,22,27,29,33,38|2,3,8,15,18,26|9,10,19,23,28,31
2,3,8,15,18,26|6,9,10,23,27,40|19,20,25,28,33,34
2,3,15,26,33,40|6,9,10,18,23,25|8,19,20,27,28,34
2,3,18,22,31,38|6,9,10,23,27,40|19,20,25,28,33,34
2,3,19,22,25,38|6,9,10,23,27,40|18,20,28,31,33,34
2,3,19,28,31,38|6,9,10,18,23,25|20,22,27,33,34,40
2,7,12,22,27,29|3,6,18,25,26,30|9,10,19,23,28,31
2,11,18,27,28,30|3,6,7,9,12,25|10,15,17,33,38,40
2,18,20,22,27,30|3,6,7,9,12,25|10,15,17,33,38,40
2,19,20,27,28,30|3,6,7,9,12,25|8,10,15,17,18,38
3,6,7,9,12,25|8,10,15,17,18,38|11,27,28,33,34,40
3,6,18,25,26,30|8,19,20,27,28,34|10,15,17,33,38,40
3,6,26,27,30,40|8,10,15,17,18,38|19,20,25,28,33,34
3,7,9,12,14,28|6,8,19,26,27,38|18,20,22,25,33,34
3,7,9,12,15,20|6,8,19,26,27,38|11,18,25,28,33,34
3,7,9,12,22,31|6,8,19,26,27,38|11,18,25,28,33,34
3,7,12,15,26,29|6,9,10,18,23,25|8,19,20,27,28,34
3,18,22,26,30,31|6,9,10,23,27,40|19,20,25,28,33,34
3,19,22,25,26,30|6,9,10,23,27,40|18,20,28,31,33,34
3,19,26,28,30,31|6,9,10,18,23,25|20,22,27,33,34,40
1,8,9,27,28,33|2,3,18,22,25,38|10,15,17,19,23,26
1,27,28,29,33,38|3,7,9,12,22,25|10,15,17,19,23,26
2,18,20,27,28,30|3,7,9,12,22,25|10,15,17,19,23,26
1,6,9,19,23,31|2,7,12,15,29,40|3,14,18,22,30,32
1,8,9,15,33,40|3,6,18,30,31,32|17,19,22,23,25,29
2,7,12,15,29,40|3,6,18,30,31,32|11,14,19,22,33,34
1,3,15,17,30,40|6,8,11,19,27,34|14,18,22,32,33,38
1,9,14,18,22,23|2,3,15,32,33,40|6,8,11,19,27,34
1,9,15,19,20,23|2,18,22,25,30,40|6,8,17,27,29,33
2,3,15,32,33,40|6,8,11,19,27,34|17,18,22,23,25,29
2,6,11,19,27,30|3,7,12,15,29,32|8,18,22,25,34,40
2,18,22,25,30,40|3,7,12,15,29,32|6,8,11,19,27,34
2,18,28,30,31,40|3,7,12,15,29,32|6,8,11,19,27,34
2,19,25,28,30,40|3,7,12,15,29,32|6,11,18,31,33,34
3,6,27,30,32,40|8,10,15,19,29,38|11,14,18,22,33,34
3,10,15,29,30,40|6,8,11,19,27,34|14,18,22,32,33,38
1,2,3,15,29,33|6,8,11,18,27,34|9,10,14,19,22,23
1,3,6,27,29,30|2,7,12,15,17,40|9,10,14,19,22,23
1,6,9,18,23,25|2,3,11,15,19,38|8,17,22,27,29,33
1,6,9,23,27,40|2,3,11,15,19,38|14,18,20,22,33,34
1,9,14,18,23,28|2,3,6,19,31,38|8,17,22,27,29,33
1,9,15,18,20,23|2,3,6,19,31,38|8,17,22,27,29,33
1,9,19,23,28,31|2,3,6,14,18,38|8,17,22,27,29,33
1,15,17,33,38,40|2,6,11,18,27,30|9,10,14,19,22,23
2,3,6,19,31,38|8,9,10,15,33,40|17,18,23,25,28,29
2,3,11,15,19,38|6,9,10,14,18,23|8,17,22,27,29,33
2,6,19,20,27,30|8,9,10,15,33,40|17,18,23,25,28,29
2,7,12,15,17,40|3,6,14,18,26,30|8,11,19,22,27,34
2,11,19,22,27,30|3,6,7,9,12,14|8,10,15,18,29,38
2,18,25,28,30,40|3,6,7,9,12,14|8,11,19,22,27,34
3,6,7,9,12,14|8,10,15,18,29,38|11,19,22,25,33,34
3,6,19,26,30,31|8,9,10,15,33,40|17,18,23,25,28,29
3,14,19,22,26,30|6,8,11,18,27,34|10,15,29,33,38,40
3,18,22,25,30,32|6,8,19,20,27,34|10,15,29,33,38,40
3,18,28,30,31,32|6,8,19,20,27,34|10,15,29,33,38,40
3,19,25,28,30,32|6,8,11,18,27,34|10,15,29,33,38,40
3,22,27,30,32,40|6,9,10,14,18,23|11,19,28,31,33,34
1,2,8,13,20,33|3,6,23,27,28,29|7,12,14,25,38,40
1,2,14,18,23,25|3,8,15,17,28,33|7,12,16,20,38,40
1,2,15,18,23,28|3,8,14,17,25,33|7,12,16,20,38,40
1,2,16,18,20,23|3,8,14,17,25,33|7,12,15,28,38,40
1,2,19,23,25,31|3,8,15,17,28,33|7,12,16,20,38,40
1,3,6,15,33,38|2,10,11,13,23,40|7,8,12,14,27,32
1,3,8,11,13,38|2,6,10,15,18,23|7,12,14,25,32,33
2,6,10,15,18,23|3,8,14,17,25,33|7,12,16,20,38,40
2,10,11,16,19,23|3,8,14,17,25,33|7,12,15,28,38,40
2,10,14,19,23,31|3,8,15,17,28,33|7,12,16,20,38,40
2,10,15,19,22,23|3,8,14,17,25,33|7,12,16,20,38,40
1,2,8,11,13,33|3,6,22,23,27,29|7,12,14,31,38,40
1,2,11,16,18,23|3,8,14,17,31,33|7,12,15,22,38,40
1,2,14,18,23,31|3,8,11,16,17,33|7,12,15,22,38,40
1,2,14,19,23,25|3,8,11,16,17,33|7,12,15,22,38,40
1,2,15,18,22,23|3,8,11,16,17,33|7,12,14,31,38,40
1,2,15,19,23,28|3,8,11,16,17,33|7,12,14,31,38,40
1,2,16,19,20,23|3,8,14,17,31,33|7,12,15,22,38,40
1,3,8,16,32,33|2,6,10,15,19,23|7,12,14,31,38,40
1,3,8,16,38,40|2,6,10,15,19,23|7,12,14,31,32,33
1,3,11,13,23,32|7,12,14,31,38,40|8,10,15,18,22,30
1,8,18,25,30,31|2,6,10,15,19,23|7,11,12,16,32,33
1,8,27,30,31,40|2,6,10,15,19,23|7,11,12,16,32,33
1,11,13,20,30,33|2,6,10,15,19,23|7,12,14,31,38,40
1,25,30,31,33,40|2,6,10,15,19,23|7,8,12,13,20,32
2,6,10,15,19,23|3,8,11,16,17,33|7,12,14,31,38,40
3,6,22,23,27,29|7,8,12,13,20,32|10,11,16,30,33,40
3,11,14,23,27,29|7,8,12,13,20,32|10,15,22,30,33,40
3,16,17,20,23,40|7,12,14,31,32,33|8,10,15,18,22,30
1,8,14,18,25,30|3,11,13,20,23,29|6,7,12,15,32,33
1,8,14,27,30,40|3,11,13,20,23,29|6,7,12,15,32,33
1,8,16,18,20,30|3,14,17,23,31,40|6,7,12,15,32,33
1,8,19,25,30,31|3,11,13,20,23,29|6,7,12,15,32,33
3,11,13,20,23,29|6,7,12,15,32,33|8,10,14,19,30,31
3,11,16,17,23,40|6,7,12,15,32,33|8,10,14,19,30,31
3,14,17,23,31,40|6,7,12,15,32,33|8,10,11,16,19,30
3,23,25,29,31,40|6,7,12,15,32,33|8,10,11,16,19,30
1,2,23,25,27,40|3,6,10,15,33,38|7,8,12,13,20,26
1,3,8,14,27,38|2,10,15,18,23,28|7,11,12,16,26,33
1,3,8,16,26,33|2,10,14,18,23,25|6,7,12,22,27,38
1,3,14,25,33,38|2,10,15,18,23,28|7,8,12,13,20,26
1,3,15,28,33,38|2,10,14,18,23,25|7,8,12,13,20,26
1,2,8,14,27,33|3,10,11,13,23,32|7,12,25,31,38,40
1,2,18,23,25,31|3,8,10,16,32,33|7,11,12,13,20,38
1,2,23,27,31,40|3,8,10,16,32,33|7,11,12,13,20,38
1,3,8,13,20,38|2,10,11,16,18,23|6,7,12,15,26,33
1,3,11,16,33,38|2,10,13,20,23,40|7,8,12,27,31,32
1,3,14,23,27,32|2,8,10,11,13,33|7,12,25,31,38,40
1,3,15,22,33,38|2,10,11,16,18,23|7,8,12,27,31,32
2,8,10,11,13,33|3,6,17,22,23,27|7,12,25,31,38,40
2,10,15,18,22,23|3,8,17,25,31,33|7,11,12,13,20,38
2,10,15,19,23,28|3,8,17,25,31,33|7,11,12,13,20,38
3,6,17,22,23,27|7,8,11,12,13,26|10,25,30,31,33,40
3,11,14,17,23,27|6,7,12,15,26,33|8,10,18,25,30,31
3,22,23,27,28,29|6,7,12,15,26,33|8,10,18,25,30,31
1,8,16,22,29,38|2,6,11,13,20,30|14,15,23,26,32,40
1,15,23,25,29,32|2,6,11,13,20,30|8,14,28,31,34,40
1,16,23,28,29,32|2,6,11,13,20,30|8,14,22,25,34,40
2,11,15,25,30,40|6,8,13,20,32,38|14,17,23,28,29,31
2,11,16,28,30,40|6,8,13,20,32,38|14,17,22,23,25,29
3,6,14,25,30,32|8,11,16,28,34,40|15,17,20,23,29,31
3,6,15,28,30,32|8,11,20,21,34,40|14,17,22,23,25,29
3,6,16,20,30,32|8,11,15,25,34,40|14,17,23,28,29,31
3,14,15,20,30,32|6,8,25,31,34,40|11,16,17,23,28,29
6,11,14,31,33,34|8,15,25,32,38,40|16,17,20,22,23,29
6,11,16,32,33,38|8,14,22,25,34,40|15,17,20,23,29,31
6,14,31,32,33,38|8,11,15,25,34,40|16,17,20,22,23,29
1,6,8,16,17,38|2,11,13,20,22,30|10,15,23,29,31,32
1,8,15,25,29,38|2,6,11,14,27,30|16,22,23,26,32,40
1,8,16,28,29,38|2,6,11,14,27,30|15,23,26,31,32,40
1,8,20,21,29,38|2,6,11,14,27,30|15,23,26,31,32,40
1,11,17,21,23,32|2,14,25,28,30,40|6,8,10,16,29,38
1,15,17,23,31,32|2,6,11,14,27,30|8,16,20,28,34,40
1,16,17,22,23,32|2,6,11,14,27,30|8,15,20,25,34,40
2,3,8,15,31,32|6,11,14,25,33,34|16,17,20,23,28,29
2,11,13,20,22,30|6,8,10,16,29,38|15,23,26,31,32,40
2,15,20,25,30,40|6,8,10,16,29,38|11,14,22,31,33,34
2,16,20,28,30,40|6,8,11,14,27,34|10,15,23,29,31,32
