1,8,17,21,25,40|2,3,6,11,13,31|10,14,16,22,29,33
1,8,17,28,39,40|2,3,6,11,13,31|10,14,16,22,29,33
1,11,14,17,21,33|2,3,6,16,25,40|8,10,13,15,20,29
1,11,15,16,17,33|2,3,6,13,14,20|8,10,21,25,29,40
1,11,21,25,29,33|2,3,6,13,14,20|8,10,15,16,17,40
1,11,28,29,33,39|2,3,6,13,14,20|8,10,15,16,17,40
1,14,15,17,31,33|2,3,6,16,25,40|8,11,13,22,27,32
1,14,16,17,22,33|2,3,6,11,13,31|8,10,21,25,29,40
1,15,25,29,31,33|2,3,6,13,14,20|8,11,19,22,26,39
1,16,22,25,29,33|2,3,6,11,13,31|8,10,14,17,21,40
1,16,28,29,31,33|2,3,6,13,14,20|8,11,19,22,26,39
1,20,21,29,31,33|2,3,6,16,25,40|8,11,13,22,27,32
1,20,22,29,33,39|2,3,6,11,13,31|8,10,14,17,21,40
1,21,22,28,29,33|2,3,6,11,13,31|8,10,15,16,17,40
2,3,6,13,14,20|8,10,15,16,17,40|11,19,21,22,28,38
2,3,6,16,25,40|8,10,13,14,28,29|11,19,20,21,31,38
2,3,6,20,39,40|8,10,13,14,28,29|11,15,19,25,31,38
2,3,6,21,28,40|8,10,13,15,20,29|11,16,18,22,31,38
2,3,14,15,25,40|6,8,11,18,26,39|13,20,22,31,32,33
2,3,14,16,28,40|6,8,10,13,25,29|11,19,20,21,31,38
2,3,14,20,21,40|6,8,10,13,25,29|11,16,18,22,31,38
2,3,15,16,20,40|6,8,10,13,14,17|11,19,21,22,28,38
6,8,10,13,25,29|11,14,15,27,32,33|16,19,20,22,31,38
6,8,10,17,39,40|11,13,22,25,32,33|14,15,18,20,31,38
6,8,13,20,27,32|10,11,14,21,29,33|15,19,22,28,31,38
6,8,13,25,26,40|10,11,14,21,29,33|15,19,22,28,31,38
6,8,16,19,25,26|10,11,14,21,29,33|13,20,22,31,38,40
6,8,18,21,22,26|10,11,15,16,29,33|13,14,20,28,38,40
6,8,19,21,26,28|10,11,15,16,29,33|13,20,22,31,38,40
6,10,11,29,33,39|8,13,14,26,28,40|16,19,20,22,31,38
6,10,16,29,31,33|8,11,13,22,27,32|14,15,19,20,25,38
6,10,21,22,29,33|8,11,15,16,18,26|13,14,20,28,38,40
6,11,18,21,28,38|8,10,13,15,20,29|14,16,22,26,33,40
6,11,26,33,39,40|8,10,13,14,28,29|16,19,20,22,31,38
6,13,20,25,32,33|8,10,14,17,21,40|11,16,18,22,31,38
6,14,27,31,32,33|8,10,13,15,20,29|11,16,19,22,25,38
6,15,18,28,31,38|8,10,14,17,21,40|11,13,22,25,32,33
6,15,19,25,28,38|8,10,13,22,29,31|11,14,21,26,33,40
6,15,22,27,32,33|8,10,13,14,28,29|11,19,20,21,31,38
6,16,18,22,28,38|8,10,13,15,20,29|11,14,21,26,33,40
6,16,26,31,33,40|8,10,13,14,28,29|11,19,20,22,38,39
6,18,20,21,22,38|8,10,13,14,28,29|11,15,16,26,33,40
6,19,20,21,28,38|8,10,13,22,29,31|11,14,15,27,32,33
6,21,22,26,33,40|8,10,13,14,28,29|11,15,16,18,20,38
8,10,13,22,29,31|11,14,15,18,25,38|20,28,32,33,39,40
8,10,21,25,29,40|11,13,28,31,32,33|14,16,18,20,22,38
8,10,28,29,39,40|11,13,22,25,32,33|14,15,18,20,31,38
8,15,25,27,32,40|10,11,14,21,29,33|16,19,20,22,31,38
8,16,18,25,28,32|10,11,14,21,29,33|13,20,22,31,38,40
8,20,21,27,32,40|10,11,15,16,29,33|14,19,22,25,31,38
1,6,16,25,29,33|2,3,11,14,21,40|8,18,20,22,32,39
1,6,20,29,33,39|2,3,11,14,21,40|8,15,18,25,31,32
1,6,21,28,29,33|2,3,11,15,16,40|8,18,20,22,32,39
1,8,13,22,25,29|2,3,6,11,39,40|14,15,19,20,31,38
1,8,13,28,29,31|2,3,6,11,39,40|14,16,19,20,22,38
1,11,21,29,31,33|2,3,14,16,22,40|8,19,20,28,32,39
1,11,22,29,33,39|2,3,6,16,31,40|8,19,20,21,25,32
1,14,15,25,29,33|2,3,6,11,39,40|8,16,18,28,31,32
1,14,16,28,29,33|2,3,6,11,39,40|8,15,18,25,31,32
1,14,20,21,29,33|2,3,6,11,39,40|8,15,18,25,31,32
1,15,16,20,29,33|2,3,6,11,13,14|8,18,21,22,28,32
1,16,22,29,31,33|2,3,6,11,13,14|8,19,20,21,25,32
6,8,10,13,29,31|11,14,15,19,25,38|20,22,32,33,39,40
6,11,13,25,32,33|8,10,21,29,31,40|14,15,19,22,28,38
6,11,16,19,25,38|8,10,13,14,22,29|20,21,31,32,33,40
6,11,19,20,38,39|8,10,13,14,22,29|15,25,31,32,33,40
6,11,19,21,28,38|8,10,13,14,22,29|15,25,31,32,33,40
6,13,20,31,32,33|8,10,22,29,39,40|11,14,15,19,25,38
6,13,22,28,32,33|8,10,21,29,31,40|11,14,15,19,25,38
6,14,16,18,20,38|8,10,11,13,15,29|21,22,28,32,33,40
6,14,19,25,31,38|8,10,11,13,15,29|20,22,32,33,39,40
6,15,19,22,25,38|8,10,21,29,31,40|11,13,14,28,32,33
6,15,19,28,31,38|8,10,13,14,22,29|11,21,25,32,33,40
6,16,19,20,31,38|8,10,11,13,15,29|21,22,28,32,33,40
6,16,19,22,28,38|8,10,11,13,15,29|20,21,31,32,33,40
6,19,20,21,22,38|8,10,11,13,15,29|16,28,31,32,33,40
1,2,8,10,13,15|3,6,11,16,27,38|7,12,17,20,21,31
1,3,8,17,28,39|2,6,14,25,27,33|7,10,12,15,16,32
1,6,10,13,25,30|2,11,15,27,31,33|3,8,26,28,39,40
1,7,12,21,25,32|2,6,15,27,28,33|3,8,13,22,26,31
1,7,12,28,32,39|2,6,14,25,27,33|3,8,10,15,16,17
1,10,13,14,28,30|2,6,16,20,27,33|3,8,21,25,26,40
1,10,13,15,20,30|2,6,14,25,27,33|3,8,26,28,39,40
1,10,13,22,30,31|2,6,14,25,27,33|3,8,26,28,39,40
1,10,21,25,30,40|2,6,15,27,28,33|3,8,13,22,26,31
1,10,28,30,39,40|2,6,14,25,27,33|3,8,13,15,20,26
2,8,11,13,27,28|3,6,16,26,31,33|7,10,12,14,21,32
2,8,13,20,22,27|3,6,11,26,33,39|7,10,12,14,21,32
3,6,11,26,33,39|7,10,12,14,21,32|25,27,28,30,31,40
3,6,16,26,31,33|7,10,12,14,21,32|11,13,20,27,28,30
3,6,21,22,26,33|7,10,12,15,16,32|11,13,20,27,28,30
3,8,13,15,20,26|6,7,10,12,32,39|25,27,28,30,31,40
3,8,21,25,26,40|6,7,10,12,32,39|11,13,20,27,28,30
3,11,14,21,26,33|6,7,10,12,32,39|25,27,28,30,31,40
3,11,15,16,26,33|6,7,10,12,32,39|25,27,28,30,31,40
3,14,15,26,31,33|6,7,10,12,32,39|11,13,20,27,28,30
3,14,16,22,26,33|6,7,10,12,32,39|11,13,20,27,28,30
1,2,10,14,21,33|3,6,8,16,26,27|7,12,17,20,28,39
1,2,10,15,16,33|3,6,14,25,27,38|7,12,17,20,28,39
1,7,12,14,21,26|2,6,25,27,31,33|3,8,10,17,22,39
1,7,12,15,16,26|2,6,25,27,31,33|3,8,10,17,22,39
2,8,13,20,27,28|3,6,16,25,26,33|7,10,12,21,31,32
2,13,20,25,28,33|3,6,8,16,26,27|7,10,12,21,31,32
1,3,6,8,17,39|2,11,13,14,28,33|7,12,15,25,29,31|16,20,22,27,30,40
1,3,8,14,17,21|2,6,11,13,25,33|7,12,16,28,29,31
1,3,8,15,16,17|2,6,11,13,25,33|7,12,20,21,29,31
1,3,8,21,25,29|2,6,13,20,31,33|7,11,12,15,16,17
1,3,8,28,29,39|2,6,11,13,25,33|7,12,14,15,17,31|16,20,22,27,30,40
1,6,7,12,32,39|2,8,11,18,21,25|3,14,16,28,38,40
1,6,10,13,14,30|2,8,11,18,21,25|3,15,16,20,32,33
1,6,10,30,39,40|2,8,11,18,21,25|3,14,16,28,32,33
1,7,12,14,21,32|2,6,8,11,13,27|3,15,16,20,38,40
1,7,12,15,16,32|2,6,8,11,13,27|3,14,20,21,38,40
1,10,14,21,30,40|2,6,8,11,13,27|3,15,16,20,32,33
1,10,15,16,30,40|2,6,8,11,13,27|3,14,20,21,32,33
2,6,8,11,13,27|3,14,15,25,32,33|7,12,16,28,29,31
2,6,11,13,25,33|3,8,10,14,21,29|15,20,27,30,31,40
2,6,13,20,31,33|3,8,10,14,21,29|7,11,12,15,16,17
2,6,13,22,28,33|3,8,10,14,21,29|7,11,12,15,16,17
2,8,11,18,21,25|3,6,13,14,20,38|7,12,16,28,29,31
2,8,11,18,28,39|3,6,13,14,20,38|7,12,15,25,29,31
2,8,11,21,27,40|3,6,13,14,20,38|7,12,15,25,29,31
2,8,13,25,28,40|3,6,20,32,33,39|7,11,12,14,17,21
2,8,15,18,25,31|3,6,13,14,20,38|7,11,12,28,29,39
2,8,15,27,31,40|3,6,13,14,20,38|7,11,12,21,25,29
2,8,16,18,28,31|3,6,13,14,20,38|7,11,12,21,25,29
2,8,16,19,25,28|3,6,11,13,31,38|7,12,20,22,29,39
2,8,18,20,21,31|3,6,16,25,32,33|7,11,12,28,29,39
2,8,19,20,21,25|3,6,11,13,31,38|7,12,14,16,17,22
2,8,19,20,28,39|3,6,11,13,31,38|7,12,14,16,17,22
2,11,13,14,28,33|3,6,8,10,29,39|15,18,20,25,30,31
2,11,13,15,20,33|3,6,8,10,29,39|7,12,14,16,17,22
2,11,13,22,31,33|3,6,8,10,29,39|16,19,20,25,28,30
2,11,21,25,33,40|3,6,8,10,29,39|7,12,14,15,17,31
2,11,28,33,39,40|3,6,8,13,14,26|7,12,15,25,29,31
2,13,14,20,22,33|3,6,8,10,29,39|7,11,12,15,16,17
2,15,25,31,33,40|3,6,8,10,29,39|7,11,12,14,17,21
2,16,22,25,33,40|3,6,8,10,29,39|7,11,12,14,17,21
2,16,28,31,33,40|3,6,8,10,29,39|7,11,12,14,17,21
2,20,21,31,33,40|3,6,8,10,29,39|7,11,12,15,16,17
2,20,22,33,39,40|3,6,8,13,14,26|7,11,12,15,16,17
2,21,22,28,33,40|3,6,8,10,29,39|7,11,12,15,16,17
3,6,8,10,29,39|7,11,12,14,17,21|13,20,25,28,30,40
3,6,8,13,14,26|7,11,12,15,16,17|18,20,21,22,28,30
3,6,8,16,27,32|7,11,12,14,17,21|13,20,25,28,30,40
3,6,8,26,39,40|7,11,12,14,17,21|15,18,20,25,30,31
3,6,16,25,32,33|7,11,12,14,17,21|15,20,27,30,31,40
3,6,20,32,33,39|7,11,12,14,17,21|15,18,22,25,28,30
3,6,20,38,39,40|7,11,12,14,17,21|15,18,22,25,28,30
3,6,21,28,32,33|7,11,12,15,16,17|14,22,25,27,30,40
3,8,10,14,21,29|6,7,11,12,17,39|13,20,25,28,30,40
3,8,10,15,16,29|6,7,11,12,17,39|13,20,25,28,30,40
3,8,13,22,25,32|6,7,11,12,17,39|14,27,28,30,31,40
3,8,13,28,31,32|6,7,11,12,17,39|14,22,25,27,30,40
3,8,14,15,27,32|6,7,11,12,17,39|13,20,25,28,30,40
3,8,14,21,26,40|6,7,11,12,17,39|15,18,20,25,30,31
3,8,15,16,26,40|6,7,11,12,17,39|14,18,25,28,30,31
3,11,21,31,32,33|7,12,14,16,17,22|13,20,25,28,30,40
3,11,22,32,33,39|6,7,12,16,17,31|13,20,25,28,30,40
3,14,15,25,32,33|6,7,11,12,17,39|16,18,20,28,30,31
3,14,15,25,38,40|6,7,11,12,17,39|16,18,20,28,30,31
3,14,16,28,32,33|6,7,11,12,17,39|15,18,20,25,30,31
3,14,16,28,38,40|6,7,11,12,17,39|15,18,20,25,30,31
3,14,20,21,32,33|6,7,11,12,17,39|15,18,22,25,28,30
3,14,20,21,38,40|6,7,11,12,17,39|15,18,22,25,28,30
3,15,16,20,32,33|6,7,11,12,17,39|14,18,25,28,30,31
3,15,16,20,38,40|6,7,11,12,17,39|14,18,25,28,30,31
3,16,22,31,32,33|6,7,11,12,17,39|13,20,25,28,30,40
1,3,8,17,21,31|2,6,11,16,27,33|7,12,20,28,29,39
1,3,8,17,22,39|2,6,11,16,27,33|7,12,20,21,25,29
1,6,10,13,30,31|2,8,15,25,27,40|3,11,28,32,33,39|7,12,14,17,20,21
1,7,12,21,31,32|2,6,8,13,20,27|3,11,28,38,39,40
1,7,12,22,32,39|2,6,8,13,20,27|3,11,21,25,38,40
1,10,11,13,15,30|2,6,14,27,31,33|3,8,22,26,39,40|7,12,16,25,28,29
1,10,13,14,22,30|2,6,11,16,27,33|3,8,21,26,31,40|7,12,20,28,29,39
1,10,21,30,31,40|2,6,8,13,20,27|3,11,28,32,33,39|7,12,14,15,17,25
1,10,22,30,39,40|2,6,8,13,20,27|3,11,21,25,32,33|7,12,14,16,17,28
2,6,8,13,20,27|3,11,21,25,32,33|7,12,14,16,17,28
2,6,11,16,27,33|3,8,10,21,29,31|7,12,14,15,17,25
2,6,13,20,25,33|3,8,10,21,29,31|7,11,12,17,22,39
2,6,14,27,31,33|3,8,10,22,29,39|7,12,15,16,17,20
2,6,15,22,27,33|3,8,10,21,29,31|7,12,14,16,17,28
2,8,11,13,22,27|3,6,14,16,26,33|7,12,20,21,25,29
2,8,15,25,27,40|3,6,13,20,31,38|7,11,12,17,22,39
2,8,16,18,25,28|3,6,13,20,31,38|7,11,12,17,22,39
2,8,16,27,28,40|3,6,11,13,25,38|7,12,14,17,20,21
2,8,18,20,28,39|3,6,11,13,25,38|7,12,16,17,22,31
2,8,20,21,27,40|3,6,11,13,25,38|7,12,14,16,17,28
2,11,13,22,25,33|3,8,10,21,29,31|6,7,12,17,20,39
2,11,13,28,31,33|3,8,10,22,29,39|6,7,12,16,17,25
2,11,14,15,27,33|3,6,8,13,26,31|7,12,16,25,28,29
2,13,14,20,28,33|3,8,10,21,29,31|6,7,12,16,17,25
2,13,20,22,31,33|3,8,11,21,27,32|6,7,12,16,17,25
2,16,25,28,33,40|3,6,8,13,26,31|7,11,12,17,22,39
2,20,21,25,33,40|3,6,8,13,26,31|7,11,12,17,22,39
2,20,28,33,39,40|3,6,8,13,26,31|7,12,14,15,17,25
3,6,8,13,26,31|7,11,12,17,22,39|14,25,27,28,30,40
3,6,13,20,31,38|7,11,12,17,22,39|14,25,27,28,30,40
3,6,13,22,28,38|7,11,12,17,21,31|15,20,25,27,30,40
3,6,14,16,26,33|7,11,12,17,21,31|15,20,25,27,30,40
3,8,10,21,29,31|6,7,12,16,17,25|11,13,20,22,27,30
3,8,21,26,31,40|6,7,12,16,17,25|11,13,20,22,27,30
1,3,6,8,29,39|2,11,14,21,33,40|15,19,22,28,30,31
1,3,8,14,21,29|2,6,11,33,39,40|15,19,22,28,30,31
2,6,8,13,25,40|7,11,12,14,21,29|15,19,22,28,30,31
2,6,8,16,19,25|7,11,12,14,21,29|13,20,22,30,31,40
2,6,8,18,21,22|7,11,12,15,16,29|13,14,20,28,30,40
2,6,8,19,21,28|7,11,12,15,16,29|13,20,22,30,31,40
2,6,21,22,33,40|3,8,11,13,15,32|14,16,19,20,28,30
2,8,11,15,16,18|6,7,12,21,22,29|13,14,20,28,30,40
2,8,13,14,28,40|6,7,11,12,29,39|16,19,20,22,30,31
2,8,13,15,20,40|3,6,14,16,32,33|11,19,21,22,28,30
2,8,14,15,19,25|6,7,11,12,29,39|13,20,22,30,31,40
2,8,14,16,19,28|6,7,11,12,29,39|13,20,22,30,31,40
2,8,16,19,22,31|6,7,11,12,29,39|13,14,20,28,30,40
3,8,21,31,32,40|6,7,11,12,29,39|14,15,18,22,28,30
3,8,22,32,39,40|6,7,12,16,29,31|11,14,15,18,25,30
1,3,8,21,29,31|2,6,13,14,20,33|11,16,18,22,25,30
1,3,8,22,29,39|2,6,11,13,31,33|14,15,18,20,25,30
2,6,8,16,18,25|3,11,14,21,32,33|13,20,28,30,31,40
2,6,8,16,27,40|3,11,14,21,32,33|15,18,22,28,30,31
2,6,8,18,20,39|3,11,14,21,32,33|7,12,16,22,29,31
2,6,8,18,21,28|3,11,15,16,32,33|13,20,22,25,30,40
2,6,11,13,31,33|3,8,21,25,32,40|7,12,14,16,28,29
2,6,13,14,20,33|3,8,21,25,32,40|7,11,12,22,29,39
2,6,16,25,33,40|3,8,13,14,28,32|7,11,12,21,29,31
2,6,20,33,39,40|3,8,13,14,28,32|7,11,12,21,29,31
2,6,21,28,33,40|3,8,13,15,20,32|7,11,12,22,29,39
2,8,11,18,21,31|3,14,16,22,32,33|6,7,12,20,29,39
2,8,11,18,22,39|3,6,16,31,32,33|7,12,14,15,25,29
2,8,11,19,21,25|3,6,16,31,32,33|14,15,20,27,30,40
2,8,11,19,28,39|3,6,16,31,32,33|7,12,14,15,25,29
2,8,13,22,25,40|3,6,11,32,33,39|7,12,14,16,28,29
2,8,13,28,31,40|3,6,11,32,33,39|7,12,14,15,25,29
2,8,14,15,18,25|3,6,11,32,33,39|7,12,16,22,29,31
2,8,14,15,27,40|3,6,11,32,33,39|7,12,16,22,29,31
2,8,14,16,18,28|3,6,11,32,33,39|13,20,22,25,30,40
2,8,14,18,20,21|3,6,11,32,33,39|7,12,16,22,29,31
2,8,19,21,22,28|3,6,11,13,14,38|7,12,15,16,20,29
2,11,21,31,33,40|3,6,8,13,25,32|7,12,14,16,28,29
2,11,22,33,39,40|3,6,8,13,25,32|7,12,14,16,28,29
2,14,15,25,33,40|3,8,13,22,31,32|6,7,12,20,29,39
2,14,16,28,33,40|3,6,8,13,25,32|7,11,12,21,29,31
2,14,20,21,33,40|3,6,8,13,25,32|7,11,12,22,29,39
2,15,16,20,33,40|3,6,8,13,25,32|7,11,12,21,29,31
2,16,22,31,33,40|3,6,8,13,25,32|7,12,14,20,21,29
3,6,8,13,25,32|7,11,12,21,29,31|14,15,20,27,30,40
3,6,11,32,33,39|7,12,14,15,25,29|13,20,28,30,31,40
3,6,11,38,39,40|7,12,14,15,25,29|16,18,20,22,30,31
3,6,16,31,32,33|7,11,12,22,29,39|14,15,18,20,25,30
3,6,16,31,38,40|7,11,12,22,29,39|14,15,18,20,25,30
3,6,21,22,32,33|7,12,14,15,25,29|11,16,18,28,30,31
3,6,21,22,38,40|7,12,14,15,25,29|11,16,18,28,30,31
3,8,13,14,28,32|6,7,12,16,25,29|11,15,27,30,31,40
3,8,13,15,20,32|6,7,12,14,16,17|11,18,21,22,28,30
3,8,13,22,31,32|6,7,12,14,16,17|11,19,20,21,25,30
3,8,21,25,32,40|6,7,12,14,16,17|11,18,20,22,30,39
3,8,28,32,39,40|6,7,12,14,16,17|11,15,18,25,30,31
3,11,14,21,32,33|6,7,12,16,25,29|13,20,28,30,31,40
3,11,14,21,38,40|6,7,12,16,25,29|15,18,22,28,30,31
3,11,15,16,32,33|6,7,12,20,29,39|14,18,22,25,30,31
3,11,15,16,38,40|6,7,12,20,29,39|14,18,22,25,30,31
3,14,15,31,32,33|6,7,12,16,25,29|11,18,20,22,30,39
3,14,15,31,38,40|6,7,12,16,25,29|11,18,20,22,30,39
3,14,16,22,32,33|6,7,12,20,29,39|11,13,25,28,30,40
3,14,16,22,38,40|6,7,12,20,29,39|11,15,18,25,30,31
1,3,25,35,38,40|2,12,17,18,31,34|6,7,9,26,28,29
2,12,17,18,31,34|3,10,14,32,33,35|6,7,9,26,28,29
2,12,17,19,25,34|3,10,14,32,33,35|6,7,9,26,28,29
3,9,12,25,34,40|7,17,26,29,31,32|10,18,22,28,30,35
1,2,9,14,17,33|3,11,27,29,32,34|6,7,26,28,35,40
1,2,18,31,32,34|6,7,10,28,29,35|9,11,19,25,26,30
1,2,19,25,32,34|3,12,17,31,33,35|6,9,18,26,28,30
1,3,9,29,31,38|2,6,17,18,28,34|7,14,20,26,35,40
1,3,17,29,31,34|2,6,9,18,28,38|7,14,20,26,35,40
1,6,7,17,28,35|2,8,9,14,18,26|3,11,27,29,32,34
1,7,14,17,20,35|2,6,9,18,28,38|3,11,27,29,32,34
1,9,20,27,29,30|2,6,17,18,28,34|7,11,26,31,35,40
2,6,9,18,28,38|3,11,27,29,32,34|7,14,20,26,35,40
2,6,17,18,28,34|3,9,25,32,38,40|7,10,11,29,31,35
2,8,9,14,18,26|3,11,27,29,32,34|10,12,19,25,30,35
2,9,11,18,31,38|3,17,25,32,34,40|6,7,10,28,29,35
2,9,14,18,20,38|3,11,27,29,32,34|6,7,26,28,35,40
2,9,14,26,33,40|3,11,27,29,32,34|10,12,18,30,31,35
2,9,19,20,31,38|3,11,27,29,32,34|6,7,26,28,35,40
2,9,19,22,28,38|3,11,27,29,32,34|7,14,20,26,35,40
2,10,14,19,32,34|3,12,17,31,33,35|6,9,18,26,28,30
2,11,17,18,31,34|3,9,25,32,38,40|6,7,10,28,29,35
2,11,17,19,25,34|6,7,10,28,29,35|9,14,18,20,26,30
2,14,17,18,20,34|3,9,25,32,38,40|6,7,10,28,29,35
2,17,18,31,32,38|3,9,11,25,34,40|6,7,10,28,29,35
2,17,19,20,31,34|3,9,25,32,38,40|6,7,10,28,29,35
2,17,19,22,28,34|3,9,25,32,38,40|7,10,11,29,31,35
2,17,19,25,32,38|3,9,20,31,34,40|6,7,10,28,29,35
2,18,20,25,29,34|3,12,17,31,33,35|9,19,22,26,28,30
2,20,27,29,34,40|3,12,17,31,33,35|6,9,18,26,28,30
3,9,11,25,34,40|6,7,10,28,29,35|17,18,26,30,31,32
3,9,20,31,34,40|6,7,10,28,29,35|17,19,25,26,30,32
3,9,22,28,34,40|7,10,11,29,31,35|17,19,25,26,30,32
3,17,25,32,34,40|6,7,10,28,29,35|9,11,18,26,30,31
1,2,8,18,25,35|3,9,12,31,34,40|7,14,17,26,29,32
1,3,31,35,38,40|2,12,14,17,18,34|6,7,9,22,26,29
1,18,20,25,30,35|2,9,12,19,31,38|7,14,17,26,29,32
3,9,12,31,34,40|6,10,18,28,30,35|7,14,17,26,29,32
1,2,14,18,32,34|3,8,9,17,25,29|6,7,22,26,35,40
1,2,19,31,32,34|3,8,9,17,25,29|6,7,22,26,35,40
1,3,9,14,29,38|2,6,17,18,22,34|7,20,25,32,35,40
1,3,14,17,29,34|2,6,9,18,22,38|7,20,25,32,35,40
1,7,11,14,17,35|2,6,9,18,22,38|26,27,29,30,32,40
1,7,11,25,29,35|2,6,9,18,22,38|3,17,31,32,34,40
1,7,22,28,29,35|2,8,9,14,19,26|3,17,31,32,34,40
1,9,11,27,29,30|2,6,17,18,22,34|7,20,25,32,35,40
1,12,18,25,30,35|2,6,9,19,28,38|3,14,26,29,34,40
1,17,27,29,30,32|2,6,9,18,22,38|7,11,14,26,35,40
2,6,9,18,22,38|3,8,12,27,29,35|17,19,26,30,31,32
2,6,9,19,28,38|3,8,12,27,29,35|14,17,18,26,30,32
2,6,17,18,22,34|3,8,12,27,29,35|9,11,19,26,30,31
2,6,17,19,28,34|3,8,12,27,29,35|9,11,14,18,26,30
2,9,11,14,18,38|3,8,12,27,29,35|17,19,26,30,31,32
2,9,11,19,31,38|3,8,12,27,29,35|14,17,18,26,30,32
2,11,14,17,18,34|3,8,12,27,29,35|6,9,19,26,28,30
2,11,17,19,31,34|3,8,12,27,29,35|6,9,18,22,26,30
2,11,27,29,34,40|3,12,14,17,33,35|6,9,18,22,26,30
2,14,17,18,32,38|3,6,9,28,34,40|10,12,19,30,31,35
2,14,17,19,20,34|3,8,12,27,29,35|6,9,18,22,26,30
2,17,19,31,32,38|3,6,9,28,34,40|7,10,11,14,29,35
2,18,20,29,31,34|3,12,14,17,33,35|6,9,19,26,28,30
2,18,25,29,32,38|3,6,9,28,34,40|10,12,19,30,31,35
2,19,20,25,29,34|3,9,31,32,38,40|10,12,14,18,30,35
2,27,29,32,38,40|3,12,14,17,33,35|6,9,18,22,26,30
3,6,9,28,34,40|7,10,11,14,29,35|17,19,26,30,31,32
3,9,11,31,34,40|6,7,10,22,29,35|14,17,18,26,30,32
3,9,14,20,34,40|6,7,10,22,29,35|17,19,26,30,31,32
3,17,31,32,34,40|6,7,10,22,29,35|9,11,14,18,26,30
1,2,19,26,31,34|3,9,11,27,32,38|6,7,10,17,28,35
2,12,17,18,25,34|3,10,31,32,33,35|7,9,22,26,28,29
2,12,17,27,34,40|3,10,31,32,33,35|7,9,11,25,26,29
1,2,9,17,31,33|3,20,27,29,32,34|7,11,25,26,35,40
1,3,9,14,17,38|2,10,19,31,32,34|7,11,25,26,35,40
1,3,9,25,29,38|2,10,14,18,32,34|7,20,26,31,35,40
1,3,17,25,29,34|2,8,9,18,26,31|7,11,20,27,32,35
1,7,11,17,25,35|2,8,9,18,26,31|3,20,27,29,32,34
1,7,17,22,28,35|2,8,9,18,26,31|3,20,27,29,32,34
1,9,11,17,27,30|2,10,14,18,32,34|7,20,26,31,35,40
2,8,9,18,26,31|3,10,14,17,29,34|7,11,20,27,32,35
2,8,9,19,25,26|3,10,14,17,29,34|7,11,20,27,32,35
2,9,11,27,32,33|3,10,14,17,29,34|7,20,26,31,35,40
2,10,14,18,32,34|3,8,12,17,27,35|9,19,20,25,26,30
2,10,19,31,32,34|3,8,12,17,27,35|9,11,18,25,26,30
2,11,17,18,25,34|3,9,10,14,29,38|7,20,26,31,35,40
2,14,17,19,26,38|3,9,20,25,34,40|7,10,22,28,29,35
2,17,18,20,31,34|3,9,10,14,29,38|7,11,25,26,35,40
2,17,18,22,28,34|3,9,10,14,29,38|7,11,20,27,32,35
2,17,19,20,25,34|3,9,10,14,29,38|7,22,26,28,35,40
3,10,14,17,29,34|7,11,20,27,32,35|9,18,22,26,28,30
3,20,27,29,32,34|6,7,10,17,22,35|9,11,18,25,26,30
1,3,14,35,38,40|2,12,18,29,31,34|6,7,9,17,22,32
1,19,20,25,30,35|2,12,18,29,31,34|6,7,9,17,22,32
1,7,11,29,31,35|2,6,9,19,22,38|3,14,17,32,34,40
1,12,18,30,31,35|2,6,9,19,22,38|3,14,17,32,34,40
1,12,19,25,30,35|2,6,18,28,29,34|3,9,14,32,38,40
2,11,14,17,19,34|3,12,29,31,33,35|9,18,22,28,30,32
2,14,18,20,29,34|6,9,19,22,26,30|7,11,25,32,35,40
2,18,29,31,32,38|3,6,9,22,34,40|10,12,14,19,30,35
1,7,10,25,32,35|2,17,18,26,31,38|3,9,11,20,27,34
1,6,27,30,38,39|2,10,13,21,23,32|7,12,15,16,25,34
1,15,16,27,30,38|2,10,13,21,23,32|6,7,12,25,34,39
2,6,17,23,27,39|7,12,14,21,25,34|10,13,15,30,31,38
2,14,17,21,23,27|6,7,12,25,34,39|10,13,15,30,31,38
2,15,16,17,23,27|6,7,12,25,34,39|10,11,13,21,30,38
2,21,23,25,27,29|7,12,14,28,34,39|10,13,15,30,31,38
2,23,27,28,29,39|7,12,14,21,25,34|10,13,15,30,31,38
3,9,21,23,25,31|7,12,14,28,34,39|10,13,16,22,30,38
3,9,23,28,31,39|7,12,14,21,25,34|10,13,16,22,30,38
1,2,8,13,21,38|3,6,9,23,25,39|7,12,15,16,31,34
1,8,13,21,26,30|2,22,23,27,29,39|7,12,15,16,31,34
1,13,15,25,30,38|2,21,23,27,29,31|7,12,14,22,34,39
1,13,16,28,30,38|2,21,23,27,29,31|7,11,12,15,34,39
1,13,20,21,30,38|2,22,23,27,29,39|7,12,15,16,31,34
2,13,15,17,23,25|6,7,12,31,34,39|10,16,21,30,32,33
3,6,9,23,25,39|7,11,12,16,21,34|10,13,14,15,30,38
3,9,14,23,28,39|6,10,13,16,30,38|7,12,15,21,22,34
3,9,15,20,23,39|6,10,13,16,30,38|7,12,14,21,31,34
3,9,16,20,21,23|6,7,12,31,34,39|10,13,14,15,30,38
3,15,23,26,29,39|6,10,13,16,30,38|7,12,14,21,31,34
3,16,21,23,26,29|6,7,12,31,34,39|10,13,14,15,30,38
1,2,13,21,23,32|6,7,12,14,34,39|8,15,16,17,27,30
1,11,13,21,30,38|2,6,23,27,29,39|7,12,14,15,16,34
2,6,23,27,29,39|7,12,14,15,16,34|8,10,13,21,30,32
2,13,15,17,23,31|6,7,12,14,34,39|8,21,25,27,29,30
2,13,16,17,22,23|6,7,12,14,34,39|8,21,25,27,29,30
2,15,16,23,27,29|6,7,12,14,34,39|8,10,13,21,30,32
3,6,9,23,31,39|7,12,14,15,16,34|8,10,13,21,30,32
3,9,15,16,23,31|6,7,12,14,34,39|8,10,13,21,30,32
3,15,17,23,26,39|7,12,21,25,31,34|10,13,16,28,30,38
1,10,14,21,33,38|2,3,8,15,25,27|18,20,23,26,28,39
1,2,7,12,21,31|3,11,15,25,27,30|8,10,17,22,33,39
1,2,7,12,22,39|3,6,25,27,30,31|10,13,14,17,23,28
1,3,6,10,30,39|8,11,13,27,28,38|15,18,23,25,26,31
1,8,10,13,15,38|2,3,11,21,25,33|16,18,23,26,28,31
2,3,11,21,25,33|8,13,20,22,27,38|10,17,23,28,39,40
3,11,15,25,27,30|8,10,17,21,31,33|18,20,22,23,26,39
3,14,22,25,27,30|8,10,17,21,31,33|11,18,23,26,28,39
1,6,8,17,33,39|3,11,13,14,28,30|10,21,23,29,31,40
1,6,16,23,27,29|2,3,8,11,13,15|14,20,21,33,38,40
1,8,14,17,21,33|3,6,11,13,25,30|10,22,23,29,39,40
1,8,15,16,17,33|3,6,11,13,25,30|10,21,23,29,31,40
1,8,21,25,29,33|3,6,13,20,30,31|11,15,16,19,23,26
1,8,28,29,33,39|3,6,11,13,25,30|14,15,19,23,26,31
1,11,13,15,17,23|2,3,6,14,16,33|8,19,20,21,31,38
1,13,22,23,25,29|2,3,6,14,16,33|8,11,18,21,31,38
1,13,23,28,29,31|2,3,6,14,16,33|8,11,18,22,38,39
1,14,15,23,27,29|2,3,6,8,13,31|11,22,33,38,39,40
1,17,21,23,31,40|2,3,6,14,16,33|8,11,18,22,38,39
2,3,6,14,16,33|8,11,18,21,31,38|10,22,23,29,39,40
2,3,8,13,14,22|6,11,19,23,26,39|15,16,20,33,38,40
3,6,11,13,25,30|8,10,14,21,29,33|15,23,27,31,32,40
3,6,13,20,30,31|8,10,14,21,29,33|11,15,16,19,23,26
3,6,13,22,28,30|8,10,14,21,29,33|11,15,16,19,23,26
3,11,13,14,28,30|6,8,10,29,33,39|15,18,23,25,31,32
3,11,13,15,20,30|6,8,10,29,33,39|14,16,19,22,23,26
3,11,13,22,30,31|6,8,10,29,33,39|16,19,23,25,28,32
3,11,21,25,30,40|6,8,10,29,33,39|14,15,19,23,26,31
3,11,28,30,39,40|6,8,13,14,26,33|15,18,23,25,31,32
3,13,14,20,22,30|6,8,10,29,33,39|11,15,16,19,23,26
3,15,25,30,31,40|6,8,10,29,33,39|11,14,19,21,23,26
3,16,22,25,30,40|6,8,10,29,33,39|11,14,19,21,23,26
3,16,28,30,31,40|6,8,10,29,33,39|11,14,19,21,23,26
3,20,21,30,31,40|6,8,10,29,33,39|11,15,16,19,23,26
3,20,22,30,39,40|6,8,13,14,26,33|11,18,21,23,25,32
3,21,22,28,30,40|6,8,10,29,33,39|11,15,16,19,23,26
1,6,17,23,39,40|3,11,13,14,22,30|8,15,16,19,20,38
1,8,21,29,31,33|3,6,13,14,20,30|11,18,22,23,32,39
1,8,22,29,33,39|3,6,11,13,30,31|14,15,18,23,25,32
1,14,17,21,23,40|3,6,11,13,30,31|8,15,16,19,20,38
3,6,13,14,20,30|8,11,15,16,18,38|19,21,22,23,28,32
3,6,16,25,30,40|8,11,14,18,21,38|19,20,22,23,32,39
3,6,20,30,39,40|8,11,14,18,21,38|15,19,23,25,31,32
3,6,21,28,30,40|8,11,15,16,18,38|19,20,22,23,32,39
3,14,15,25,30,40|6,8,11,18,38,39|16,19,23,28,31,32
3,14,16,28,30,40|6,8,11,18,38,39|15,19,23,25,31,32
3,14,20,21,30,40|6,8,11,18,38,39|15,19,23,25,31,32
3,15,16,20,30,40|6,8,11,18,38,39|19,21,22,23,28,32
1,2,6,7,12,39|3,11,13,25,28,30|8,10,14,17,21,33|15,16,18,20,23,26
1,2,7,12,14,21|3,6,15,27,28,30|8,13,22,26,31,33
1,2,7,12,15,16|3,6,14,25,27,30|8,10,28,29,33,39|11,18,21,23,26,31
1,6,16,17,23,27|2,3,8,13,22,25|20,28,33,38,39,40
1,8,17,21,25,33|3,6,15,27,28,30|11,18,22,23,26,39
1,8,17,28,33,39|3,6,14,25,27,30|11,18,21,23,26,31
1,10,13,15,23,32|2,3,6,8,16,27|20,21,25,33,38,40
1,13,17,22,23,25|2,3,6,8,16,27|20,28,33,38,39,40
1,13,17,23,28,31|2,3,6,8,16,27|20,21,25,33,38,40
1,14,15,17,23,27|2,3,6,16,25,33|8,18,20,28,38,39
2,3,6,8,16,27|10,11,13,15,17,23|20,21,25,33,38,40
2,3,6,16,25,33|8,11,13,22,27,38|10,17,21,23,31,40
2,3,6,20,33,39|8,11,13,22,27,38|10,17,21,23,31,40
2,3,6,21,28,33|8,11,13,22,27,38|14,15,18,23,25,26
2,3,8,13,22,25|6,10,16,23,27,29|20,28,33,38,39,40
2,3,8,13,28,31|6,10,16,23,27,29|20,21,25,33,38,40
2,3,8,14,15,27|6,10,13,17,23,31|16,25,28,33,38,40
2,3,11,21,31,33|6,8,13,20,27,38|10,17,22,23,39,40
2,3,11,22,33,39|6,8,13,20,27,38|10,17,21,23,31,40
2,3,14,15,25,33|6,8,13,20,27,38|10,17,21,23,31,40
2,3,14,16,28,33|6,8,13,20,27,38|10,17,21,23,31,40
2,3,14,20,21,33|6,10,13,17,23,31|8,15,25,27,38,40
2,3,16,22,31,33|6,8,13,20,27,38|11,19,21,23,25,26
3,6,14,25,27,30|8,10,15,16,17,33|11,18,21,23,26,31
3,6,15,27,28,30|8,10,14,17,21,33|11,18,22,23,26,39
3,6,16,20,27,30|8,10,14,17,21,33|11,18,22,23,26,39
3,11,13,25,28,30|6,8,10,17,33,39|14,15,23,26,27,40
3,11,15,27,30,31|6,8,10,17,33,39|13,22,23,25,26,40
3,11,16,22,27,30|6,8,10,17,33,39|13,23,26,28,31,40
3,13,20,22,25,30|6,8,10,17,33,39|11,18,21,23,26,31
3,13,20,28,30,31|6,8,10,17,33,39|11,19,21,23,25,26
3,14,15,20,27,30|6,8,10,17,33,39|11,18,21,23,26,31
3,14,22,27,30,31|6,8,10,17,33,39|11,19,21,23,25,26
1,8,17,21,31,33|3,6,11,16,27,30|10,13,14,23,28,29
1,8,17,22,33,39|3,6,11,16,27,30|10,13,14,23,28,29
1,11,21,23,27,29|2,3,6,8,13,25|16,28,31,33,38,40
1,13,14,17,23,28|2,3,6,11,33,39|8,15,18,25,31,38
1,13,15,17,20,23|2,3,6,11,33,39|8,16,18,22,25,38
1,13,17,22,23,31|2,3,6,11,33,39|8,16,19,25,28,38
1,13,23,25,28,29|2,3,6,11,33,39|8,15,27,31,38,40
1,15,23,27,29,31|2,3,6,8,13,25|11,28,33,38,39,40
1,16,22,23,27,29|2,3,6,8,13,25|11,28,33,38,39,40
1,17,21,23,25,40|2,3,6,11,33,39|8,16,18,28,31,38
2,3,6,11,33,39|8,13,25,28,38,40|14,15,18,23,26,31
2,3,6,16,31,33|8,11,18,21,25,38|10,13,14,23,28,29
2,3,6,21,22,33|8,11,18,28,38,39|10,13,15,20,23,29
2,3,11,14,21,33|6,10,13,23,25,29|8,15,27,31,38,40
2,3,11,15,16,33|6,10,13,14,17,23|8,18,20,21,31,38
2,3,14,15,31,33|6,8,11,13,27,38|10,21,23,25,29,40
2,3,14,16,22,33|6,8,11,13,27,38|10,21,23,25,29,40
3,6,11,16,27,30|8,10,21,29,31,33|13,14,23,26,28,40
3,6,13,20,25,30|8,10,21,29,31,33|11,15,16,18,23,26
3,6,14,27,30,31|8,10,22,29,33,39|11,15,16,18,23,26
3,6,15,22,27,30|8,10,21,29,31,33|13,14,23,26,28,40
3,11,13,22,25,30|6,10,17,23,39,40|8,15,27,31,32,33
3,11,13,28,30,31|6,10,17,23,39,40|8,16,18,22,25,38
3,11,14,15,27,30|6,8,13,26,31,33|10,21,23,25,29,40
3,13,14,20,28,30|6,10,17,23,39,40|8,11,18,21,25,38
3,13,20,22,30,31|6,10,17,23,39,40|8,11,18,21,25,38
3,16,25,28,30,40|6,8,11,13,27,38|14,15,18,23,26,31
3,20,21,25,30,40|6,8,11,13,27,38|14,15,18,23,26,31
3,20,28,30,39,40|6,8,11,13,27,38|14,15,18,23,26,31
1,6,8,29,33,39|3,11,14,21,30,40|15,16,19,20,23,32
1,8,14,21,29,33|3,6,11,30,39,40|15,16,19,20,23,32
1,3,9,14,29,30|2,6,7,22,35,40|8,17,19,31,32,34
2,6,9,19,28,30|8,14,17,18,32,34|12,23,27,29,35,40
2,14,17,18,30,32|6,8,9,19,28,34|12,23,27,29,35,40
2,17,19,30,31,32|6,8,9,18,22,34|12,23,27,29,35,40
2,27,29,30,32,40|6,8,9,18,22,34|12,17,19,23,31,35
1,3,25,30,35,40|2,6,7,9,28,29|12,14,17,19,34,38
1,18,23,25,32,35|2,6,7,9,28,29|12,14,17,19,34,38
1,23,27,32,35,40|2,6,7,9,28,29|12,14,17,19,34,38
2,7,17,29,31,32|3,10,14,30,35,40|8,9,12,19,25,34
1,3,9,29,30,31|2,6,7,28,35,40|8,17,19,25,32,34
1,9,14,29,33,38|2,6,7,28,35,40|8,17,18,31,32,34
1,14,17,29,33,34|2,6,7,28,35,40|8,9,18,31,32,38
1,14,19,32,34,38|2,6,7,28,35,40|8,9,17,25,29,33
2,6,9,18,28,30|3,7,11,14,32,35|8,19,26,29,31,34
2,9,11,18,30,31|3,6,7,22,32,35|14,26,29,33,34,40
2,9,11,19,25,30|3,6,7,22,32,35|8,14,18,26,29,34
2,9,14,18,20,30|3,6,7,22,32,35|8,19,26,29,31,34
2,9,19,20,30,31|3,6,7,22,32,35|8,14,18,26,29,34
2,14,18,26,29,30|3,6,7,22,32,35|8,9,11,19,25,34
2,19,26,29,30,31|3,6,7,22,32,35|8,9,14,18,20,34
3,9,25,30,32,40|6,17,19,22,34,38|8,12,27,29,33,35
8,9,18,31,32,38|12,17,19,23,25,35|14,26,29,33,34,40
8,9,19,25,32,38|12,17,18,23,31,35|14,26,29,33,34,40
8,14,18,26,29,34|9,31,32,33,38,40|12,17,19,23,25,35
3,6,7,22,26,35|9,10,23,27,29,32|11,17,18,25,34,38
3,7,11,14,26,35|9,10,23,27,29,32|17,18,20,31,34,38
1,3,20,27,30,35|2,7,9,10,14,32|12,17,18,25,34,38
1,23,26,27,35,40|2,7,9,10,14,32|12,17,18,25,34,38
2,7,17,26,29,31|8,10,18,25,35,38|9,11,12,27,33,34
1,2,7,10,14,35|8,9,18,25,26,38|17,20,27,32,33,34
1,3,9,14,17,30|2,7,11,25,35,40|8,18,26,29,31,34
1,3,9,25,29,30|2,7,20,31,35,40|6,17,18,22,34,38
1,19,31,32,34,38|2,7,11,25,35,40|3,9,10,14,29,30
2,7,11,25,35,40|3,9,10,14,29,30|6,17,18,22,34,38
2,7,20,31,35,40|3,9,10,14,29,30|6,17,18,22,34,38
2,7,22,28,35,40|3,9,10,14,29,30|8,17,18,25,32,34
2,9,11,18,25,30|3,6,7,28,32,35|8,14,17,19,26,34
2,9,11,27,30,40|3,6,7,28,32,35|8,14,17,19,26,34
2,9,18,20,30,31|3,6,7,28,32,35|8,14,17,19,26,34
2,9,18,22,28,30|3,7,11,31,32,35|8,14,17,19,26,34
2,9,19,20,25,30|3,6,7,28,32,35|8,18,26,29,31,34
2,14,17,19,26,30|3,6,7,28,32,35|8,9,11,18,25,34
2,18,26,29,30,31|3,6,7,28,32,35|8,9,11,27,34,40
2,19,25,26,29,30|3,6,7,28,32,35|8,9,11,27,34,40
8,9,14,19,26,38|11,27,29,32,33,34|12,17,18,23,25,35
1,2,7,9,14,32|3,10,30,31,35,40|12,18,25,29,34,38
1,8,18,25,35,38|2,6,7,9,17,22|12,27,29,32,33,34
1,8,27,32,33,35|2,6,7,9,17,22|12,18,25,29,34,38
1,14,18,23,26,35|2,6,7,9,17,22|12,27,29,32,33,34
1,19,23,26,31,35|2,6,7,9,17,22|12,18,25,29,34,38
2,6,7,9,17,22|3,10,30,31,35,40|12,18,25,29,34,38
2,7,9,11,14,17|3,10,30,31,35,40|12,18,25,29,34,38
2,7,9,11,25,29|3,10,30,31,35,40|12,14,17,18,34,38
2,7,9,22,28,29|3,10,30,31,35,40|12,14,17,18,34,38
1,2,17,27,29,30|3,7,11,25,32,35|8,9,14,18,26,38
1,3,9,17,30,31|2,7,20,25,35,40|10,14,19,32,34,38
2,7,20,25,35,40|3,9,10,29,30,31|6,17,18,28,34,38
2,9,18,20,25,30|3,7,22,28,32,35|8,17,19,26,31,34
2,9,20,27,30,40|3,7,11,25,32,35|6,17,18,28,34,38
2,14,17,18,26,30|3,7,11,25,32,35|8,9,20,27,34,40
2,17,19,26,30,31|3,7,11,25,32,35|8,9,20,27,34,40
2,18,25,26,29,30|3,7,20,31,32,35|17,19,22,28,34,38
2,26,27,29,30,40|3,7,11,25,32,35|6,17,18,28,34,38
2,7,14,17,26,29|3,9,12,27,30,32|8,10,18,31,35,38
1,2,13,15,25,30|6,9,11,23,27,39|8,10,16,21,34,40
1,2,13,16,28,30|6,9,11,23,27,39|14,17,21,31,33,38
1,2,13,20,21,30|6,9,11,23,27,39|15,16,17,31,33,38
1,6,31,33,34,39|2,3,8,16,17,21|9,13,14,23,25,28
1,8,13,15,25,34|2,7,12,16,21,32|3,14,17,28,30,39
1,8,13,16,28,34|2,7,12,15,32,39|3,14,17,21,25,30
1,8,13,20,21,34|2,7,12,15,32,39|6,9,16,23,27,31
1,11,15,33,34,39|2,3,8,16,17,21|9,13,14,23,25,28
1,11,16,21,33,34|2,3,8,15,17,39|9,13,14,23,25,28
1,14,21,31,33,34|2,3,8,15,17,39|9,13,16,20,23,28
1,14,22,33,34,39|2,3,8,16,17,21|9,13,15,20,23,25
1,15,16,31,33,34|3,6,17,25,30,39|9,11,14,21,23,27
1,15,21,22,33,34|2,6,10,13,16,30|9,23,25,28,39,40
1,15,32,33,38,39|2,3,8,16,17,21|9,13,14,23,25,28
1,16,21,32,33,38|2,3,8,15,17,39|9,13,14,23,25,28
2,6,10,13,16,30|8,9,21,25,31,33|15,17,23,26,39,40
2,7,12,15,32,39|3,14,17,21,25,30|6,8,10,13,16,34
2,7,12,16,21,32|3,6,17,25,30,39|8,10,13,14,15,34
2,10,13,14,15,30|6,9,11,23,27,39|21,25,29,31,33,38
2,10,15,30,39,40|6,9,16,23,27,31|8,13,17,20,21,38
2,10,16,21,30,40|6,9,11,23,27,39|8,13,15,17,25,38
3,14,17,21,25,30|6,8,10,13,16,34|23,27,28,29,32,39
3,14,17,28,30,39|6,8,10,13,16,34|21,23,25,27,29,32
3,15,17,20,30,39|6,8,10,13,16,34|9,11,14,21,23,27
3,15,17,21,28,30|6,8,10,13,16,34|22,25,29,33,38,39
3,16,17,20,21,30|6,9,11,23,27,39|8,10,13,14,15,34
3,17,22,30,31,39|6,8,10,13,16,34|9,11,14,21,23,27
3,25,28,29,30,39|6,8,10,13,16,34|9,11,14,21,23,27
6,8,10,13,16,34|9,11,14,21,23,27|22,25,29,33,38,39
6,9,11,23,27,39|8,10,13,14,15,34|21,25,29,31,33,38
6,9,16,23,27,31|8,10,13,14,15,34|22,25,29,33,38,39
6,9,21,22,23,27|8,10,13,14,15,34|28,29,31,33,38,39
6,17,31,33,38,39|8,10,13,14,15,34|21,23,25,27,29,32
8,10,13,14,15,34|9,23,25,28,39,40|11,16,17,21,33,38
8,10,16,21,34,40|9,13,14,23,25,28|11,15,17,33,38,39
1,2,6,27,30,39|8,10,11,13,21,34|15,16,17,25,33,38
1,2,14,21,27,30|6,17,25,33,38,39|8,10,13,15,31,34
1,2,15,16,27,30|6,10,14,33,34,39|9,13,23,25,28,31
1,6,8,27,34,39|2,10,11,13,21,30|15,16,17,25,33,38
1,6,25,33,34,39|2,10,11,13,21,30|8,15,16,17,27,38
1,8,14,21,27,34|2,10,13,15,30,31|6,17,25,33,38,39
1,8,15,16,27,34|2,10,11,13,21,30|6,17,25,33,38,39
1,13,21,23,26,32|3,17,22,25,30,39|10,14,15,16,33,34
1,14,21,25,33,34|2,10,13,15,30,31|6,8,17,27,38,39
1,14,28,33,34,39|2,10,11,13,21,30|6,9,16,23,25,27
1,15,16,25,33,34|2,10,11,13,21,30|6,8,17,27,38,39
1,15,20,33,34,39|2,10,11,13,21,30|6,9,16,23,25,27
1,15,21,28,33,34|2,10,13,16,22,30|6,8,17,27,38,39
1,16,20,21,33,34|2,10,13,15,30,31|6,8,17,27,38,39
1,22,31,33,34,39|2,10,11,13,21,30|6,9,16,23,25,27
3,10,16,21,30,32|6,8,17,27,38,39|9,13,23,25,28,31
3,17,21,25,30,31|6,9,20,23,27,39|8,10,13,16,22,34
3,17,22,25,30,39|6,9,21,23,27,28|8,10,13,15,31,34
3,17,28,30,31,39|6,9,16,23,25,27|8,10,11,13,21,34
6,8,17,27,38,39|9,13,23,25,28,31|10,14,15,16,33,34
6,9,16,23,25,27|8,10,11,13,21,34|14,17,28,33,38,39
6,9,20,23,27,39|8,10,11,13,21,34|15,16,17,25,33,38
6,10,14,33,34,39|8,15,16,17,27,38|9,13,23,25,28,31
6,10,15,21,33,34|8,27,28,29,38,39|13,16,17,22,23,26
6,17,25,33,38,39|8,10,11,13,21,34|9,14,16,23,27,28
6,23,26,27,29,39|8,10,11,13,21,34|15,16,17,25,33,38
8,10,11,13,21,34|9,14,15,23,25,27|17,22,31,33,38,39
8,10,13,15,31,34|9,11,22,23,27,39|14,17,21,25,33,38
8,10,13,16,22,34|9,11,21,23,27,31|14,17,28,33,38,39
8,27,28,29,38,39|10,14,15,16,33,34|11,13,17,21,23,26
1,2,6,13,16,30|8,9,11,15,33,39|14,21,23,27,29,32
1,2,13,14,15,30|6,8,9,31,33,39|16,21,23,26,29,40
1,2,15,30,39,40|6,8,13,16,17,38|14,21,23,27,29,32
1,2,16,21,30,40|6,8,9,31,33,39|13,14,15,23,26,29
1,6,8,13,16,34|3,14,21,25,29,30|9,15,20,23,39,40
1,8,13,14,15,34|3,6,25,29,30,39|9,16,20,21,23,40
