2,15,16,20,29,33|3,6,8,9,11,39|10,14,21,30,32,40
2,16,22,29,31,33|3,6,8,9,11,39|10,14,21,30,32,40
1,2,6,13,31,38|3,8,9,11,21,25|10,28,30,32,39,40
1,2,11,13,15,38|3,8,9,16,22,25|10,28,30,32,39,40
1,2,13,14,22,38|3,8,9,11,21,25|6,15,17,27,28,30
1,2,21,31,32,33|3,6,11,17,38,39|14,25,27,28,29,30
1,2,21,31,38,40|3,8,9,11,28,39|6,10,13,25,30,32
1,2,22,32,33,39|3,6,16,17,31,38|14,25,27,28,29,30
1,2,22,38,39,40|3,8,9,11,21,25|6,15,17,27,28,30
1,3,6,11,34,39|2,8,10,13,15,32|14,17,22,27,30,31
1,3,6,16,31,34|2,8,10,13,15,32|14,25,27,28,29,30
1,3,6,21,22,34|2,8,10,13,15,32|14,25,27,28,29,30
1,3,6,32,38,39|2,8,13,17,22,25|16,20,27,28,29,30
1,3,11,14,21,34|2,6,8,16,17,27|10,13,15,20,30,32
1,3,11,15,16,34|2,6,17,20,33,39|10,13,14,28,30,32
1,3,14,15,31,34|2,6,8,16,17,27|10,21,25,30,32,40
1,3,14,16,22,34|2,6,17,20,33,39|10,21,25,30,32,40
1,3,15,16,32,38|2,6,17,20,33,39|14,25,27,28,29,30
1,6,13,26,30,31|2,8,14,15,17,27|3,11,21,25,29,38
1,11,13,15,26,30|2,6,8,16,17,27|3,20,21,29,31,38
1,11,21,27,30,32|2,6,16,17,25,33|3,8,9,20,22,39
1,13,14,22,26,30|2,6,8,16,17,27|3,11,21,25,29,38
1,13,25,28,30,32|2,6,8,16,17,27|3,20,21,29,31,38
1,15,27,30,31,32|2,6,16,17,25,33|3,8,9,11,28,39
1,16,22,27,30,32|2,6,17,20,33,39|3,8,9,11,21,25
1,21,26,30,31,40|2,6,8,16,17,27|3,11,28,29,38,39
1,22,26,30,39,40|2,6,8,16,17,27|3,11,21,25,29,38
2,6,8,16,17,27|3,11,21,25,29,38|10,13,14,28,30,32
2,6,16,17,25,33|3,8,9,11,28,39|10,13,15,20,30,32
2,6,17,20,33,39|3,8,9,11,21,25|10,13,14,28,30,32
2,8,10,13,15,32|3,6,11,17,38,39|14,25,27,28,29,30
2,8,14,15,17,27|3,11,21,25,29,38|10,13,22,30,31,32
2,8,15,25,27,29|3,6,11,17,38,39|10,13,14,28,30,32
2,8,16,27,28,29|3,6,11,17,38,39|10,13,15,20,30,32
2,8,20,21,27,29|3,6,11,17,38,39|10,13,14,28,30,32
2,11,17,21,31,33|3,8,9,16,22,25|10,13,14,28,30,32
2,11,17,22,33,39|3,8,9,15,25,31|10,13,14,28,30,32
2,14,15,17,25,33|3,8,9,11,28,39|10,13,22,30,31,32
2,14,16,17,28,33|3,8,9,11,21,25|10,13,15,20,30,32
2,14,17,20,21,33|3,8,9,11,28,39|6,10,13,25,30,32
2,15,16,17,20,33|3,8,9,11,21,25|10,13,14,28,30,32
2,16,17,22,31,33|3,8,9,11,21,25|10,13,14,28,30,32
2,16,25,28,29,33|3,6,11,17,38,39|10,13,15,20,30,32
2,20,21,25,29,33|3,6,11,17,38,39|10,13,14,28,30,32
2,20,28,29,33,39|3,6,16,17,31,38|10,21,25,30,32,40
1,2,6,13,14,38|3,8,9,11,21,31|10,22,30,32,39,40
1,2,6,32,33,39|3,8,9,11,21,31|13,14,17,20,28,30
1,2,6,38,39,40|3,8,9,11,21,31|10,13,14,22,30,32
1,2,14,21,32,33|3,6,8,9,16,25|11,13,17,28,30,31
1,2,14,21,38,40|3,6,8,9,16,25|10,11,13,15,30,32
1,2,15,16,32,33|3,6,8,9,20,39|11,13,17,22,25,30
1,2,15,16,38,40|3,6,8,9,20,39|10,13,14,22,30,32
1,3,6,14,16,34|2,8,11,21,27,29|10,22,30,32,39,40
1,6,16,27,30,32|2,8,13,14,17,28|3,11,21,29,31,38
1,13,22,25,30,32|2,6,11,17,33,39|3,8,9,14,16,28
1,13,28,30,31,32|2,6,11,17,33,39|3,8,9,14,15,25
1,14,15,27,30,32|2,6,8,13,17,25|3,11,21,29,31,38
1,14,21,26,30,40|2,6,8,13,17,25|3,11,22,29,38,39
1,15,16,26,30,40|2,6,8,13,17,25|3,11,21,29,31,38
2,6,8,13,17,25|3,11,21,29,31,38|10,22,30,32,39,40
2,6,11,17,33,39|3,8,9,14,15,25|10,21,30,31,32,40
2,6,16,17,31,33|3,8,9,11,22,39|13,20,25,28,29,30
2,6,17,21,22,33|3,8,9,14,15,25|11,16,27,28,29,30
2,8,11,21,27,29|3,6,14,16,17,38|10,22,30,32,39,40
2,8,13,14,17,28|3,6,16,25,29,38|10,21,30,31,32,40
2,8,13,15,17,20|3,6,16,25,29,38|10,21,30,31,32,40
2,8,13,25,28,29|3,6,14,16,17,38|10,21,30,31,32,40
2,8,15,27,29,31|3,6,14,16,17,38|10,22,30,32,39,40
2,8,17,21,25,40|3,6,20,29,38,39|10,11,13,15,30,32
2,8,17,28,39,40|3,6,16,25,29,38|10,11,13,15,30,32
2,11,14,17,21,33|3,6,8,9,16,25|10,22,30,32,39,40
2,11,15,16,17,33|3,6,8,9,20,39|10,13,14,22,30,32
2,11,21,25,29,33|3,6,8,9,20,39|10,13,14,22,30,32
2,11,28,29,33,39|3,6,8,9,16,25|10,13,14,22,30,32
2,14,15,17,31,33|3,6,8,9,16,25|10,22,30,32,39,40
2,14,16,17,22,33|3,6,8,9,20,39|10,11,13,15,30,32
2,15,25,29,31,33|3,6,8,9,20,39|10,13,14,22,30,32
2,16,22,25,29,33|3,6,8,9,20,39|10,11,13,15,30,32
2,16,28,29,31,33|3,6,8,9,20,39|10,11,13,15,30,32
2,20,21,29,31,33|3,6,8,9,16,25|10,11,13,15,30,32
2,20,22,29,33,39|3,6,8,9,16,25|10,11,13,15,30,32
2,21,22,28,29,33|3,6,8,9,16,25|10,11,13,15,30,32
1,2,6,13,25,30|8,9,11,28,33,39|10,14,17,21,23,29
1,2,13,14,28,30|6,8,10,34,39,40|11,15,16,17,33,38|20,21,23,27,29,32
1,2,13,15,20,30|6,8,10,34,39,40|11,14,17,21,33,38|16,23,27,28,29,32
1,2,13,22,30,31|6,8,10,34,39,40|9,11,14,15,23,27
1,2,21,25,30,40|6,8,10,13,14,34|11,15,16,17,33,38
1,2,28,30,39,40|6,8,10,13,14,34|11,15,16,17,33,38|20,21,23,27,29,32
1,3,21,30,31,32|6,8,10,13,14,34|9,16,23,25,28,40|20,22,29,33,38,39
1,3,22,30,32,39|6,8,10,13,14,34|9,16,23,25,28,40|20,21,29,31,33,38
1,6,8,13,25,34|2,7,12,14,21,32|3,11,17,22,30,39|16,28,29,31,33,38
1,6,11,33,34,39|2,3,8,14,17,21|9,13,20,22,23,31
1,6,16,31,33,34|2,3,8,14,17,21|9,11,13,22,23,25
1,6,21,22,33,34|2,3,8,15,16,17|9,11,13,23,28,31
1,6,32,33,38,39|2,3,8,14,17,21|9,11,13,22,23,25
1,8,13,14,28,34|2,6,7,12,32,39|3,11,17,21,30,31|16,22,25,29,33,38
1,8,13,15,20,34|2,6,7,12,32,39|3,11,17,21,30,31|9,16,23,25,28,40
1,8,13,22,31,34|2,6,7,12,32,39|3,14,15,17,25,30
1,8,21,25,34,40|2,6,7,12,32,39|3,14,16,17,28,30|9,13,20,22,23,31
1,8,28,34,39,40|2,6,10,13,14,30|11,15,16,17,33,38|20,21,23,27,29,32
1,11,14,21,33,34|2,3,6,8,17,39|9,13,20,22,23,31
1,11,15,16,33,34|2,3,6,8,17,39|9,13,14,20,23,28
1,14,15,31,33,34|2,3,6,8,17,39|9,11,13,22,23,25
1,14,16,22,33,34|2,3,6,8,17,39|9,11,13,23,28,31
1,14,21,32,33,38|2,3,6,8,17,39|9,11,13,22,23,25
1,15,16,32,33,38|2,3,6,8,17,39|9,11,13,22,23,25
1,17,21,23,25,29|2,6,7,12,32,39|8,9,16,28,31,33
1,17,23,28,29,39|2,6,10,13,14,30|8,9,11,21,25,33
2,3,6,8,17,39|9,11,13,22,23,25|16,28,29,31,33,38
2,3,8,14,17,21|6,9,11,16,23,27|15,25,29,31,33,38
2,3,8,15,16,17|6,9,13,20,23,25|11,28,29,33,38,39
2,3,8,21,25,29|6,9,11,16,23,27|14,15,17,31,33,38
2,3,8,28,29,39|6,9,11,16,23,27|14,15,17,31,33,38
2,6,7,12,32,39|3,11,17,21,30,31|8,9,16,22,25,33|13,14,23,26,28,29
2,6,10,13,14,30|8,9,11,21,25,33|15,16,17,23,26,40
2,6,10,30,39,40|8,9,11,21,25,33|13,14,23,26,28,29
2,7,12,14,21,32|3,6,16,17,25,30|8,9,11,28,33,39|13,15,20,23,26,29
2,7,12,15,16,32|3,6,17,20,30,39|8,9,11,21,25,33|13,14,23,26,28,29
2,10,14,21,30,40|6,8,13,17,25,38|16,23,27,28,29,32
2,10,15,16,30,40|6,8,13,17,25,38|20,21,23,27,29,32
3,6,16,17,25,30|8,9,11,28,33,39|13,15,20,23,26,29
3,6,17,20,30,39|8,9,11,21,25,33|13,14,23,26,28,29
3,11,17,21,30,31|6,8,10,13,14,34|9,16,23,25,28,40|20,22,29,33,38,39
3,11,17,22,30,39|6,8,10,13,14,34|9,16,23,25,28,40|20,21,29,31,33,38
3,14,15,17,25,30|6,8,10,34,39,40|9,11,13,23,28,31
3,14,16,17,28,30|6,8,10,34,39,40|9,11,13,22,23,25|20,21,29,31,33,38
3,14,17,20,21,30|6,8,10,34,39,40|9,11,13,22,23,25|16,28,29,31,33,38
3,15,16,17,20,30|6,8,10,13,14,34|11,21,25,29,33,38
3,16,17,22,30,31|6,8,10,13,14,34|9,20,21,23,25,40|11,28,29,33,38,39
3,20,21,25,29,30|6,8,10,13,14,34|11,15,16,17,33,38
3,20,28,29,30,39|6,8,10,13,14,34|11,15,16,17,33,38
6,8,10,13,14,34|9,16,23,25,28,40|20,21,29,31,33,38
6,8,10,34,39,40|9,11,13,22,23,25|14,15,17,31,33,38
6,9,11,16,23,27|8,10,14,21,34,40|15,25,29,31,33,38
6,9,13,20,23,25|8,10,14,21,34,40|11,15,16,17,33,38
6,9,14,23,27,31|8,10,15,16,34,40|11,21,25,29,33,38
6,9,15,22,23,27|8,10,14,21,34,40|11,28,29,33,38,39
6,11,17,33,38,39|8,10,14,21,34,40|9,13,20,22,23,31
6,16,17,31,33,38|8,10,14,21,34,40|9,11,13,22,23,25
6,17,21,22,33,38|8,10,15,16,34,40|9,11,13,23,28,31
8,10,14,21,34,40|9,11,13,22,23,25|16,28,29,31,33,38
8,10,15,16,34,40|9,11,13,22,23,25|20,21,29,31,33,38
1,2,6,16,27,30|8,9,20,21,25,33|10,17,22,23,29,39
1,2,14,15,27,30|6,8,10,13,31,34|11,17,22,33,38,39
1,3,21,25,30,32|6,8,10,13,31,34|9,11,16,22,23,27|20,28,29,33,38,39
1,3,28,30,32,39|6,8,10,13,31,34|9,11,16,22,23,27|14,15,17,25,33,38
1,6,8,16,27,34|2,7,12,21,31,32|3,11,17,28,30,39|9,13,20,22,23,25
1,6,16,25,33,34|2,3,8,17,21,31|9,14,15,20,23,27
1,6,20,33,34,39|2,3,8,17,21,31|9,11,13,23,25,28
1,6,21,28,33,34|2,3,8,17,22,39|9,11,15,23,27,31
1,8,13,22,25,34|2,7,12,21,31,32|3,11,17,28,30,39|6,9,16,20,23,27
1,8,13,28,31,34|2,7,12,22,32,39|3,11,17,21,25,30|6,9,16,20,23,27
1,8,14,15,27,34|2,6,10,13,30,31|11,17,22,33,38,39
1,11,21,31,33,34|2,3,8,17,22,39|6,9,14,23,25,27
1,11,22,33,34,39|2,3,8,17,21,31|6,9,14,23,25,27
1,13,15,23,26,32|2,3,8,17,21,31|6,10,14,16,33,34
1,14,15,25,33,34|2,3,8,17,21,31|6,9,16,20,23,27
1,14,16,28,33,34|2,3,8,17,21,31|9,13,20,22,23,25
1,14,20,21,33,34|2,3,8,17,22,39|6,9,15,23,27,28
1,15,16,20,33,34|2,3,8,17,21,31|6,9,14,23,25,27
1,16,22,31,33,34|2,10,11,13,15,30|6,9,14,23,25,27
1,21,31,32,33,38|2,3,8,17,22,39|6,9,14,23,25,27
1,22,32,33,38,39|2,3,8,17,21,31|6,9,14,23,25,27
2,3,8,17,21,31|6,9,14,23,25,27|20,28,29,33,38,39
2,6,10,13,30,31|8,9,16,25,28,33|11,17,21,23,27,32
2,7,12,21,31,32|3,11,17,28,30,39|6,9,14,23,25,27
2,7,12,22,32,39|3,11,17,21,25,30|6,8,10,13,31,34|9,14,15,20,23,27
2,10,21,30,31,40|6,8,16,17,27,38|9,11,13,23,25,28
2,10,22,30,39,40|6,8,16,17,27,38|9,11,13,23,25,28
3,6,10,30,32,39|8,9,16,25,28,33|11,13,15,17,23,26
3,10,14,21,30,32|6,8,16,17,27,38|9,11,13,23,25,28
3,10,15,16,30,32|6,8,17,26,33,39|9,11,13,23,25,28
3,11,17,21,25,30|6,8,10,13,31,34|9,14,15,20,23,27
3,11,17,28,30,39|6,8,10,13,31,34|9,14,15,20,23,27
3,15,17,25,30,31|6,9,16,20,23,27|8,10,13,14,22,34
3,16,17,22,25,30|6,8,10,13,31,34|9,14,15,20,23,27
3,16,17,28,30,31|6,9,14,23,25,27|8,10,11,13,15,34
3,17,20,21,30,31|6,9,14,23,25,27|8,10,11,13,15,34
3,17,20,22,30,39|6,8,10,13,31,34|14,15,23,26,27,29
3,17,21,22,28,30|6,8,10,13,31,34|9,14,15,20,23,27
6,8,10,13,31,34|9,11,16,22,23,27|14,15,17,25,33,38
6,9,14,23,25,27|8,10,11,13,15,34|16,17,22,31,33,38
6,9,15,23,27,28|8,10,13,14,22,34|11,17,21,31,33,38
6,10,14,16,33,34|8,13,17,22,25,38|9,11,15,23,27,31
6,16,17,25,33,38|8,10,11,13,15,34|9,14,22,23,27,31
6,17,20,33,38,39|8,10,11,13,15,34|9,14,22,23,27,31
6,17,21,28,33,38|8,10,11,13,15,34|9,14,22,23,27,31
8,10,11,13,15,34|9,14,22,23,27,31|16,25,28,29,33,38
8,10,13,14,22,34|9,11,15,23,27,31|16,25,28,29,33,38
8,10,21,31,34,40|9,11,13,23,25,28|15,16,17,20,33,38
8,10,22,34,39,40|9,11,13,23,25,28|14,17,20,21,33,38
1,2,6,13,14,30|8,9,11,15,16,33|17,21,23,31,32,40
1,2,6,30,39,40|8,9,11,14,21,33|13,22,23,25,29,32
1,2,14,21,30,40|6,8,9,11,33,39|13,22,23,25,29,32
1,2,15,16,30,40|6,8,9,11,33,39|13,14,17,22,23,32
1,6,8,13,14,34|3,11,21,29,30,31|9,15,16,20,23,40
1,6,8,34,39,40|3,11,21,29,30,31|13,14,17,22,23,32
1,8,14,21,34,40|3,6,16,25,29,30|11,13,15,17,23,32
1,8,15,16,34,40|3,6,20,29,30,39|9,11,13,14,22,23
3,6,14,16,17,30|8,13,15,20,29,38|9,11,21,23,31,40
3,6,16,25,29,30|8,9,11,14,21,33|17,22,23,32,39,40
3,6,21,28,29,30|8,9,11,15,16,33|13,14,17,22,23,32
3,11,21,29,30,31|6,8,13,14,17,38|9,15,16,20,23,40
3,14,15,25,29,30|6,8,9,11,33,39|17,21,23,31,32,40
3,14,16,28,29,30|6,8,9,11,33,39|17,21,23,31,32,40
3,15,16,20,29,30|6,8,9,11,33,39|13,14,17,22,23,32
1,2,6,13,30,31|8,9,11,22,33,39|17,21,23,25,32,40
1,2,11,13,15,30|6,8,9,16,25,33|17,23,28,32,39,40
1,2,13,14,22,30|6,8,9,16,25,33|11,21,23,27,29,32
1,2,21,30,31,40|6,8,9,16,25,33|11,13,15,23,26,29
1,2,22,30,39,40|6,8,9,16,25,33|11,13,15,23,26,29
1,3,6,30,32,39|8,9,11,21,31,33|13,14,22,23,26,29
1,3,14,21,30,32|6,8,9,16,25,33|11,13,15,23,26,29
1,3,15,16,30,32|6,8,9,20,33,39|13,14,22,23,26,29
1,6,8,13,31,34|3,11,14,17,21,30|9,16,22,23,25,40
1,6,14,16,33,34|2,3,8,21,29,31|9,11,13,15,20,23
1,8,11,13,15,34|3,6,16,17,30,31|9,20,22,23,39,40
1,8,13,14,22,34|3,6,11,17,30,39|9,15,23,25,31,40
1,8,13,15,32,38|3,6,11,17,30,39|9,16,22,23,25,40
1,8,21,31,34,40|3,6,11,17,30,39|9,13,14,20,22,23
1,8,22,34,39,40|3,6,16,17,30,31|9,11,13,14,23,28
3,6,11,17,30,39|8,9,14,15,25,33|16,22,23,27,29,32
3,6,16,17,30,31|8,9,11,22,33,39|13,23,25,28,29,32
3,11,14,17,21,30|6,8,9,16,25,33|15,23,27,29,31,32
3,11,15,16,17,30|6,8,9,20,33,39|13,14,22,23,26,29
3,11,21,25,29,30|6,8,9,20,33,39|13,14,17,23,28,32
3,11,28,29,30,39|6,8,9,16,25,33|13,15,17,20,23,32
3,14,15,17,30,31|6,8,9,16,25,33|11,21,23,27,29,32
3,14,16,17,22,30|6,8,9,20,33,39|11,13,15,23,26,29
3,15,25,29,30,31|6,8,9,20,33,39|13,14,17,23,28,32
3,16,22,25,29,30|6,8,9,20,33,39|13,14,17,23,28,32
3,16,28,29,30,31|6,8,9,20,33,39|17,21,23,25,32,40
3,20,21,29,30,31|6,8,9,16,25,33|13,14,17,23,28,32
3,20,22,29,30,39|6,8,9,16,25,33|13,14,17,23,28,32
3,21,22,28,29,30|6,8,9,16,25,33|13,15,17,20,23,32
1,2,3,6,38,39|8,10,13,14,28,34|9,11,15,23,25,27
1,2,3,14,21,38|6,8,10,13,25,34|9,11,16,23,27,28
1,2,3,15,16,38|6,8,10,13,25,34|9,11,20,21,23,27
1,2,11,21,27,30|6,8,10,13,25,34|16,17,28,31,33,38
1,2,13,25,28,30|6,10,11,33,34,39|8,15,17,27,31,38
1,2,15,27,30,31|6,8,10,13,25,34|11,17,28,33,38,39
1,2,16,22,27,30|6,8,10,13,25,34|11,17,28,33,38,39
1,3,6,26,30,39|2,7,12,21,25,32|8,10,13,14,28,34|9,15,20,23,27,31
1,3,14,21,26,30|2,7,12,28,32,39|6,8,10,13,25,34|9,15,20,23,27,31
1,3,15,16,26,30|2,7,12,21,25,32|6,10,11,33,34,39|9,14,23,27,28,31
1,8,11,21,27,34|2,6,10,13,25,30|16,17,28,31,33,38
1,8,13,15,26,38|2,7,12,21,25,32|3,17,20,28,30,39|6,10,16,31,33,34
1,8,13,25,28,34|3,10,21,30,31,32|9,16,20,22,23,27
1,8,15,27,31,34|2,6,10,13,25,30|11,17,28,33,38,39
1,8,16,22,27,34|2,6,10,13,25,30|11,17,28,33,38,39
1,8,21,27,32,38|2,6,10,13,25,30|17,23,26,28,39,40
1,11,21,25,33,34|2,3,8,17,28,39|9,15,20,23,27,31
1,11,28,33,34,39|2,3,8,17,21,25|9,15,20,23,27,31
1,15,25,31,33,34|2,3,8,17,28,39|9,11,20,21,23,27
1,16,22,25,33,34|2,3,8,17,28,39|9,11,20,21,23,27
1,20,21,31,33,34|2,3,8,17,28,39|9,11,15,23,25,27
1,20,22,33,34,39|2,3,8,17,21,25|9,11,16,23,27,28
1,21,22,28,33,34|2,6,10,13,25,30|8,15,17,27,31,38
1,21,25,32,33,38|2,3,8,17,28,39|9,15,20,23,27,31
1,28,32,33,38,39|2,3,8,17,21,25|9,15,20,23,27,31
2,3,8,17,21,25|6,10,11,33,34,39|9,14,23,27,28,31
2,3,8,17,28,39|6,9,23,25,27,31|10,11,14,21,33,34
2,7,12,21,25,32|3,17,20,28,30,39|6,10,16,31,33,34
2,7,12,28,32,39|3,17,20,21,25,30|6,10,16,31,33,34
2,10,13,14,28,30|6,9,23,25,27,31|8,17,22,26,33,39
2,10,13,15,20,30|6,9,23,25,27,31|8,17,22,26,33,39
3,16,17,25,28,30|6,10,11,33,34,39|9,15,20,23,27,31
3,17,20,21,25,30|6,10,11,33,34,39|9,14,23,27,28,31
3,17,20,28,30,39|6,8,10,13,25,34|11,21,23,26,27,29
6,8,10,13,25,34|9,11,16,23,27,28|17,20,21,31,33,38
6,9,23,25,27,31|8,10,13,14,28,34|17,20,22,33,38,39
6,10,11,33,34,39|8,13,17,25,28,38|9,15,20,23,27,31
6,10,16,31,33,34|8,11,17,21,27,38|9,13,20,23,25,28
6,10,21,22,33,34|8,13,17,25,28,38|9,15,20,23,27,31
8,10,13,14,28,34|9,11,15,23,25,27|17,20,21,31,33,38
8,10,21,25,34,40|9,11,16,23,27,28|17,20,22,33,38,39
8,10,28,34,39,40|9,11,15,23,25,27|17,20,21,31,33,38
8,11,17,21,27,38|9,13,20,23,25,28|10,14,15,31,33,34
8,13,17,25,28,38|9,11,20,21,23,27|10,14,15,31,33,34
8,15,17,27,31,38|9,13,20,23,25,28|10,11,14,21,33,34
8,16,17,22,27,38|9,13,20,23,25,28|10,11,14,21,33,34
1,2,3,21,31,38|6,8,10,16,27,34|13,17,22,23,25,26
1,2,3,22,38,39|6,8,10,16,27,34|13,17,23,26,28,31
1,2,15,25,27,30|6,10,20,33,34,39|13,17,23,26,28,31
1,2,16,27,28,30|6,10,20,33,34,39|13,17,22,23,25,26
1,2,20,21,27,30|6,10,16,25,33,34|13,17,23,26,28,31
1,3,21,26,30,31|6,8,10,16,27,34|17,20,28,33,38,39
1,3,22,26,30,39|6,8,10,16,27,34|17,20,21,25,33,38
1,6,26,33,38,39|2,10,13,22,25,30|9,16,20,23,27,28
1,8,15,25,27,34|2,6,7,12,26,39|10,21,31,32,33,38
1,8,16,27,28,34|2,6,7,12,26,39|3,10,21,25,30,32
1,8,20,21,27,34|2,6,7,12,26,39|16,17,25,28,33,38
1,9,10,21,23,31|2,6,7,12,26,39|8,15,17,25,27,38
1,9,10,22,23,39|2,7,12,14,21,26|8,15,17,25,27,38
1,16,25,28,33,34|2,6,7,12,26,39|8,17,20,21,27,38
1,20,21,25,33,34|2,6,7,12,26,39|8,16,17,27,28,38
1,20,28,33,34,39|2,6,10,16,27,30|13,17,22,23,25,26
2,6,7,12,26,39|3,10,21,25,30,32|8,16,17,27,28,38
2,7,12,14,21,26|3,10,28,30,32,39|8,15,17,25,27,38
2,7,12,15,16,26|3,10,21,25,30,32|17,20,28,33,38,39
1,2,9,11,21,30|6,8,13,26,32,34|12,15,31,33,35,38
1,2,9,15,30,31|6,8,13,26,32,34|10,12,21,23,29,35
1,2,9,16,22,30|6,8,13,26,32,34|10,12,21,23,29,35
1,8,9,11,21,34|2,6,13,26,30,32|12,15,31,33,35,38
1,8,9,15,31,34|2,6,13,26,30,32|10,12,21,23,29,35
1,8,9,16,22,34|2,6,13,26,30,32|10,12,21,23,29,35
1,8,17,21,32,34|3,12,15,25,30,35|9,16,22,23,26,29
1,15,29,31,34,38|2,3,8,12,21,35|9,16,17,23,28,32
1,16,22,29,34,38|2,3,8,12,21,35|9,15,17,23,25,32
2,3,8,12,21,35|6,13,20,32,34,38|9,15,23,26,29,31
2,3,14,15,32,34|6,12,13,23,26,35|8,9,11,17,21,38
2,10,21,29,30,32|6,12,13,23,26,35|8,9,15,17,31,38
1,6,8,9,16,34|2,15,17,25,29,30|12,13,23,28,32,35
1,6,16,29,34,38|3,11,12,21,30,35|9,15,17,23,31,32
1,14,15,29,34,38|3,11,12,21,30,35|9,16,17,22,23,32
3,12,16,22,30,35|6,11,13,32,34,38|9,14,15,23,26,29
1,11,17,21,34,38|2,9,10,15,30,31|12,13,23,26,28,35
1,15,17,31,34,38|2,9,10,11,21,30|12,13,23,26,28,35
1,16,17,22,34,38|2,9,10,11,21,30|12,13,23,26,28,35
2,9,10,11,21,30|6,27,31,32,34,38|12,13,23,26,28,35
1,2,9,15,25,30|6,10,16,29,34,38|8,12,21,26,33,35
1,2,9,16,28,30|6,14,27,32,34,38|8,12,21,26,33,35
1,2,9,20,21,30|6,10,16,29,34,38|12,13,22,23,26,35
1,2,21,26,29,30|6,8,9,10,16,34|12,15,25,33,35,38
1,6,16,17,34,38|2,9,10,14,15,30|8,12,21,26,33,35
1,8,9,15,25,34|2,13,22,26,30,32|12,16,28,33,35,38
1,8,9,16,28,34|2,13,22,26,30,32|12,15,25,33,35,38
1,8,9,20,21,34|2,13,22,26,30,32|12,15,25,33,35,38
1,8,21,26,29,34|2,6,9,10,16,30|12,15,25,33,35,38
1,14,15,17,34,38|2,6,9,10,16,30|8,12,21,26,33,35
1,15,25,29,34,38|2,6,9,10,16,30|8,12,21,26,33,35
1,16,28,29,34,38|2,9,10,14,15,30|8,12,21,26,33,35
1,20,21,29,34,38|2,6,9,10,16,30|12,13,22,23,26,35
2,3,11,21,32,34|6,9,16,17,23,26|8,12,15,27,35,38
2,3,15,31,32,34|6,9,16,17,23,26|12,20,21,33,35,38
2,13,22,26,30,32|6,8,9,10,16,34|12,15,25,33,35,38
1,2,7,12,38,39|3,8,16,26,27,30|9,10,21,23,28,33
1,7,12,26,30,39|2,3,8,16,27,38|9,10,21,23,28,33
2,3,13,14,23,26|7,10,12,30,32,39|8,15,27,28,33,34
2,3,16,31,33,38|7,10,12,30,32,39|11,13,20,23,27,34
2,3,21,22,33,38|7,10,12,30,32,39|11,13,20,23,27,34
1,6,9,21,23,33|2,7,8,12,29,39|3,11,13,14,30,38
1,8,29,33,38,39|2,3,13,14,23,32|6,7,12,17,21,30
1,9,14,16,23,33|2,7,8,12,29,39|3,6,13,22,30,38
2,3,13,14,23,32|6,7,12,17,21,30|8,16,25,33,34,40
2,3,23,32,39,40|6,7,12,17,21,30|8,11,13,31,33,34
2,7,8,12,29,39|3,6,13,22,30,38|11,16,18,23,31,34
6,7,12,17,21,30|8,11,13,31,33,34|16,19,23,25,32,38
6,8,13,28,33,34|7,12,14,16,17,30|11,18,23,32,38,39
6,15,18,23,25,34|7,12,14,16,17,30|8,13,31,32,33,38
6,15,23,27,34,40|7,12,14,16,17,30|8,13,31,32,33,38
6,16,18,23,28,34|7,12,20,29,30,39|8,13,31,32,33,38
6,18,20,21,23,34|7,12,14,16,17,30|8,13,31,32,33,38
7,12,14,16,17,30|8,11,13,31,33,34|18,21,22,23,32,38
7,12,16,25,29,30|8,11,13,31,33,34|18,21,22,23,32,38
7,12,20,29,30,39|8,11,13,31,33,34|16,19,23,25,32,38
7,12,21,28,29,30|8,11,13,31,33,34|16,19,23,25,32,38
6,8,13,22,33,34|7,11,12,29,30,39|14,16,18,23,32,38
6,11,18,21,23,34|7,12,16,29,30,31|8,13,14,32,33,38
6,15,18,23,31,34|7,11,12,29,30,39|8,13,14,32,33,38
6,15,19,23,25,34|7,11,12,29,30,39|8,13,14,32,33,38
6,16,18,22,23,34|7,11,12,29,30,39|8,13,14,32,33,38
6,16,19,23,28,34|7,11,12,29,30,39|8,13,14,32,33,38
6,18,21,23,32,38|7,11,12,29,30,39|8,16,31,33,34,40
6,19,20,21,23,34|7,11,12,29,30,39|8,13,14,32,33,38
7,11,12,29,30,39|8,13,14,32,33,38|15,19,22,23,31,34
7,12,16,29,30,31|8,11,13,14,33,34|19,21,22,23,32,38
7,12,21,22,29,30|8,11,13,14,33,34|16,19,23,31,32,38
1,8,9,16,23,27|2,3,6,21,33,38|7,12,17,20,30,39
1,9,16,23,25,33|2,3,8,13,31,38|7,12,17,20,30,39
1,9,20,23,33,39|2,3,8,13,31,38|7,12,16,17,25,30
1,9,21,23,28,33|2,3,8,13,31,38|7,12,16,17,25,30
1,16,23,27,29,38|2,7,8,12,17,39|3,6,21,26,30,33
1,23,26,29,33,39|2,3,8,13,31,38|7,12,16,17,25,30
2,3,6,21,33,38|7,12,16,17,25,30|8,9,10,13,23,31
2,3,8,13,31,38|6,9,10,21,23,33|7,12,16,17,25,30
2,3,13,23,25,32|7,12,17,20,30,39|8,11,16,27,33,34
2,3,14,16,33,38|7,12,17,20,30,39|8,9,10,13,23,31
2,7,8,12,17,39|3,6,15,27,30,38|9,10,14,16,23,33
6,18,21,23,26,38|7,12,16,17,25,30|8,14,27,31,33,34
1,2,3,23,29,39|6,8,15,27,33,34|7,12,16,17,30,31
1,7,12,30,32,39|2,3,8,13,14,38|11,16,18,23,25,34
1,9,11,23,33,39|2,3,8,13,14,38|7,12,16,17,30,31
1,9,16,23,31,33|2,3,8,13,14,38|7,11,12,17,30,39
1,9,21,22,23,33|2,3,8,13,14,38|7,11,12,17,30,39
1,13,23,25,29,38|2,3,8,32,33,39|7,12,16,17,30,31
2,3,8,13,14,38|7,11,12,17,30,39|15,18,22,23,25,34
2,3,8,32,33,39|6,19,21,23,26,38|7,12,16,17,30,31
2,3,8,38,39,40|7,12,16,17,30,31|11,18,21,23,28,34
2,3,13,23,31,32|6,8,15,27,33,34|7,11,12,17,30,39
6,8,15,27,33,34|7,11,12,17,30,39|10,13,14,23,29,38
6,19,21,23,26,38|7,11,12,17,30,39|8,13,20,31,33,34
2,6,16,34,38,40|3,12,21,23,32,35|8,9,15,17,25,30
2,14,15,34,38,40|3,12,21,23,32,35|8,9,16,17,28,30
2,9,16,17,22,23|3,8,12,21,35,38|6,11,13,26,30,34
1,2,8,17,33,39|3,13,14,23,26,32|7,12,16,25,29,38
1,2,13,17,23,31|3,6,8,15,27,34|7,12,16,25,29,38|20,26,30,33,39,40
1,2,16,23,27,29|3,6,15,25,33,34|7,8,9,12,20,39
1,3,9,11,23,39|2,6,13,28,33,38|8,10,16,27,29,30
1,3,9,16,23,31|2,6,13,28,33,38|7,8,12,26,29,39
1,3,9,21,22,23|2,6,13,28,33,38|7,8,12,26,29,39
1,3,17,23,32,39|2,6,13,28,33,38|7,8,9,12,16,25
1,8,16,17,27,30|2,6,13,28,33,38|3,10,23,29,32,39
1,16,17,25,30,33|2,6,18,21,23,26|3,8,13,20,31,34
1,17,20,30,33,39|2,6,18,21,23,26|3,8,11,13,25,34
1,17,21,28,30,33|2,8,16,18,25,38|3,10,23,29,32,39
2,6,13,28,33,38|3,10,23,29,32,39|7,8,9,12,16,25
2,6,18,21,23,26|3,8,11,13,25,34|7,12,14,16,17,38|10,20,29,30,33,39
2,8,10,29,33,39|3,13,14,23,26,32|6,7,12,17,21,38
2,8,13,14,26,33|3,10,23,29,32,39|6,7,12,17,21,38
2,10,13,23,29,31|3,6,8,15,27,34|7,12,14,16,17,38|20,26,30,33,39,40
2,11,13,23,27,32|3,6,15,25,33,34|7,8,9,12,20,39
2,11,19,23,26,39|3,6,8,15,27,34|7,12,14,16,17,38|10,21,28,29,30,33
2,13,23,26,31,40|3,6,8,15,27,34|7,12,14,16,17,38|10,20,29,30,33,39
2,14,16,18,23,26|3,6,8,15,27,34|7,12,20,29,38,39
2,16,19,23,26,31|3,6,8,15,27,34|7,12,20,29,38,39
2,19,21,22,23,26|3,6,8,15,27,34|7,12,14,16,17,38|10,20,29,30,33,39
3,6,8,15,27,34|7,12,14,16,17,38|10,20,29,30,33,39
3,6,16,28,33,34|7,8,9,12,20,39|14,25,27,30,38,40
3,6,20,21,33,34|7,8,9,12,16,25|15,27,28,30,38,40
3,8,11,13,25,34|6,7,12,17,21,38|10,20,29,30,33,39
3,8,13,20,31,34|6,7,12,17,21,38|10,16,25,29,30,33
3,8,13,22,28,34|6,7,12,17,21,38|10,16,25,29,30,33
3,10,23,29,32,39|6,7,12,17,21,38|8,16,18,25,26,30
3,11,16,31,33,34|6,7,12,17,21,38|8,18,20,26,30,39
3,11,21,22,33,34|7,8,9,12,16,25|15,27,28,30,38,40
3,13,14,23,26,32|6,7,12,17,21,38|8,10,16,27,29,30
3,14,15,28,33,34|6,7,12,17,21,38|8,10,16,27,29,30
3,15,22,31,33,34|6,7,12,17,21,38|8,10,16,27,29,30
3,23,26,32,39,40|6,7,12,17,21,38|8,10,16,27,29,30
1,2,13,14,17,23|3,6,11,21,33,34|7,8,9,12,16,31|15,18,22,25,30,38
1,2,13,23,25,29|3,6,11,21,33,34|7,8,9,12,16,31|15,22,27,30,38,40
1,2,17,23,39,40|3,6,8,13,28,34|7,12,16,29,31,38|15,22,27,30,32,33
1,3,6,9,21,23|2,8,11,18,38,39|10,16,29,30,31,33
1,3,8,29,38,39|2,6,19,21,23,26|11,16,27,30,32,33
1,3,9,14,16,23|2,6,13,22,33,38|7,8,12,17,32,39
1,8,13,17,25,30|2,6,19,21,23,26|3,11,14,16,33,34
1,11,17,30,33,39|2,6,19,21,23,26|3,8,13,14,20,34|7,12,16,29,31,38
1,16,17,30,31,33|2,6,19,21,23,26|3,8,13,14,20,34|7,11,12,29,38,39
2,6,19,21,23,26|3,8,11,13,31,34|15,18,22,25,30,38
2,8,13,25,32,33|3,17,20,23,29,39|11,16,27,30,38,40
2,10,13,14,23,29|3,6,11,21,33,34|7,8,9,12,16,31|15,18,22,25,30,38
2,10,23,29,39,40|3,6,8,13,28,34|11,16,18,25,30,38
2,13,14,23,26,40|3,6,11,21,33,34|7,8,9,12,16,31|15,18,22,25,30,38
2,14,16,19,23,26|3,6,8,13,28,34|7,11,12,29,38,39|15,22,27,30,32,33
2,16,18,23,25,32|3,6,8,13,28,34|7,11,12,29,38,39|21,22,26,30,33,40
2,16,23,27,32,40|3,6,8,13,28,34|7,11,12,29,38,39
2,18,20,23,32,39|3,6,8,13,28,34|7,12,16,29,31,38|21,22,26,30,33,40
2,18,21,23,28,32|3,6,15,31,33,34|7,8,9,11,12,39|13,20,25,30,38,40
3,6,8,13,28,34|7,11,12,29,38,39|14,27,30,31,32,33
3,6,11,21,33,34|7,8,9,12,16,31|13,20,25,30,38,40
3,6,15,31,33,34|7,8,9,11,12,39|13,20,25,30,38,40
3,6,16,22,33,34|7,8,9,11,12,39|13,20,25,30,38,40
3,8,13,14,20,34|7,11,12,29,38,39|15,22,27,30,32,33
3,8,16,25,34,40|6,13,22,26,30,33|7,11,12,29,38,39
3,8,20,34,39,40|6,13,22,26,30,33|7,12,16,29,31,38
3,8,21,28,34,40|6,13,22,26,30,33|7,11,12,29,38,39
3,11,14,16,33,34|7,8,9,12,21,22|13,20,25,30,38,40
3,14,15,22,33,34|7,8,9,11,12,39|13,20,25,30,38,40
3,16,17,23,25,29|6,13,22,26,30,33|7,8,9,11,12,39
3,17,20,23,29,39|6,13,22,26,30,33|7,8,9,12,16,31
3,17,21,23,28,29|6,13,22,26,30,33|7,8,9,11,12,39
1,2,13,23,29,31|3,6,14,15,33,34|8,11,19,26,30,39
1,3,23,29,32,39|2,6,8,18,21,38|14,16,26,30,33,40
2,6,8,18,21,38|3,11,17,23,29,39|13,20,30,31,32,33
2,8,13,31,32,33|3,11,17,23,29,39|6,15,18,25,30,38
2,8,14,16,18,38|3,11,17,23,29,39|6,15,27,30,32,33
2,11,18,23,32,39|3,6,8,13,22,34|7,12,14,16,29,38
2,13,23,25,32,40|3,6,14,15,33,34|8,11,19,26,30,39
2,16,18,23,31,32|3,6,8,13,22,34|11,19,20,30,38,39
2,16,19,23,25,32|3,6,8,13,22,34|14,15,18,28,30,38
2,18,21,22,23,32|3,6,14,15,33,34|8,10,13,29,30,31
2,19,20,23,32,39|3,6,8,13,22,34|7,12,14,16,29,38
2,19,21,23,28,32|3,6,8,13,22,34|7,12,14,16,29,38
3,8,11,34,39,40|6,7,12,21,29,38|13,20,30,31,32,33
3,8,16,31,34,40|6,7,12,21,29,38|11,13,25,30,32,33
3,11,17,23,29,39|6,7,8,9,12,21|13,20,30,31,32,33
3,16,17,23,29,31|6,7,8,9,12,21|11,13,25,30,32,33
3,17,21,22,23,29|6,15,18,25,30,38|7,8,9,12,14,16
1,2,13,14,23,29|3,6,8,21,34,40|11,16,19,30,31,38
2,6,8,19,21,38|3,14,16,17,23,29|11,13,30,31,32,33
2,6,18,21,23,32|3,8,14,16,34,40|15,19,22,30,31,38
2,8,13,14,32,33|3,6,17,21,23,29|11,16,19,30,31,38
2,8,14,16,19,38|3,6,17,21,23,29|11,13,30,31,32,33
2,8,32,33,39,40|3,6,17,21,23,29|11,14,16,18,30,38
2,11,19,23,32,39|3,6,8,21,34,40|14,15,18,22,30,38
2,14,16,18,23,32|3,6,8,21,34,40|15,19,22,30,31,38
2,16,19,23,31,32|3,6,8,21,34,40|14,15,18,22,30,38
2,19,21,22,23,32|3,8,14,16,34,40|6,15,18,30,31,38
1,3,17,23,26,39|2,14,25,27,33,38|7,10,12,16,31,34
1,10,13,30,31,38|2,16,18,23,25,26|3,8,15,27,28,34
2,8,13,25,26,33|3,9,10,11,23,39|7,12,17,21,28,38
2,11,16,27,33,38|3,9,10,21,22,23|7,8,12,17,26,39
2,16,18,23,25,26|3,8,15,27,28,34|7,12,17,20,38,39
2,16,23,26,27,40|3,15,25,28,33,34|7,12,17,20,38,39
2,18,20,23,26,39|3,8,14,25,27,34|7,12,17,21,28,38
2,18,21,23,26,28|3,8,14,25,27,34|7,12,17,20,38,39
3,9,10,11,23,39|7,12,16,17,25,38|8,13,20,26,27,30
1,2,13,17,23,25|3,8,10,29,38,39|6,15,26,27,30,33
1,3,8,17,38,39|2,10,13,23,25,29|6,15,26,27,30,33
1,3,9,20,23,39|2,6,15,27,33,38|8,10,13,17,25,30
1,3,9,21,23,28|2,6,15,27,33,38|8,10,13,17,25,30
1,3,23,26,29,39|2,6,15,27,33,38|8,10,13,17,25,30
1,10,13,14,30,38|2,11,18,23,26,39|3,8,15,22,27,34
2,8,13,26,31,33|3,6,9,10,21,23|7,11,12,17,38,39
2,10,13,23,25,29|3,8,11,16,27,34|7,12,17,21,22,38
2,10,17,23,39,40|3,8,11,16,27,34|13,20,26,30,31,33
2,11,18,23,26,39|3,8,13,20,25,34|7,12,16,17,31,38
2,18,21,22,23,26|3,8,10,29,38,39|25,27,30,31,32,33
2,19,20,23,26,39|3,8,11,16,27,34|7,12,17,21,22,38
2,19,21,23,26,28|3,8,10,29,38,39|25,27,30,31,32,33
3,6,9,10,21,23|7,11,12,17,38,39|13,20,26,30,31,33
3,8,11,16,27,34|7,12,17,21,22,38|13,20,26,30,31,33
3,8,13,20,25,34|6,15,26,27,30,33|7,11,12,17,38,39
3,8,14,27,31,34|7,11,12,17,38,39|13,22,26,28,30,33
3,8,15,22,27,34|7,11,12,17,38,39|13,20,26,30,31,33
3,9,10,14,16,23|6,15,26,27,30,33|7,11,12,17,38,39
1,2,6,25,30,31|8,10,11,14,15,34|16,17,20,23,28,32
1,2,11,15,25,30|6,8,10,14,31,34|16,17,20,23,28,32
1,2,11,16,28,30|6,8,10,14,31,34|15,17,20,23,25,32
1,2,11,20,21,30|6,8,10,14,31,34|15,22,23,26,28,29
1,2,14,22,25,30|6,8,10,11,16,34|15,20,23,26,29,31
1,2,14,28,30,31|6,8,10,11,16,34|15,17,20,23,25,32
1,2,15,20,30,31|6,8,10,11,16,34|14,17,23,25,28,32
1,2,16,20,22,30|6,8,10,14,31,34|11,15,23,25,26,29
1,6,8,25,31,34|2,10,11,14,15,30|16,17,20,23,28,32
1,6,16,23,26,32|2,10,11,14,15,30|8,25,28,29,31,38
1,8,11,15,25,34|2,6,10,14,30,31|16,17,20,23,28,32
1,8,11,16,28,34|2,6,10,14,30,31|15,17,20,23,25,32
1,8,11,20,21,34|2,6,10,14,30,31|15,22,23,26,28,29
1,8,14,22,25,34|2,6,10,11,16,30|15,20,23,26,29,31
1,8,14,28,31,34|2,6,10,11,16,30|15,17,20,23,25,32
1,8,15,20,31,34|2,6,10,11,16,30|14,17,23,25,28,32
1,8,15,25,32,38|2,6,10,11,16,30|9,14,20,23,28,31
1,8,16,20,22,34|2,6,10,14,30,31|11,15,23,25,26,29
1,8,16,28,32,38|2,6,10,14,30,31|9,11,15,20,23,25
1,8,20,21,32,38|2,6,10,11,16,30|14,22,23,25,26,29
1,14,15,23,26,32|2,6,10,11,16,30|8,25,28,29,31,38
2,6,10,11,16,30|8,14,17,22,25,38|15,20,23,26,29,31
2,6,10,14,30,31|8,11,15,17,25,38|16,20,22,23,26,29
2,10,11,14,15,30|6,8,17,25,31,38|16,20,22,23,26,29
1,2,14,25,28,30|6,8,10,16,20,34|11,15,17,23,26,31
1,2,16,20,28,30|6,8,10,14,25,34|11,15,17,23,26,31
1,6,8,16,26,38|2,10,11,15,30,31|9,14,20,23,25,28
1,8,14,15,26,38|2,6,10,16,20,30|9,11,23,25,28,31
1,8,14,25,28,34|2,6,10,16,20,30|11,15,17,23,26,31
1,8,16,20,28,34|2,6,10,14,25,30|11,15,17,23,26,31
1,11,21,23,26,32|2,6,10,14,25,30|8,16,17,20,28,38
1,15,23,26,31,32|2,6,10,14,25,30|8,16,17,20,28,38
1,9,23,25,27,31|2,3,8,10,17,39|13,22,26,28,33,38
1,2,3,8,17,39|6,9,10,13,23,28|11,14,27,31,33,34
1,2,7,12,32,39|3,6,10,17,21,30|8,11,13,20,27,34|16,26,31,33,38,40
1,2,10,13,14,30|6,15,20,27,33,34|8,11,18,26,38,39
1,2,10,30,39,40|6,13,22,26,33,38|17,23,25,27,29,31
1,3,16,17,25,30|6,9,10,13,23,28|8,11,18,26,38,39
1,3,17,20,30,39|6,9,10,13,23,28|8,16,18,26,31,38|11,15,22,27,33,34
1,3,17,21,28,30|6,13,22,26,33,38|8,25,27,31,34,40
1,8,10,34,39,40|2,3,6,13,28,38|16,18,23,25,26,32
1,8,13,17,25,38|2,3,20,32,33,39|9,10,21,23,28,40
1,9,11,16,23,27|2,3,6,13,28,38|8,10,17,32,33,39
1,9,13,20,23,25|2,3,8,10,29,39|6,14,27,28,33,34
1,9,14,23,27,31|2,3,6,13,28,38|8,10,17,32,33,39
1,9,15,22,23,27|2,3,6,13,28,38|8,10,17,32,33,39
1,10,17,23,29,39|2,3,6,13,28,38|8,25,27,31,34,40
1,11,17,33,38,39|2,3,8,13,14,26|9,10,16,23,25,40
1,13,14,17,23,26|2,3,8,10,29,39|6,15,20,27,33,34
1,16,17,23,27,32|2,3,6,13,28,38|8,9,10,11,33,39
1,16,17,31,33,38|2,3,8,10,29,39|18,21,23,26,28,32
1,17,21,22,33,38|2,3,8,10,29,39|16,18,23,25,26,32
1,17,23,26,39,40|2,3,6,13,28,38|8,9,10,16,31,33
2,3,6,13,28,38|8,9,10,11,33,39|16,18,23,25,26,32
2,3,8,13,14,26|6,15,20,27,33,34|9,10,16,23,25,40
2,3,8,16,27,32|6,9,10,13,23,28|11,26,33,38,39,40
2,3,8,26,39,40|6,9,10,13,23,28|11,14,27,31,33,34
2,3,11,13,31,38|6,14,27,28,33,34|9,10,16,23,25,40
2,3,13,14,20,38|6,22,27,31,33,34|9,10,16,23,25,40
2,3,16,25,32,33|6,9,10,13,23,28|8,11,18,26,38,39
2,3,16,25,38,40|6,9,10,13,23,28|11,14,27,31,33,34
2,3,20,32,33,39|6,9,10,13,23,28|8,16,18,26,31,38
2,3,20,38,39,40|6,9,10,13,23,28|11,14,27,31,33,34
2,3,21,28,38,40|6,15,20,27,33,34|9,10,11,13,23,31
2,7,11,12,17,39|3,6,13,26,28,30|8,9,10,16,31,33
2,7,12,16,17,31|3,6,13,26,28,30|8,9,10,11,33,39
2,7,12,17,21,22|3,6,13,26,28,30|8,9,10,11,33,39
2,11,13,20,27,30|8,9,10,16,31,33|18,21,23,26,28,32
2,25,27,30,31,40|6,9,10,13,23,28|8,11,18,26,38,39
3,6,10,17,21,30|8,11,13,20,27,34|16,18,23,25,26,32
3,6,13,26,28,30|8,9,10,11,33,39|17,23,25,27,29,31
3,10,14,16,17,30|6,13,22,26,33,38|8,25,27,31,34,40
3,10,20,29,30,39|6,13,22,26,33,38|8,25,27,31,34,40
3,10,21,28,29,30|6,13,22,26,33,38|8,25,27,31,34,40
3,11,13,26,30,31|6,14,27,28,33,34|8,10,17,38,39,40
3,13,14,20,26,30|6,22,27,31,33,34|8,10,17,38,39,40
3,14,25,27,30,32|6,9,10,13,23,28|8,11,18,26,38,39
3,15,27,28,30,32|6,13,22,26,33,38|9,10,16,23,25,40
3,16,20,27,30,32|6,9,10,13,23,28|8,11,18,26,38,39
3,16,25,26,30,40|6,9,10,13,23,28|11,14,27,31,33,34
3,20,26,30,39,40|6,9,10,13,23,28|11,14,27,31,33,34
3,21,26,28,30,40|6,15,20,27,33,34|8,10,13,14,17,38
6,14,27,28,33,34|8,10,13,25,29,38|18,20,23,26,32,39
6,15,20,27,33,34|8,10,13,14,17,38|16,18,23,25,26,32
6,22,27,31,33,34|8,10,13,14,17,38|16,18,23,25,26,32
8,10,13,14,17,38|11,15,22,27,33,34|16,18,23,25,26,32
8,10,13,25,29,38|11,14,27,31,33,34|18,20,23,26,32,39
8,10,17,38,39,40|11,13,20,25,33,34|18,21,23,26,28,32
8,16,18,26,31,38|9,10,13,14,20,23|11,15,22,27,33,34
1,2,10,13,30,31|6,22,25,27,33,34|8,18,20,26,38,39
1,3,10,30,32,39|2,7,12,16,17,25|6,13,26,28,33,38
1,8,16,17,27,38|2,3,6,21,26,33|9,10,11,13,23,25
1,8,17,26,33,39|2,3,6,15,27,38|9,10,11,13,23,25
1,9,14,23,25,27|2,3,6,21,26,33|8,10,13,17,31,38
1,9,15,23,27,28|2,3,6,21,26,33|8,10,13,17,31,38
1,9,16,20,23,27|2,3,6,21,26,33|8,10,13,17,31,38
1,13,17,23,26,31|2,3,6,15,27,38|8,9,10,16,25,33
1,16,17,25,33,38|2,3,8,13,26,31|6,9,10,15,23,27
1,16,23,26,27,29|2,3,11,13,25,38|8,9,10,20,33,39
1,17,20,33,38,39|2,3,8,13,26,31|6,9,10,15,23,27
1,17,21,28,33,38|2,3,8,13,26,31|6,9,10,15,23,27
2,7,12,16,17,25|3,6,15,26,27,30|8,9,10,20,33,39
2,7,12,17,20,39|3,6,15,26,27,30|8,9,10,16,25,33
2,7,12,17,21,28|3,6,15,26,27,30|8,9,10,16,25,33
8,16,18,25,26,38|9,10,13,20,23,31|11,15,27,28,33,34
8,18,20,26,38,39|9,10,11,13,23,25|14,22,27,28,33,34
8,18,21,26,28,38|9,10,11,13,23,25|14,20,27,31,33,34
1,2,3,8,29,39|6,9,10,21,23,40|11,13,14,20,33,34
1,3,6,17,21,30|2,7,11,12,29,39|8,13,14,26,32,33
1,3,14,16,17,30|2,7,11,12,29,39|6,8,19,21,26,38|15,22,25,33,34,40
1,3,16,25,29,30|6,8,19,21,26,38|11,13,14,20,33,34
1,3,20,29,30,39|6,8,19,21,26,38|9,10,14,16,23,40
1,3,21,28,29,30|6,13,20,22,33,34|8,14,16,19,26,38
1,6,9,13,23,28|2,3,14,16,32,33|8,10,29,38,39,40
1,8,9,11,33,39|2,3,6,21,38,40|10,13,23,29,31,32
