1,3,8,13,26,29|2,6,19,22,27,38|7,9,12,25,31,40|10,11,16,17,18,30
1,3,9,11,16,33|2,6,19,22,27,38|7,12,13,17,20,32|10,18,25,29,30,31
1,3,9,14,31,33|2,6,19,22,27,38|7,11,12,13,26,29
1,3,9,15,22,33|2,8,10,13,17,40|7,12,27,29,31,32
1,3,13,20,29,38|2,6,15,18,26,33|7,9,12,25,31,40
1,3,16,17,32,33|2,6,19,22,27,38|7,9,11,12,13,20|10,18,25,29,30,31
1,3,16,17,38,40|2,6,15,18,26,33|7,9,11,12,13,20
1,10,16,18,30,32|2,6,19,22,27,38|3,17,25,29,31,33|7,9,11,12,13,20
1,17,18,25,30,31|2,6,19,22,27,38|3,8,9,10,16,40|7,11,12,13,26,29
1,17,27,30,31,40|2,6,15,18,26,33|3,14,19,20,25,34
2,6,15,18,26,33|3,8,9,10,16,40|7,12,13,17,20,32
2,6,19,22,27,38|3,8,9,10,16,40|7,11,12,13,26,29
2,8,10,13,17,40|3,6,15,19,26,38|7,12,27,29,31,32
2,8,10,16,17,19|3,6,18,22,25,34|7,9,11,12,13,20
2,8,11,13,18,26|3,6,19,25,28,34|7,12,27,29,31,32
2,8,13,19,20,26|3,6,18,22,25,34|7,12,27,29,31,32
2,8,18,27,31,32|3,6,15,19,26,38|7,9,11,12,13,20
2,8,19,25,27,32|3,6,18,28,31,34|7,9,11,12,13,20
2,10,11,13,29,33|3,6,15,19,26,38|7,9,12,25,31,40|18,22,27,28,30,32
2,11,13,18,20,38|3,6,19,25,28,34|7,12,27,29,31,32
2,11,13,26,33,40|3,6,18,22,25,34|7,12,27,29,31,32|10,15,17,19,28,30
2,11,14,19,27,38|3,6,18,22,25,34|7,12,13,17,20,32
2,11,16,19,26,33|3,6,18,22,25,34|7,12,13,17,20,32|10,27,29,30,31,40
2,14,19,26,31,33|3,6,18,22,25,34|7,9,11,12,13,20
2,15,19,22,26,33|3,6,18,28,31,34|7,9,11,12,13,20
2,18,25,31,32,33|3,6,15,19,26,38|7,9,11,12,13,20
2,18,25,31,38,40|3,10,16,29,32,33|6,19,22,26,27,30|7,9,11,12,13,20
2,27,31,32,33,40|3,6,15,19,26,38|7,9,11,12,13,20
3,6,15,19,26,38|7,9,11,12,13,20|10,14,17,18,30,31
3,6,18,22,25,34|7,9,11,12,13,20|10,15,17,19,28,30
3,6,18,28,31,34|7,9,11,12,13,20|10,14,17,19,25,30
3,6,19,25,28,34|7,9,11,12,13,20|10,14,17,18,30,31
3,6,22,27,34,40|7,9,11,12,13,20|10,14,17,18,30,31
3,8,9,10,16,40|6,19,22,26,27,30|7,12,13,17,20,32
3,8,16,18,26,32|7,9,11,12,13,20|10,14,17,19,25,30
3,10,16,29,32,33|6,19,22,26,27,30|7,9,11,12,13,20
3,10,16,29,38,40|6,19,22,26,27,30|7,9,11,12,13,20
3,11,14,18,25,34|6,19,22,26,27,30|7,12,13,17,20,32
3,11,14,27,34,40|7,12,13,17,20,32|10,18,25,29,30,31
3,11,15,18,28,34|6,19,22,26,27,30|7,9,12,25,31,40
3,11,16,18,20,34|6,19,22,26,27,30|7,9,12,25,31,40
3,14,18,22,28,34|7,9,11,12,13,20|10,27,29,30,31,40
3,14,18,25,32,38|6,19,22,26,27,30|7,9,11,12,13,20
3,14,19,20,25,34|7,11,12,13,26,29|10,15,17,18,22,30
3,14,27,32,38,40|7,9,11,12,13,20|10,15,17,18,22,30
3,15,18,20,22,34|7,9,12,25,31,40|11,14,19,26,27,30
3,15,18,28,32,38|6,19,22,26,27,30|7,9,11,12,13,20
3,15,19,20,28,34|7,9,12,25,31,40|10,11,16,17,18,30
3,16,18,20,32,38|6,19,22,26,27,30|7,9,12,25,31,40
3,16,26,32,33,40|7,9,11,12,13,20|10,14,17,18,30,31
3,17,25,29,31,33|6,19,22,26,27,30|7,9,11,12,13,20
3,19,25,31,32,38|7,9,11,12,13,20|10,15,17,18,22,30
1,2,13,17,20,33|3,6,15,18,26,38|7,9,11,12,14,27
1,3,8,9,14,27|2,10,13,20,29,33|7,12,16,17,26,40
1,3,9,14,25,33|2,6,18,22,27,38|7,10,12,16,17,29
1,3,9,15,28,33|2,6,18,22,27,38|7,10,12,16,17,29
1,3,9,16,20,33|2,6,18,22,27,38|10,17,19,25,30,31
1,3,16,26,29,33|2,6,18,22,27,38|10,17,19,25,30,31
1,17,25,27,30,40|2,8,13,18,20,26|3,6,9,10,15,33
2,6,18,22,27,38|3,8,9,10,11,13|7,12,16,17,26,40
2,6,19,27,28,38|3,8,9,10,11,13|7,12,16,17,26,40
2,8,10,16,17,18|3,6,27,28,34,40|7,12,13,20,26,29
2,8,13,18,20,26|3,6,9,10,15,33|7,12,14,17,27,32
2,8,18,25,27,32|3,6,9,10,15,33|7,12,13,20,26,29
2,10,13,20,29,33|3,6,15,18,26,38|7,9,11,12,14,27
2,10,16,17,33,40|3,6,15,18,26,38|7,9,11,12,14,27
2,11,14,18,27,38|3,6,9,10,15,33|7,12,13,20,26,29
2,11,16,18,26,33|3,6,27,28,34,40|10,17,19,25,30,31
2,11,19,27,31,38|3,6,9,10,15,33|7,12,13,20,26,29
2,13,20,26,33,40|3,6,18,25,28,34|7,9,11,12,14,27
2,14,18,26,31,33|3,6,27,28,34,40|7,10,12,16,17,29
2,14,19,20,27,38|3,6,9,10,15,33|7,12,16,17,26,40
2,14,19,25,26,33|3,6,27,28,34,40|7,10,12,16,17,29
2,15,18,22,26,33|3,6,27,28,34,40|7,10,12,16,17,29
2,15,19,26,28,33|3,8,9,10,11,13|7,12,14,17,27,32
2,16,19,20,26,33|3,6,18,25,28,34|7,9,11,12,14,27
2,25,27,32,33,40|3,6,15,18,26,38|7,10,12,16,17,29
3,6,15,18,26,38|7,9,11,12,14,27|10,17,19,25,30,31
3,11,13,26,32,33|6,7,9,12,22,27|10,14,17,18,25,30
3,11,13,26,38,40|6,7,9,12,22,27|10,14,17,18,25,30
3,11,16,19,26,38|6,7,9,12,22,27|10,14,17,18,25,30
3,14,19,26,31,38|6,7,9,12,22,27|10,15,17,18,28,30
3,15,18,20,28,34|6,7,9,12,22,27|10,17,19,25,30,31
3,15,19,22,26,38|7,9,11,12,14,27|10,16,17,18,20,30
3,19,20,25,31,34|6,7,9,12,22,27|10,15,17,18,28,30
3,19,22,25,28,34|7,9,11,12,14,27|10,16,17,18,20,30
1,2,10,13,32,33|3,11,16,18,26,38|6,7,9,12,27,28
1,2,10,13,38,40|3,18,20,25,31,34|6,7,9,12,27,28
1,3,9,25,31,33|2,6,18,27,28,38|7,11,12,13,17,26
1,3,10,16,34,40|2,6,18,27,28,38|7,11,12,13,17,26
1,7,12,13,26,32|2,6,18,27,28,38|3,9,10,11,16,33
2,10,11,13,17,33|3,14,18,26,31,38|6,7,9,12,27,28
2,14,18,25,26,33|3,8,9,10,13,20|7,12,17,27,31,32
2,15,18,26,28,33|3,8,9,10,13,20|7,12,17,27,31,32
3,13,20,26,32,33|6,7,9,12,27,28|10,17,18,25,30,31
3,13,20,26,38,40|6,7,9,12,27,28|10,17,18,25,30,31
3,16,19,20,26,38|6,7,9,12,27,28|10,17,18,25,30,31
2,10,13,17,20,33|3,14,18,25,26,38|7,9,12,22,27,28
2,11,18,25,27,38|3,9,10,15,28,33|7,12,13,17,20,26
2,18,22,27,28,38|3,9,10,14,25,33|7,12,13,17,20,26
1,10,15,22,30,32|2,6,25,28,38,40|3,11,14,20,31,34
2,22,28,31,38,40|3,8,11,16,26,32|6,10,15,17,20,30
1,2,8,17,25,31|3,6,11,15,26,38|20,22,27,28,30,32
1,17,20,25,30,31|2,6,11,22,27,38|3,8,15,26,28,32
2,6,14,26,28,33|3,11,25,31,32,38|10,15,17,20,22,30
2,8,10,14,17,31|3,6,11,15,26,38|20,22,27,28,30,32
2,8,10,25,29,31|3,6,11,15,26,38|20,22,27,28,30,32
2,8,20,27,31,32|3,6,11,15,26,38|10,14,17,22,28,30
2,8,22,27,28,32|3,6,11,15,26,38|10,14,17,20,30,31
2,20,25,31,32,33|3,6,11,15,26,38|10,14,17,22,28,30
2,22,25,28,32,33|3,6,11,15,26,38|10,14,17,20,30,31
1,2,8,15,28,29|3,6,11,14,22,34|20,25,30,31,32,40
1,2,8,25,29,31|3,6,11,14,28,34|15,20,22,26,30,40
1,14,17,22,28,30|2,8,10,11,16,29|3,6,15,20,32,38
2,11,16,20,38,40|3,6,8,15,26,32|10,14,22,28,29,30
2,14,22,28,38,40|3,6,8,15,26,32|10,11,16,20,29,30
1,9,16,23,33,40|2,7,8,12,13,29|3,6,15,18,30,38
2,3,16,19,23,32|7,12,13,20,29,30|8,14,18,31,33,34
2,7,8,12,13,29|3,6,15,18,30,38|19,23,25,31,34,40
7,11,12,13,29,30|8,14,19,31,33,34|16,18,23,32,38,40
1,9,13,20,23,33|2,3,8,16,18,38|7,12,27,29,30,31
2,3,8,16,18,38|6,19,23,27,28,34|7,12,13,17,20,30
2,3,16,33,38,40|6,18,22,23,27,34|7,12,13,17,20,30
2,7,8,12,13,17|3,10,16,29,30,33|6,18,22,23,27,34
2,18,25,30,31,33|3,7,8,9,12,16|6,19,23,27,28,34
2,27,30,31,33,40|3,7,8,9,12,16|11,13,19,23,26,38
6,18,22,23,27,34|7,12,13,17,20,30|8,16,19,26,33,38
1,3,8,13,17,30|2,7,12,16,29,33|6,19,22,23,27,34
1,7,12,13,30,32|2,3,8,16,19,38|14,17,23,27,29,33
1,9,11,13,23,33|2,3,8,16,19,38|7,12,14,27,29,30
1,13,17,23,32,33|2,3,8,16,19,38|7,12,14,27,29,30
1,16,17,19,23,38|2,3,8,13,32,33|7,12,14,27,29,30
2,3,8,16,19,38|7,11,12,13,17,30|18,23,25,31,34,40
2,3,16,18,23,32|7,11,12,13,17,30|8,14,27,33,34,40
2,7,12,16,29,33|3,8,13,26,30,40|6,19,22,23,27,34
1,2,3,13,17,23|7,12,25,27,29,30|8,16,18,26,33,38
1,10,13,23,34,40|2,7,12,16,17,33|3,18,25,30,31,38
1,10,16,19,23,34|2,3,11,13,33,38|7,12,14,17,27,30
2,3,10,13,23,29|7,12,14,17,27,30|8,16,18,26,33,38
2,3,16,19,23,26|7,10,12,13,30,32|8,25,27,33,34,40
2,7,12,16,17,33|3,18,25,30,31,38|19,22,23,27,28,34
7,10,12,13,30,32|8,16,18,26,33,38|11,19,23,25,27,34
1,2,7,12,13,38|3,10,16,17,30,33|11,18,23,25,27,34
1,2,10,13,30,33|3,7,12,16,17,38|11,18,23,25,27,34
1,8,10,13,33,34|2,3,16,18,23,26|7,12,17,27,30,31
1,10,16,18,23,34|2,3,8,13,26,33|7,12,17,27,30,31
1,6,17,22,25,38|2,3,15,20,28,32|8,10,11,16,26,29
1,6,17,28,31,38|2,3,14,20,25,32|8,10,11,16,26,29
1,8,9,20,25,31|2,3,6,11,15,26|10,14,22,28,29,38
1,8,9,22,25,28|2,3,6,11,15,26|10,14,20,29,31,38
1,8,11,16,17,26|2,3,6,25,28,32|10,14,20,29,31,38
1,8,14,17,26,31|2,3,6,25,28,32|10,11,16,20,29,38
1,8,15,17,22,26|2,3,6,25,28,32|10,11,16,20,29,38
1,8,25,26,29,31|2,3,15,20,28,32|6,10,14,17,22,38
1,15,17,20,22,38|2,3,6,25,28,32|8,10,11,16,26,29
1,20,25,29,31,38|2,3,6,11,15,26|8,9,10,14,22,28
1,22,25,28,29,38|2,3,6,11,15,26|8,9,10,14,20,31
1,6,8,15,17,26|2,3,11,14,25,32|20,22,28,31,34,40
1,8,9,11,25,31|2,3,14,22,28,32|6,10,15,20,29,38
1,8,9,14,20,25|2,3,6,28,31,32|10,11,15,22,29,38
1,8,9,15,20,28|2,3,6,22,25,32|10,11,14,29,31,38
1,8,9,22,28,31|2,3,11,14,25,32|6,10,15,20,29,38
1,11,25,29,31,38|2,3,14,22,28,32|6,8,9,10,15,20
1,14,20,25,29,38|2,3,6,28,31,32|8,9,10,11,15,22
1,15,20,28,29,38|2,3,6,22,25,32|8,9,10,11,14,31
1,22,28,29,31,38|2,3,11,14,25,32|6,8,9,10,15,20
2,3,14,20,31,32|6,8,10,15,26,29|11,22,25,28,34,40
1,2,13,17,23,40|3,8,11,16,18,34|6,7,9,12,15,33
1,2,16,17,19,23|3,8,13,20,34,40|6,7,9,12,15,33
1,3,8,13,29,38|2,14,19,23,27,32|6,7,9,12,15,33
1,3,9,16,23,40|2,6,15,18,33,38|7,8,12,13,17,32
1,11,13,17,30,33|2,10,16,19,23,29|3,8,14,18,31,34
2,10,13,23,29,40|3,8,11,16,18,34|6,7,9,12,15,33
2,10,16,19,23,29|3,8,13,20,34,40|6,7,9,12,15,33
2,13,18,20,23,32|3,8,14,19,25,34|6,7,9,12,15,33
2,14,19,23,27,32|3,8,11,16,18,34|6,7,9,12,15,33
2,16,19,23,26,40|3,8,14,18,31,34|6,7,9,12,15,33
3,8,13,20,34,40|6,7,9,12,15,33|11,14,19,27,30,38
3,8,14,19,25,34|6,7,9,12,15,33|11,13,18,20,30,38
3,8,15,18,22,34|7,11,12,13,29,38|14,19,26,30,31,33
3,8,15,19,28,34|7,11,12,13,29,38|18,25,30,31,32,33
3,8,16,19,20,34|6,7,9,12,15,33|18,25,30,31,38,40
3,11,16,33,34,40|6,19,22,27,30,38|7,8,12,13,17,32
3,13,17,20,23,29|6,7,9,12,15,33|8,18,27,30,31,32
3,14,31,33,34,40|6,19,22,27,30,38|7,8,9,11,12,13
1,2,8,13,17,33|3,16,19,23,26,32|6,18,22,27,30,38
1,2,16,17,18,23|3,8,14,27,34,40|7,9,12,15,22,33
1,3,8,9,16,33|2,11,13,19,23,26|6,18,22,27,30,38
1,3,9,11,13,23|2,8,14,19,27,38|7,12,16,17,32,33
1,3,13,17,23,32|2,8,14,19,27,38|7,9,11,12,16,33
1,3,16,29,33,38|2,11,13,19,23,26|8,18,25,27,30,32
1,27,29,30,31,33|2,8,13,18,20,38|3,16,19,23,26,32
2,8,10,13,29,33|3,16,19,23,26,32|6,18,22,27,30,38
2,8,13,18,20,38|3,14,17,23,27,29|7,9,11,12,16,33
2,8,14,19,27,38|3,10,13,23,29,32|7,9,11,12,16,33
2,8,16,19,26,33|3,10,13,23,29,32|6,18,22,27,30,38
2,10,16,18,23,29|3,8,14,27,34,40|7,9,12,15,22,33
2,11,13,19,23,26|3,8,14,18,25,34|7,9,12,15,22,33
2,14,18,23,27,32|3,8,19,25,31,34|7,9,11,12,16,33
2,16,18,23,26,40|3,8,19,25,31,34|7,9,12,15,22,33
2,19,23,27,31,32|3,8,14,18,25,34|7,9,11,12,16,33
3,8,14,18,25,34|6,19,27,28,30,38|7,9,11,12,16,33
3,8,15,18,28,34|7,9,11,12,16,33|14,19,20,27,30,38
3,8,16,18,20,34|6,19,27,28,30,38|7,9,12,14,31,33
3,8,19,25,31,34|6,18,22,27,30,38|7,9,11,12,16,33
3,10,13,23,29,32|6,18,22,27,30,38|7,9,11,12,16,33
3,13,23,26,32,40|6,18,22,27,30,38|7,9,11,12,16,33
3,14,17,23,27,29|7,8,9,12,13,20|11,16,18,26,30,33
3,14,25,33,34,40|6,18,22,27,30,38|7,8,9,12,13,20
3,15,28,33,34,40|6,18,22,27,30,38|7,8,9,12,13,20
3,16,19,23,26,32|6,18,22,27,30,38|7,8,9,12,13,20
3,16,20,33,34,40|6,18,22,27,30,38|7,8,12,13,26,29
1,2,13,23,29,40|3,6,8,15,19,34|11,16,18,30,32,33
1,2,16,18,23,29|3,6,15,33,34,40|8,11,13,19,26,30
1,3,13,23,29,32|2,6,15,19,33,38|7,8,9,12,16,40
2,8,16,18,32,33|3,11,13,17,23,29|19,25,30,31,38,40
2,8,16,18,38,40|3,11,13,17,23,29|6,15,19,26,30,33
2,13,19,20,23,32|3,6,8,15,18,34|7,12,16,29,38,40
3,6,8,15,18,34|7,12,16,29,32,33|11,13,19,20,30,38
3,8,14,19,31,34|7,12,16,29,32,33|15,18,28,30,38,40
3,8,15,19,22,34|7,12,16,29,32,33|14,18,25,30,38,40
3,11,13,17,23,29|6,15,19,26,30,33|7,8,9,12,16,40
2,8,18,25,27,38|3,9,10,13,20,23|7,12,16,17,26,33
1,3,8,13,17,38|2,18,23,27,31,32|7,9,12,14,25,33
1,3,9,13,20,23|2,8,14,18,27,38|7,12,16,26,29,33
1,3,13,23,26,29|2,8,14,18,27,38|7,9,12,15,28,33
1,10,13,30,38,40|2,8,16,18,26,33|3,17,23,27,29,31
1,10,16,19,30,38|2,11,13,18,23,26|3,8,27,31,34,40|7,9,12,14,25,33
1,25,27,29,30,33|2,10,13,17,23,40|3,8,16,19,26,38
2,8,14,18,27,38|3,9,10,16,23,40|19,25,26,30,31,33
2,8,19,27,31,38|3,9,10,16,23,40|14,18,25,26,30,33
2,10,13,17,23,40|3,8,16,19,26,38|7,9,12,14,25,33
2,10,16,17,19,23|3,8,13,26,32,33|6,18,27,28,30,38
2,11,13,18,23,26|3,8,27,31,34,40|7,9,12,14,25,33
2,13,19,20,23,26|3,8,18,25,31,34|7,9,12,15,28,33
2,18,23,27,31,32|3,8,10,13,29,38|7,9,12,14,25,33
2,19,23,25,27,32|3,8,10,13,29,38|7,9,12,15,28,33
2,19,25,31,33,38|3,9,10,16,23,40|8,14,18,26,27,30
3,16,18,23,26,32|7,8,9,12,14,27|10,11,13,17,30,33
1,3,16,17,33,38|2,13,18,20,23,26|7,8,9,12,27,31
1,10,16,18,30,38|2,14,19,23,26,27|7,9,12,25,31,33
1,17,27,30,31,33|2,13,18,20,23,26|7,10,12,16,34,40
2,14,19,23,26,27|3,8,9,10,16,33|7,12,13,17,20,38
2,18,23,25,27,32|3,8,9,10,16,33|7,12,13,17,20,38
1,2,11,21,23,29|3,6,8,14,31,34|15,22,28,30,32,33
1,2,15,23,29,31|3,6,8,11,16,34|14,22,25,30,32,33
1,2,16,22,23,29|3,6,8,14,31,34|11,15,25,30,32,33
1,2,11,17,21,23|3,6,8,25,31,34|14,15,20,26,30,33
1,2,15,17,23,31|3,8,11,16,28,34|6,14,20,27,30,38
1,2,16,17,22,23|3,6,8,25,31,34|11,13,20,28,30,38
2,10,11,21,23,29|3,6,8,25,31,34|14,15,20,26,30,33
2,10,15,23,29,31|3,8,11,16,28,34|6,14,20,27,30,38
2,10,16,22,23,29|3,6,8,25,31,34|11,13,20,28,30,38
2,13,20,23,28,32|3,6,8,25,31,34|11,14,22,27,30,38
2,14,22,23,27,32|3,6,8,25,31,34|11,13,20,28,30,38
2,14,22,31,33,38|3,6,16,23,26,32|8,10,11,17,21,30
2,15,23,26,31,40|3,8,11,16,28,34|6,14,20,27,30,38
2,16,22,23,26,40|3,6,8,25,31,34|11,13,20,28,30,38
1,2,6,16,17,23|3,8,11,15,31,34|14,25,28,30,32,33
1,2,14,15,17,23|3,6,8,16,20,34|22,25,30,31,32,33
1,2,16,23,28,29|3,6,8,14,25,34|11,13,20,22,30,38
2,6,10,16,23,29|3,8,11,15,31,34|14,25,28,30,32,33
2,6,14,23,27,32|3,8,11,15,31,34|16,20,28,30,38,40
2,6,16,23,26,40|3,8,11,15,31,34|14,25,28,30,32,33
2,10,14,15,23,29|3,6,8,16,20,34|22,25,30,31,32,33
2,14,15,23,26,40|3,6,8,16,20,34|22,25,30,31,32,33
1,10,11,21,30,38|2,6,14,23,26,27|3,8,25,28,31,34
1,10,16,22,30,38|2,6,14,23,26,27|3,8,25,28,31,34
1,10,14,15,30,38|2,6,13,20,23,26|3,8,22,25,31,34
2,6,13,20,23,26|3,8,14,25,28,34|11,22,27,30,31,38
2,11,13,22,23,26|3,8,14,25,28,34|6,20,27,30,31,38
2,15,23,25,26,40|3,8,16,20,28,34|11,22,27,30,31,38
2,16,23,26,28,40|3,8,15,20,25,34|11,22,27,30,31,38
2,20,21,23,26,40|3,8,14,25,28,34|11,22,27,30,31,38
1,6,8,9,27,40|2,3,11,15,18,32|10,14,19,22,29,38
1,6,9,25,33,40|2,3,11,15,18,32|10,14,19,22,29,38
1,6,27,29,32,33|8,9,10,11,15,19|14,18,20,28,34,40
1,6,27,29,38,40|2,3,11,15,18,32|8,9,10,14,19,22
1,9,14,28,33,40|2,3,6,18,31,32|10,11,15,19,29,38
1,9,15,20,33,40|2,3,6,18,31,32|10,14,19,22,29,38
1,15,26,29,33,40|2,3,6,18,31,32|8,9,10,14,19,22
1,19,28,29,31,38|2,3,11,15,18,32|6,9,10,14,33,40
2,3,6,18,31,32|8,9,10,11,15,19|17,25,28,29,33,40
2,3,11,15,18,32|6,8,9,10,19,31|17,25,28,29,33,40
2,3,14,18,22,32|6,8,9,10,19,31|17,25,28,29,33,40
2,3,14,19,28,32|6,11,17,27,29,33|18,20,22,31,34,40
2,3,15,19,20,32|6,8,9,10,14,18|17,25,28,29,33,40
2,3,19,22,31,32|6,8,9,10,14,18|17,25,28,29,33,40
6,11,17,27,29,33|8,9,10,14,19,22|18,28,31,32,38,40
1,6,8,9,18,31|2,3,11,15,19,32|17,22,25,29,33,40
1,6,9,31,33,40|2,3,11,15,19,32|8,17,18,22,25,29
1,8,9,11,15,18|2,3,6,19,31,32|17,22,25,29,33,40
1,8,9,15,19,20|2,3,6,14,18,32|17,22,25,29,33,40
1,9,11,15,33,40|2,3,6,14,18,32|8,17,19,25,28,29
1,2,3,22,27,29|6,10,17,18,31,38|19,25,26,28,32,33
1,6,10,19,25,34|2,3,11,15,18,26|17,20,27,28,29,33
1,9,11,22,27,33|2,3,6,18,26,31|10,14,17,19,28,38
1,10,11,15,18,34|2,3,6,19,25,26|17,20,27,28,29,33
1,10,14,18,22,34|2,3,6,19,25,26|17,20,27,28,29,33
1,10,15,18,32,38|2,3,6,19,25,26|17,20,27,28,29,33
1,10,19,22,31,34|2,3,11,15,18,26|17,20,27,28,29,33
1,17,18,28,31,38|2,3,6,19,25,26|8,9,10,22,27,40
1,17,19,25,28,38|2,3,6,18,26,31|8,9,10,22,27,40
1,17,22,27,32,33|2,3,6,18,26,31|8,9,10,19,25,28
1,17,22,27,38,40|2,3,6,18,26,31|8,9,10,19,25,28
1,9,20,22,27,33|2,3,6,18,25,26|10,17,19,28,31,38
1,2,3,15,17,40|6,8,9,10,18,31|11,19,22,27,32,38
1,6,10,14,19,34|2,3,15,18,20,32|11,17,22,27,29,33
1,6,17,18,31,38|2,3,10,15,29,40|14,19,26,28,32,33
1,6,17,19,25,38|2,3,10,15,29,40|14,18,22,26,32,33
1,8,9,18,22,25|2,3,6,14,19,26|10,15,17,32,33,40
1,8,9,18,28,31|2,3,6,14,19,26|10,15,17,32,33,40
1,8,9,19,25,28|2,3,6,27,32,40|10,11,15,18,29,38
1,8,9,22,27,40|2,3,6,14,19,26|10,11,15,18,29,38
1,8,15,17,19,26|2,3,6,18,25,32|9,10,14,22,33,40
1,9,22,25,33,40|2,3,6,14,19,26|8,10,15,17,18,32
1,9,28,31,33,40|2,3,6,14,19,26|8,10,15,17,18,32
1,14,17,18,22,38|2,3,6,27,32,40|8,9,10,15,19,20
1,14,17,19,28,38|2,3,6,18,25,32|9,10,11,15,33,40
1,15,17,19,20,38|2,3,6,18,25,32|9,10,14,22,33,40
1,17,19,22,31,38|2,3,6,18,25,32|9,10,11,15,33,40
1,18,22,25,29,38|2,3,6,14,19,26|9,10,11,15,33,40
1,18,28,29,31,38|2,3,6,14,19,26|9,10,11,15,33,40
1,19,25,28,29,38|2,3,6,27,32,40|8,9,10,11,15,18
1,22,27,29,32,33|2,3,6,14,19,26|8,9,10,11,15,18
1,22,27,29,38,40|2,3,6,14,19,26|8,9,10,11,15,18
2,3,6,18,25,32|8,9,10,14,19,28|11,17,22,27,29,33
2,3,14,18,28,32|6,8,9,10,19,25|11,17,22,27,29,33
2,3,15,18,20,32|6,8,9,10,19,25|11,17,22,27,29,33
2,3,19,28,31,32|6,17,20,27,29,33|8,9,10,11,15,18
6,8,9,10,18,31|11,17,22,27,29,33|14,19,26,28,38,40
6,17,20,27,29,33|8,9,10,11,15,18|14,19,26,28,38,40
6,18,26,31,38,40|8,9,10,14,19,28|11,17,22,27,29,33
8,9,10,15,19,20|11,17,22,27,29,33|18,25,28,32,38,40
1,2,3,6,27,29|8,9,10,14,18,28|19,22,25,26,32,33
1,6,9,11,27,33|2,3,14,19,22,26|10,15,18,20,29,38
1,6,10,14,18,34|2,3,11,15,19,26|17,20,22,27,29,33
1,6,10,19,31,34|2,3,18,22,25,32|11,17,27,28,29,33
1,6,17,18,25,38|2,3,11,15,19,26|9,10,14,28,33,40
1,6,17,27,32,33|2,3,11,15,19,26|8,9,10,14,18,28
1,6,17,27,38,40|2,3,11,15,19,26|8,9,10,14,18,28
1,8,9,18,25,28|2,3,6,19,26,31|17,20,22,27,29,33
1,8,9,27,28,40|2,3,6,14,18,26|10,11,15,17,19,38
1,8,15,17,18,26|2,3,19,25,28,32|6,10,27,29,38,40
1,9,25,28,33,40|2,3,6,14,18,26|10,11,15,17,19,38
1,10,11,15,19,34|2,3,6,14,18,26|17,20,22,27,29,33
1,10,15,17,29,33|2,3,6,14,18,26|11,19,20,22,27,34
1,10,15,19,32,38|2,3,6,14,18,26|11,17,27,28,29,33
1,14,17,18,28,38|2,3,6,19,26,31|9,10,15,20,33,40
1,15,17,18,20,38|2,3,6,19,26,31|9,10,14,28,33,40
1,15,17,26,33,40|2,3,18,22,25,32|8,9,10,19,28,31
1,17,18,22,31,38|2,3,11,15,19,26|6,8,9,10,27,40
1,17,19,22,25,38|2,3,6,14,18,26|9,10,15,20,33,40
1,17,19,28,31,38|2,3,6,14,18,26|9,10,15,20,33,40
1,18,25,28,29,38|2,3,6,19,26,31|9,10,15,20,33,40
1,27,28,29,32,33|2,3,6,14,18,26|8,9,10,19,22,25
1,27,28,29,38,40|2,3,6,14,18,26|8,9,10,19,22,25
2,3,6,14,18,26|8,9,10,19,22,25|11,17,27,28,29,33
2,3,6,19,26,31|8,9,10,14,18,28|17,20,22,27,29,33
2,3,11,15,19,26|6,8,9,10,18,25|17,20,22,27,29,33
2,3,14,19,22,26|6,8,9,10,18,25|11,17,27,28,29,33
6,18,25,26,38,40|8,9,10,19,28,31|17,20,22,27,29,33
8,9,10,15,18,20|11,17,27,28,29,33|19,22,25,26,38,40
8,9,10,19,22,25|11,17,27,28,29,33|15,18,20,26,38,40
1,2,8,15,17,18|3,6,11,19,25,34|7,9,12,14,28,40
1,2,15,17,33,40|3,6,11,18,31,34|10,19,22,25,29,30
1,3,6,9,14,33|2,8,10,15,18,29|11,19,27,28,30,32
1,6,17,18,25,30|2,8,19,22,27,32|7,9,12,14,28,40
1,6,17,27,30,40|2,8,10,15,18,29|3,11,14,19,28,34
1,7,12,15,17,29|2,6,8,18,27,32|3,11,14,19,28,34
1,10,15,19,30,32|2,6,18,25,38,40|3,14,17,28,29,33
1,14,17,18,28,30|2,6,27,32,33,40|3,11,15,19,20,34
1,15,17,18,20,30|2,6,14,19,26,33|7,9,12,22,31,40
1,17,18,22,30,31|2,6,14,19,26,33|7,9,12,15,20,40
1,17,19,22,25,30|2,6,8,18,27,32|7,9,12,14,28,40
1,17,19,28,30,31|2,6,8,18,27,32|7,9,12,15,20,40
1,18,25,28,29,30|2,6,14,19,26,33|7,9,12,15,20,40
1,27,28,29,30,40|2,6,14,19,26,33|3,11,15,18,32,38
2,6,8,18,27,32|3,11,14,19,28,34|7,9,12,15,20,40
2,6,14,19,26,33|3,11,15,18,32,38|7,9,12,22,31,40
2,6,18,25,32,33|3,11,14,19,28,34|7,9,12,15,20,40
2,6,27,32,33,40|3,11,14,18,22,34|10,19,28,29,30,31
2,8,10,15,18,29|3,6,11,19,25,34|7,9,12,14,28,40
2,8,19,22,27,32|3,6,11,18,31,34|7,9,12,14,28,40
2,10,15,29,33,40|3,6,11,18,31,34|19,20,22,27,30,32
2,14,18,28,32,33|3,6,8,17,27,29|7,9,12,15,20,40
2,15,18,20,32,33|3,6,8,17,27,29|7,9,12,14,28,40
2,18,22,31,32,33|3,6,8,17,27,29|7,9,12,14,28,40
2,19,22,25,32,33|3,6,8,17,27,29|7,9,12,14,28,40
2,19,28,31,32,33|3,6,8,17,27,29|7,9,12,15,20,40
3,6,11,18,31,34|7,9,12,14,28,40|10,19,22,25,29,30
3,6,11,19,25,34|7,9,12,14,28,40|10,15,18,20,29,30
3,6,14,18,20,34|7,9,12,22,31,40|10,11,15,17,19,30
3,6,17,25,29,33|7,9,12,14,28,40|11,18,22,27,30,32
3,6,18,31,32,38|7,9,12,14,28,40|10,11,15,17,19,30
3,6,19,20,31,34|7,9,12,14,28,40|11,18,22,27,30,32
3,6,19,25,32,38|7,9,12,14,28,40|10,15,18,20,29,30
3,8,15,19,26,32|6,7,9,12,25,40|10,14,18,28,29,30
3,11,14,18,22,34|6,7,9,12,25,40|10,19,28,29,30,31
3,11,14,19,28,34|6,7,9,12,25,40|10,15,18,20,29,30
3,11,15,18,32,38|6,7,9,12,25,40|10,14,17,19,22,30
3,11,15,19,20,34|6,7,9,12,25,40|10,14,18,28,29,30
3,11,19,22,31,34|6,7,9,12,25,40|10,14,18,28,29,30
3,14,17,28,29,33|6,7,9,12,25,40|11,18,22,27,30,32
3,14,18,22,32,38|6,7,9,12,25,40|10,11,15,17,19,30
3,14,19,28,32,38|6,7,9,12,25,40|10,15,18,20,29,30
3,15,17,20,29,33|6,7,9,12,25,40|11,18,22,27,30,32
3,15,19,20,32,38|6,7,9,12,25,40|10,14,18,28,29,30
3,17,22,29,31,33|6,7,9,12,25,40|11,19,27,28,30,32
3,19,22,31,32,38|6,7,9,12,25,40|10,14,18,28,29,30
1,3,8,9,15,40|2,6,18,31,32,33|10,14,19,28,29,30
1,6,17,18,30,31|2,8,10,15,19,29|7,9,12,14,22,40
1,6,17,19,25,30|2,11,15,18,32,33|7,9,12,14,22,40
1,11,15,17,18,30|2,6,8,19,27,32|7,9,12,14,22,40
1,14,17,18,22,30|2,6,8,19,27,32|7,9,11,12,15,40
1,14,17,19,28,30|2,6,18,31,32,33|7,9,11,12,15,40
1,15,17,19,20,30|2,6,18,31,32,33|7,9,12,14,22,40
1,18,22,25,29,30|2,6,8,19,27,32|7,9,11,12,15,40
1,18,28,29,30,31|2,6,8,19,27,32|7,9,11,12,15,40
1,19,25,28,29,30|2,6,18,31,32,33|7,9,11,12,15,40
2,6,8,19,27,32|3,11,15,17,29,33|7,9,12,14,22,40
2,6,19,25,32,33|7,9,11,12,15,40|10,14,18,22,29,30
2,14,19,28,32,33|6,7,9,12,31,40|10,11,15,18,29,30
3,6,11,14,18,34|7,12,15,17,32,40|10,19,22,29,30,31
3,6,14,18,32,38|7,9,11,12,15,40|10,19,22,29,30,31
3,6,19,31,32,38|7,9,11,12,15,40|10,14,18,22,29,30
3,11,15,19,32,38|6,7,9,12,31,40|10,14,18,22,29,30
3,14,19,22,32,38|6,7,9,12,31,40|10,11,15,18,29,30
1,18,22,29,30,31|2,11,15,19,32,33|6,7,9,12,14,40
1,2,10,15,19,38|3,11,18,25,28,34|6,7,9,12,20,27
2,6,18,25,26,33|3,10,15,17,38,40|7,9,11,12,22,27
2,14,18,26,28,33|3,10,15,17,38,40|6,7,9,12,20,27
2,18,22,26,31,33|3,10,15,17,38,40|6,7,9,12,20,27
2,19,22,25,26,33|3,10,15,17,38,40|6,7,9,12,20,27
2,19,26,28,31,33|3,10,15,17,38,40|6,7,9,12,20,27
3,6,18,26,31,38|7,9,11,12,22,27|10,17,19,25,28,30
3,6,19,25,26,38|7,9,11,12,22,27|10,17,18,28,30,31
3,11,15,18,26,38|6,7,9,12,20,27|10,17,19,25,28,30
3,14,18,22,26,38|6,7,9,12,20,27|10,17,19,25,28,30
3,14,19,26,28,38|6,7,9,12,20,27|10,17,18,22,25,30
3,15,19,20,26,38|7,9,11,12,22,27|10,17,18,28,30,31
1,2,22,27,29,33|3,6,14,18,26,38|7,9,12,25,28,40
1,3,6,9,25,33|2,8,10,15,17,18|7,12,27,28,29,32
1,3,6,27,29,38|2,8,10,15,17,18|7,9,12,25,28,40
1,3,9,14,28,33|2,6,8,19,26,27|7,10,12,15,17,29
1,3,9,15,20,33|2,6,8,19,26,27|10,14,17,18,28,30
1,3,9,22,31,33|2,6,8,19,26,27|7,10,12,15,17,29
1,3,15,26,29,33|2,6,11,18,27,38|7,9,12,25,28,40
1,17,27,28,30,40|2,6,18,26,31,33|3,19,20,22,25,34
2,6,8,19,26,27|3,11,18,22,25,34|7,10,12,15,17,29
2,6,19,20,27,38|3,11,18,22,25,34|7,10,12,15,17,29
2,8,10,15,17,18|3,6,19,26,31,38|7,9,12,25,28,40
2,8,18,27,28,32|3,6,9,10,14,33|7,12,15,17,26,40
2,10,15,17,33,40|3,6,14,18,26,38|7,12,27,28,29,32
2,11,15,18,26,33|3,6,20,27,34,40|10,17,19,22,25,30
2,11,19,22,27,38|3,6,9,10,14,33|7,12,15,17,26,40
2,14,18,22,26,33|3,6,20,27,34,40|7,10,12,15,17,29
2,14,19,26,28,33|3,6,18,20,25,34|7,10,12,15,17,29
2,18,25,28,32,33|3,6,19,26,31,38|7,10,12,15,17,29
2,18,25,28,38,40|3,6,9,10,14,33|11,19,22,26,27,30
2,19,22,26,31,33|3,6,18,20,25,34|7,10,12,15,17,29
2,27,28,32,33,40|3,6,14,18,26,38|7,10,12,15,17,29
3,6,9,10,14,33|7,12,15,17,26,40|18,20,27,28,30,32
3,6,18,20,25,34|7,10,12,15,17,29|11,19,22,26,27,30
3,6,19,26,31,38|7,9,12,25,28,40|10,15,17,18,20,30
3,11,15,19,26,38|6,7,12,17,27,32|10,18,25,28,29,30
3,14,18,20,28,34|6,7,9,11,12,27|10,17,19,22,25,30
3,14,19,22,26,38|6,7,9,11,12,27|10,15,17,18,20,30
3,18,22,25,32,38|6,7,9,11,12,27|10,17,19,28,30,31
3,18,28,31,32,38|6,7,9,11,12,27|10,17,19,22,25,30
3,19,20,22,25,34|6,7,9,11,12,27|10,14,17,18,28,30
3,19,25,28,32,38|6,7,9,11,12,27|10,15,17,18,20,30
1,3,6,9,31,33|2,8,10,15,17,19|7,12,22,27,29,32
1,3,9,11,15,33|2,8,18,22,27,32|6,10,17,19,25,30
1,3,9,14,22,33|2,6,11,19,27,38|10,18,28,29,30,31
1,3,15,17,32,33|2,6,11,19,27,38|7,9,12,22,25,40|10,18,28,29,30,31
1,3,15,17,38,40|2,6,14,18,26,33|7,12,22,27,29,32
1,10,15,18,30,32|2,6,11,19,27,38|3,17,22,25,29,33|7,9,12,28,31,40
1,17,18,22,25,30|2,6,11,19,27,38|3,8,9,10,15,40
1,17,18,28,30,31|2,6,11,19,27,38|3,8,9,10,15,40
1,17,19,25,28,30|2,6,14,18,26,33|3,8,9,10,15,40|7,12,22,27,29,32
1,17,22,27,30,40|2,6,14,18,26,33|3,11,19,28,31,34
2,6,14,18,26,33|3,8,9,10,15,40|7,12,22,27,29,32
2,6,19,26,31,33|3,8,9,10,15,40|7,12,22,27,29,32
2,8,10,15,17,19|3,6,11,18,25,34|7,9,12,28,31,40
2,8,18,22,27,32|3,6,14,19,26,38|7,9,12,28,31,40
2,11,15,19,26,33|3,6,18,20,31,34|7,9,12,22,25,40
2,14,19,22,26,33|3,6,11,18,25,34|7,9,12,28,31,40
2,18,22,25,32,33|3,6,11,27,34,40|10,14,17,19,28,30
2,18,22,25,38,40|3,10,15,29,32,33|6,11,19,26,27,30
2,18,28,31,32,33|3,6,11,27,34,40|10,15,17,19,20,30
2,18,28,31,38,40|3,6,19,20,25,34|7,12,22,27,29,32
2,19,25,28,32,33|3,6,11,27,34,40|10,14,17,18,22,30
2,19,25,28,38,40|3,6,18,20,31,34|7,12,22,27,29,32
2,22,27,32,33,40|3,6,11,18,25,34|10,14,17,19,28,30
3,6,11,18,25,34|7,9,12,28,31,40|10,15,17,19,20,30
3,6,14,19,26,38|7,9,12,22,25,40|10,11,15,17,18,30
3,6,18,20,31,34|7,9,12,22,25,40|10,14,17,19,28,30
3,6,18,25,32,38|7,9,12,28,31,40|10,15,17,19,20,30
3,6,19,20,25,34|7,9,12,28,31,40|10,11,15,17,18,30
3,8,15,18,26,32|6,10,17,19,25,30|7,9,12,28,31,40
3,10,15,29,32,33|6,11,19,26,27,30|7,9,12,22,25,40
3,11,14,18,28,34|6,10,17,19,25,30|7,12,22,27,29,32
3,11,15,18,20,34|6,10,17,19,25,30|7,9,12,28,31,40
3,14,18,20,22,34|6,10,17,19,25,30|7,9,12,28,31,40
3,14,19,20,28,34|6,10,17,18,30,31|7,9,12,22,25,40
3,15,18,20,32,38|6,10,17,19,25,30|7,9,12,28,31,40
3,17,22,25,29,33|6,11,19,26,27,30|7,9,12,28,31,40
3,17,28,29,31,33|6,11,19,26,27,30|7,9,12,22,25,40
3,19,28,31,32,38|7,9,12,22,25,40|10,11,15,17,18,30
1,3,14,30,31,33|2,7,8,11,12,13|6,10,15,19,23,38
1,14,18,23,31,38|2,6,7,12,15,33|3,8,10,16,30,40
1,14,19,23,25,38|2,6,7,12,15,33|3,8,10,16,30,40
1,2,3,8,16,33|6,7,12,22,27,30|10,11,13,23,38,40
1,2,3,11,13,23|6,7,12,22,27,30|8,10,16,33,38,40
1,3,8,14,27,30|2,7,11,12,16,33|6,10,15,18,23,38
1,3,14,25,30,33|2,7,8,12,13,20|6,10,15,18,23,38
1,3,15,28,30,33|2,7,8,12,13,20|10,11,16,19,23,38
1,14,18,23,25,38|2,7,8,12,13,20|3,6,10,15,30,33
1,14,23,27,38,40|2,7,8,12,13,20|3,6,10,15,30,33
1,16,18,20,23,38|2,7,12,14,31,33|3,8,10,11,13,30
1,19,23,25,31,38|2,7,8,12,13,20|3,6,10,15,30,33
1,3,8,27,30,31|2,7,12,14,25,33|10,11,16,18,23,38
1,3,25,30,31,33|2,7,8,12,14,27|10,11,16,18,23,38
1,18,23,25,31,38|2,7,8,12,14,27|3,10,11,16,30,33
1,23,27,31,38,40|2,7,12,14,25,33|3,8,10,13,20,30
1,8,9,11,16,25|2,3,6,20,21,32|10,14,15,22,29,38
1,8,9,15,28,31|2,3,6,20,21,32|10,11,14,16,29,38
1,8,9,20,21,22|2,3,6,15,25,32|10,11,14,16,29,38
1,8,11,26,29,39|2,3,6,15,25,32|16,20,22,28,34,40
1,8,16,17,25,32|6,10,11,21,29,38|15,20,28,31,34,40
1,8,16,26,29,31|2,3,6,15,25,32|11,20,21,28,34,40
1,8,17,20,32,39|6,10,11,21,29,38|14,22,25,28,34,40
1,8,17,21,28,32|6,10,15,29,31,38|11,16,20,25,34,40
1,11,16,25,29,38|2,3,6,20,21,32|8,9,10,14,15,22
1,15,28,29,31,38|2,3,6,20,21,32|8,9,10,11,14,16
1,20,21,22,29,38|2,3,6,15,25,32|8,9,10,11,14,16
6,8,13,26,28,32|10,11,14,16,29,38|15,20,22,25,34,40
1,6,8,21,26,29|2,3,11,14,16,32|15,20,22,31,34,40
1,8,14,16,26,29|2,3,6,11,21,32|15,20,22,31,34,40
1,8,16,17,31,32|6,10,14,15,29,38|11,20,21,22,34,40
1,8,17,21,22,32|6,10,14,15,29,38|11,16,20,31,34,40
1,6,10,16,28,34|2,3,11,21,22,26|14,20,25,27,32,38
1,10,11,32,38,39|2,3,6,15,25,26|14,20,22,27,28,34
1,10,14,15,28,34|2,3,6,20,21,26|11,25,27,31,32,38
1,10,14,16,20,34|2,3,6,15,25,26|22,27,28,31,32,38
1,10,15,22,31,34|2,3,6,16,26,28|14,20,25,27,32,38
1,10,16,31,32,38|2,3,6,15,25,26|14,20,22,27,28,34
2,3,11,16,26,31|6,10,15,17,25,38|14,20,22,27,28,34
2,3,14,16,20,26|6,10,15,17,25,38|11,22,27,28,31,34
2,3,15,22,26,31|6,10,16,17,28,38|11,14,20,25,27,34
1,6,8,17,21,26|2,3,11,16,25,32|10,14,15,28,29,38
1,6,15,17,25,38|2,3,11,20,32,39|8,10,14,16,26,29
1,6,16,17,28,38|2,3,11,20,32,39|8,9,10,15,22,31
1,6,17,20,21,38|2,3,11,16,25,32|8,9,10,14,15,28
1,8,9,16,20,25|2,3,6,14,15,26|10,11,21,22,29,38
1,8,9,20,21,28|2,3,6,14,15,26|10,11,16,29,31,38
1,8,14,16,17,26|2,3,11,20,32,39|6,10,15,25,29,38
1,8,16,25,26,29|2,3,11,20,32,39|6,10,14,15,17,38
1,8,20,26,29,39|2,3,11,16,25,32|6,10,14,15,17,38
1,8,21,26,28,29|2,3,11,16,25,32|6,10,14,15,17,38
1,14,15,17,28,38|2,3,11,16,25,32|6,8,9,10,20,21
1,14,16,17,20,38|2,3,11,21,28,32|6,8,9,10,15,25
1,15,17,22,31,38|2,3,11,16,25,32|6,8,9,10,20,21
1,16,20,25,29,38|2,3,6,14,15,26|8,9,10,11,21,22
1,20,21,28,29,38|2,3,6,14,15,26|8,9,10,11,16,31
2,3,6,14,15,26|8,9,10,11,16,31|13,20,22,28,32,38
2,3,11,16,25,32|6,8,9,10,20,21|14,15,26,28,38,40
2,3,11,21,28,32|6,8,9,10,15,25|14,16,20,26,38,40
2,3,14,25,31,32|6,8,9,10,16,28|11,21,22,26,38,40
2,3,16,20,31,32|6,8,9,10,15,25|11,21,22,26,38,40
2,3,20,21,22,32|6,8,9,10,15,25|11,16,26,31,38,40
1,6,10,16,22,34|2,3,15,25,28,32|11,13,14,20,26,38
1,8,11,17,26,39|2,3,15,25,28,32|6,20,22,27,31,34
1,8,16,17,26,31|2,3,15,25,28,32|10,11,20,29,38,39
1,8,17,21,22,26|2,3,15,25,28,32|10,11,20,29,38,39
1,11,16,17,25,38|2,3,6,15,26,31|8,9,10,20,21,22
1,11,17,20,38,39|2,3,6,15,26,31|8,9,10,16,22,28
1,14,17,25,31,38|2,3,6,11,21,26|8,9,10,16,22,28
1,15,17,22,25,38|2,3,6,11,21,26|8,9,10,16,20,31
1,16,17,20,31,38|2,3,6,11,21,26|8,9,10,15,22,25
1,16,17,22,28,38|2,3,6,11,21,26|8,9,10,14,25,31
1,17,20,21,22,38|2,3,6,15,26,31|8,9,10,11,16,25
2,3,6,11,21,26|8,9,10,14,25,31|15,20,22,27,32,38
2,3,6,15,26,31|8,9,10,11,16,25|14,22,27,28,32,38
1,2,8,11,17,39|3,6,14,22,25,34|10,15,28,29,30,31
1,2,8,16,17,31|3,6,11,15,25,34|10,20,21,22,29,30
1,2,8,17,21,22|3,6,11,15,25,34|10,16,20,29,30,31
1,11,16,17,25,30|2,6,8,13,22,26|3,14,15,28,32,38
1,11,17,20,30,39|2,6,8,13,22,26|3,14,15,28,32,38
1,11,17,21,28,30|2,6,8,13,22,26|3,14,16,20,32,38
1,15,17,22,25,30|2,6,11,13,28,38|3,8,14,16,26,32
1,15,17,28,30,31|2,6,8,13,22,26|3,11,14,16,20,34
1,16,17,20,30,31|2,6,8,13,22,26|3,11,14,15,28,34
1,17,20,21,22,30|2,6,11,13,28,38|3,8,14,16,26,32
2,6,8,13,22,26|3,11,14,15,28,34|10,16,20,29,30,31
2,6,11,13,28,38|3,8,14,16,26,32|10,15,22,25,29,30
2,6,13,20,22,38|3,8,14,16,26,32|10,11,21,28,29,30
2,6,14,15,26,33|3,11,16,31,32,38|10,20,21,22,29,30
2,8,10,11,29,39|3,6,14,22,25,34|15,26,28,30,31,40
2,8,10,16,29,31|3,6,11,15,25,34|14,22,27,28,30,32
2,8,10,21,22,29|3,6,11,15,25,34|14,20,27,30,31,32
2,8,11,13,14,26|3,6,15,20,31,34|10,16,22,28,29,30
2,8,11,16,27,32|3,6,14,22,25,34|10,15,28,29,30,31
2,8,11,26,39,40|3,6,14,22,25,34|10,15,28,29,30,31
2,8,13,20,25,32|3,6,11,16,28,34|10,14,15,17,22,30
2,8,14,27,31,32|3,6,11,15,25,34|10,16,22,28,29,30
2,8,15,22,27,32|3,6,11,16,28,34|10,14,25,29,30,31
2,8,16,26,31,40|3,6,11,15,25,34|10,20,21,22,29,30
2,8,21,22,26,40|3,6,11,15,25,34|10,16,20,29,30,31
2,11,13,14,20,38|3,6,8,21,26,32|10,15,22,25,29,30
2,11,16,25,32,33|3,6,14,28,31,34|10,20,21,22,29,30
2,11,16,25,38,40|3,6,8,21,26,32|10,14,15,17,22,30
2,11,20,32,33,39|3,6,14,22,25,34|10,15,28,29,30,31
2,11,20,38,39,40|3,6,8,21,26,32|10,14,15,17,22,30
2,11,21,28,32,33|3,6,14,22,25,34|10,16,20,29,30,31
2,11,21,28,38,40|3,6,14,22,25,34|10,16,20,29,30,31
2,14,25,31,32,33|3,6,11,16,28,34|10,20,21,22,29,30
2,14,25,31,38,40|3,6,8,21,26,32|10,11,20,29,30,39
2,15,22,25,38,40|3,6,8,21,26,32|10,11,14,16,17,30
2,15,28,31,38,40|3,6,8,21,26,32|10,11,14,16,17,30
2,16,20,31,38,40|3,6,8,21,26,32|10,14,15,17,22,30
2,16,22,28,38,40|3,6,8,21,26,32|10,11,20,29,30,39
1,2,8,14,16,17|3,6,11,15,31,34|13,20,22,28,30,32
1,2,8,16,25,29|3,6,11,15,31,34|13,20,22,28,30,32
1,2,8,21,28,29|3,6,11,15,31,34|14,16,20,26,30,40
1,11,16,17,30,31|2,6,8,10,21,29|3,14,15,22,32,38
1,15,17,22,30,31|2,6,8,10,21,29|3,11,14,16,32,38
1,15,25,28,29,30|2,6,8,21,26,40|3,11,14,16,32,38
2,8,10,14,16,29|3,6,11,15,31,34|13,20,22,28,30,32
2,8,13,20,31,32|3,6,11,16,22,34|10,14,15,28,29,30
2,8,13,22,28,32|3,6,11,15,31,34|10,14,16,20,29,30
2,8,14,16,26,40|3,6,11,15,31,34|13,20,22,28,30,32
1,2,8,16,29,31|3,6,11,14,15,34|20,21,28,30,32,40
1,2,8,21,22,29|3,6,11,14,15,34|16,20,25,30,32,40
1,10,16,25,30,32|2,6,8,15,26,27|3,11,20,21,28,34
1,10,20,30,32,39|2,6,8,15,26,27|3,14,22,25,28,34
1,10,21,28,30,32|2,6,8,15,26,27|3,11,16,20,25,34
2,6,14,27,28,38|3,8,16,25,26,32|10,11,17,20,30,39
2,6,15,20,27,38|3,8,16,25,26,32|10,11,17,21,28,30
2,6,22,27,31,38|3,8,16,25,26,32|10,11,17,20,30,39
2,8,10,11,17,39|3,6,15,26,31,38|22,25,27,28,30,32
2,8,10,16,17,31|3,6,11,21,26,38|22,25,27,28,30,32
2,8,25,27,31,32|3,6,11,21,26,38|10,16,17,22,28,30
2,11,14,27,31,38|3,8,16,25,26,32|10,17,20,21,22,30
1,2,8,16,17,25|3,6,14,15,26,38|10,20,21,28,29,30
1,2,8,17,20,39|3,6,14,15,26,38|11,25,27,30,31,32
1,2,8,17,21,28|3,6,14,15,26,38|10,16,20,25,29,30
