8,9,13,27,31,32|11,17,19,25,34,39|15,18,21,26,29,38
9,13,25,31,32,33|14,16,17,27,34,40|15,18,21,26,29,38
1,2,18,31,34,39|3,8,9,13,16,26|6,7,15,25,27,35
1,2,19,25,34,39|3,8,9,13,16,26|6,7,20,21,27,35
1,9,10,13,16,30|2,17,18,31,38,39|3,21,22,27,29,34
2,10,14,19,34,39|3,8,9,13,16,26|6,7,15,25,27,35
2,17,18,31,38,39|3,8,9,13,16,26|6,7,15,25,27,35
2,17,19,25,38,39|3,8,9,13,16,26|6,7,20,21,27,35
3,9,13,14,25,38|6,7,16,27,28,35|17,18,26,30,31,39
3,9,13,15,28,38|6,7,20,21,27,35|17,18,26,30,31,39
3,9,13,16,20,38|6,7,15,25,27,35|17,18,26,30,31,39
2,9,21,22,27,33|3,10,13,16,32,34|17,18,25,26,30,39
2,10,15,18,21,34|3,9,13,25,31,38|7,11,20,27,35,39
2,17,18,25,38,39|3,9,15,21,26,33|7,16,20,27,31,35
1,2,13,16,34,40|3,9,14,32,33,39|15,17,19,21,26,30
1,2,14,19,34,39|3,6,9,13,15,38|7,16,25,31,35,40
1,2,15,19,21,34|3,9,14,32,33,39|6,7,13,22,25,35
2,8,9,18,31,39|3,6,13,15,17,34|7,21,22,25,35,40
2,8,9,19,25,39|3,6,13,15,17,34|7,21,28,31,35,40
2,9,13,14,31,33|3,15,17,21,34,40|19,25,26,29,30,39
2,14,17,19,38,39|3,9,15,21,32,33|6,7,13,22,25,35
2,15,17,19,21,38|3,9,14,32,33,39|6,7,13,22,25,35
2,18,29,31,38,39|3,6,13,15,17,34|7,21,22,25,35,40
2,19,25,29,38,39|3,6,13,15,17,34|7,21,28,31,35,40
3,9,14,32,33,39|6,7,13,22,25,35|15,17,19,21,26,30
3,9,14,38,39,40|6,7,13,22,25,35|15,17,19,21,26,30
3,9,15,21,32,33|6,7,13,22,25,35|14,17,19,26,30,39
3,9,15,21,38,40|6,7,13,22,25,35|14,17,19,26,30,39
3,13,14,25,29,34|7,20,31,35,39,40|15,17,19,21,26,30
3,13,16,20,29,34|6,7,14,15,27,35|9,11,18,25,30,39
3,14,17,34,39,40|6,7,13,22,25,35|9,18,21,28,30,31
3,15,17,21,34,40|6,7,13,22,25,35|9,18,20,30,31,39
3,25,29,34,39,40|6,7,13,28,31,35|15,17,19,21,26,30
1,2,14,18,34,39|3,9,11,13,16,38|6,7,15,27,31,35
1,2,15,18,21,34|3,9,11,13,16,38|7,20,25,35,39,40
1,2,19,31,34,39|3,9,11,13,16,38|7,14,15,22,27,35
1,3,13,16,32,34|2,8,9,18,25,39|6,7,11,21,27,35
2,8,9,18,25,39|3,6,21,27,29,34|7,13,15,20,28,35
2,9,13,14,25,33|3,6,21,27,29,34|17,19,26,30,31,39
2,9,13,15,28,33|3,6,21,27,29,34|7,20,25,35,39,40
2,9,13,16,20,33|3,6,21,27,29,34|14,17,18,26,30,39
2,9,25,33,39,40|3,6,21,27,29,34|7,13,15,20,28,35
2,13,14,27,29,38|3,9,31,32,33,39|7,21,25,28,35,40
2,13,16,26,29,33|3,9,31,38,39,40|6,7,11,21,27,35
2,14,17,18,38,39|3,6,21,27,29,34|7,11,13,25,31,35
2,15,17,18,21,38|3,9,31,32,33,39|6,7,13,25,28,35
2,17,19,31,38,39|3,6,21,27,29,34|7,13,14,20,25,35
2,18,25,29,38,39|3,11,13,16,17,34|6,7,15,27,31,35
2,27,29,32,33,39|3,9,11,13,16,38|7,21,25,28,35,40
2,27,29,38,39,40|3,11,13,16,17,34|9,18,21,25,28,30
3,9,11,13,16,38|6,7,15,27,31,35|14,17,18,26,30,39
3,9,13,14,31,38|6,7,11,21,27,35|18,25,26,29,30,39
3,9,13,15,22,38|6,7,11,21,27,35|14,17,18,26,30,39
3,11,13,16,17,34|6,7,15,27,31,35|9,18,20,25,30,39
3,13,14,17,31,34|6,7,11,21,27,35|9,18,20,25,30,39
3,13,15,17,22,34|6,7,11,21,27,35|9,18,20,25,30,39
3,13,16,17,32,38|6,7,11,21,27,35|9,18,20,25,30,39
3,13,25,29,31,34|6,7,11,21,27,35|14,17,18,26,30,39
3,14,16,27,29,34|6,7,13,25,28,35|15,17,18,21,26,30
1,13,16,17,29,30|2,8,9,14,19,39|6,7,21,31,35,40
2,13,16,29,32,33|6,7,21,31,35,40|9,11,14,18,30,39
3,6,13,15,29,34|7,11,14,35,39,40|9,19,21,22,30,31
3,14,29,34,39,40|6,7,11,13,15,35|9,19,21,22,30,31
3,15,21,29,34,40|6,7,13,14,22,35|9,11,19,30,31,39
2,8,9,14,18,39|3,11,13,16,29,34|6,7,21,25,35,40
2,8,9,15,18,21|3,11,13,16,29,34|6,7,28,35,39,40
2,8,9,19,31,39|3,11,13,16,29,34|6,7,21,25,35,40
2,9,15,21,33,40|3,11,13,16,29,34|17,18,30,31,32,39
2,14,18,29,38,39|3,8,9,13,16,32|6,7,21,25,35,40
2,15,18,21,29,38|3,8,9,13,16,32|6,7,28,35,39,40
2,19,29,31,38,39|3,8,9,13,16,32|6,7,21,25,35,40
3,8,9,13,16,32|6,7,21,25,35,40|14,18,26,29,30,39
3,11,13,16,29,34|6,7,21,25,35,40|9,14,18,20,30,39
3,13,14,29,31,34|6,7,21,25,35,40|9,15,16,18,28,30
3,13,15,22,29,34|6,7,21,25,35,40|9,11,18,30,31,39
3,13,16,29,32,38|6,7,21,25,35,40|9,11,18,30,31,39
3,29,31,34,39,40|6,7,13,14,28,35|9,15,18,20,21,30
1,16,20,23,25,29|2,3,8,11,21,22|6,14,28,31,33,38
1,6,10,21,23,32|2,3,8,11,16,25|14,15,20,28,33,38
1,10,14,16,23,32|2,3,8,11,20,39|6,22,25,31,33,38
3,13,21,28,29,34|6,7,15,16,27,35|9,18,25,30,31,39
1,8,10,15,21,32|2,3,6,11,28,39|16,20,25,31,38,40
2,3,6,11,21,25|8,10,14,16,17,31|20,22,28,32,33,39
2,3,6,11,28,39|8,10,14,16,17,31|20,21,22,25,32,33
2,3,6,16,22,25|8,10,11,14,17,39|20,21,28,31,32,33
2,3,6,16,28,31|8,10,11,14,17,39|20,21,22,25,32,33
2,3,6,20,21,31|8,10,11,14,17,39|16,22,25,28,32,33
2,3,6,21,22,28|8,10,11,14,17,39|16,20,25,31,32,33
2,3,11,14,16,25|6,8,10,17,21,31|20,22,28,32,33,39
2,3,11,14,20,39|6,8,10,17,21,31|16,22,25,28,32,33
2,3,11,14,21,28|6,8,10,17,22,39|16,20,25,31,32,33
2,3,14,16,20,31|6,8,10,17,22,39|11,21,25,28,32,33
2,3,14,16,22,28|6,8,10,17,21,31|11,20,25,32,33,39
1,6,10,14,21,38|2,3,11,16,25,31|8,13,15,20,26,28
1,6,10,15,16,38|2,3,11,20,31,39|8,21,25,26,28,40
1,8,10,31,32,39|2,3,6,16,25,28|11,15,20,21,26,33
2,3,6,16,25,28|8,10,11,17,31,39|14,15,20,22,27,38
2,3,6,20,21,25|8,10,11,17,31,39|14,16,22,26,28,33
2,3,6,20,28,39|8,10,14,16,17,25|11,15,22,27,31,38
2,3,11,16,25,31|6,8,10,17,28,39|14,15,20,22,27,38
2,3,11,20,31,39|6,8,10,17,21,25|14,16,22,26,28,33
2,3,11,21,22,25|6,8,10,17,28,39|14,16,20,26,31,33
2,3,11,22,28,39|6,8,10,17,21,25|14,16,20,26,31,33
2,3,14,16,20,25|6,8,10,17,28,39|11,15,22,27,31,38
2,3,15,22,25,31|6,8,10,17,28,39|11,14,16,20,27,38
2,3,16,22,28,31|6,8,10,17,21,25|11,14,20,26,33,39
2,3,20,21,22,31|6,8,10,17,28,39|11,14,16,25,26,33
1,6,10,21,31,38|2,3,11,20,25,39|8,14,15,26,27,28
1,6,10,22,38,39|2,3,11,21,25,28|8,14,16,20,26,27
1,10,11,14,38,39|2,3,15,25,28,31|6,8,20,21,26,27
1,10,14,21,22,38|2,3,11,20,25,39|6,8,16,26,27,28
1,2,16,29,30,40|6,8,15,18,32,34|12,14,19,23,31,35
1,8,16,29,34,40|2,6,15,18,30,32|12,14,19,23,31,35
2,6,15,18,30,32|8,9,11,16,29,33|12,14,19,23,31,35
2,11,13,30,32,40|6,12,15,18,23,35|8,9,14,29,31,33
3,6,15,17,29,30|8,11,13,32,34,40|12,14,19,23,31,35
1,2,11,13,29,30|6,8,9,15,17,33|12,14,18,23,31,35
1,3,16,29,30,32|6,8,9,15,17,33|12,13,20,23,35,40
1,6,15,29,33,34|2,11,16,18,30,32|9,14,17,23,31,40
1,8,11,13,29,34|2,14,18,30,31,32|9,15,17,22,23,40
1,9,16,23,32,40|3,14,17,29,30,31|6,11,15,19,34,38
2,11,16,18,30,32|6,8,9,15,17,33|12,13,20,23,35,40
2,13,20,30,32,40|6,8,9,15,17,33|11,12,16,18,23,35
2,14,18,30,31,32|6,8,9,15,17,33|12,13,20,23,35,40
2,14,19,25,30,32|6,8,9,15,17,33|11,12,16,18,23,35
2,15,18,22,30,32|8,9,14,25,29,33|12,13,20,23,35,40
2,15,19,28,30,32|8,9,14,25,29,33|11,12,16,18,23,35
2,16,19,20,30,32|6,8,9,15,17,33|12,14,18,23,31,35
3,11,16,17,29,30|6,14,19,22,34,38|12,13,20,23,35,40
3,14,17,29,30,31|6,11,15,19,34,38|12,13,20,23,35,40
6,11,15,19,34,38|8,9,14,25,29,33|12,13,20,23,35,40
6,14,19,22,34,38|8,9,15,28,29,33|11,12,16,18,23,35
6,15,17,29,33,38|8,11,16,18,32,34|12,13,20,23,35,40
8,11,13,17,29,38|12,14,18,23,31,35|15,22,32,33,34,40
2,7,11,16,29,32|6,12,15,19,34,38|8,25,31,33,35,40
2,7,14,29,31,32|6,12,15,19,34,38|8,11,13,20,33,35
1,2,13,20,29,30|6,8,15,19,26,34|9,14,17,23,25,40
1,2,16,17,30,40|6,8,15,19,26,34|9,11,14,23,27,29
1,3,6,9,15,30|2,7,12,16,29,32|11,14,19,31,34,38
1,8,9,16,32,33|2,3,6,15,34,40|12,14,18,23,25,35
1,8,9,16,38,40|2,6,15,19,26,30|12,14,18,23,25,35
1,8,13,20,29,34|2,6,15,19,26,30|9,14,17,23,25,40
1,8,16,17,34,40|2,6,15,19,26,30|9,11,14,23,27,29
1,9,11,13,23,32|2,3,6,15,34,40|14,17,29,31,33,38
1,11,16,29,33,34|2,6,15,19,26,30|9,14,17,23,25,40
1,14,29,31,33,34|2,6,15,19,26,30|9,16,17,20,23,40
1,15,22,29,33,34|2,14,18,25,30,32|9,16,17,20,23,40
1,16,29,32,33,38|2,3,6,15,34,40|12,14,18,23,25,35
2,3,6,15,34,40|8,9,11,16,17,33|12,14,18,23,25,35
2,3,8,16,17,29|6,11,15,18,34,38|12,14,23,27,35,40
2,6,15,19,26,30|8,9,11,16,17,33|12,14,18,23,25,35
2,7,12,16,29,32|6,8,15,19,26,34|9,14,17,23,25,40
2,10,16,29,30,40|6,8,15,19,26,34|12,14,18,23,25,35
2,14,18,25,30,32|6,8,15,19,26,34|9,16,17,20,23,40
2,14,27,30,32,40|6,8,15,19,26,34|11,16,17,29,33,38
2,15,18,28,30,32|6,9,22,23,27,29|8,12,13,20,33,35|11,14,19,31,34,38
2,16,18,20,30,32|6,8,15,19,26,34|9,11,14,23,27,29
2,19,25,30,31,32|6,9,22,23,27,29|8,12,13,20,33,35
3,14,17,25,29,30|6,8,15,19,26,34|12,16,18,20,23,35
3,15,17,28,29,30|6,14,18,22,34,38|8,12,13,20,33,35
3,16,17,20,29,30|6,8,15,19,26,34|12,14,18,23,25,35
6,9,22,23,27,29|8,12,13,20,33,35|11,14,19,31,34,38
6,14,18,22,34,38|8,9,11,16,17,33|12,19,23,25,31,35
6,15,19,20,34,38|8,9,11,16,17,33|12,14,18,23,25,35
6,19,22,31,34,38|8,9,11,16,17,33|12,14,18,23,25,35
8,9,14,17,31,33|11,15,19,22,34,38|12,16,18,20,23,35
8,9,15,17,22,33|11,14,19,31,34,38|12,16,18,20,23,35
8,9,25,29,31,33|11,15,19,22,34,38|12,14,23,27,35,40
8,13,17,20,29,38|12,14,18,23,25,35|15,28,32,33,34,40
8,14,27,32,34,40|11,16,17,29,33,38|12,15,18,23,28,35
1,12,16,29,33,34|2,6,7,9,11,15|14,18,20,23,25,35
2,6,7,9,14,22|11,12,13,32,33,34|15,18,20,23,28,35
2,7,14,25,29,32|6,8,22,27,33,35|9,11,12,13,17,23
2,7,15,28,29,32|6,8,22,27,33,35|9,11,12,13,17,23
2,7,16,20,29,32|6,8,22,27,33,35|9,11,12,13,17,23
1,2,11,13,17,30|6,8,15,18,26,34|9,10,16,23,32,40
1,2,14,27,29,30|6,8,15,18,26,34|9,10,16,23,32,40
1,3,9,11,16,30|6,8,15,18,26,34|12,23,27,31,35,40|14,17,25,29,33,38
1,3,9,14,30,31|6,8,15,18,26,34|16,17,20,29,33,38
1,3,9,15,22,30|6,14,18,28,34,38|8,16,17,26,29,33|12,23,27,31,35,40
1,3,16,17,30,32|2,6,7,9,12,15|8,10,11,13,29,34
1,6,9,15,33,38|2,3,11,16,34,40|12,18,23,25,31,35
1,6,15,17,33,34|2,3,16,32,38,40|9,11,23,27,29,31
1,8,11,13,17,34|2,3,16,32,38,40|6,9,23,27,28,29
1,8,13,17,32,38|2,3,11,16,34,40|6,9,23,27,28,29
1,8,14,27,29,34|2,3,16,32,38,40|9,11,13,17,20,23
1,9,13,20,23,32|2,3,11,16,34,40|8,12,14,27,33,35
1,13,23,26,29,32|2,3,11,16,34,40|8,9,14,17,25,33
1,14,25,29,33,34|2,3,16,32,38,40|9,11,13,17,20,23
1,15,28,29,33,34|2,3,16,32,38,40|9,11,13,17,20,23
1,16,20,29,33,34|2,6,7,9,12,15|8,13,26,32,38,40
2,3,14,31,34,40|6,9,23,27,28,29|8,16,19,26,32,38
2,3,15,22,34,40|6,9,23,27,28,29|8,16,19,26,32,38
2,3,16,32,38,40|6,8,15,18,26,34|9,11,13,17,20,23
2,6,7,9,12,15|3,10,16,29,30,32|8,11,13,26,34,40
2,6,15,18,26,30|8,9,14,17,25,33|11,13,20,34,38,40
2,10,11,13,29,30|6,8,15,18,26,34|9,17,23,25,31,40
2,11,13,26,30,40|6,9,23,27,28,29|8,18,25,31,32,34
2,11,16,19,26,30|6,9,23,27,28,29|8,18,25,31,32,34
2,14,19,26,30,31|6,9,23,27,28,29|11,13,20,32,33,34
2,15,19,22,26,30|6,9,23,27,28,29|8,18,25,31,32,34
2,18,25,30,31,32|6,9,23,27,28,29|8,11,13,26,34,40
2,27,30,31,32,40|6,8,15,18,26,34|9,11,13,17,20,23
3,10,16,29,30,32|6,8,15,18,26,34|9,11,13,17,20,23
3,16,26,30,32,40|6,9,23,27,28,29|11,14,18,31,34,38
3,17,25,29,30,31|6,8,15,18,26,34|9,10,16,23,32,40
6,8,15,18,26,34|9,10,16,23,32,40|14,17,25,29,33,38
6,10,15,29,33,34|8,13,26,32,38,40|12,18,23,25,31,35
6,14,18,28,34,38|8,9,16,17,20,33|12,23,27,31,35,40
6,15,18,20,34,38|8,9,14,17,25,33|12,23,27,31,35,40
6,15,26,33,34,40|8,10,13,29,32,38|12,18,23,25,31,35
6,19,22,25,34,38|8,9,15,17,28,33|12,23,27,31,35,40
8,9,15,17,28,33|11,13,20,34,38,40|12,18,23,25,31,35
8,12,14,27,33,35|9,10,16,23,32,40|11,15,18,22,34,38
8,14,19,26,31,34|9,10,16,23,32,40|15,17,28,29,33,38
8,15,19,22,26,34|9,10,16,23,32,40|14,17,25,29,33,38
8,16,17,26,29,33|11,13,20,34,38,40|12,18,23,25,31,35
1,3,9,12,16,30|2,6,7,15,26,29|8,11,27,31,33,35
1,8,9,12,13,38|2,6,7,15,26,29|11,23,25,27,35,40
1,8,12,13,17,34|2,6,7,9,14,28|11,23,25,27,35,40
1,10,16,23,35,40|2,6,7,9,14,28|12,13,20,32,33,34
2,6,7,9,14,28|8,10,12,13,29,34|11,23,25,27,35,40
2,6,7,9,15,20|8,10,12,13,29,34|11,23,25,27,35,40
2,6,7,9,22,31|8,10,12,13,29,34|11,23,25,27,35,40
2,6,7,15,26,29|8,11,27,31,33,35|9,12,13,17,20,23
2,7,9,11,14,31|6,8,27,28,33,35|12,13,17,23,26,29
2,7,9,11,15,22|6,8,27,28,33,35|12,13,17,23,26,29
2,7,11,16,17,32|6,8,27,28,33,35|12,13,20,34,38,40
2,7,14,17,31,32|6,8,27,28,33,35|11,12,16,18,34,38
2,7,15,17,22,32|6,8,27,28,33,35|11,12,16,18,34,38
2,7,25,29,31,32|6,8,27,28,33,35|9,12,13,17,20,23
1,10,11,13,23,35|2,6,7,9,22,25|8,12,16,18,26,34
2,6,7,9,22,25|3,12,13,26,30,32|8,20,27,31,33,35
2,6,7,9,28,31|3,12,13,26,30,32|8,11,25,27,33,35
2,7,9,11,14,25|3,12,13,26,30,32|8,20,27,31,33,35
2,7,9,11,15,28|3,12,13,26,30,32|8,20,27,31,33,35
2,7,9,11,16,20|3,12,13,26,30,32|8,22,27,28,33,35
2,7,9,14,20,31|3,12,13,26,30,32|8,11,25,27,33,35
2,7,9,14,22,28|3,12,13,26,30,32|8,11,25,27,33,35
2,7,9,15,20,22|3,12,13,26,30,32|8,11,25,27,33,35
2,7,11,16,26,29|8,20,27,31,33,35|9,10,12,13,23,32
2,7,14,26,29,31|8,11,25,27,33,35|9,10,12,13,23,32
2,7,15,17,28,32|8,11,25,27,33,35|12,16,18,20,34,38
2,7,15,22,26,29|8,11,25,27,33,35|9,10,12,13,23,32
2,7,16,17,20,32|8,11,25,27,33,35|12,15,18,28,34,38
1,2,3,8,9,16|6,18,22,25,34,38|13,17,20,23,26,29
1,2,3,16,29,38|6,9,17,22,23,27|8,13,20,26,34,40
1,2,13,17,20,30|6,18,22,25,34,38|8,9,10,16,32,33
1,2,27,29,30,31|6,18,22,25,34,38|8,9,10,16,32,33
1,3,9,14,25,30|2,7,12,16,17,32|6,18,28,31,34,38
1,3,9,15,28,30|2,7,12,16,17,32|6,18,22,25,34,38
1,3,9,16,20,30|6,18,22,25,34,38|8,12,27,31,33,35
1,3,16,26,29,30|2,7,9,12,14,31|6,18,22,25,34,38
1,8,13,26,29,38|2,3,14,25,34,40|6,9,17,22,23,27
1,9,10,16,23,29|2,3,11,13,32,38|8,12,27,31,33,35
1,9,11,16,33,38|2,3,14,25,34,40|13,17,20,23,26,29
1,9,14,23,27,32|2,3,15,28,34,40|17,25,29,31,33,38
1,9,14,31,33,38|2,3,15,28,34,40|13,17,20,23,26,29
1,9,15,22,33,38|2,3,14,25,34,40|13,17,20,23,26,29
1,9,16,23,26,40|2,3,11,13,32,38|8,12,27,31,33,35
1,14,17,31,33,34|2,3,11,13,32,38|9,22,23,27,28,29
1,15,17,22,33,34|2,3,11,13,32,38|9,20,23,27,29,31
1,16,17,32,33,38|2,3,14,25,34,40|9,20,23,27,29,31
1,25,29,31,33,34|2,3,11,13,32,38|6,9,17,22,23,27
2,3,11,13,32,38|6,9,17,22,23,27|8,14,18,26,31,34
2,3,14,25,34,40|6,9,17,22,23,27|8,16,18,26,32,38
2,3,15,28,34,40|6,9,17,22,23,27|8,16,18,26,32,38
2,7,9,11,12,16|6,18,22,25,34,38|13,17,20,23,26,29
2,7,9,12,14,31|3,11,13,26,30,32|6,18,22,25,34,38
2,7,9,12,15,22|3,11,13,26,30,32|6,18,28,31,34,38
2,7,12,16,17,32|3,6,9,10,15,30|8,13,20,26,34,40
2,10,13,20,29,30|6,9,17,22,23,27|8,11,16,18,26,34
2,10,16,17,30,40|6,18,22,25,34,38|8,12,27,31,33,35
2,11,16,18,26,30|6,9,17,22,23,27|8,10,13,20,29,34
2,13,20,26,30,40|6,9,17,22,23,27|10,11,16,29,33,34
2,14,18,26,30,31|6,9,17,22,23,27|8,10,13,20,29,34
2,14,19,25,26,30|6,9,17,22,23,27|8,10,13,20,29,34
2,15,18,22,26,30|6,19,25,28,34,38|8,9,10,16,32,33
2,15,19,26,28,30|6,9,17,22,23,27|8,10,13,20,29,34
2,16,19,20,26,30|6,9,17,22,23,27|10,14,29,31,33,34
2,25,27,30,32,40|6,18,28,31,34,38|13,17,20,23,26,29
3,6,9,10,15,30|8,11,16,18,26,34|12,23,25,27,35,40
3,11,13,26,30,32|6,9,17,22,23,27|10,14,29,31,33,34
6,9,17,22,23,27|8,10,13,20,29,34|16,26,32,33,38,40
6,18,22,25,34,38|8,9,10,16,32,33|13,17,20,23,26,29
6,18,28,31,34,38|8,9,10,16,32,33|12,23,25,27,35,40
6,19,25,28,34,38|8,9,10,16,32,33|13,17,20,23,26,29
6,22,27,32,33,34|8,9,10,16,38,40|13,17,20,23,26,29
6,22,27,34,38,40|8,9,10,16,32,33|13,17,20,23,26,29
8,9,10,16,32,33|11,14,18,25,34,38|13,17,20,23,26,29
8,9,10,16,38,40|11,14,27,32,33,34|13,17,20,23,26,29
8,10,13,20,29,34|9,11,14,17,23,27|16,26,32,33,38,40
8,12,27,31,33,35|9,10,11,13,23,32|14,18,22,28,34,38
8,13,20,26,34,40|9,11,14,17,23,27|10,16,29,32,33,38
8,15,18,22,26,34|9,10,11,13,23,32|17,25,29,31,33,38
8,15,19,26,28,34|9,10,11,13,23,32|17,25,29,31,33,38
8,16,18,26,32,38|9,11,14,17,23,27|10,15,22,29,33,34
8,16,19,20,26,34|9,10,11,13,23,32|17,25,29,31,33,38
8,17,27,29,31,38|9,10,11,13,23,32|15,22,26,33,34,40
1,10,13,20,23,35|2,6,7,9,25,28|12,27,31,32,33,34
2,6,7,15,17,26|3,9,10,12,16,30|8,20,25,27,33,35
2,7,15,26,28,29|3,9,10,12,16,30|8,20,25,27,33,35
1,2,10,13,30,32|6,9,17,23,27,28|8,14,18,25,26,34
1,2,14,17,27,30|6,9,10,15,33,38|8,16,18,20,26,34
1,2,25,27,29,30|6,9,10,15,33,38|8,16,18,20,26,34
1,3,9,25,30,31|2,7,12,16,26,29|6,10,15,17,33,34
1,13,17,23,26,32|2,3,25,31,34,40|6,9,10,15,33,38
1,15,17,28,33,34|2,3,8,13,26,32|9,20,23,25,27,29
1,16,26,29,33,38|2,3,11,13,20,34|6,9,17,23,27,28
2,3,11,13,20,34|6,9,10,15,33,38|14,17,23,26,27,29
2,3,13,20,32,38|6,9,17,23,27,28|8,14,18,25,26,34
2,3,25,31,34,40|6,9,10,15,33,38|14,17,23,26,27,29
2,7,9,12,14,25|3,10,16,17,30,32|6,27,28,34,38,40
2,7,9,12,15,28|3,10,16,17,30,32|8,14,18,25,26,34
2,7,12,16,26,29|3,9,10,14,30,31|6,18,25,28,34,38
2,15,18,26,28,30|8,9,10,11,13,38|14,20,27,32,33,34
3,9,10,11,16,30|6,18,25,28,34,38|14,17,23,26,27,29
3,9,10,15,22,30|6,18,25,28,34,38|14,17,23,26,27,29
8,10,13,17,32,38|9,20,23,25,27,29|15,26,28,33,34,40
8,12,25,27,33,35|9,10,13,20,23,32|18,22,28,31,34,38
8,17,25,27,29,38|9,10,13,20,23,32|15,26,28,33,34,40
1,3,16,17,26,30|2,7,9,12,25,31|22,27,28,32,33,34
1,9,10,16,17,23|2,3,6,22,27,34|13,20,26,32,33,38
1,9,13,20,23,26|2,3,6,22,27,34|10,16,17,32,33,38
1,9,23,25,27,32|2,3,10,16,29,38|11,13,20,26,33,34
1,10,16,34,38,40|2,7,9,12,25,31|3,14,26,27,30,32
2,3,10,16,29,38|8,18,25,26,31,34|9,17,22,23,27,28
2,7,9,12,25,31|3,10,16,26,29,30|22,27,28,32,33,34
2,18,25,26,30,31|8,9,10,13,20,38|22,27,28,32,33,34
1,6,17,21,23,25|2,3,8,11,31,39|14,16,22,28,33,38
1,6,17,23,28,39|2,3,8,14,16,25|11,15,20,21,33,38
1,11,17,23,31,39|2,3,6,8,21,25|14,16,22,28,33,38
1,14,16,17,23,25|2,3,6,8,28,39|11,15,20,21,33,38
1,14,17,20,23,39|2,3,6,8,21,25|11,15,16,28,33,38
1,14,17,21,23,28|2,3,8,11,31,39|6,16,22,25,33,38
1,15,16,17,23,28|2,3,6,8,21,25|11,14,20,33,38,39
1,15,17,20,21,23|2,3,6,8,28,39|11,14,16,25,33,38
1,17,21,22,23,31|2,3,6,8,28,39|11,14,16,25,33,38
1,21,23,25,28,29|2,3,8,11,31,39|15,16,20,22,33,38
2,3,6,8,21,25|10,11,23,29,31,39|14,16,22,28,33,38
2,3,6,8,28,39|10,14,16,23,25,29|11,15,20,21,33,38
2,3,8,11,31,39|6,10,14,17,21,23|15,16,20,22,33,38
2,3,8,14,16,25|6,10,23,28,29,39|11,15,20,21,33,38
2,3,8,14,20,39|6,10,15,16,17,23|11,21,22,31,33,38
2,3,8,15,20,21|6,10,23,28,29,39|11,14,16,25,33,38
2,3,8,21,22,31|6,10,15,16,17,23|11,14,20,33,38,39
3,6,16,25,28,30|8,11,14,26,33,39|10,15,20,21,23,29
3,11,16,25,30,31|6,8,22,26,33,39|10,14,21,23,28,29
3,11,21,22,25,30|6,8,15,27,31,38|10,14,20,23,29,39
3,11,21,28,30,31|6,8,16,22,27,38|10,14,20,23,29,39
3,11,22,28,30,39|6,8,15,27,31,38|10,14,16,23,25,29
3,15,22,25,30,31|6,8,11,21,27,38|10,14,20,23,29,39
3,16,22,28,30,31|6,8,11,21,27,38|10,14,20,23,29,39
1,10,15,21,23,32|2,3,8,11,25,39|16,22,28,31,33,38
2,3,8,11,25,39|6,10,17,21,23,31|15,16,20,28,33,38
2,3,8,16,25,31|6,10,17,22,23,39|14,20,21,28,33,38
2,3,8,21,28,31|6,10,17,22,23,39|14,16,20,25,33,38
2,3,8,22,28,39|6,10,17,21,23,31|14,16,20,25,33,38
3,11,20,25,30,39|6,8,16,27,28,38|10,14,17,21,22,23
3,11,21,25,28,30|6,10,17,22,23,39|8,14,16,20,27,38
3,15,25,28,30,31|6,8,20,21,27,38|10,11,14,17,23,39
3,16,20,25,30,31|6,8,26,28,33,39|10,11,15,17,21,23
3,16,22,25,28,30|6,8,20,21,27,38|10,11,14,17,23,39
3,20,21,22,25,30|6,8,16,27,28,38|10,11,14,17,23,39
3,20,21,28,30,31|6,8,15,25,27,38|10,11,14,17,23,39
3,20,22,28,30,39|6,8,15,25,27,38|10,14,16,17,23,31
1,6,23,28,29,39|3,11,14,16,30,31|8,15,20,21,32,33
1,15,20,21,23,29|3,6,11,22,30,39|8,14,16,25,32,33
3,6,14,16,28,30|8,11,13,15,22,38|20,23,31,32,39,40
3,6,14,20,21,30|8,11,13,15,22,38|16,23,25,31,32,40
3,6,15,16,20,30|8,11,13,14,31,38|21,22,23,25,32,40
3,11,14,16,30,31|6,8,13,15,20,38|21,22,23,25,32,40
3,11,14,21,22,30|6,8,13,15,20,38|16,23,25,31,32,40
3,11,15,16,22,30|6,8,13,14,28,38|20,23,31,32,39,40
1,14,17,21,22,23|3,6,11,28,30,39|8,16,25,31,32,33
1,20,23,29,31,39|2,3,8,11,15,21|6,14,16,28,33,38
1,21,22,23,25,29|2,3,8,11,14,39|6,15,16,20,33,38
3,6,11,21,25,30|8,13,14,20,31,38|10,15,16,22,23,29
3,6,11,28,30,39|8,13,14,20,31,38|10,15,16,22,23,29
3,6,15,25,30,31|8,11,13,16,20,38|10,14,21,22,23,29
3,6,20,21,30,31|8,11,13,14,25,38|10,15,16,22,23,29
3,11,15,20,21,30|6,8,13,22,25,38|10,14,16,23,29,31
3,11,21,22,30,31|6,8,14,15,27,38|20,23,25,32,39,40
3,14,16,20,30,31|6,8,13,22,25,38|10,11,15,21,23,29
3,14,16,22,28,30|6,10,21,23,29,31|8,11,25,32,33,39
3,15,16,20,22,30|6,8,13,28,31,38|10,11,14,23,29,39
1,8,10,14,38,39|3,20,21,25,28,30|6,15,23,26,27,31
2,3,14,16,20,21|6,8,25,27,32,39|13,15,22,28,31,38
6,8,13,21,26,28|11,14,15,16,27,38|22,25,31,32,33,39
6,8,25,27,32,39|11,13,16,28,31,38|14,15,21,22,26,33
6,11,16,26,33,39|8,14,21,25,27,32|13,15,22,28,31,38
2,3,6,25,31,39|8,13,21,22,26,28|14,15,16,20,27,38
2,3,14,21,25,31|6,15,16,27,28,38|8,13,20,22,26,39
2,3,14,22,25,39|6,8,15,21,26,27|13,16,20,28,31,38
2,3,14,28,31,39|6,8,15,21,26,27|13,16,20,22,25,38
2,3,15,16,25,31|6,8,14,26,27,39|13,20,21,22,28,38
2,3,15,20,31,39|6,14,16,25,27,38|8,13,21,22,26,28
2,3,15,21,22,25|6,8,14,26,27,39|13,16,20,28,31,38
2,3,15,21,28,31|6,8,14,26,27,39|13,16,20,22,25,38
2,3,15,22,28,39|6,14,16,25,27,38|8,13,20,21,26,31
2,3,16,20,21,31|6,8,14,26,27,39|13,15,22,25,28,38
2,3,16,20,22,39|6,8,15,21,26,27|13,14,25,28,31,38
2,3,16,21,22,28|6,8,14,26,27,39|13,15,20,25,31,38
1,3,10,16,23,35|2,12,14,27,33,34|6,7,9,25,28,38
1,10,12,13,30,34|3,11,23,25,27,35|6,7,15,17,26,38
1,2,9,14,23,27|3,6,15,26,33,34|7,8,10,16,20,35
1,8,9,25,27,30|2,10,13,17,23,32|3,6,15,26,33,34
1,10,11,13,30,34|2,8,16,18,26,38|3,9,17,23,25,31
1,10,13,30,32,38|2,6,22,27,33,34|3,9,17,23,25,31
1,16,17,26,30,33|2,8,25,27,34,40|7,9,12,15,28,38
1,25,27,29,30,38|2,8,9,10,16,33|7,12,15,17,28,34
2,8,25,27,34,40|3,9,10,16,23,32|15,18,26,28,30,38
2,10,13,17,23,32|3,6,15,26,33,34|7,9,12,14,25,38
2,17,23,25,27,29|3,6,15,26,33,34|7,8,10,16,20,35
3,8,13,26,32,38|7,12,14,17,25,34|9,10,15,28,30,33
3,8,27,31,32,34|7,9,12,14,25,38|10,16,26,29,30,33
3,9,10,16,23,32|7,12,14,17,25,34|15,18,26,28,30,38
3,9,17,23,25,31|7,8,10,15,28,35|14,26,27,30,32,33
3,25,31,32,33,34|7,8,9,12,16,26|10,11,13,17,30,38
1,7,14,25,32,34|3,6,23,27,28,35|9,10,12,16,30,33
1,7,15,28,32,34|3,11,23,27,31,35|9,10,12,16,30,33
2,12,13,20,33,34|3,6,23,27,28,35|7,8,9,11,16,26
1,2,8,13,17,38|3,12,14,23,27,35|9,10,11,16,30,33
1,2,9,13,20,23|3,8,10,16,29,34|14,18,26,30,31,38
1,2,13,23,26,29|3,8,14,27,32,34|7,9,11,12,16,38
1,7,12,16,32,34|2,8,10,13,29,38|3,9,14,17,23,25
1,8,9,27,30,31|2,11,13,20,33,34|3,16,17,23,26,29
1,8,13,17,26,30|2,9,10,16,23,40|3,14,25,32,33,34
1,9,25,30,31,33|2,8,10,13,29,38|3,12,14,23,27,35
1,10,16,30,34,40|2,8,13,26,32,33|3,9,14,17,23,25
1,13,17,20,30,38|2,8,18,25,31,34|3,12,14,23,27,35
1,27,29,30,31,38|2,8,13,26,32,33|3,9,14,17,23,25
2,8,10,13,29,38|3,9,14,17,23,25|20,27,30,31,34,40
2,8,13,26,32,33|3,9,14,17,23,25|20,27,30,31,34,40
2,8,16,19,26,38|3,9,14,17,23,25|20,27,30,31,34,40
2,8,18,25,31,34|3,9,15,17,23,28|10,13,20,29,30,38
2,8,27,31,34,40|3,9,14,17,23,25|10,13,20,29,30,38
2,9,10,16,23,40|3,8,14,27,32,34|15,18,22,26,30,38
2,11,13,20,33,34|3,9,14,17,23,25|7,8,10,15,22,35
2,16,18,23,26,32|3,14,25,34,38,40|7,8,10,15,22,35
2,17,23,27,29,31|3,8,16,26,34,40|7,9,12,15,22,38
2,25,31,33,34,40|3,9,15,17,23,28|7,8,10,11,16,35
3,8,10,16,29,34|7,9,12,14,31,38|13,20,26,30,32,33
3,9,14,17,23,25|7,8,10,11,16,35|13,20,26,30,32,33
3,9,15,17,23,28|7,8,10,11,16,35|13,20,26,30,32,33
3,9,16,17,20,23|7,8,10,14,31,35|11,25,27,30,34,40
3,14,25,32,33,34|7,8,10,11,16,35|13,20,26,30,38,40
3,14,25,34,38,40|7,8,10,11,16,35|13,20,26,30,32,33
3,15,28,32,33,34|7,8,10,11,16,35|13,20,26,30,38,40
3,15,28,34,38,40|7,8,10,11,16,35|13,20,26,30,32,33
3,16,17,23,26,29|7,8,10,14,31,35|11,25,27,30,34,40
3,16,20,32,33,34|7,8,10,14,31,35|15,18,22,26,30,38
2,12,13,26,33,38|3,20,23,25,27,35|7,10,15,28,32,34
1,2,13,17,23,26|3,6,22,27,34,38|7,8,10,25,31,35
1,3,9,16,23,26|2,6,27,28,33,34|7,8,10,25,31,35
1,17,27,30,31,38|2,9,10,13,20,23|3,11,16,26,33,34
1,8,9,12,13,30|3,14,23,25,35,40|6,7,15,20,29,34
2,8,12,16,19,34|3,14,23,25,35,40|7,15,22,29,32,38
3,8,14,31,33,35|6,7,15,20,29,34|12,16,18,30,32,38
3,8,15,22,33,35|6,7,14,28,29,34|12,16,18,30,32,38
3,14,23,25,35,40|6,7,15,20,29,34|12,16,18,30,32,38
3,15,23,28,35,40|6,7,22,29,31,34|12,16,18,30,32,38
1,6,9,15,30,33|2,8,11,13,34,40|3,16,17,23,29,32
1,8,9,11,13,30|2,6,15,33,34,40|3,16,17,23,29,32
1,8,13,17,30,32|2,6,15,33,34,40|3,9,11,16,23,29
1,11,13,29,30,38|2,6,8,15,18,34|3,12,16,23,35,40
2,6,8,15,18,34|3,9,11,16,23,29|13,20,30,32,38,40
2,6,15,33,34,40|3,9,11,16,23,29|14,18,30,31,32,38
2,8,11,13,34,40|3,9,14,23,29,31|15,18,22,30,32,38
2,8,11,16,19,34|3,9,14,23,29,31|13,20,30,32,38,40
2,8,13,32,38,40|3,9,11,16,23,29|6,14,18,28,30,34
2,8,14,19,31,34|3,9,11,16,23,29|13,20,30,32,38,40
2,8,15,19,22,34|3,9,11,16,23,29|13,20,30,32,38,40
2,8,16,19,32,38|3,9,14,23,29,31|6,15,18,20,30,34
3,11,16,23,35,40|6,7,8,9,15,32|12,14,19,30,31,34
3,14,23,31,35,40|6,7,8,9,15,32|11,12,16,19,30,34
1,2,9,12,13,23|3,8,25,31,33,35|6,7,14,17,28,34
1,7,11,16,32,34|3,6,22,23,27,35|8,9,10,12,13,30
1,7,14,31,32,34|3,6,22,23,27,35|8,9,10,12,13,30
1,7,15,22,32,34|3,8,25,31,33,35|10,12,13,29,30,38
1,12,13,17,30,38|3,6,22,23,27,35|7,8,9,25,31,32
2,11,12,13,33,34|3,6,22,23,27,35|7,8,9,25,31,32
2,12,13,32,33,38|3,6,22,23,27,35|7,11,14,17,31,34
3,6,22,23,27,35|7,8,9,25,31,32|10,12,13,29,30,38
3,11,14,23,27,35|6,7,8,9,15,26|10,12,13,29,30,38
1,2,8,9,16,33|3,12,13,20,23,35|6,15,18,26,30,38
1,2,9,11,13,23|3,14,31,32,33,34|6,7,8,10,15,35
1,2,13,17,23,32|3,11,16,34,38,40|6,7,8,10,15,35
1,3,9,16,23,32|2,8,14,18,25,34|10,11,13,29,30,38
1,7,8,16,20,35|2,10,13,23,29,32|3,14,31,34,38,40
1,8,9,14,27,30|2,10,13,23,29,32|3,11,16,34,38,40
1,9,14,25,30,33|2,8,15,18,28,34|3,12,13,20,23,35
1,9,15,28,30,33|2,8,14,18,25,34|3,12,13,20,23,35
1,14,27,29,30,38|2,8,15,18,28,34|3,9,11,16,17,23
1,16,26,29,30,33|2,8,14,18,25,34|3,9,15,17,22,23
2,8,14,18,25,34|3,9,11,16,17,23|15,19,22,26,30,38
2,8,14,27,34,40|3,9,11,16,17,23|6,15,18,26,30,38
2,8,15,18,28,34|3,9,11,16,17,23|14,19,26,30,31,38
2,8,16,18,20,34|3,9,14,17,23,31|10,11,13,29,30,38
2,8,19,25,31,34|3,9,11,16,17,23|6,15,18,26,30,38
2,11,13,32,33,38|3,9,14,17,23,31|6,7,8,10,15,35|19,22,25,28,30,34
2,13,23,26,32,40|6,7,8,10,15,35|11,18,25,30,31,34
2,14,17,23,27,29|3,8,13,20,32,34|6,7,9,12,15,38
2,14,25,33,34,40|3,9,11,16,17,23|6,7,8,10,15,35
2,15,28,33,34,40|3,9,11,16,17,23|14,19,26,30,31,38
2,16,19,23,26,32|3,14,31,34,38,40|6,7,8,10,15,35
2,16,20,33,34,40|3,9,14,17,23,31|6,7,8,10,15,35
3,9,11,16,17,23|6,7,8,10,15,35|14,18,20,25,30,34
3,9,14,17,23,31|6,7,8,10,15,35|11,13,26,30,32,33
3,9,23,25,29,31|6,7,8,10,15,35|11,13,26,30,32,33
3,11,16,32,33,34|6,7,8,10,15,35|14,19,26,30,31,38
3,14,31,32,33,34|6,7,8,10,15,35|11,13,26,30,38,40
3,14,31,34,38,40|6,7,8,10,15,35|11,13,26,30,32,33
1,9,12,16,30,33|3,11,13,20,23,35|6,7,14,17,22,34
2,8,12,16,18,34|3,11,13,20,23,35|6,7,9,14,22,38
2,12,16,33,34,40|3,11,13,20,23,35|6,7,9,14,22,38
3,8,14,25,33,35|6,7,9,11,15,38|12,16,18,20,30,34
3,8,15,28,33,35|6,7,9,14,22,38|12,16,18,20,30,34
3,8,16,20,33,35|6,7,9,11,15,38|12,14,18,25,30,34
3,11,13,20,23,35|6,7,9,14,22,38|12,15,18,28,30,34
3,23,25,31,35,40|6,7,9,11,15,38|12,16,18,20,30,34
1,2,8,13,29,38|3,6,9,15,17,23|11,14,18,25,30,34
1,2,9,16,23,40|3,6,15,32,33,34|8,17,27,29,30,31
1,7,8,11,16,35|2,13,17,20,23,29|3,6,15,32,33,34
1,8,13,26,29,30|2,11,16,33,34,40|3,6,9,15,17,23
1,13,20,29,30,38|2,8,11,16,18,34|3,6,9,15,17,23
1,16,17,30,32,33|2,8,13,20,34,40|3,9,14,23,25,29
1,16,17,30,38,40|2,8,14,18,31,34|3,9,15,23,28,29
2,8,11,16,18,34|3,6,9,15,17,23|14,27,30,32,38,40
2,8,13,20,34,40|3,6,9,15,17,23|7,12,16,29,32,38
2,8,14,18,31,34|3,6,9,15,17,23|7,12,16,29,32,38
2,8,14,19,25,34|3,6,9,15,17,23|7,12,16,29,32,38
2,8,15,18,22,34|3,9,14,23,25,29|16,26,30,32,33,40
2,8,15,19,28,34|3,9,14,23,25,29|16,18,20,30,32,38
2,8,16,18,32,38|3,6,9,15,17,23|7,12,14,29,31,34
2,8,16,19,20,34|3,6,9,15,17,23|14,18,25,30,32,38
2,11,16,33,34,40|3,6,9,15,17,23|14,18,25,30,32,38
2,13,17,20,23,29|3,6,15,32,33,34|8,9,10,16,30,40
2,14,31,33,34,40|3,6,9,15,17,23|7,12,16,29,32,38
2,16,32,33,38,40|3,6,9,15,17,23|7,12,14,29,31,34
3,6,9,15,17,23|7,11,12,16,29,34|14,18,25,30,32,38
3,6,15,34,38,40|7,8,9,12,16,32|17,25,29,30,31,33
2,6,11,21,31,33|3,8,14,16,25,32|20,22,28,30,39,40
2,6,11,22,33,39|3,8,14,16,25,32|20,21,28,30,31,40
2,6,14,16,28,33|3,8,11,31,32,39|20,21,22,25,30,40
2,6,14,20,21,33|3,8,11,31,32,39|16,22,25,28,30,40
2,6,16,22,31,33|3,8,14,20,32,39|11,21,25,28,30,40
2,11,14,16,31,33|3,6,8,21,25,32|20,22,28,30,39,40
2,11,14,21,22,33|3,6,8,28,32,39|16,20,25,30,31,40
1,6,10,21,30,31|2,8,13,22,25,28|3,11,14,20,38,39
2,6,16,25,28,33|3,8,11,14,26,39|15,20,22,27,30,31
2,11,16,25,31,33|3,6,8,22,26,39|14,15,20,27,28,30
2,6,11,28,33,39|3,8,16,25,31,32|14,15,20,22,27,30
2,6,15,25,31,33|3,8,22,28,32,39|11,14,16,20,27,30
2,6,16,22,25,33|3,8,20,31,32,39|11,14,15,27,28,30
2,6,16,28,31,33|3,8,11,25,32,39|14,15,20,22,27,30
2,6,20,22,33,39|3,8,16,25,31,32|11,14,15,27,28,30
2,11,14,16,25,33|3,8,20,31,32,39|6,15,22,27,28,30
1,6,10,21,25,30|2,8,11,20,27,39|3,16,22,28,31,38
1,6,10,28,30,39|2,8,11,16,25,27|3,20,21,22,31,38
1,10,11,30,31,39|2,8,15,22,25,27|3,14,20,21,28,38
1,10,21,22,30,31|2,8,11,16,25,27|3,6,20,28,38,39
2,3,8,16,34,40|7,9,12,14,30,31|13,17,20,23,29,38
2,3,16,17,23,29|7,9,12,14,30,31|8,13,20,32,33,34
7,9,11,12,16,30|8,13,17,23,26,29|14,31,33,34,38,40
7,12,16,17,30,32|8,9,23,27,29,31|15,22,33,34,38,40
2,7,8,9,11,16|3,12,13,30,32,38|6,22,23,27,33,35
2,7,8,9,14,31|3,11,12,13,30,34|6,22,23,27,33,35
2,7,8,16,17,32|3,11,12,13,30,34|6,22,23,27,33,35
2,7,14,29,31,38|3,11,12,13,30,34|6,22,23,27,33,35
2,7,15,22,29,38|3,11,12,13,30,34|8,23,25,27,35,40
6,7,9,22,25,30|8,12,16,18,34,38|11,14,23,27,33,35
6,7,9,28,30,31|8,12,16,18,34,38|11,14,23,27,33,35
6,22,23,27,33,35|7,9,11,14,25,30|8,12,16,18,34,38
7,9,15,20,22,30|8,12,16,18,34,38|11,14,23,27,33,35
7,15,17,28,30,32|8,12,16,18,34,38|11,14,23,27,33,35
7,15,22,26,29,30|8,12,16,18,34,38|11,14,23,27,33,35
1,9,11,13,23,38|2,3,6,15,33,34|7,12,16,26,29,30
1,13,17,23,32,38|2,3,6,15,33,34|7,9,12,14,25,30
1,14,23,27,29,34|2,3,8,13,32,38|7,9,12,15,28,30
2,3,6,15,33,34|7,9,12,14,25,30|10,13,23,29,32,38
2,3,8,11,13,34|7,9,12,14,25,30|16,17,23,26,29,33
2,3,8,13,32,38|6,15,18,23,26,34|7,9,12,14,25,30
2,7,8,9,12,16|3,11,13,20,30,34|14,17,23,27,29,38
2,7,12,16,29,38|3,8,13,26,30,32|9,14,17,23,25,33
7,9,12,14,25,30|8,10,16,29,33,34|13,23,26,32,38,40
7,9,12,15,28,30|8,10,16,29,33,34|13,23,26,32,38,40
7,12,16,26,29,30|8,9,10,13,23,32|14,25,33,34,38,40
2,3,8,12,13,34|6,7,9,25,28,30|11,23,27,31,33,35
2,6,7,15,17,38|3,12,13,20,30,34|11,23,27,31,33,35
2,7,8,9,14,25|3,12,13,20,30,34|6,23,27,28,33,35
2,7,8,9,15,28|3,12,13,20,30,34|11,23,27,31,33,35
2,7,8,16,26,29|3,12,13,20,30,34|6,23,27,28,33,35
2,7,14,25,29,38|3,12,13,20,30,34|6,23,27,28,33,35
2,7,15,28,29,38|3,12,13,20,30,34|11,23,27,31,33,35
2,6,7,8,9,15|3,12,16,30,34,40|11,13,20,23,33,35
2,6,7,15,29,38|3,12,16,30,34,40|8,18,23,25,31,35
1,2,7,12,16,34|3,11,13,26,30,38|8,9,17,23,25,27
1,9,14,23,27,38|2,3,15,28,33,34|7,12,16,17,26,30
2,3,8,14,27,34|7,12,16,17,26,30|9,10,11,13,23,38
2,3,14,25,33,34|7,12,16,17,26,30|9,10,11,13,23,38
2,3,15,28,33,34|7,12,16,17,26,30|9,10,11,13,23,38
7,12,16,17,26,30|8,25,27,32,33,34|9,10,11,13,23,38
1,2,7,15,28,34|3,12,13,26,30,38|20,23,25,27,33,35
2,6,7,10,15,34|3,12,13,26,30,38|20,23,25,27,33,35
1,13,17,20,23,34|2,3,16,32,33,38|7,9,12,25,30,31
1,13,23,26,29,38|2,3,11,16,33,34|7,9,12,25,30,31
2,3,8,13,20,34|7,9,12,25,30,31|16,18,23,26,32,38
2,3,15,22,33,34|7,9,12,25,30,31|16,18,23,26,32,38
2,3,16,32,33,38|7,9,12,25,30,31|10,13,20,23,29,34
1,10,16,23,33,35|2,7,8,9,25,31|3,12,14,27,30,34
2,6,11,21,23,27|3,8,14,16,25,38|20,22,28,30,33,39
2,6,15,23,27,31|3,8,14,16,25,38|20,22,28,30,33,39
2,11,14,16,23,27|3,6,8,21,25,38|20,22,28,30,33,39
2,6,13,22,23,25|3,8,11,14,38,39|15,16,20,28,30,33
2,11,13,14,23,25|3,6,8,21,31,38|15,16,20,28,30,33
2,11,13,15,23,28|3,6,8,21,31,38|14,16,20,25,30,33
2,11,13,16,20,23|3,6,8,21,31,38|14,15,25,28,30,33
2,11,23,25,39,40|3,6,8,21,31,38|15,16,20,28,30,33
2,16,23,25,31,40|3,6,8,22,38,39|14,20,21,28,30,33
2,20,23,31,39,40|3,8,11,15,21,38|6,16,25,28,30,33
2,21,22,23,25,40|3,8,11,14,38,39|15,16,20,28,30,33
2,21,23,28,31,40|3,6,8,22,38,39|14,16,20,25,30,33
2,22,23,28,39,40|3,6,8,21,31,38|14,16,20,25,30,33
2,11,23,31,39,40|3,6,8,14,21,38|15,16,20,22,30,33
2,14,20,23,39,40|3,6,8,15,16,38|11,21,22,30,31,33
2,21,22,23,31,40|3,6,8,15,16,38|11,14,20,30,33,39
1,6,9,27,28,38|2,3,10,16,17,32|11,18,25,26,31,34
1,6,17,27,28,34|2,3,9,10,11,16|18,25,26,31,32,38
1,9,11,27,31,38|2,3,10,16,17,32|6,18,25,26,28,34
1,9,14,20,27,38|2,3,10,16,17,32|6,18,25,26,28,34
1,11,13,17,26,38|2,3,9,10,14,31|12,20,25,27,33,35
1,14,17,20,27,34|2,3,9,10,11,16|18,25,26,31,32,38
1,17,27,31,32,38|2,3,9,10,11,16|6,18,25,26,28,34
1,2,3,9,14,25|6,10,22,27,29,34|15,18,26,28,32,38
1,2,3,9,15,28|6,10,22,27,29,34|14,18,25,26,32,38
1,2,3,9,16,20|6,10,22,27,29,34|14,18,25,26,32,38
1,6,9,22,27,38|2,3,11,13,26,32|10,14,17,25,34,40
1,6,17,22,27,34|2,3,11,13,26,32|9,10,14,25,38,40
1,8,9,10,16,17|2,3,11,13,26,32|12,20,27,31,33,35
1,10,12,16,33,35|2,3,11,13,26,32|8,9,17,20,27,31
1,10,16,17,29,38|2,3,11,13,26,32|12,20,27,31,33,35
1,11,14,17,27,34|2,3,6,9,10,15|16,18,20,26,32,38
1,11,25,27,29,34|2,3,6,9,10,15|16,18,20,26,32,38
1,13,20,26,29,38|2,3,6,9,10,15|11,12,25,27,33,35
