8,9,11,18,25,38|10,12,19,23,31,35|17,22,28,33,34,40
8,9,18,22,28,38|10,12,19,23,31,35|11,17,25,33,34,40
8,9,19,20,25,38|10,12,14,18,23,35|17,22,28,33,34,40
1,2,7,9,11,14|6,10,18,23,28,35|8,12,17,27,34,40
1,2,7,14,17,32|6,10,18,23,28,35|8,9,12,27,38,40
1,2,7,25,29,32|6,10,18,23,28,35|8,9,12,27,38,40
1,8,11,27,33,35|2,7,10,14,29,32|9,12,19,23,26,31
1,12,14,18,34,38|2,7,11,17,25,29|10,19,20,23,31,35
2,7,11,17,25,29|6,10,18,23,28,35|8,9,12,27,32,33
2,7,14,26,32,40|6,10,18,23,28,35|11,12,27,29,33,34
2,7,17,20,29,31|6,10,18,23,28,35|8,9,12,27,32,33
2,7,17,22,28,29|8,9,12,18,25,38|10,19,20,23,31,35
1,2,7,9,12,25|3,20,26,27,29,30|6,10,18,28,34,38
1,17,23,26,27,29|2,3,9,20,25,33|6,10,18,28,34,38
1,20,27,32,33,34|2,7,9,10,12,14|8,17,18,25,26,38
1,2,18,26,30,31|3,7,11,20,25,35|6,10,19,28,34,38
1,2,19,25,26,30|3,7,20,22,28,35|8,9,10,17,31,33
1,8,18,26,31,34|2,3,9,11,25,33|10,12,23,27,35,40
1,8,19,25,26,34|2,3,9,20,31,33|10,12,23,27,35,40
1,10,29,31,33,34|2,3,8,9,11,27|17,18,23,25,26,32
1,11,27,32,33,34|2,3,17,25,38,40|9,18,20,23,26,31
1,11,27,34,38,40|2,3,9,20,31,33|10,12,18,23,25,35
1,26,31,33,34,40|2,3,8,9,11,27|10,12,18,23,25,35
2,3,8,17,27,32|6,10,18,22,34,38|9,19,20,23,25,26
2,3,9,11,25,33|6,10,18,22,34,38|17,23,26,27,32,40
2,3,9,20,31,33|6,10,18,22,34,38|17,23,26,27,32,40
2,3,17,25,32,33|6,10,18,22,34,38|9,11,23,26,27,40
2,10,18,25,30,32|3,7,20,22,28,35|9,11,23,26,27,40
2,10,27,30,32,40|3,7,11,20,25,35|8,17,18,26,31,38
3,7,11,20,25,35|6,10,18,22,34,38|17,23,26,27,32,40
1,2,7,9,22,28|3,12,26,27,29,30|10,18,20,23,25,35
1,6,21,27,29,33|2,3,11,14,18,39|8,10,13,16,17,40
1,8,13,27,29,31|2,3,6,18,22,39|11,15,19,21,26,33
1,8,17,18,31,39|2,3,6,19,21,25|10,11,13,16,29,33
1,8,17,19,25,39|2,3,6,18,21,31|10,11,13,16,29,33
1,11,13,16,17,33|2,3,6,18,21,31|8,10,19,25,29,39
1,13,14,17,31,33|2,3,6,18,22,39|8,16,19,25,27,32
1,13,15,17,22,33|2,3,6,18,21,31|8,10,19,25,29,39
1,13,25,29,31,33|2,3,6,18,22,39|8,10,15,17,19,21
1,14,16,27,29,33|2,3,6,18,21,31|8,13,15,19,26,28
1,17,31,33,39,40|2,3,6,19,21,25|8,11,13,16,18,26
2,3,6,18,21,31|8,10,13,16,17,40|11,14,19,26,33,39
2,3,6,18,22,39|8,10,13,16,17,40|11,15,19,21,26,33
2,3,6,19,21,25|8,10,13,16,17,40|18,20,31,32,33,39
2,3,6,19,28,39|8,10,13,16,17,40|18,21,22,25,32,33
2,3,11,14,18,39|6,13,19,25,28,38|16,27,31,32,33,40
2,3,11,15,18,21|6,13,19,25,28,38|10,29,31,33,39,40
2,3,13,14,25,40|6,11,19,21,27,38|8,10,18,29,31,39
2,3,13,15,28,40|6,11,19,21,27,38|8,10,18,29,31,39
2,3,13,16,20,40|6,11,19,21,27,38|8,10,18,29,31,39
2,3,14,16,18,31|6,11,19,21,27,38|10,13,15,22,29,33
2,3,14,16,19,25|6,13,18,28,31,38|11,27,32,33,39,40
2,3,14,18,21,22|6,13,19,25,28,38|10,29,31,33,39,40
2,3,14,19,20,39|6,13,18,22,25,38|16,27,31,32,33,40
2,3,14,19,21,28|6,13,18,22,25,38|10,29,31,33,39,40
2,3,15,16,18,22|6,11,19,21,27,38|10,13,14,29,31,33
2,3,15,16,19,28|6,13,18,22,25,38|10,29,31,33,39,40
2,3,15,19,20,21|6,13,18,22,25,38|10,29,31,33,39,40
2,3,19,21,22,31|6,14,15,18,27,38|8,10,13,16,17,40
6,11,19,21,27,38|8,10,13,16,17,40|18,20,31,32,33,39
6,13,18,22,25,38|8,10,14,17,19,39|16,27,31,32,33,40
6,13,18,28,31,38|8,10,14,17,19,39|21,22,27,32,33,40
6,13,19,25,28,38|8,10,18,29,31,39|21,22,27,32,33,40
6,13,22,27,32,33|8,10,14,17,19,39|16,18,25,31,38,40
6,13,22,27,38,40|8,10,14,17,19,39|16,18,25,31,32,33
6,14,15,18,27,38|8,10,13,16,17,40|19,20,25,32,33,39
6,15,19,27,31,38|8,10,13,16,17,40|11,18,25,32,33,39
8,10,14,17,19,39|11,13,15,18,28,38|16,27,31,32,33,40
8,10,15,17,19,21|11,13,14,18,25,38|16,27,31,32,33,40
8,10,18,29,31,39|11,13,14,27,32,33|19,21,25,28,38,40
8,10,19,25,29,39|11,13,14,27,32,33|18,21,28,31,38,40
8,11,13,16,18,26|10,29,31,33,39,40|14,15,19,22,27,38
8,11,18,27,32,39|10,13,14,29,31,33|19,21,25,28,38,40
8,13,15,18,22,26|10,29,31,33,39,40|11,14,16,19,27,38
8,16,18,27,31,32|10,13,15,22,29,33|19,20,25,38,39,40
8,16,19,25,27,32|10,13,14,29,31,33|18,22,28,38,39,40
8,18,21,22,27,32|10,11,13,16,29,33|19,20,25,38,39,40
8,18,26,31,39,40|10,11,13,16,29,33|14,15,19,22,27,38
8,19,20,27,32,39|10,11,13,16,29,33|18,21,22,25,38,40
8,19,21,27,28,32|10,11,13,16,29,33|18,20,31,38,39,40
1,8,13,14,17,27|2,3,6,18,21,25|11,19,26,31,33,39
1,8,13,25,27,29|2,3,6,18,28,39|10,15,17,21,33,40
1,8,17,18,25,39|2,3,6,21,27,40|10,13,15,28,29,33
1,8,17,27,39,40|2,3,6,18,21,25|10,13,15,28,29,33
1,13,14,17,25,33|2,3,6,18,28,39|11,16,19,27,31,38
1,13,15,17,28,33|2,3,6,18,21,25|8,10,27,29,39,40
1,13,16,17,20,33|2,3,6,18,21,25|8,10,27,29,39,40
1,17,25,33,39,40|2,3,14,18,21,28|11,16,19,27,31,38
1,21,22,27,29,33|2,3,6,18,28,39|8,13,19,25,26,31
2,3,6,18,21,25|8,10,13,14,27,29|11,19,26,31,33,39
2,3,6,18,28,39|8,10,13,14,27,29|15,19,20,21,26,33
2,3,6,21,27,40|8,10,14,17,18,39|13,19,20,25,31,38
2,3,11,18,31,39|6,8,19,21,26,27|10,13,14,25,29,33
2,3,11,19,25,39|6,10,13,15,17,33|8,18,21,27,28,32
2,3,14,16,18,25|6,8,19,21,26,27|10,13,15,28,29,33
2,3,14,18,20,39|6,8,19,21,26,27|10,13,15,28,29,33
2,3,14,18,21,28|6,10,13,15,17,33|11,16,19,27,31,38
2,3,15,16,18,28|6,8,19,21,26,27|10,13,14,25,29,33
2,3,15,18,20,21|6,13,27,28,32,33|8,10,17,19,31,39
2,3,16,19,25,31|6,10,13,15,17,33|8,18,20,27,32,39
2,3,18,21,22,31|6,10,13,15,17,33|8,14,16,19,26,27
2,3,19,20,31,39|6,10,13,15,17,33|8,16,18,25,27,32
2,3,19,21,22,25|6,10,13,15,17,33|8,18,20,27,32,39
2,3,19,21,28,31|6,10,13,15,17,33|8,16,18,25,27,32
2,3,19,22,28,39|6,10,13,15,17,33|8,16,18,25,27,32
6,10,13,15,17,33|8,14,16,19,26,27|18,20,25,38,39,40
6,11,18,21,27,38|8,10,17,19,31,39|13,14,25,26,33,40
6,13,27,28,38,40|8,10,14,17,18,39|15,19,20,21,26,33
6,15,19,25,27,38|8,10,14,17,18,39|13,16,20,26,33,40
6,16,18,22,27,38|8,10,17,19,31,39|13,14,25,26,33,40
6,19,20,21,27,38|8,10,14,17,18,39|13,15,26,28,33,40
8,10,17,19,31,39|11,14,16,18,27,38|13,15,26,28,33,40
8,10,27,29,39,40|11,13,18,25,31,38|14,19,21,26,28,33
8,13,14,18,25,26|10,15,17,21,33,40|11,16,19,27,31,38
8,13,15,18,26,28|10,14,17,33,39,40|11,16,19,27,31,38
8,13,16,18,20,26|10,14,17,33,39,40|11,19,21,22,27,38
8,14,16,19,26,27|10,13,15,28,29,33|18,20,25,38,39,40
8,18,25,26,39,40|10,13,15,28,29,33|11,16,19,27,31,38
1,8,18,29,31,39|2,3,6,13,15,40|14,16,19,25,32,33
1,8,19,25,29,39|2,3,6,13,15,40|14,16,18,31,32,33
1,11,13,16,29,33|2,3,6,14,19,21|8,18,25,32,39,40
1,13,14,29,31,33|2,3,6,15,16,19|8,18,25,32,39,40
1,13,15,22,29,33|2,3,6,14,19,21|8,18,25,32,39,40
1,29,31,33,39,40|2,3,6,14,19,21|8,13,15,18,28,32
1,6,13,15,17,33|2,3,11,14,19,39|18,21,22,31,38,40
1,8,13,14,27,29|2,3,6,15,16,18|11,19,25,32,33,39
1,8,15,17,18,21|2,3,6,19,22,39|13,25,31,32,33,40
1,8,18,25,29,39|2,3,6,19,21,31|14,16,27,32,33,40
1,8,27,29,39,40|2,3,6,14,18,21|11,13,15,19,28,38
1,13,14,25,29,33|2,3,6,15,16,18|8,11,19,27,32,39
1,13,15,28,29,33|2,3,6,14,18,21|8,11,19,27,32,39
1,13,16,20,29,33|2,3,6,14,18,21|8,11,19,27,32,39
1,14,17,33,39,40|2,3,6,15,16,18|8,19,21,22,27,32
1,15,17,21,33,40|2,3,6,19,22,39|8,13,18,25,31,32
1,25,29,33,39,40|2,3,6,14,18,21|8,11,13,16,19,26
2,3,6,19,22,39|8,10,15,18,21,29|13,25,31,32,33,40
2,3,15,16,19,22|6,8,18,21,27,32|10,14,29,33,39,40
6,8,18,21,27,32|10,14,29,33,39,40|11,13,15,19,28,38
6,10,13,15,29,33|8,11,19,27,32,39|14,16,18,25,38,40
6,13,15,18,20,38|8,10,19,29,31,39|14,16,27,32,33,40
6,13,18,22,31,38|8,11,19,27,32,39|10,15,21,29,33,40
6,21,27,32,33,40|8,10,14,18,29,39|11,13,15,19,28,38
8,10,19,29,31,39|11,13,15,18,22,38|14,16,27,32,33,40
8,16,19,27,31,32|10,14,29,33,39,40|11,13,15,18,22,38
1,10,15,18,21,38|2,3,6,13,27,28|19,20,25,26,33,39
1,10,19,31,38,39|2,3,6,13,27,28|18,21,22,25,26,33
1,10,13,16,32,33|2,3,11,18,25,39|8,19,21,22,26,27
1,10,13,16,38,40|2,3,11,18,25,39|8,19,21,22,26,27
1,10,14,19,38,39|2,3,6,13,22,27|15,16,18,26,28,33
1,10,15,19,21,38|2,3,6,13,22,27|11,18,26,31,33,39
2,3,18,21,28,31|8,10,17,19,25,39|14,16,26,27,33,40
2,3,19,20,25,39|6,8,18,21,26,27|10,11,13,16,17,33
2,3,19,21,25,28|8,10,13,27,29,31|14,18,20,26,33,39
1,3,8,9,14,29|6,7,11,28,35,40|17,19,20,30,31,32
2,6,8,9,19,28|3,11,29,31,34,40|14,17,18,20,30,32
2,8,9,11,14,18|3,6,28,29,34,40|17,19,20,30,31,32
2,8,9,11,19,31|3,6,28,29,34,40|14,17,18,20,30,32
2,8,9,14,19,20|3,6,28,29,34,40|11,17,18,30,31,32
2,8,14,17,18,32|3,6,28,29,34,40|9,11,19,20,30,31
2,8,17,19,31,32|3,6,28,29,34,40|9,11,14,18,20,30
1,3,6,22,33,35|2,8,9,12,18,31|7,11,17,25,29,32
1,3,8,25,35,40|2,12,14,17,19,38|6,7,9,20,28,29
1,3,11,14,33,35|2,8,9,12,18,31|7,17,22,28,29,32
2,12,18,29,31,38|3,8,10,14,35,40|6,7,9,11,17,22
2,12,19,25,29,38|3,8,10,14,35,40|6,7,9,11,17,22
3,8,10,14,35,40|6,7,9,11,17,22|12,18,26,29,30,31
1,2,6,19,22,34|3,8,9,25,32,40|11,18,26,29,30,31
1,2,11,14,19,34|3,6,9,22,32,33|10,17,29,30,31,40
1,2,14,19,32,38|3,6,17,22,34,40|7,9,11,12,29,31
1,3,14,32,34,40|2,6,8,9,18,28|11,19,25,26,29,30
1,14,19,26,30,32|2,6,8,9,18,28|3,11,25,29,34,40
2,6,8,9,18,28|3,11,14,17,34,40|19,20,26,29,30,31
2,6,17,19,22,38|3,8,9,25,32,40|11,18,26,29,30,31
2,6,18,28,29,38|3,8,9,25,32,40|11,14,17,19,26,30
2,8,9,11,19,25|3,6,17,22,34,40|14,18,20,26,29,30
2,8,9,14,18,20|3,6,17,22,34,40|11,19,25,26,29,30
2,8,14,18,26,29|3,6,9,22,32,33|7,11,20,31,35,40
2,8,17,18,31,32|3,6,9,22,38,40|11,19,25,26,29,30
2,8,17,19,25,32|3,6,9,22,38,40|11,18,26,29,30,31
1,3,8,14,35,40|6,7,9,11,22,29|12,17,19,30,31,32
1,2,12,18,25,34|3,6,10,28,33,35|7,17,20,26,29,31
1,2,12,27,34,40|3,6,10,28,33,35|7,9,11,17,20,25
1,3,8,20,27,35|2,10,12,14,18,34|7,11,17,25,26,29
1,3,20,25,33,35|2,10,12,14,18,34|7,17,22,26,28,29
1,2,18,20,31,34|3,6,9,22,26,33|10,11,17,27,29,30
1,2,18,25,32,38|3,6,9,22,26,33|10,11,17,27,29,30
1,2,19,20,25,34|3,6,9,22,26,33|10,11,17,27,29,30
1,3,8,12,27,35|2,6,10,18,22,34|17,19,20,25,26,30
1,3,12,25,33,35|2,6,10,18,22,34|11,17,26,27,30,40
1,6,7,10,22,35|2,8,17,18,26,31|3,9,20,25,32,33
1,7,9,12,25,32|2,6,10,18,22,34|3,14,17,26,38,40
1,7,10,11,14,35|2,8,17,18,26,31|3,9,20,25,32,33
1,9,10,25,30,40|2,8,17,18,26,31|3,11,20,27,29,34
1,10,27,29,30,32|2,8,17,18,26,31|3,9,20,25,38,40
1,18,25,26,30,32|2,6,10,19,28,34|7,9,12,17,20,31
1,26,27,30,32,40|2,6,10,18,22,34|7,9,11,12,17,25
2,6,10,18,22,34|3,8,9,20,27,32|7,12,17,26,29,31
2,6,10,19,28,34|3,8,9,20,27,32|7,12,17,26,29,31
3,11,20,27,29,34|7,9,10,12,14,32|17,18,22,26,28,30
1,7,9,12,14,26|2,6,10,18,28,34|3,11,17,27,32,38
1,2,12,14,18,34|3,8,10,31,35,40|6,7,9,11,17,28
1,3,6,28,33,35|2,8,9,12,18,25|7,11,14,17,26,29
1,3,11,31,33,35|2,8,9,12,18,25|6,7,17,22,26,29
1,3,14,20,33,35|2,8,9,12,18,25|6,7,17,22,26,29
1,6,7,9,28,32|2,12,14,17,18,38|3,8,10,31,35,40
2,12,14,17,18,38|3,8,10,31,35,40|7,9,11,20,25,29
2,12,18,25,29,38|3,8,10,31,35,40|6,7,9,11,17,28
2,12,27,29,32,33|3,8,10,31,35,40|6,7,9,11,17,28
3,8,10,31,35,40|6,7,9,11,17,28|12,18,25,26,29,30
1,2,6,18,22,34|3,8,9,10,14,29|7,11,20,25,35,40
1,2,6,19,28,34|3,8,9,10,14,29|7,11,20,25,35,40
1,2,11,14,18,34|3,6,9,28,32,33|10,17,25,29,30,40
1,2,11,19,31,34|3,6,9,28,32,33|10,17,25,29,30,40
1,2,14,18,32,38|3,6,17,28,34,40|7,9,11,12,25,29
1,2,14,19,20,34|3,6,9,28,32,33|10,17,25,29,30,40
1,2,19,31,32,38|3,6,17,28,34,40|7,9,11,12,25,29
1,3,8,9,14,17|2,11,18,25,29,38|7,20,22,28,35,40
1,3,12,14,33,35|2,6,17,18,22,38|9,11,20,27,30,40
1,3,14,17,29,38|2,8,9,11,18,25|7,20,22,28,35,40
1,3,31,32,34,40|2,6,17,18,22,38|7,9,11,12,25,29
1,7,9,12,14,32|2,6,17,18,22,38|3,20,25,29,34,40
1,14,18,26,30,32|2,6,17,19,28,38|3,20,25,29,34,40
1,19,26,30,31,32|2,6,17,18,22,38|3,8,9,10,14,29|7,11,20,25,35,40
2,6,17,18,22,38|3,8,9,10,14,29|7,11,20,25,35,40
2,6,17,19,28,38|3,8,9,10,14,29|7,11,20,25,35,40
2,8,9,18,22,28|3,11,17,31,34,40|19,20,25,26,29,30
2,8,14,17,19,26|3,6,9,28,32,33|7,11,20,25,35,40
2,8,18,26,29,31|3,6,9,28,32,33|7,11,20,25,35,40
2,11,14,17,18,38|3,6,9,28,32,33|19,20,25,26,29,30
2,11,18,25,29,38|3,6,9,28,32,33|14,17,19,20,26,30
2,11,27,29,32,33|3,6,9,28,38,40|14,17,19,20,26,30
2,11,27,29,38,40|3,6,9,28,32,33|14,17,19,20,26,30
2,14,17,19,20,38|3,6,9,28,32,33|11,18,25,26,29,30
2,19,20,25,29,38|3,6,9,28,32,33|11,14,17,18,26,30
3,8,9,10,14,29|6,17,18,22,26,30|7,11,20,25,35,40
1,2,12,18,31,34|3,6,10,22,33,35|7,14,17,20,26,29
1,2,12,19,25,34|3,6,10,22,33,35|7,9,11,17,20,31
1,3,8,11,27,35|2,10,12,14,19,34|6,7,9,17,20,28
1,3,11,25,33,35|2,10,12,14,19,34|6,7,9,17,20,28
1,3,20,31,33,35|2,10,12,14,19,34|6,7,17,26,28,29
1,3,22,28,33,35|2,10,12,14,19,34|7,9,11,17,20,31
1,2,6,18,28,34|3,8,9,10,29,31|11,17,19,25,26,30
1,2,11,18,31,34|3,9,22,28,32,33|7,12,14,17,26,29
1,2,11,19,25,34|3,8,9,10,29,31|6,17,18,26,28,30
1,2,14,18,20,34|3,8,9,10,29,31|11,17,19,25,26,30
1,2,19,20,31,34|3,8,9,11,27,32|6,17,18,26,28,30
1,2,19,22,28,34|3,8,9,10,29,31|14,17,18,20,26,30
1,2,19,25,32,38|3,8,9,10,29,31|6,17,18,26,28,30
1,3,8,9,17,31|2,6,10,19,22,34|18,20,25,26,29,30
1,3,12,31,33,35|2,6,10,19,22,34|14,17,18,20,26,30
1,7,9,12,31,32|2,6,10,19,22,34|14,17,18,20,26,30
1,17,20,27,29,30|2,6,10,19,22,34|3,8,9,26,31,40
1,18,26,30,31,32|2,6,10,19,22,34|3,9,11,25,38,40
1,19,25,26,30,32|2,6,17,18,28,38|3,8,9,10,29,31
2,6,10,19,22,34|3,8,9,11,27,32|7,12,14,17,26,29
2,8,9,18,20,25|3,10,14,32,34,40|17,19,22,26,28,30
2,9,20,25,33,40|3,11,27,29,32,38|6,17,18,26,28,30
2,11,17,18,31,38|3,9,22,28,32,33|20,26,27,29,30,40
2,18,20,25,29,38|3,8,9,11,27,32|17,19,22,26,28,30
2,20,27,29,38,40|3,9,11,25,32,33|6,17,18,26,28,30
3,10,14,32,34,40|6,7,9,12,17,28|18,20,25,26,29,30
3,17,22,28,34,40|7,9,12,20,25,29|10,14,19,26,30,32
1,7,9,12,26,31|2,10,11,18,25,34|3,17,20,27,32,38
2,3,8,13,25,33|7,10,12,30,39,40|11,16,18,23,27,38
1,7,12,13,30,31|2,3,11,18,23,39|8,16,27,33,38,40
1,7,12,13,14,30|2,3,6,18,21,23|8,16,19,25,33,38
1,7,12,30,39,40|2,3,6,18,21,23|8,16,19,25,33,38
2,6,9,19,26,33|3,17,18,22,32,34|7,10,28,29,35,40
2,9,18,28,32,33|3,19,22,26,29,34|6,7,10,17,35,40
1,3,6,7,29,35|2,9,18,28,30,40|17,19,22,32,33,34
1,8,12,18,31,35|2,3,6,9,22,40|11,14,17,19,20,34
1,8,12,19,25,35|2,3,6,9,22,40|11,14,17,18,32,38
1,12,31,33,35,40|6,8,9,19,22,26|11,14,17,18,32,38
1,17,29,31,32,33|2,3,6,9,22,40|8,10,12,14,19,35
2,3,6,9,22,40|8,10,12,14,19,35|11,18,20,29,31,34
2,3,14,17,32,40|6,8,9,19,22,26|11,18,20,29,31,34
6,9,11,18,22,38|8,10,12,14,19,35|26,29,31,32,33,40
1,8,12,14,18,35|2,3,29,31,32,40|6,9,11,19,22,38
1,8,12,19,31,35|6,9,28,32,33,40|11,14,18,20,29,34
1,12,14,33,35,40|6,8,9,18,28,32|11,19,20,29,31,34
1,2,3,17,25,29|6,10,18,28,32,34|8,9,11,26,27,40
1,6,18,22,26,34|2,3,9,20,25,40|8,10,17,27,29,32
1,6,19,26,28,34|2,3,9,20,25,40|8,10,17,27,29,32
1,8,9,11,17,27|2,3,25,26,29,40|6,10,18,28,32,34
1,9,10,14,32,33|2,3,25,26,29,40|17,18,20,22,28,34
1,9,17,20,31,33|2,3,25,26,29,40|6,10,18,28,32,34
1,9,17,22,28,33|2,3,20,27,29,32|8,10,12,18,25,35
1,10,14,17,34,40|2,3,20,27,29,32|8,9,11,18,25,26
1,10,25,29,34,40|6,17,18,22,26,38|9,11,20,27,32,33
1,11,12,27,33,35|2,3,9,20,25,40|6,10,18,28,32,34
1,11,14,18,26,34|2,3,9,20,25,40|8,10,17,27,29,32
1,11,17,27,29,38|2,3,9,20,25,40|6,10,18,28,32,34
1,11,19,26,31,34|2,3,9,20,25,40|8,10,17,27,29,32
1,17,26,29,31,33|2,3,9,20,25,40|6,10,18,28,32,34
1,18,20,25,32,34|2,3,10,14,17,29|8,9,11,26,27,40
1,20,27,32,34,40|2,3,10,14,17,29|8,9,11,18,25,26
2,3,9,20,25,40|6,10,18,28,32,34|11,17,19,26,31,38
1,6,9,17,22,33|2,3,14,26,29,40|8,10,12,19,31,35
1,6,18,28,32,34|2,3,9,11,31,40|14,19,20,26,29,38
1,8,9,17,25,40|6,10,19,22,32,34|11,14,18,26,29,38
1,8,12,18,25,35|2,3,6,9,28,40|10,11,14,19,32,34
1,8,12,27,35,40|6,9,10,22,29,33|11,14,17,18,20,34
1,9,11,25,29,33|2,3,17,31,32,40|8,10,12,14,18,35
1,9,22,28,29,33|2,3,17,31,32,40|8,10,12,14,18,35
1,10,14,29,34,40|6,8,9,18,22,26|11,17,19,25,32,38
1,11,18,31,32,34|2,3,6,9,28,40|14,19,20,26,29,38
1,11,19,25,32,34|2,3,6,9,28,40|8,10,12,14,18,35
1,12,25,33,35,40|6,8,9,18,22,26|10,11,14,19,32,34
1,14,18,20,32,34|2,3,6,9,28,40|8,10,12,19,31,35
1,17,25,29,32,33|2,3,6,9,28,40|8,10,12,14,18,35
1,17,25,29,38,40|6,8,9,18,22,26|10,11,14,19,32,34
1,19,20,31,32,34|2,3,6,9,28,40|8,10,12,14,18,35
1,19,22,28,32,34|2,3,9,11,31,40|8,10,12,14,18,35
2,3,6,9,28,40|8,10,12,14,18,35|11,17,19,20,31,34
2,3,14,26,29,40|6,9,11,18,28,38|8,10,12,19,31,35
6,8,9,19,26,28|10,12,14,33,35,40|11,17,18,31,32,38
6,9,11,18,28,38|8,10,12,19,31,35|14,17,26,32,33,40
6,9,18,20,22,38|8,10,12,19,31,35|14,17,26,32,33,40
6,9,19,20,28,38|8,10,12,14,18,35|25,26,29,32,33,40
6,9,22,26,33,40|8,10,12,14,18,35|11,17,19,20,31,34
8,9,11,19,26,31|10,12,14,33,35,40|18,20,22,28,29,34
8,9,18,20,25,32|10,12,14,33,35,40|11,17,19,22,28,34
8,10,12,14,18,35|9,11,19,20,31,38|25,26,29,32,33,40
8,10,12,19,31,35|9,11,14,18,20,38|25,26,29,32,33,40
8,18,25,26,29,32|9,11,19,20,31,38|10,12,14,33,35,40
1,2,3,17,29,31|6,8,9,18,26,28|10,14,19,20,32,34
1,6,9,17,28,33|2,3,11,27,29,32|8,10,12,18,31,35
1,6,19,22,26,34|2,3,9,11,25,40|8,10,12,18,31,35
1,9,14,17,20,33|2,3,11,27,29,32|8,10,12,18,31,35
1,9,20,25,29,33|6,10,18,22,32,34|11,14,17,19,26,38
1,10,29,31,34,40|6,8,9,18,26,28|17,19,20,25,32,38
1,11,14,19,26,34|2,3,9,20,31,40|17,18,22,28,32,38
1,11,18,25,32,34|2,3,9,20,31,40|6,17,19,22,26,38
1,14,17,26,29,33|2,3,9,11,25,40|6,10,18,22,32,34
1,14,19,26,32,38|2,3,9,11,25,40|6,17,18,20,28,34
1,18,20,31,32,34|2,3,9,11,25,40|6,17,19,22,26,38
1,18,22,28,32,34|2,3,9,11,25,40|19,20,26,29,31,38
1,19,20,25,32,34|2,3,9,22,28,40|8,10,12,18,31,35
2,3,9,11,25,40|6,10,18,22,32,34|19,20,26,29,31,38
2,3,9,20,31,40|6,10,18,22,32,34|11,14,17,19,26,38
2,3,9,22,28,40|8,10,12,18,31,35|11,14,17,19,26,38
2,3,11,27,29,32|6,8,9,18,26,28|10,12,31,33,35,40
2,3,26,29,31,40|6,9,18,20,28,38|8,10,12,19,25,35
6,9,18,20,28,38|8,10,12,19,25,35|17,26,31,32,33,40
6,9,26,28,33,40|8,10,12,18,31,35|11,17,19,20,25,34
6,17,18,20,28,34|8,9,11,19,25,26|10,12,31,33,35,40
8,9,11,19,25,26|10,12,31,33,35,40|17,18,22,28,32,38
1,2,7,25,35,40|3,9,20,27,29,30|14,18,26,32,33,34
1,2,9,18,25,30|3,6,7,17,28,35|10,19,29,31,34,38
1,2,9,27,30,40|3,6,7,17,28,35|10,14,18,29,34,38
1,3,7,31,32,35|2,9,10,14,18,30|11,17,27,29,33,34
1,8,9,18,25,34|2,7,10,14,35,40|17,27,29,32,33,38
1,27,29,32,33,34|2,7,10,14,35,40|8,9,17,18,25,38
2,7,10,14,35,40|3,9,20,27,29,30|19,26,31,32,33,34
2,9,10,14,18,30|3,6,7,17,28,35|11,19,27,32,34,38
2,9,10,19,30,31|3,6,7,17,28,35|14,18,26,32,33,34
1,2,7,31,35,40|3,9,11,27,29,30|14,19,26,32,33,34
1,2,9,18,30,31|3,6,7,17,22,35|10,14,19,29,34,38
1,14,17,19,34,38|2,3,9,29,31,33|12,18,23,27,32,35
1,18,29,31,34,38|2,9,10,14,19,30|3,6,7,17,22,35
2,9,10,14,19,30|3,6,7,17,22,35|18,25,32,34,38,40
3,17,27,29,30,32|8,9,10,14,19,34|12,18,31,33,35,38
1,3,7,25,32,35|2,9,10,18,30,31|17,20,27,29,33,34
1,17,19,25,34,38|2,7,10,31,35,40|8,9,26,27,29,33
2,7,10,31,35,40|3,9,11,17,27,30|19,25,26,32,33,34
2,9,10,18,30,31|3,7,11,17,25,35|8,19,26,27,32,34
2,9,10,19,25,30|3,7,17,20,31,35|11,18,27,32,34,38
2,19,26,27,30,32|3,7,11,17,25,35|8,9,10,18,31,34
1,2,9,14,18,30|3,6,7,28,29,35|19,25,32,34,38,40
1,8,9,14,18,34|2,17,27,29,30,40|12,19,31,33,35,38
1,9,14,33,34,40|2,17,18,25,29,30|12,19,23,27,32,35
1,14,18,29,34,38|3,9,17,30,31,40|12,19,23,27,32,35
1,7,31,35,38,40|2,8,9,27,29,33|10,14,17,19,30,34
1,9,18,30,31,38|2,8,19,27,32,34|6,7,17,28,33,35
1,9,19,25,30,38|2,18,31,32,33,34|7,8,20,27,29,35
2,9,17,18,23,31|7,8,20,27,29,35|19,25,26,30,34,40
2,9,17,19,23,25|3,14,18,32,34,38|7,8,20,27,29,35
2,18,31,32,33,34|7,8,20,27,29,35|9,10,14,19,30,38
2,18,31,34,38,40|3,9,23,27,29,32|6,7,17,28,33,35
2,19,25,34,38,40|3,9,23,27,29,32|6,7,17,28,33,35
3,9,23,27,29,32|6,7,17,28,33,35|18,26,30,31,34,40
1,9,18,25,30,38|2,14,19,26,33,34|7,8,11,17,27,35
1,17,18,25,30,34|3,8,9,27,29,38|7,10,14,32,33,35
3,8,9,27,29,38|7,10,14,32,33,35|18,25,26,30,34,40
2,14,18,26,33,34|3,9,17,23,27,32|7,10,31,35,38,40
2,9,14,17,19,23|6,7,28,29,33,35|18,25,30,32,34,40
2,14,19,34,38,40|6,7,28,29,33,35|8,9,17,18,30,31
1,9,14,18,30,38|2,19,31,32,33,34|7,8,11,27,29,35
1,9,19,30,31,38|2,14,18,32,33,34|7,8,11,27,29,35
2,9,14,17,18,23|7,8,11,27,29,35|19,26,30,31,34,40
2,9,17,19,23,31|7,8,11,27,29,35|14,18,26,30,34,40
2,9,18,23,25,29|3,14,19,32,34,38|6,7,17,22,33,35
2,9,23,27,29,40|3,14,19,32,34,38|6,7,17,22,33,35
3,9,14,29,33,38|7,8,17,25,35,40|11,19,27,30,32,34
1,7,9,14,29,38|2,8,18,25,33,35|12,19,27,30,32,34
3,31,33,35,38,40|7,8,9,17,25,29|12,19,27,30,32,34
2,18,25,30,34,40|3,7,8,14,17,35|9,23,27,29,32,33
2,12,19,27,30,34|3,7,9,14,32,38|18,23,26,31,33,35
2,3,9,23,27,29|7,10,25,30,35,40|14,19,26,33,34,38
2,18,27,30,32,38|3,7,8,17,25,35|9,10,19,23,31,34
1,2,9,13,16,38|3,17,25,29,34,39|7,10,15,21,32,35
1,2,13,16,17,34|3,9,25,29,38,39|7,10,15,21,32,35
1,7,25,32,35,39|2,10,13,16,29,34|3,9,15,17,21,38
1,9,13,16,26,30|2,18,25,32,34,39|7,17,21,28,31,35
1,9,27,30,32,39|2,10,13,16,29,34|7,17,21,22,25,35
2,13,16,26,34,40|3,9,14,17,38,39|7,10,15,21,32,35
2,14,19,26,34,39|3,9,15,17,21,38|12,13,25,27,30,35
2,15,19,21,26,34|3,9,14,17,38,39|12,13,25,27,30,35
2,19,31,32,34,39|3,9,15,21,29,38|12,13,14,27,30,35
2,18,31,32,34,39|3,12,13,16,35,38|6,9,17,21,27,30
2,19,25,32,34,39|3,12,13,16,35,38|6,9,17,21,27,30
2,14,19,32,34,39|6,7,15,16,17,35|9,13,25,29,30,31
2,15,19,21,32,34|6,7,28,29,35,39|9,11,13,16,17,30
1,27,29,32,34,39|2,3,9,15,17,21|12,13,16,26,33,35
2,3,9,15,17,21|12,13,14,27,35,38|19,26,31,32,34,39
2,3,9,25,29,39|12,13,14,27,35,38|15,18,21,26,32,34
2,3,12,13,16,35|6,9,21,27,29,38|14,19,26,32,34,39
1,9,14,19,26,38|2,3,12,18,25,35|10,27,29,32,34,40
1,9,18,20,31,34|2,3,12,27,35,40|17,19,25,26,29,38
1,9,18,22,28,34|2,3,12,27,35,40|17,19,25,26,29,38
1,9,18,25,32,38|2,3,12,27,35,40|10,14,19,26,29,34
1,9,19,20,25,34|2,3,12,27,35,40|17,18,26,29,31,38
1,9,27,32,38,40|2,3,12,18,25,35|10,14,19,26,29,34
1,18,26,29,31,34|2,3,9,17,25,40|12,19,20,27,35,38
1,19,25,26,29,34|2,3,12,27,35,40|9,10,14,18,32,38
2,3,9,11,27,29|10,14,17,18,32,34|12,19,25,26,33,35
2,3,12,27,35,40|6,9,10,18,22,34|17,19,25,26,29,38
2,3,17,27,29,32|6,9,10,18,22,34|12,19,25,26,33,35
9,17,19,20,25,38|10,27,29,32,34,40|12,18,26,31,33,35
9,17,26,31,33,40|10,18,25,29,32,34|12,19,20,27,35,38
1,8,9,17,27,29|2,3,12,18,31,35|19,25,26,32,34,40
1,9,18,31,32,38|2,3,12,19,25,35|17,20,27,29,34,40
1,9,19,25,32,38|2,3,12,18,31,35|17,20,27,29,34,40
1,14,18,26,29,34|2,3,9,17,31,40|11,12,19,27,35,38
1,17,18,31,32,34|2,3,12,19,25,35|8,9,26,27,29,40
1,17,19,25,32,34|2,3,12,18,31,35|8,9,26,27,29,40
2,3,9,17,31,40|10,19,25,29,32,34|12,14,18,26,33,35
9,10,14,17,29,33|11,12,19,27,35,38|18,26,31,32,34,40
9,14,17,26,33,40|10,18,29,31,32,34|11,12,19,27,35,38
1,6,9,18,22,34|2,3,12,19,31,35|17,27,29,32,38,40
1,6,9,19,28,34|2,3,12,14,18,35|17,27,29,32,38,40
1,9,11,14,18,34|2,3,12,19,31,35|17,27,29,32,38,40
1,9,11,19,31,34|2,3,12,14,18,35|17,27,29,32,38,40
1,9,14,18,32,38|2,3,12,19,31,35|11,17,27,29,34,40
1,9,19,31,32,38|2,3,12,14,18,35|11,17,27,29,34,40
1,14,19,26,29,34|6,9,17,18,22,38|12,27,32,33,35,40
1,27,29,32,34,40|2,3,12,14,18,35|6,9,17,19,28,38
1,2,9,18,31,38|3,11,17,27,29,34|7,10,25,32,35,40
1,2,17,18,31,34|3,9,11,27,29,38|7,10,25,32,35,40
1,7,10,29,31,35|2,11,18,27,32,34|3,9,17,25,38,40
1,7,26,31,35,40|2,9,10,14,19,38|3,11,17,27,29,34
1,9,18,26,30,31|2,10,14,17,19,34|3,12,27,32,33,35
1,9,19,25,26,30|2,10,18,29,31,34|3,12,27,32,33,35
1,7,9,26,29,31|2,12,18,27,32,34|3,10,14,17,33,35
1,2,9,18,25,38|3,17,20,27,29,34|7,10,14,26,35,40
1,7,10,14,17,35|2,18,20,27,32,34|3,9,25,26,29,33
1,7,10,25,29,35|2,9,11,17,27,33|3,18,26,31,32,34
1,7,25,26,35,40|2,9,10,14,18,38|3,17,20,27,29,34
1,2,9,14,19,38|3,17,25,29,34,40|11,12,18,27,30,35
1,2,18,29,31,34|3,9,14,17,32,33|12,19,20,27,30,35
1,2,19,25,29,34|3,9,14,17,32,33|11,12,18,27,30,35
1,3,9,14,34,40|2,8,12,19,27,35|17,18,26,29,30,31
1,9,14,19,26,30|2,12,18,31,33,35|3,17,25,29,34,40
1,2,17,19,31,34|3,9,14,26,29,33|12,18,20,27,30,35
1,9,14,18,26,30|2,10,19,29,31,34|7,17,20,25,35,40
2,8,9,17,18,25|3,14,19,26,32,34|7,11,20,27,29,35
2,11,19,27,32,34|3,9,14,26,29,33|7,17,20,25,35,40
2,12,27,33,35,40|3,14,19,26,32,34|9,17,18,20,25,30
2,14,18,26,34,40|3,9,17,31,32,33|7,11,20,27,29,35
2,12,19,27,32,34|3,8,18,26,31,35|7,9,17,20,25,29
1,9,19,25,30,32|2,12,14,18,33,35|3,17,29,31,34,40
1,2,16,27,31,33|3,10,13,15,22,38|7,12,25,26,39,40
1,2,21,22,27,33|3,10,11,13,16,38|7,12,25,26,39,40
1,3,6,21,27,38|2,8,10,18,25,39|7,12,13,15,26,28
1,3,14,16,27,38|2,8,10,18,25,39|7,12,13,15,26,28
2,8,10,27,39,40|3,17,21,25,28,33|7,12,13,16,20,26
2,10,13,16,20,33|3,8,17,21,27,28|7,12,25,26,39,40
2,10,25,33,39,40|3,8,17,21,27,28|7,12,13,16,20,26
1,2,6,21,27,33|3,10,14,38,39,40|7,11,12,13,16,26
1,2,14,16,27,33|3,6,10,13,15,38|7,12,26,31,39,40
1,3,8,13,16,26|2,10,31,33,39,40|7,12,21,22,27,32
1,3,13,14,25,38|2,8,10,18,31,39|7,12,21,22,27,32
1,3,13,15,28,38|2,8,10,18,31,39|7,12,21,22,27,32
1,3,13,16,20,38|2,8,10,18,31,39|7,12,21,22,27,32
1,3,25,38,39,40|2,10,11,13,16,33|7,12,21,22,27,32
2,8,10,18,31,39|3,17,21,22,25,33|7,11,12,13,16,26
2,8,10,19,25,39|3,17,21,28,31,33|7,11,12,13,16,26
2,10,11,13,16,33|3,8,17,21,22,27|7,12,26,31,39,40
2,10,31,33,39,40|3,8,17,21,22,27|7,11,12,13,16,26
3,8,11,17,27,39|7,12,13,14,26,31|10,18,21,22,25,30
3,8,16,17,27,31|7,12,13,15,22,26|10,11,18,25,30,39
1,2,6,13,15,33|3,8,14,16,27,29|7,12,31,32,39,40
1,2,8,15,18,21|3,6,28,29,33,39|7,11,12,13,16,32
1,2,8,19,31,39|3,6,14,17,21,33|7,11,12,13,16,32
1,2,14,33,39,40|3,6,8,21,27,29|7,11,12,13,16,32
1,2,15,21,33,40|3,8,11,13,16,17|6,10,19,22,30,39
1,6,18,21,25,30|3,8,11,13,16,17|7,12,31,32,39,40
1,7,12,15,21,29|3,8,11,13,16,17|6,10,19,22,30,39
1,11,18,30,31,39|3,6,8,21,27,29|7,12,13,15,22,32
1,11,19,25,30,39|3,6,8,21,27,29|7,12,13,14,31,32
1,14,16,18,25,30|3,6,8,21,27,29|7,12,13,15,22,32
1,14,16,27,30,40|3,6,21,25,29,33|7,12,13,15,22,32
1,14,18,20,30,39|3,6,8,21,27,29|7,11,12,13,16,32
1,14,18,21,28,30|3,6,15,16,17,33|7,12,31,32,39,40
1,15,16,18,28,30|3,6,8,21,27,29|7,12,13,14,31,32
1,15,18,20,21,30|3,6,28,29,33,39|7,11,12,13,16,32
1,16,19,25,30,31|3,6,8,21,27,29|7,12,13,15,22,32
1,19,20,30,31,39|3,6,8,21,27,29|7,11,12,13,16,32
1,19,21,22,25,30|3,6,15,16,17,33|7,12,13,14,31,32
1,19,22,28,30,39|3,6,8,21,27,29|7,11,12,13,16,32
3,6,28,29,33,39|7,11,12,13,16,32|10,14,19,21,22,30
3,8,11,13,16,17|6,10,14,18,21,30|7,12,31,32,39,40
3,8,13,15,17,22|6,10,14,18,21,30|7,12,31,32,39,40
3,8,14,16,27,29|6,10,19,21,30,31|7,12,13,15,22,32
3,8,17,31,39,40|6,10,14,18,21,30|7,11,12,13,16,32
3,11,29,31,33,39|6,10,14,18,21,30|7,12,13,15,22,32
3,14,16,25,29,33|6,10,19,21,30,31|7,12,13,15,22,32
3,14,21,28,29,33|6,10,15,16,18,30|7,12,31,32,39,40
3,15,16,28,29,33|6,10,14,18,21,30|7,12,31,32,39,40
3,15,20,21,29,33|6,10,19,22,30,39|7,11,12,13,16,32
1,6,18,22,30,39|3,8,13,14,25,29|7,12,15,21,32,40
1,6,19,21,25,30|3,8,13,15,28,29|7,12,14,32,39,40
1,6,19,28,30,39|3,8,13,14,25,29|7,12,15,21,32,40
1,15,16,18,22,30|3,6,21,29,31,33|7,12,14,32,39,40
1,15,16,19,28,30|3,6,21,29,31,33|7,12,14,32,39,40
1,19,21,22,30,31|3,6,8,13,15,17|7,12,14,32,39,40
1,2,8,13,14,27|3,6,17,21,25,33|10,11,18,30,31,39
1,2,8,18,25,39|3,14,17,21,28,33|6,7,12,13,15,26
1,2,8,27,39,40|3,6,17,21,25,33|10,15,16,18,28,30
1,2,13,14,25,33|3,6,8,17,21,27|10,11,18,30,31,39
1,2,13,15,28,33|3,6,8,17,21,27|7,10,12,14,29,39
1,2,13,16,20,33|3,6,8,17,21,27|7,10,12,14,29,39
1,2,25,33,39,40|3,6,8,17,21,27|10,15,16,18,28,30
1,3,11,13,16,38|2,8,10,14,18,39|6,7,12,21,27,32
1,3,13,15,22,38|2,8,10,14,18,39|6,7,12,21,27,32
1,3,31,38,39,40|2,6,10,13,15,33|7,12,14,16,27,32
1,6,13,27,28,30|2,8,10,14,18,39|3,15,17,20,21,33
1,7,12,14,17,39|2,6,10,13,15,33|3,8,16,25,27,29
1,7,12,25,29,39|2,6,10,13,15,33|3,8,14,16,17,27
1,11,13,27,30,31|2,8,10,14,18,39|3,6,17,21,25,33
1,13,14,20,27,30|2,8,10,15,18,21|3,6,17,28,33,39
1,18,20,25,30,39|2,6,10,13,15,33|3,8,14,16,17,27
1,18,21,25,28,30|2,6,10,13,15,33|3,8,14,16,17,27
2,8,10,15,18,21|3,6,17,28,33,39|7,12,13,25,31,32
2,8,10,19,31,39|3,6,17,21,25,33|7,12,14,16,27,32
2,10,14,33,39,40|3,6,8,17,21,27|7,12,13,25,31,32
2,10,15,21,33,40|3,8,13,17,25,31|7,12,14,16,27,32
3,8,13,17,25,31|6,7,12,21,27,32|10,14,18,20,30,39
3,8,14,16,17,27|6,7,12,13,15,26|10,11,18,30,31,39
3,8,16,25,27,29|6,7,12,13,15,26|10,11,18,30,31,39
3,8,20,27,29,39|6,7,12,13,15,26|10,14,16,18,25,30
3,8,21,27,28,29|6,7,12,13,15,26|10,11,18,30,31,39
3,11,17,31,33,39|6,7,12,13,15,26|10,14,16,18,25,30
3,14,16,17,25,33|6,7,12,13,15,26|10,11,18,30,31,39
3,14,17,20,33,39|6,7,12,13,15,26|10,16,19,25,30,31
3,14,17,21,28,33|6,7,12,13,15,26|10,11,18,30,31,39
3,15,16,17,28,33|6,7,12,21,27,32|10,11,18,30,31,39
3,15,17,20,21,33|6,10,18,28,30,39|7,12,13,25,31,32
3,17,21,22,31,33|6,7,12,13,15,26|10,11,19,25,30,39
3,20,25,29,33,39|6,7,12,13,15,26|10,14,16,27,30,40
3,21,25,28,29,33|6,7,12,13,15,26|10,11,18,30,31,39
1,2,8,18,31,39|3,11,15,17,21,33|7,12,13,14,25,32
1,2,8,19,25,39|3,6,17,21,31,33|7,12,13,15,28,32
1,2,11,13,16,33|3,8,17,25,39,40|6,10,18,21,30,31
1,2,13,14,31,33|3,8,11,27,29,39|6,10,19,21,25,30
1,2,13,15,22,33|3,8,11,27,29,39|6,10,18,21,30,31
1,2,31,33,39,40|3,8,13,14,17,25|10,11,15,18,21,30
1,3,14,38,39,40|2,8,10,15,19,21|7,12,13,16,20,32
1,3,15,21,38,40|2,8,10,14,19,39|7,12,13,16,20,32
1,6,13,22,27,30|2,8,10,14,19,39|3,11,15,17,21,33
1,7,12,29,31,39|2,8,10,13,16,40|3,11,15,17,21,33
1,11,13,14,27,30|2,8,10,15,19,21|3,6,17,22,33,39
1,11,18,25,30,39|2,8,10,13,16,40|3,6,17,21,31,33
1,11,27,30,39,40|2,8,10,15,19,21|3,14,16,17,31,33
1,16,18,25,30,31|2,8,10,14,19,39|3,11,15,17,21,33
1,16,27,30,31,40|2,8,10,14,19,39|3,11,15,17,21,33
1,18,20,30,31,39|2,8,10,13,16,40|3,11,15,17,21,33
1,18,21,22,25,30|2,8,10,13,16,40|3,11,14,17,33,39
1,18,21,28,30,31|2,8,10,13,16,40|3,6,17,22,33,39
1,18,22,28,30,39|2,8,10,13,16,40|3,6,17,21,31,33
1,19,20,25,30,39|2,8,10,13,16,40|3,6,17,21,31,33
1,19,21,25,28,30|2,8,10,13,16,40|3,6,17,22,33,39
1,21,22,27,30,40|2,8,10,14,19,39|3,16,25,29,31,33|7,12,13,15,28,32
2,8,10,14,19,39|3,6,17,21,31,33|7,12,13,15,28,32
2,8,10,15,19,21|3,6,17,22,33,39|7,12,13,14,25,32
3,6,17,21,31,33|7,12,13,14,25,32|10,15,16,18,22,30
3,6,17,22,33,39|7,12,13,14,25,32|10,11,15,18,21,30
3,8,11,27,29,39|6,10,18,21,30,31|7,12,13,14,25,32
3,8,13,15,17,28|6,10,18,21,30,31|7,12,25,32,39,40
3,8,13,16,17,20|6,10,18,21,30,31|7,12,25,32,39,40
3,8,16,27,29,31|6,10,18,22,30,39|7,12,13,14,25,32
3,8,17,25,39,40|6,10,18,21,30,31|7,12,13,15,28,32
3,8,21,22,27,29|6,10,19,28,30,39|7,12,13,14,25,32
3,11,14,17,33,39|6,10,18,21,30,31|7,12,13,15,28,32
3,11,15,17,21,33|6,10,18,22,30,39|7,12,13,14,25,32
3,11,25,29,33,39|6,10,18,21,30,31|7,12,13,15,28,32
3,14,16,17,31,33|6,10,18,22,30,39|7,12,13,15,28,32
3,14,17,21,22,33|6,10,19,28,30,39|7,12,13,16,20,32
3,15,16,17,22,33|6,10,18,21,30,31|7,12,13,14,25,32
3,16,25,29,31,33|6,10,18,22,30,39|7,12,13,15,28,32
3,20,29,31,33,39|6,10,19,21,25,30|7,12,13,15,28,32
3,21,22,25,29,33|6,10,19,28,30,39|7,12,13,16,20,32
3,21,28,29,31,33|6,10,18,22,30,39|7,12,13,14,25,32
3,22,28,29,33,39|6,10,18,21,30,31|7,12,13,14,25,32
1,9,15,21,23,25|2,6,22,27,30,39|8,13,14,16,26,38
2,3,14,15,21,38|6,8,22,27,34,39|13,16,23,26,31,32
2,6,22,27,30,39|8,13,14,16,26,38|11,15,21,25,33,34
2,11,14,27,30,39|6,8,13,21,26,38|15,16,22,25,33,34
2,11,15,21,27,30|6,22,25,33,34,39|8,13,14,16,26,38
2,13,15,25,28,30|6,8,21,27,31,34|16,20,32,33,38,39
2,13,16,20,25,30|6,8,21,27,31,34|15,28,32,33,38,39
2,14,16,27,30,31|6,8,13,21,26,38|11,15,28,33,34,39
2,14,21,22,27,30|6,9,10,15,23,39|8,13,16,20,25,34
2,15,16,22,27,30|6,8,13,21,26,38|11,14,25,33,34,39
2,3,15,21,31,38|6,8,27,28,34,39|13,16,23,25,26,32
2,6,27,28,30,39|8,13,16,26,31,38|15,20,21,25,33,34
2,15,16,27,28,30|8,11,13,26,38,39|21,22,25,31,33,34
2,15,20,21,27,30|6,25,28,33,34,39|8,13,16,26,31,38
8,13,16,26,31,38|9,10,15,22,23,39|14,21,25,28,33,34
2,11,13,16,30,31|6,14,22,33,34,39|15,17,21,23,25,29
2,11,13,21,22,30|6,15,16,31,33,34|14,17,23,25,29,39
2,13,15,22,30,31|6,11,16,21,33,34|14,17,23,25,29,39
3,14,30,31,32,39|6,8,13,15,25,34|16,17,21,23,28,29
3,15,21,30,31,32|6,8,13,16,28,34|14,17,23,25,29,39
6,14,22,33,34,39|8,13,16,31,32,38|15,17,21,23,25,29
1,9,11,16,23,39|2,6,14,21,27,30|8,13,15,22,25,34
1,9,14,23,31,39|2,6,15,16,27,30|8,11,13,21,28,34
1,9,15,22,23,39|2,6,14,21,27,30|8,11,13,16,25,34
1,16,17,23,32,39|2,6,14,21,27,30|8,13,15,22,25,34
2,6,14,21,27,30|8,11,13,16,25,34|15,22,32,33,38,39
2,11,13,16,25,30|6,8,14,21,27,34|15,22,32,33,38,39
2,11,13,21,28,30|6,8,15,16,27,34|14,31,32,33,38,39
2,13,15,22,25,30|6,8,14,21,27,34|10,16,23,29,32,39
2,13,15,28,30,31|6,8,14,21,27,34|10,16,23,29,32,39
2,13,16,20,30,31|6,8,14,21,27,34|15,22,32,33,38,39
2,13,16,22,28,30|6,8,14,21,27,34|17,23,25,29,31,39
2,13,20,21,22,30|6,8,15,16,27,34|14,31,32,33,38,39
1,6,15,16,18,38|8,10,14,19,32,39|11,13,25,29,31,33
1,6,19,21,31,38|8,10,13,16,32,40|14,15,22,27,29,33
1,11,13,16,38,40|6,8,17,18,21,25|14,15,22,27,29,33
1,11,14,19,38,39|6,8,13,27,28,29|15,17,20,21,33,40
1,11,15,19,21,38|6,8,13,27,28,29|14,16,17,25,33,40
1,13,15,22,38,40|6,8,17,18,21,25|11,14,16,27,29,33
1,14,16,19,31,38|6,8,13,27,28,29|15,17,20,21,33,40
1,14,19,21,22,38|6,8,13,27,28,29|11,17,31,33,39,40
1,15,16,19,22,38|6,8,13,27,28,29|11,17,31,33,39,40
