6,10,19,22,23,34|7,12,14,26,30,40|8,11,27,29,33,38
1,6,18,22,23,34|2,3,8,29,31,33|7,12,25,30,32,40
1,6,19,23,28,34|2,3,8,29,31,33|7,12,25,30,32,40
1,11,14,18,23,34|2,3,8,29,31,33|7,12,25,30,32,40
1,14,19,20,23,34|2,3,8,29,31,33|7,12,25,30,32,40
2,3,8,29,31,33|6,17,18,22,23,38|7,12,25,30,32,40
1,6,19,22,23,34|2,3,8,14,29,33|7,12,30,31,32,40
2,3,8,14,29,33|6,17,19,22,23,38|7,12,30,31,32,40
1,2,20,27,30,33|3,7,11,12,25,34|10,14,19,23,26,38
1,3,11,27,30,38|2,7,12,14,26,33|10,18,20,23,31,34
1,2,3,14,33,38|6,10,18,23,28,34|7,12,20,27,30,32
1,2,11,27,30,33|3,6,7,12,28,34|8,17,18,23,25,26
1,3,14,26,30,33|2,7,8,12,27,32|6,10,18,23,28,34
1,14,18,23,26,38|2,3,8,17,25,33|7,12,20,27,30,32
1,18,20,23,25,34|2,7,8,12,27,32|3,10,30,31,38,40
1,19,23,26,31,38|2,3,8,17,25,33|7,12,20,27,30,32
2,3,8,17,25,33|6,10,18,23,28,34|7,12,20,27,30,32
2,7,12,25,32,33|3,8,17,20,27,30|6,10,18,23,28,34
2,7,12,25,38,40|3,8,17,20,27,30|6,10,18,23,28,34
2,8,10,18,25,30|3,6,7,12,28,34|9,11,20,23,27,33
2,8,10,27,30,40|3,6,7,12,28,34|17,18,20,23,25,38
1,3,8,27,30,32|2,7,12,31,38,40|6,10,18,22,23,34
1,3,25,30,32,33|2,7,12,31,38,40|6,10,18,22,23,34
1,3,25,30,38,40|2,7,12,31,32,33|6,10,18,22,23,34
1,14,19,23,26,38|2,3,8,17,31,33|7,11,12,27,30,32
1,18,20,23,31,34|2,8,10,19,25,30|3,7,12,14,32,38
1,18,22,23,28,34|2,3,8,17,31,33|7,11,12,27,30,32
1,19,20,23,25,34|2,3,8,17,31,33|7,11,12,27,30,32
2,3,8,17,31,33|6,10,18,22,23,34|7,11,12,27,30,32
2,7,12,31,32,33|3,8,11,17,27,30|6,10,18,22,23,34
2,7,12,31,38,40|3,8,11,17,27,30|6,10,18,22,23,34
2,8,10,18,30,31|3,6,7,12,22,34|11,17,23,27,32,33
2,8,10,19,25,30|3,6,7,12,22,34|11,17,23,27,32,33
2,10,30,31,33,40|3,6,7,12,22,34|8,17,19,23,25,26
7,11,12,27,30,32|8,10,31,33,34,40|17,18,22,23,28,38
7,12,26,30,31,40|8,20,27,29,33,38|10,11,14,18,23,34
1,2,19,21,30,38|3,7,8,15,31,35|9,13,23,28,32,33
1,18,21,23,32,34|2,13,17,22,30,33|3,7,8,15,31,35
2,13,17,22,30,33|3,7,8,11,21,35|9,15,18,23,31,38
2,15,27,29,30,33|3,7,8,11,21,35|9,13,23,28,38,40
1,2,18,21,30,38|3,7,8,15,25,35|6,9,13,23,26,33
1,9,17,21,23,33|2,6,7,12,13,34|3,15,27,29,30,38
2,6,7,12,13,34|3,8,9,15,27,30|18,21,23,26,29,38
2,13,17,28,30,33|3,7,8,15,25,35|9,18,20,21,23,38
1,19,21,23,32,34|2,6,13,17,30,33|3,7,8,14,15,35
2,6,13,17,30,33|3,7,8,14,15,35|9,11,19,21,23,38
2,13,28,29,30,33|3,6,7,8,16,35|9,11,19,21,23,38
2,17,21,30,33,40|3,6,7,8,16,35|9,14,15,18,23,38
1,3,13,22,34,38|2,17,18,21,23,26|7,8,27,28,31,35
1,18,21,26,30,38|2,6,10,13,33,34|7,8,22,25,27,35
2,8,10,18,21,34|3,9,13,22,23,26|7,25,28,31,33,35
2,13,17,28,33,38|7,8,22,25,27,35|10,18,20,21,30,34
2,17,18,21,23,26|3,8,9,15,27,38|7,25,28,31,33,35
3,9,13,22,23,26|7,8,27,28,31,35|10,15,18,25,30,34
3,21,26,29,33,38|7,8,22,25,27,35|10,16,18,28,30,34
1,2,13,22,33,34|3,9,10,21,23,29|6,7,8,25,27,35
1,3,9,17,21,23|2,15,27,29,33,38|7,12,13,28,32,34
1,19,21,26,30,38|2,8,9,15,27,33|7,12,13,28,32,34
2,8,10,19,21,34|3,6,9,13,23,26|7,14,25,28,33,35
2,13,17,22,33,38|3,9,10,21,23,29|6,7,8,25,27,35
2,15,27,29,33,38|3,6,9,13,23,26|10,11,18,21,30,34
2,17,19,21,23,26|3,8,9,13,28,38|7,15,20,25,33,35|10,16,18,22,30,34
3,6,9,13,23,26|7,8,14,27,28,35|10,11,18,21,30,34
3,8,9,13,28,38|7,15,20,25,33,35|10,11,18,21,30,34
3,9,10,21,23,29|6,7,8,25,27,35|13,17,22,26,30,33
3,9,11,21,33,38|6,7,8,25,27,35|10,13,28,30,34,40
3,9,15,23,27,32|7,14,25,28,33,35|10,11,18,21,30,34
3,9,15,31,33,38|6,7,8,25,27,35|10,11,18,21,30,34
3,9,16,22,33,38|6,7,8,25,27,35|10,11,18,21,30,34
3,9,21,23,26,40|6,7,8,25,27,35|10,15,18,30,31,34
3,15,17,31,33,34|6,7,8,25,27,35|10,18,21,30,32,38
3,16,17,22,33,34|6,7,8,25,27,35|10,18,21,30,32,38
3,17,21,32,33,38|6,7,8,25,27,35|10,13,28,30,34,40
1,13,22,30,34,40|2,6,9,16,18,23|7,11,14,15,33,35
1,17,21,29,30,33|2,6,9,16,18,23|7,8,11,13,22,35
2,6,9,16,18,23|3,8,13,22,29,34|7,11,14,15,33,35
2,8,18,21,29,38|3,6,9,13,23,32|7,11,14,15,33,35
2,9,11,19,21,23|3,6,16,29,33,34|7,8,15,25,35,40
2,9,13,22,23,40|3,6,16,29,33,34|11,17,19,21,30,38
2,9,14,15,18,23|3,6,16,29,33,34|7,8,11,13,22,35
2,9,15,19,23,31|3,6,16,29,33,34|7,8,11,13,22,35
2,9,16,19,22,23|3,14,15,29,33,34|6,7,8,13,20,35
2,17,19,21,23,32|3,6,16,29,33,34|7,8,11,13,22,35
3,6,9,13,23,32|7,8,15,25,35,40|11,17,19,21,30,38
3,6,16,29,33,34|7,8,11,13,22,35|14,15,17,18,30,38
3,8,13,22,29,34|6,7,11,16,33,35|14,15,17,18,30,38
3,9,21,23,32,40|6,7,8,13,20,35|14,15,17,18,30,38
3,14,15,29,33,34|6,7,8,13,20,35|11,17,19,21,30,38
1,6,16,19,30,34|2,18,21,23,29,32|7,8,15,31,35,40
2,9,14,15,19,23|3,6,8,13,29,34|17,21,30,32,33,40
2,18,21,23,29,32|6,7,8,11,13,35|9,15,30,31,33,40
1,3,13,23,28,35|6,7,10,16,29,34|9,12,15,27,30,33
1,6,7,16,17,34|3,10,21,23,35,40|9,12,15,27,30,33
1,7,16,28,29,34|3,6,10,13,23,35|9,12,15,27,30,33
1,7,20,21,29,34|3,6,10,13,23,35|9,12,15,27,30,33
1,15,18,25,30,34|2,6,13,17,33,38|7,8,14,22,27,35
1,16,18,28,30,34|2,6,13,17,33,38|7,8,11,15,27,35
1,18,20,21,30,34|2,6,13,17,33,38|7,8,11,15,27,35
2,8,9,13,28,33|6,10,16,18,30,34|7,12,17,21,29,38
2,8,17,18,21,38|3,9,13,23,28,32|6,7,25,31,33,35|10,16,19,22,30,34
2,9,15,18,23,25|3,6,16,17,33,34|7,8,13,20,28,35|10,19,21,30,32,38
2,9,15,23,27,40|3,6,16,17,33,34|7,8,13,20,28,35|10,19,21,30,32,38
2,9,16,18,23,28|3,8,13,17,22,34|6,7,25,31,33,35|10,19,21,30,32,38
2,9,18,20,21,23|3,6,16,17,33,34|7,8,11,15,27,35
2,13,28,29,33,38|6,7,8,27,31,35|10,11,19,21,30,34
2,18,21,23,26,29|3,6,9,16,33,38|7,8,11,15,27,35|10,13,22,30,34,40
3,6,9,16,33,38|7,8,11,15,27,35|10,13,22,30,34,40
3,6,16,17,33,34|7,8,11,15,27,35|10,19,21,30,32,38
3,8,9,13,22,38|6,7,25,31,33,35|10,11,19,21,30,34
3,8,13,17,22,34|6,7,25,31,33,35|10,19,21,30,32,38
3,8,15,27,29,34|6,7,25,31,33,35|10,19,21,30,32,38
3,9,13,23,28,32|6,7,8,27,31,35|10,11,19,21,30,34
3,9,14,15,33,38|6,7,8,27,31,35|10,11,19,21,30,34
3,14,15,17,33,34|6,7,8,27,31,35|10,19,21,30,32,38
3,15,25,29,33,34|6,7,8,27,31,35|10,19,21,30,32,38
3,16,28,29,33,34|6,7,8,27,31,35|10,19,21,30,32,38
3,20,21,29,33,34|6,7,8,27,31,35|15,17,18,25,30,38
1,2,8,19,21,34|3,9,13,22,23,32|6,7,14,25,33,35|15,17,18,30,31,38
1,3,9,21,23,29|6,7,8,14,27,35|13,17,28,30,32,33
1,13,28,30,34,40|2,8,17,19,21,38|6,7,14,25,33,35
1,16,18,22,30,34|2,8,17,19,21,38|6,7,14,25,33,35
2,8,17,19,21,38|3,9,13,22,23,32|6,7,14,25,33,35
2,9,11,18,21,23|3,6,8,13,17,34|7,14,15,20,33,35
2,9,13,23,28,40|3,11,21,29,33,34|6,7,8,14,27,35|15,17,18,30,31,38
2,9,15,18,23,31|3,6,8,13,17,34|7,11,16,22,33,35
2,9,15,19,23,25|3,6,8,13,17,34|7,11,16,22,33,35
2,9,16,18,22,23|3,6,8,13,17,34|7,11,15,31,33,35
2,9,16,19,23,28|3,6,8,13,17,34|7,11,15,31,33,35
2,9,19,20,21,23|3,6,8,13,17,34|7,11,15,31,33,35
2,17,18,21,23,32|3,6,8,9,13,38|7,11,15,31,33,35
2,19,21,23,26,29|3,6,8,9,13,38|7,11,15,31,33,35
3,8,13,28,29,34|6,7,14,25,33,35|11,17,18,21,30,38
3,9,13,22,23,32|6,7,8,14,27,35|11,17,18,21,30,38
3,11,21,29,33,34|6,7,8,14,27,35|13,17,28,30,38,40
3,15,29,31,33,34|6,7,8,14,27,35|11,17,18,21,30,38
3,16,22,29,33,34|6,7,8,14,27,35|11,17,18,21,30,38
1,2,8,15,18,27|3,6,10,13,32,33|7,11,12,19,21,26
1,2,15,18,25,33|3,6,10,13,38,40|7,11,12,19,21,26
1,2,16,18,28,33|3,6,10,13,38,40|7,11,12,19,21,26
1,2,18,20,21,33|3,6,10,13,38,40|7,12,15,19,26,31
1,3,13,28,32,33|6,7,12,16,18,26|10,11,15,19,27,30
1,3,13,28,38,40|2,6,10,16,18,33|7,11,12,19,21,26
1,3,15,19,25,38|2,6,10,16,18,33|7,12,13,22,26,40
1,3,19,20,21,38|2,6,10,16,18,33|7,12,13,22,26,40
1,14,18,27,28,30|2,10,11,19,21,33|7,12,13,22,26,40
1,19,27,28,30,31|2,6,10,16,18,33|7,12,13,22,26,40
2,8,10,13,18,22|3,6,14,17,27,33|7,11,12,19,21,26
3,6,25,27,29,33|7,11,12,19,21,26|10,13,18,20,22,30
3,11,13,17,28,33|6,7,12,16,18,26|10,14,19,22,27,30
3,13,17,20,22,33|6,7,12,16,18,26|10,11,15,19,27,30
3,22,27,29,31,33|6,7,12,16,18,26|10,13,19,20,28,30
1,3,15,18,25,38|2,10,13,28,33,40|7,12,19,20,21,26
1,3,15,27,32,33|2,8,10,13,18,28|7,12,19,20,21,26
1,3,15,27,38,40|2,8,10,13,18,28|7,12,19,20,21,26
1,3,18,20,21,38|2,8,10,15,19,27|7,12,13,26,28,40
1,18,22,25,27,30|2,10,13,28,33,40|7,12,19,20,21,26
2,8,10,13,18,28|3,6,17,27,31,33|7,12,15,19,25,26
2,8,10,15,19,27|3,13,17,20,28,33|7,11,12,18,21,26
3,13,17,20,28,33|6,10,18,27,30,31|7,12,15,19,25,26
1,2,6,16,18,33|3,8,13,17,28,40|7,12,15,19,25,32
1,2,8,13,18,22|3,6,14,27,29,33|7,12,15,19,25,32
1,2,8,13,19,28|3,6,14,27,29,33|7,11,12,18,21,32
1,2,11,19,21,33|3,8,13,17,28,40|7,12,15,18,31,32
1,2,13,22,33,40|3,8,11,17,18,21|7,12,15,19,25,32
1,2,14,15,18,33|3,8,13,17,28,40|7,12,19,20,21,32
1,2,15,19,31,33|3,8,11,17,18,21|7,12,13,28,32,40
1,2,16,19,22,33|3,8,11,17,18,21|7,12,13,28,32,40
1,6,14,18,27,30|2,8,10,19,21,40|3,11,13,28,29,33
1,6,19,27,30,31|3,8,11,17,18,21|7,12,13,28,32,40
1,11,13,18,28,30|2,8,10,19,21,40|3,6,14,27,29,33
1,11,15,19,27,30|3,8,13,17,28,40|7,12,16,18,22,32
1,13,18,20,22,30|2,8,10,19,21,40|3,6,14,27,29,33
1,13,19,20,28,30|3,6,14,27,29,33|7,11,12,18,21,32
1,14,19,22,27,30|3,6,11,13,17,33|7,12,15,18,31,32
2,6,8,10,13,19|3,11,17,21,33,40|7,12,15,18,31,32
2,8,10,19,21,40|3,6,11,13,17,33|7,12,15,18,31,32
3,6,11,13,17,33|7,12,15,18,31,32|10,16,19,28,30,40
3,6,14,27,29,33|7,11,12,18,21,32|10,15,19,25,30,40
3,11,13,28,29,33|7,12,15,18,31,32|10,19,20,21,30,40
3,11,17,21,33,40|6,10,13,19,20,30|7,12,15,18,31,32
3,13,20,22,29,33|7,11,12,18,21,32|10,15,19,25,30,40
3,15,17,31,33,40|6,10,11,13,18,30|7,12,16,19,28,32
3,16,17,22,33,40|6,10,11,13,18,30|7,12,15,19,25,32
1,2,8,13,18,28|3,6,27,29,31,33|7,12,14,15,19,26
1,2,8,15,19,27|3,6,13,17,20,33|7,10,12,21,29,40
1,2,11,18,21,33|3,8,15,17,27,40|6,7,10,12,13,29
1,2,15,18,31,33|3,8,10,19,21,32|6,7,12,13,26,40
1,2,15,19,25,33|3,8,16,17,18,28|6,7,10,12,13,29
1,2,16,18,22,33|3,8,10,19,21,32|6,7,12,13,26,40
1,2,16,19,28,33|3,8,15,17,18,25|6,7,10,12,13,29
1,2,19,20,21,33|3,8,15,17,18,25|6,7,10,12,13,29
1,3,6,16,18,38|2,8,10,13,19,22|7,12,15,27,32,40
1,3,11,19,21,38|2,6,8,10,13,18|7,12,15,27,32,40
1,3,13,22,32,33|2,8,10,18,21,40|6,7,12,16,19,26
1,3,13,22,38,40|2,6,10,16,19,33|7,12,15,18,25,32
1,3,16,19,22,38|2,6,8,10,13,18|7,12,15,27,32,40
1,6,7,12,13,17|2,8,10,18,21,40|3,11,15,27,29,33
1,6,18,27,30,31|2,8,10,13,19,22|3,15,17,25,33,40
1,6,19,25,27,30|2,8,10,18,21,40|3,11,13,17,22,33
1,7,12,13,28,29|2,6,10,16,19,33|3,8,15,17,18,25
1,7,12,17,21,40|2,6,8,10,13,18|3,11,15,27,29,33
1,13,18,20,28,30|2,6,10,16,19,33|3,8,15,17,27,40
1,14,19,27,28,30|2,6,8,10,13,18|3,15,17,25,33,40
1,15,19,20,27,30|2,6,8,10,13,18|3,16,17,28,33,40
1,19,22,27,30,31|2,6,8,10,13,18|3,15,17,25,33,40
2,8,10,13,19,22|3,6,27,29,31,33|7,12,15,18,25,32
2,8,10,18,21,40|3,6,13,17,20,33|7,12,14,15,19,26
2,10,14,15,19,33|3,8,16,17,18,28|6,7,12,13,26,40
3,6,27,29,31,33|7,12,14,15,19,26|10,11,13,18,22,30
3,11,13,17,22,33|6,7,12,16,19,26|10,15,18,25,30,40
3,13,20,28,29,33|6,7,12,16,19,26|10,15,18,25,30,40
1,16,18,22,30,40|3,6,11,13,29,33|7,12,14,15,19,32
1,2,6,8,13,18|3,14,15,17,33,40|7,11,12,19,21,32
1,2,6,13,33,40|3,8,11,17,19,21|7,12,14,15,18,32
1,2,6,16,19,33|3,8,13,17,22,40|7,12,14,15,18,32
1,2,8,13,19,22|3,6,16,17,33,40|7,12,14,15,18,32
1,2,8,18,21,40|3,6,13,20,29,33|7,12,15,19,31,32
1,2,14,15,19,33|3,6,8,16,17,18|7,12,13,22,32,40
1,6,7,12,13,29|3,8,11,17,19,21|10,14,15,18,30,40
1,11,13,18,22,30|3,6,16,17,33,40|7,12,15,19,31,32
1,15,18,25,30,40|3,6,13,20,29,33|7,11,12,19,21,32
1,16,18,28,30,40|3,6,13,20,29,33|7,11,12,19,21,32
3,6,13,20,29,33|7,11,12,19,21,32|10,14,15,18,30,40
3,11,13,22,29,33|6,7,12,16,18,32|10,15,19,30,31,40
3,16,28,29,33,40|6,10,11,13,19,30|7,12,14,15,18,32
1,2,3,6,13,40|8,11,15,17,19,27|14,18,25,28,29,33
1,2,3,14,15,19|6,8,10,13,18,32|22,27,29,31,33,40
1,2,3,6,16,18|8,10,13,19,28,32|11,15,17,27,33,40
1,2,3,11,19,21|6,8,17,18,27,31|10,13,22,32,33,40
1,2,3,13,22,40|6,8,17,18,27,31|10,11,19,21,32,33
1,2,3,14,15,18|6,8,17,19,25,27|10,13,22,32,33,40
1,2,3,18,20,21|6,10,13,26,33,40|8,17,19,25,27,28
1,8,13,18,26,28|2,3,10,11,19,21|17,22,25,27,33,40
1,11,18,21,26,33|2,3,10,13,22,40|8,17,19,25,27,28
1,13,18,20,28,38|2,3,10,11,19,21|17,22,25,27,33,40
1,2,3,11,18,21|6,8,10,13,19,26|14,17,27,28,33,40
1,2,3,13,28,40|6,8,17,18,25,27|10,19,20,21,32,33
1,2,3,15,18,31|6,8,10,13,19,26|14,17,27,28,33,40
1,2,3,15,19,25|6,10,11,13,18,38|14,17,27,28,33,40
1,2,3,16,18,22|6,8,10,13,19,26|14,17,27,28,33,40
1,2,3,19,20,21|6,8,17,18,25,27|10,13,28,32,33,40
1,8,13,18,22,26|2,3,6,10,16,19|14,17,27,28,33,40
1,11,13,18,28,38|2,3,6,10,16,19|15,17,20,27,33,40
1,11,15,19,27,38|2,3,6,10,13,40|14,17,18,25,28,33
1,11,19,21,26,33|2,3,6,10,13,40|8,14,17,18,27,28
1,13,18,20,22,38|2,3,6,10,16,19|14,17,27,28,33,40
1,13,22,26,33,40|2,3,6,10,16,19|8,14,17,18,27,28
1,14,15,18,26,33|2,3,6,10,13,40|8,17,19,22,25,27
1,14,19,22,27,38|2,3,6,10,13,40|15,17,18,20,25,33
1,15,19,26,31,33|2,3,6,10,13,40|8,14,17,18,27,28
1,16,19,22,26,33|2,3,6,10,13,40|8,14,17,18,27,28
1,9,14,16,25,34|2,3,12,31,35,39|15,17,21,26,29,38
1,15,21,26,29,34|2,3,12,31,35,39|9,14,16,17,25,38
8,9,15,17,21,26|10,29,31,32,34,39|12,14,16,27,35,38
9,14,16,17,25,38|10,29,31,32,34,39|12,15,21,26,33,35
1,9,14,16,31,34|2,3,12,15,21,35|17,25,29,32,38,39
1,9,14,21,22,34|8,12,13,16,26,35|17,25,29,32,38,39
1,9,14,32,38,39|2,3,12,15,21,35|16,17,25,29,31,34
1,9,15,21,32,38|2,3,12,14,35,39|16,17,25,29,31,34
1,14,17,32,34,39|2,3,12,15,21,35|9,16,25,29,31,38
1,15,17,21,32,34|2,3,12,14,35,39|9,16,25,29,31,38
1,25,29,32,34,39|2,3,12,15,21,35|9,14,16,17,31,38
6,9,17,21,31,38|8,12,13,16,26,35|10,14,29,32,34,39
6,9,17,22,38,39|8,12,13,16,26,35|10,15,21,29,32,34
8,12,13,16,26,35|9,11,14,17,38,39|10,15,21,29,32,34
2,3,15,21,32,34|8,9,17,31,38,39|12,13,16,23,26,35
2,13,14,25,32,34|3,12,15,21,35,38|9,17,20,30,31,39
2,13,15,28,32,34|3,12,14,35,38,39|9,16,17,25,30,31
2,13,16,20,32,34|3,12,14,35,38,39|9,17,21,22,25,30
2,6,13,15,26,34|3,12,31,35,38,39|9,17,21,25,28,30
2,14,16,27,32,34|3,12,31,35,38,39|9,17,21,25,28,30
1,2,3,11,21,23|6,8,10,16,33,38|7,12,14,25,28,30
1,2,3,15,23,31|6,8,10,16,33,38|7,12,14,25,28,30
1,2,3,20,21,23|7,12,25,28,30,31|8,10,16,22,33,38
1,14,25,28,30,40|3,6,8,16,17,20|7,11,12,15,31,32
1,16,20,28,30,40|3,6,8,14,17,25|7,11,12,15,31,32
3,8,14,25,28,29|6,7,12,16,20,32|10,11,15,30,31,40
3,8,16,20,28,29|6,7,12,14,25,32|10,11,15,30,31,40
1,2,6,8,14,27|7,11,12,15,25,32|10,16,20,22,30,40
1,2,6,14,25,33|3,8,11,16,17,28|7,12,15,20,31,32
1,2,6,15,28,33|3,8,11,17,20,21|7,12,14,22,25,32
1,2,8,11,13,28|6,7,12,25,31,32|10,16,20,22,30,40
1,2,8,13,20,22|6,7,12,25,31,32|10,11,16,28,30,40
1,3,6,11,16,38|2,8,10,15,31,40|7,12,14,22,25,32
1,3,6,14,31,38|2,8,10,11,21,40|7,12,15,22,28,32
1,3,6,15,22,38|2,8,10,11,21,40|7,12,14,28,31,32
1,3,11,14,15,38|2,8,10,16,22,40|6,7,12,25,31,32
1,6,14,20,27,30|2,8,10,11,21,40|7,12,15,22,28,32
1,11,13,20,28,30|2,8,10,15,31,40|7,12,14,22,25,32
1,25,28,30,31,40|2,6,8,10,11,13|7,12,16,20,22,32
3,8,11,15,17,25|7,12,14,28,31,32|10,16,20,22,30,40
3,8,11,17,20,21|6,7,12,25,31,32|10,15,22,28,30,40
3,8,15,17,20,31|7,11,12,16,28,32|10,14,22,25,30,40
3,8,15,17,22,28|6,7,12,25,31,32|10,11,20,21,30,40
1,2,6,8,27,31|7,11,12,14,15,26|10,16,20,28,30,40
1,2,8,11,15,27|6,7,12,14,26,31|10,16,20,28,30,40
1,2,8,13,20,28|6,7,11,12,16,26|10,22,25,30,31,40
1,2,8,14,22,27|6,7,11,12,16,26|10,15,20,25,30,40
1,2,11,15,25,33|3,8,10,16,22,32|6,7,12,14,26,31
1,2,14,28,31,33|3,8,10,11,21,32|6,7,12,15,22,26
1,2,15,22,28,33|3,8,10,11,21,32|6,7,12,14,26,31
1,2,16,20,22,33|3,8,10,11,21,32|6,7,12,14,26,31
1,3,6,8,16,26|2,10,11,14,15,33|7,12,22,25,31,32
1,3,6,14,25,38|2,8,10,11,13,22|7,12,16,20,28,32
1,3,6,16,20,38|2,8,10,11,13,22|7,12,14,25,28,32
1,3,8,14,15,26|2,6,10,11,16,33|7,12,22,25,31,32
1,3,11,15,31,38|2,6,8,10,13,20|7,12,14,25,28,32
1,3,11,16,22,38|2,6,8,10,13,20|7,12,14,25,28,32
1,3,14,15,20,38|2,6,10,11,16,33|7,12,22,25,31,32
1,6,20,27,30,31|2,8,10,11,13,22|7,12,14,25,28,32
1,11,14,27,28,30|2,6,8,10,13,20|7,12,22,25,31,32
1,11,22,27,30,31|2,6,8,10,13,20|7,12,14,25,28,32
2,10,11,14,15,33|3,8,16,17,20,28|7,12,22,25,31,32
1,2,8,15,20,27|3,6,10,11,16,38|7,12,14,22,26,31
1,2,8,22,27,31|3,6,10,11,16,38|7,12,14,15,20,26
1,2,15,20,25,33|3,6,10,11,16,38|7,12,14,22,26,31
1,2,22,25,31,33|3,6,10,11,16,38|7,12,14,15,20,26
1,3,6,25,31,38|2,8,10,11,13,28|7,12,14,15,20,26
1,3,11,20,21,38|2,6,8,10,14,27|7,12,25,28,31,32
1,3,15,20,31,38|2,6,8,10,14,27|7,11,12,16,22,26
1,3,16,20,22,38|2,6,8,10,14,27|7,11,12,15,26,31
1,6,20,25,27,30|2,8,10,11,13,28|7,12,14,22,26,31
2,10,11,16,22,33|3,8,17,25,28,31|7,12,14,15,20,26
2,10,14,15,20,33|3,8,17,25,28,31|7,11,12,16,22,26
3,8,17,25,28,31|6,7,12,16,20,26|10,11,14,22,27,30
1,2,8,22,25,27|3,6,10,15,28,38|7,11,12,20,21,26
1,2,8,27,28,31|3,6,10,14,25,38|7,11,12,20,21,26
1,3,14,25,28,38|2,6,8,10,27,31|7,11,12,20,21,26
1,3,15,20,25,38|2,6,8,10,27,31|7,11,12,16,26,28
1,3,16,20,28,38|2,6,8,10,27,31|7,11,12,15,25,26
1,11,16,22,26,33|2,3,6,10,14,31|8,20,25,27,28,29
1,14,22,26,31,33|2,3,6,10,11,16|8,20,25,27,28,29
1,2,3,11,16,22|6,8,10,14,27,32|20,25,28,29,31,33
1,2,3,14,15,20|6,8,10,16,26,40|11,17,22,25,31,33
1,2,3,14,22,31|6,8,10,16,26,40|11,15,17,20,25,33
1,8,14,27,28,32|6,10,16,20,38,40|11,17,22,25,31,33
1,8,22,27,31,32|6,10,14,25,38,40|11,16,17,20,28,33
1,14,25,28,38,40|6,8,17,20,27,31|10,11,16,22,32,33
1,16,20,28,32,33|6,8,11,17,25,27|10,14,22,31,38,40
1,16,20,28,38,40|6,8,10,14,27,32|11,17,22,25,31,33
1,22,25,31,38,40|6,8,10,14,27,32|11,16,17,20,28,33
1,2,3,6,11,16|8,10,15,25,32,40|14,17,20,22,31,33
1,6,23,26,31,32|2,10,11,14,22,30|8,20,25,28,29,38
1,8,22,25,32,38|2,6,10,11,30,31|14,20,23,26,28,29
1,8,28,31,32,38|2,6,10,14,20,30|11,22,23,25,26,29
1,14,22,23,26,32|2,6,10,11,30,31|8,20,25,28,29,38
1,3,11,21,23,26|2,8,10,15,25,33|7,12,16,20,28,38
1,3,6,16,23,26|2,8,10,11,21,33|7,12,14,22,25,38
1,3,14,15,23,26|2,8,10,11,21,33|6,7,12,25,31,38
1,8,22,25,27,30|2,6,10,13,20,23|7,11,12,16,28,38
1,8,27,28,30,31|2,6,10,13,20,23|7,11,12,15,25,38
1,25,28,30,31,33|2,6,10,13,20,23|7,8,11,12,21,26
2,8,10,11,21,33|3,14,17,23,25,28|7,12,15,20,31,38
2,8,10,15,31,33|3,14,17,23,25,28|7,11,12,20,21,38
2,8,10,16,22,33|3,14,17,23,25,28|7,11,12,20,21,38
3,14,17,23,25,28|6,8,10,27,30,31|7,11,12,20,21,38
3,15,17,20,23,25|6,8,10,27,30,31|7,11,12,16,28,38
3,16,17,20,23,28|6,7,12,25,31,38|8,10,11,15,27,30
1,2,6,14,23,27|7,11,12,15,31,38|8,10,13,20,22,30
1,2,8,15,25,33|3,6,10,16,23,32|7,12,14,22,31,38
1,2,8,16,28,33|3,6,17,23,25,31|7,12,14,15,20,38
1,2,8,20,21,33|3,6,10,16,23,32|7,11,12,15,31,38
1,2,11,13,23,28|6,7,8,12,16,26|10,14,15,20,30,33
1,2,13,20,22,23|6,7,8,12,16,26|10,11,15,30,31,33
1,3,15,23,25,32|2,6,8,10,16,33|7,12,14,22,31,38
1,3,20,21,23,32|2,6,8,10,16,33|7,11,12,15,31,38
1,6,8,25,27,30|2,10,11,21,23,40|7,12,14,15,20,38
1,8,15,20,27,30|2,6,10,11,13,23|7,12,14,22,31,38
1,8,22,27,30,31|2,6,10,11,13,23|7,12,14,15,20,38
1,15,20,25,30,33|2,6,10,11,13,23|7,12,14,22,31,38
1,16,20,28,30,33|2,6,10,11,13,23|7,8,12,14,15,26
1,22,25,30,31,33|2,6,10,11,13,23|7,8,12,14,15,26
2,6,8,10,16,33|3,11,15,17,23,25|7,12,14,22,31,38
2,8,10,14,15,33|3,6,17,23,25,31|7,11,12,16,22,38
3,6,17,23,25,31|7,8,12,14,15,26|10,11,16,22,30,33
3,11,15,17,23,25|6,7,8,12,16,26|10,14,22,30,31,33
3,11,16,17,23,28|6,7,12,14,25,38|8,10,13,20,22,30
3,11,17,20,21,23|6,7,8,12,16,26|10,14,22,30,31,33
3,14,17,22,23,25|6,7,8,12,16,26|10,11,15,30,31,33
3,16,17,20,22,23|6,7,12,14,25,38|8,10,11,13,28,30
3,23,25,28,29,31|6,7,8,12,16,26|10,14,15,20,30,33
1,2,11,13,22,23|6,7,12,14,31,38|8,10,15,25,30,40
1,2,16,23,28,40|6,7,12,14,31,38|8,10,11,13,22,30
1,3,11,21,23,32|6,7,12,14,31,38|8,10,15,25,30,40
1,3,15,23,31,32|6,7,11,12,16,38|8,10,20,21,30,40
1,3,16,22,23,32|6,7,12,14,31,38|8,10,15,25,30,40
1,6,25,30,31,33|2,10,14,15,23,40|7,8,12,16,28,32
1,8,13,20,28,30|2,6,10,16,23,40|7,11,12,14,15,38
1,11,15,25,30,33|2,6,10,16,23,40|7,8,12,20,21,32
1,11,16,28,30,33|2,10,14,15,23,40|7,8,12,20,21,32
1,11,20,21,30,33|2,6,10,16,23,40|7,8,12,15,25,32
1,14,22,25,30,33|2,6,10,16,23,40|7,8,12,20,21,32
1,14,28,30,31,33|2,6,10,16,23,40|7,8,12,15,25,32
1,15,22,28,30,33|2,6,10,16,23,40|7,8,12,20,21,32
3,11,16,17,22,23|6,7,12,14,31,38|8,10,15,25,30,40
3,14,17,22,23,31|6,7,11,12,16,38|8,10,15,25,30,40
3,14,23,25,28,29|6,7,11,12,16,38|8,10,20,21,30,40
3,16,20,23,28,29|6,7,12,14,31,38|8,10,11,13,22,30
3,22,23,25,29,31|6,7,11,12,16,38|8,10,20,21,30,40
1,6,14,25,30,33|3,11,16,23,28,29|7,8,12,15,31,32
1,6,15,28,30,33|3,11,20,21,23,29|7,8,12,16,22,32
1,3,6,14,25,30|8,11,16,17,28,33|10,15,23,31,32,40
1,3,6,15,28,30|8,11,17,20,21,33|10,16,22,23,32,40
1,3,6,16,20,30|2,7,11,12,14,15|8,25,28,29,31,33
1,3,11,15,30,31|6,8,10,16,32,33|14,17,23,25,28,40
1,3,11,16,22,30|2,6,7,12,14,31|15,17,20,23,25,40
1,3,14,15,20,30|2,6,7,11,12,16|8,25,28,29,31,33
1,3,14,22,30,31|2,6,7,11,12,16|15,17,20,23,25,40
1,6,8,13,20,38|2,7,11,12,14,15|10,16,22,23,32,40
1,6,16,23,26,40|2,7,11,12,14,15|8,25,28,29,31,33
1,8,11,13,22,38|2,6,7,12,14,31|15,17,20,23,25,40
1,8,15,25,32,33|2,6,7,11,12,16|14,20,22,23,27,29
1,8,15,25,38,40|2,6,7,11,12,16|14,20,22,23,27,29
1,8,16,28,32,33|2,6,7,12,14,31|11,13,17,20,22,23
1,8,16,28,38,40|2,6,7,12,14,31|11,13,17,20,22,23
1,8,20,21,32,33|2,6,7,11,12,16|14,17,23,25,28,40
1,11,13,23,28,32|2,6,7,12,14,31|8,16,17,20,22,33
1,13,20,22,23,32|2,6,7,11,12,16|8,10,14,15,38,40
1,14,15,23,26,40|2,6,7,11,12,16|8,25,28,29,31,33
2,6,7,11,12,16|8,10,14,15,32,33|17,22,23,25,31,40
2,6,7,12,14,31|8,11,15,17,25,33|10,16,22,23,32,40
2,7,11,12,14,15|6,8,10,16,32,33|17,22,23,25,31,40
1,3,6,25,30,31|2,7,11,12,16,22|10,20,21,23,32,40
1,3,11,16,28,30|2,6,7,12,14,25|8,10,15,31,32,33
1,3,11,20,21,30|2,6,7,12,14,25|8,10,15,31,32,33
1,3,14,22,25,30|2,6,7,12,15,28|8,10,11,21,32,33
1,3,14,28,30,31|2,6,7,12,16,20|8,10,11,21,32,33
1,3,15,20,30,31|2,6,7,12,14,25|8,10,11,21,32,33
1,3,15,22,28,30|2,6,7,12,14,25|8,10,11,21,32,33
1,3,16,20,22,30|2,6,7,12,14,25|8,10,11,21,32,33
1,6,8,14,27,38|2,7,11,12,15,31|10,16,23,28,32,40
1,6,8,16,26,33|2,7,11,12,15,31|10,20,21,23,32,40
1,6,11,13,23,26|2,7,12,14,15,20|8,10,16,22,32,33
1,6,14,25,33,38|2,7,11,12,15,31|10,16,23,28,32,40
1,6,15,28,33,38|2,7,11,12,16,22|10,20,21,23,32,40
1,6,23,27,31,32|2,7,11,12,16,22|8,14,17,25,28,33
1,8,11,13,28,38|2,6,7,12,14,25|10,20,21,23,32,40
1,8,13,20,22,38|2,6,7,12,14,25|10,16,23,28,32,40
1,8,14,15,26,33|2,6,7,12,16,20|10,11,13,22,23,32
1,10,11,21,23,29|2,6,7,12,14,25|8,16,17,20,28,33
1,10,15,23,29,31|2,6,7,12,14,25|8,16,17,20,28,33
1,11,15,23,27,32|2,6,7,12,14,25|8,10,16,22,38,40
1,11,15,31,33,38|2,6,7,12,14,25|10,16,23,28,32,40
1,11,16,22,33,38|2,6,7,12,14,25|10,20,21,23,32,40
1,11,21,23,26,40|2,6,7,12,14,25|8,10,15,31,32,33
1,13,20,23,28,32|2,6,7,12,14,25|8,10,11,21,38,40
1,14,15,20,33,38|2,7,11,12,16,22|17,23,25,28,31,40
1,14,22,23,27,32|2,6,7,12,15,28|8,10,11,21,38,40
1,14,22,31,33,38|2,6,7,12,15,28|10,20,21,23,32,40
1,15,23,26,31,40|2,6,7,12,14,25|8,10,11,21,32,33
1,16,22,23,26,40|2,6,7,12,14,25|8,10,11,21,32,33
2,6,7,12,14,25|8,10,11,21,32,33|20,22,23,27,29,31
2,6,7,12,15,28|8,10,11,21,32,33|20,22,23,27,29,31
2,6,7,12,16,20|3,10,11,14,15,30|8,17,22,25,31,33
2,7,11,12,15,31|6,10,13,20,23,32|8,14,17,25,28,33
2,7,11,12,16,22|3,6,10,14,30,31|8,15,17,20,25,33
2,7,12,14,15,20|3,6,10,11,16,30|8,17,22,25,31,33
2,7,12,14,22,31|3,6,10,11,16,30|8,15,17,20,25,33
3,6,10,11,16,30|8,14,17,25,28,33|20,22,23,27,29,31
1,3,6,11,16,30|8,14,15,17,20,33|23,25,28,29,31,40
1,3,6,15,22,30|8,14,25,28,29,33|11,17,20,21,23,40
1,3,11,14,15,30|6,8,16,17,20,33|23,25,28,29,31,40
1,2,3,8,15,25|6,10,11,16,33,38|14,17,20,22,23,27
1,3,14,25,28,30|2,7,11,12,20,21|6,10,15,22,33,38
1,3,15,20,25,30|2,7,11,12,16,28|6,10,14,23,27,32
1,3,16,20,28,30|2,6,7,12,25,31|8,10,11,13,22,38
1,3,22,25,30,31|2,7,11,12,16,28|6,8,10,13,20,38
1,6,8,27,31,38|2,7,11,12,15,25|10,13,20,22,23,32
1,8,11,15,27,38|2,6,7,12,25,31|10,13,20,22,23,32
1,8,11,21,26,33|2,6,7,12,25,31|3,10,14,15,20,30
1,8,13,20,28,38|2,6,7,12,25,31|3,10,11,16,22,30
1,8,14,22,27,38|2,6,7,12,25,31|10,11,13,23,28,32
1,8,15,26,31,33|2,7,11,12,16,28|3,6,10,14,25,30
1,8,16,22,26,33|2,6,7,12,25,31|3,10,14,15,20,30
1,11,15,25,33,38|2,3,6,8,10,16|14,17,20,22,23,27
1,11,16,28,33,38|2,3,8,10,14,15|6,17,20,23,27,31
1,14,22,25,33,38|2,3,6,8,10,16|11,15,17,20,23,27
1,14,28,31,33,38|2,3,6,8,10,16|11,15,17,20,23,27
1,15,20,31,33,38|2,3,6,8,10,16|11,14,17,23,27,28
1,16,20,22,33,38|2,3,8,10,14,15|6,11,17,23,25,27
1,6,8,25,27,38|2,7,12,16,20,28|10,11,21,23,26,40
1,8,14,27,28,38|2,7,12,15,20,25|6,10,11,13,23,26
1,8,15,20,27,38|2,7,12,14,25,28|6,10,11,13,23,26
1,8,15,25,26,33|2,7,12,16,20,28|6,10,23,27,31,32
1,8,16,26,28,33|2,7,12,15,20,25|6,10,23,27,31,32
1,8,20,21,26,33|2,7,12,14,25,28|6,10,23,27,31,32
1,8,22,27,31,38|2,7,12,14,25,28|3,10,11,20,21,30
1,14,25,28,33,38|2,3,8,10,11,21|17,20,22,23,27,31
1,22,25,31,33,38|2,3,8,10,11,21|14,17,20,23,27,28
1,2,19,23,28,32|3,6,8,9,20,33|7,11,12,22,34,40
1,3,17,22,23,29|6,7,12,20,34,40|8,10,19,28,30,32
1,6,8,18,26,30|2,11,17,19,23,28|7,12,22,32,38,40
1,11,18,22,30,38|2,6,10,19,23,32|7,8,12,17,28,29
2,11,17,19,23,28|3,6,8,9,20,33|7,12,22,32,38,40
3,6,20,29,33,38|7,11,12,22,34,40|8,10,19,28,30,32
3,9,20,22,23,40|6,10,11,19,30,38|7,8,12,17,28,29
3,11,22,29,33,38|6,7,12,20,34,40|8,10,19,28,30,32
1,2,8,18,28,38|3,10,17,22,23,29|6,7,12,26,32,33
1,3,22,32,33,38|2,17,18,20,23,28|6,7,8,9,10,12
2,10,18,22,23,32|3,6,8,17,26,33|7,12,20,28,34,40
2,17,18,20,23,28|3,8,10,22,34,40|6,7,12,26,32,33
3,6,8,17,26,33|7,12,20,28,34,40|10,11,18,22,30,38
1,2,6,19,23,26|3,8,9,11,28,33|7,12,20,22,34,40
1,2,8,18,22,38|3,6,10,17,23,29|7,11,12,28,34,40
1,2,8,19,28,38|3,6,10,17,23,29|7,12,20,22,34,40
1,3,6,32,33,38|2,11,17,18,23,28|7,12,20,22,34,40
1,3,17,23,28,29|2,6,8,10,19,38|7,12,20,22,34,40
2,6,10,18,23,32|3,8,9,11,28,33|7,12,20,22,34,40
3,6,11,17,33,38|7,12,20,22,34,40|8,10,18,28,30,32
3,8,17,28,32,33|6,10,11,18,30,38|7,12,20,22,34,40
3,11,28,29,33,38|6,8,10,19,26,30|7,12,20,22,34,40
3,20,22,29,33,38|6,8,10,19,26,30|7,11,12,28,34,40
1,2,3,6,38,40|8,10,11,19,22,34|17,18,20,23,28,32
1,2,7,12,22,29|3,17,20,28,30,40|6,8,10,11,18,34
1,3,6,10,29,30|2,7,12,28,32,40|8,17,18,20,22,38
1,3,6,26,30,40|8,10,11,19,22,34|17,18,20,23,28,32
1,6,9,10,23,40|2,3,11,28,29,33|8,17,18,20,22,38
1,2,3,22,32,33|6,8,10,18,20,34|11,17,19,23,26,28
1,2,3,22,38,40|6,8,10,18,20,34|11,17,19,23,26,28
1,3,10,22,29,30|2,6,7,12,26,40|8,17,18,20,28,38
1,3,22,26,30,40|2,6,7,10,12,29|8,17,18,20,28,38
1,8,18,20,28,34|2,3,11,17,22,33|6,10,19,23,26,32
1,18,22,23,26,32|2,3,6,17,20,33|8,10,11,19,28,34
1,19,23,26,28,32|2,3,6,17,20,33|8,10,11,18,22,34
1,20,28,33,34,40|2,6,7,10,12,29|11,17,18,22,23,26
1,2,18,20,22,38|3,6,11,17,26,33|7,10,12,28,29,32
1,7,12,22,26,29|2,6,10,11,18,38|3,17,20,28,32,33
1,2,6,19,20,38|3,8,26,28,29,40|10,11,18,22,30,32
1,3,6,20,34,40|2,8,10,19,22,32|7,11,12,17,28,29
1,6,7,9,11,12|2,8,10,19,22,32|3,20,28,29,38,40
1,6,11,18,26,30|2,8,10,19,22,32|3,20,28,29,38,40
1,11,19,22,26,30|2,6,8,10,18,32|3,20,28,29,38,40
1,2,8,19,22,26|3,6,10,11,34,40|7,12,17,20,28,29
1,6,7,9,12,20|2,8,10,18,22,32|3,11,17,28,38,40
1,6,7,12,26,29|2,8,10,18,22,32|3,11,17,28,38,40
1,7,9,11,12,22|2,8,10,19,28,32|3,6,20,26,29,33
1,6,18,22,32,38|2,3,11,14,17,40|8,19,20,26,29,31
1,8,14,19,26,32|2,3,6,17,22,40|11,18,20,29,31,38
1,11,14,18,32,38|2,3,6,17,22,40|8,19,20,26,29,31
1,11,19,31,32,38|2,3,6,17,22,40|8,14,18,20,26,29
1,14,19,20,32,38|2,3,6,17,22,40|8,11,18,26,29,31
1,2,3,25,32,40|6,8,17,18,26,28|10,11,14,19,20,34
1,6,18,20,28,34|2,3,10,14,32,40|8,11,17,19,25,26
1,8,18,26,31,32|2,3,11,17,25,40|6,10,19,20,22,34
1,8,19,25,26,32|2,3,17,20,31,40|6,10,11,18,22,34
1,11,18,20,31,34|2,3,10,14,32,40|8,17,19,22,26,28
1,11,18,22,28,34|2,3,10,14,32,40|8,17,19,20,26,31
1,11,19,20,25,34|2,3,10,14,32,40|6,8,17,18,26,28
1,19,20,22,28,34|2,3,10,14,32,40|8,11,17,18,26,31
1,6,18,28,32,38|2,3,11,17,31,40|8,19,20,25,26,29
1,8,19,26,31,32|2,3,6,17,28,40|11,18,20,25,29,38
1,10,14,29,32,33|2,3,6,17,28,40|8,9,11,18,20,25
1,11,18,31,32,38|2,3,6,17,28,40|8,19,20,25,26,29
1,11,19,25,32,38|2,3,6,17,28,40|8,18,20,26,29,31
1,19,20,31,32,38|2,3,6,17,28,40|8,11,18,25,26,29
2,3,20,25,29,40|6,8,17,18,22,26|10,11,14,19,32,38
1,6,11,18,23,34|2,3,8,22,29,33|7,12,28,30,32,40
1,6,19,20,23,34|2,3,8,22,29,33|7,12,28,30,32,40
2,3,8,22,29,33|6,11,17,18,23,38|7,12,28,30,32,40
1,3,22,30,32,33|2,6,7,12,38,40|8,9,18,20,23,28
1,3,22,30,38,40|2,6,7,12,32,33|8,9,18,20,23,28
1,8,28,33,34,40|6,7,10,12,29,30|11,17,18,22,23,38
2,3,8,28,29,33|6,7,12,26,30,40|11,17,18,22,23,38
2,6,7,12,38,40|3,11,17,22,30,33|8,9,18,20,23,28
1,3,6,26,30,33|2,7,12,28,38,40|10,11,18,22,23,34
1,3,28,30,32,33|2,7,12,22,38,40|6,10,11,18,23,34
1,3,28,30,38,40|2,7,12,22,32,33|6,10,11,18,23,34
1,18,20,22,23,34|2,8,10,19,28,30|3,6,7,12,32,38
2,7,12,22,32,33|3,6,10,30,38,40|8,17,19,23,26,28
2,7,12,22,38,40|3,6,10,30,32,33|8,17,19,23,26,28
2,8,10,18,22,30|3,6,7,11,12,34|17,19,20,23,28,38
2,8,10,19,28,30|3,6,7,11,12,34|17,18,20,22,23,38
2,10,22,30,33,40|3,6,7,11,12,34|8,17,19,23,26,28
1,2,3,6,19,21|8,10,13,14,18,32|15,27,28,29,33,40
1,2,3,6,18,21|8,10,13,19,25,32|11,16,17,27,33,40
1,2,3,11,19,39|6,10,18,21,32,33|8,13,17,20,27,40
1,2,3,13,31,40|6,10,18,21,32,33|8,14,17,19,25,27
1,2,3,14,16,18|6,10,13,19,22,38|25,27,29,31,33,40
1,2,3,16,19,31|6,10,18,21,32,33|8,13,17,20,27,40
1,2,3,19,21,22|8,10,13,18,31,32|11,16,17,27,33,40
1,2,3,11,18,39|6,10,13,19,28,38|14,17,25,27,33,40
1,2,3,13,25,40|8,10,16,19,27,32|17,18,20,21,28,33
1,2,3,16,18,31|6,10,13,19,28,38|14,17,25,27,33,40
1,2,3,16,19,25|6,10,13,18,22,38|15,17,27,28,33,40
1,2,3,18,21,22|6,10,13,19,28,38|14,17,25,27,33,40
1,2,3,19,20,39|6,10,13,18,22,38|14,17,25,27,33,40
1,2,3,19,21,28|6,10,13,18,22,38|14,17,25,27,33,40
1,6,18,21,26,33|2,3,10,13,14,40|8,17,19,25,27,31
1,8,13,18,26,31|2,3,6,10,19,21|14,17,25,27,33,40
1,11,13,18,25,38|2,3,6,10,19,21|15,17,27,28,33,40
1,11,13,27,38,40|2,3,6,10,19,21|15,17,18,25,28,33
1,11,16,19,27,38|2,3,10,13,14,40|15,17,18,25,28,33
1,11,19,26,33,39|2,3,10,13,14,40|8,15,17,18,27,28
1,13,18,20,31,38|2,3,6,10,19,21|14,17,25,27,33,40
1,13,18,22,28,38|2,3,6,10,19,21|14,17,25,27,33,40
1,13,26,31,33,40|2,3,6,10,19,21|8,14,17,18,25,27
1,15,19,22,27,38|2,3,10,13,14,40|16,17,18,20,25,33
1,16,19,26,31,33|2,3,10,13,14,40|8,15,17,18,27,28
1,19,21,22,26,33|2,3,10,13,14,40|8,15,17,18,27,28
1,2,6,18,21,33|3,8,11,13,27,29|7,12,16,19,25,32
1,2,8,13,18,31|3,6,15,27,29,33|7,12,16,19,25,32
1,2,8,13,19,25|3,6,15,27,29,33|7,11,12,18,32,39
1,2,11,19,33,39|3,8,13,17,25,40|7,12,16,18,31,32
1,2,13,31,33,40|3,8,11,17,18,39|7,12,16,19,25,32
1,2,14,16,18,33|3,8,11,13,27,29|7,12,19,20,32,39
1,2,16,19,31,33|3,8,11,13,27,29|7,12,18,21,22,32
1,2,19,21,22,33|3,8,11,13,27,29|7,12,16,18,31,32
1,6,15,18,27,30|2,8,10,13,14,19|3,11,17,33,39,40
1,11,13,18,25,30|2,8,10,19,39,40|3,6,15,27,29,33
1,11,13,27,30,40|3,8,16,17,18,31|7,12,19,20,32,39
1,13,18,20,30,31|2,8,10,19,39,40|3,6,15,27,29,33
1,13,18,22,28,30|2,8,10,19,39,40|3,6,15,27,29,33
1,13,19,20,25,30|3,6,15,27,29,33|7,11,12,18,32,39
1,14,19,27,30,31|3,6,13,17,22,33|7,11,12,18,32,39
1,15,19,22,27,30|3,8,11,17,18,39|7,12,13,25,32,40
2,8,10,13,14,19|3,6,15,27,29,33|7,11,12,18,32,39
2,8,10,19,39,40|3,6,13,17,22,33|7,12,16,18,31,32
3,6,13,17,22,33|7,11,12,18,32,39|10,16,19,25,30,40
3,6,15,27,29,33|7,11,12,18,32,39|10,13,14,19,20,30
3,8,11,13,27,29|7,12,16,18,31,32|10,19,20,30,39,40
3,11,13,14,17,33|7,12,16,18,31,32|10,19,20,30,39,40
3,11,13,25,29,33|7,12,16,18,31,32|10,19,20,30,39,40
3,11,17,33,39,40|6,10,13,18,22,30|7,12,16,19,25,32
3,13,20,29,31,33|7,11,12,18,32,39|10,16,19,25,30,40
3,13,22,28,29,33|7,11,12,18,32,39|10,16,19,25,30,40
3,16,17,31,33,40|6,10,13,18,22,30|7,12,19,20,32,39
3,17,21,22,33,40|6,10,13,19,28,30|7,11,12,18,32,39
1,2,8,13,18,25|3,11,16,27,29,33|6,7,12,19,21,26
1,2,8,16,19,27|3,6,13,17,28,33|7,10,12,29,39,40
1,2,11,18,33,39|3,8,13,20,27,29|6,7,12,19,21,26
1,2,16,18,31,33|3,8,10,19,32,39|7,12,13,14,26,40
1,2,16,19,25,33|3,8,13,20,27,29|7,12,18,21,28,32
1,2,18,21,22,33|3,8,10,19,32,39|7,12,13,14,26,40
1,2,19,20,33,39|3,8,16,17,18,25|7,10,12,13,14,29
1,2,19,21,28,33|3,8,13,20,27,29|7,12,16,18,25,32
1,3,6,18,21,38|2,8,10,13,19,31|7,12,16,27,32,40
1,3,11,19,38,39|2,8,10,13,14,18|7,12,16,27,32,40
1,3,13,31,32,33|2,8,10,18,39,40|6,7,12,19,21,26
1,3,13,31,38,40|2,6,10,19,21,33|7,12,16,18,25,32
1,3,19,21,22,38|2,8,10,13,14,18|7,12,16,27,32,40
1,7,12,13,25,29|2,6,10,19,21,33|3,8,16,17,27,40
1,7,12,17,39,40|2,6,10,19,21,33|3,8,13,20,27,29
1,11,16,18,27,30|2,6,10,19,21,33|7,12,13,14,26,40
1,13,18,20,25,30|2,6,10,19,21,33|3,8,16,17,27,40
1,13,20,27,30,40|2,6,10,19,21,33|3,8,16,17,18,25
1,14,19,25,27,30|2,8,10,18,39,40|3,6,13,17,28,33
1,15,18,22,27,30|2,6,10,19,21,33|7,12,13,14,26,40
1,15,19,27,28,30|2,8,10,13,14,18|3,16,17,25,33,40
1,16,19,20,27,30|2,8,10,13,14,18|3,17,21,28,33,40
2,6,10,19,21,33|3,8,13,20,27,29|7,12,16,18,25,32
2,8,10,13,14,18|3,11,16,27,29,33|6,7,12,19,21,26
