2,6,9,17,19,23|7,11,22,29,33,35|18,28,30,32,34,40
1,6,9,18,30,38|2,19,22,32,33,34|7,8,17,28,35,40
1,9,19,22,30,38|2,6,18,32,33,34|7,8,17,28,35,40
2,6,9,17,18,23|7,11,28,29,33,35|19,22,26,30,34,40
1,6,9,18,26,30|2,10,19,22,29,34|7,17,20,28,35,40
1,9,19,22,26,30|2,6,10,18,29,34|7,17,20,28,35,40
1,3,6,9,34,40|2,12,18,22,33,35|17,19,26,28,29,30
1,6,9,19,26,30|2,12,18,22,33,35|3,17,28,29,34,40
1,7,28,32,35,40|2,6,10,19,29,34|9,17,18,20,22,30
1,9,18,28,30,32|2,6,10,19,29,34|7,17,20,22,35,40
1,9,19,28,30,32|2,6,12,18,33,35|3,17,22,29,34,40
1,2,9,18,28,30|3,6,7,17,20,35|10,19,22,29,34,38
2,6,7,10,35,40|8,9,17,18,28,38|19,22,26,32,33,34
1,2,6,9,18,30|3,7,11,22,29,35|19,28,32,34,38,40
1,3,15,18,32,34|2,6,9,27,33,40|7,11,19,25,28,35
2,6,9,18,25,33|3,14,17,19,28,34|7,11,22,27,35,40
2,6,9,27,33,40|3,11,15,17,18,34|7,19,20,22,25,35
2,9,14,18,28,33|3,6,17,19,25,34|7,11,22,27,35,40
2,9,15,18,20,33|3,6,17,19,25,34|7,11,22,27,35,40
2,9,19,28,31,33|3,11,15,17,18,34|6,7,20,27,35,40
2,15,18,26,29,33|3,6,9,19,25,38|7,11,22,27,35,40
1,3,9,15,17,33|2,18,22,27,29,38|7,19,20,25,28,35
1,7,10,15,35,40|2,6,17,19,27,38|3,18,25,28,29,34
2,10,15,18,34,40|3,6,9,27,32,33|7,19,20,25,28,35
2,15,17,19,26,33|3,6,9,18,25,38|7,11,27,28,35,40
2,18,22,27,29,38|3,9,15,26,33,40|7,19,20,25,28,35
3,9,10,15,29,33|6,17,19,26,27,30|7,11,18,25,28,35
1,3,9,15,29,33|6,7,11,18,25,35|17,19,22,27,30,32
1,15,19,26,33,34|2,17,18,22,27,30|3,7,25,28,35,40
3,7,25,28,35,40|6,9,19,23,26,27|10,15,18,32,33,34
2,6,17,18,27,30|3,7,22,25,35,40|9,19,28,31,33,38
2,17,19,22,27,30|3,7,28,31,35,40|6,9,18,25,33,38
2,18,27,28,29,30|3,7,22,25,35,40|9,10,15,17,19,23
3,7,22,25,35,40|6,8,9,18,27,38|10,15,19,32,33,34
3,7,28,31,35,40|6,8,9,18,27,38|10,15,19,32,33,34
1,9,15,17,18,23|2,19,27,28,29,30|3,6,7,25,35,40
1,15,18,32,33,34|2,6,17,19,27,30|3,7,14,28,35,40
2,18,22,27,29,30|3,6,7,25,35,40|8,9,15,19,26,33
2,19,27,28,29,30|3,6,7,25,35,40|9,11,15,18,33,38
3,7,14,28,35,40|6,8,9,19,27,38|11,15,17,18,33,34
3,7,15,20,35,40|6,8,9,19,27,38|14,17,18,22,33,34
3,7,22,31,35,40|6,8,9,19,27,38|11,15,17,18,33,34
1,9,15,17,19,23|2,6,18,27,29,30|3,7,14,22,35,40
1,15,19,32,33,34|2,6,18,27,29,30|3,7,14,22,35,40
2,6,18,27,29,30|3,7,11,15,35,40|9,14,19,22,33,38
3,7,11,15,35,40|6,8,18,27,29,34|9,14,19,22,33,38
3,7,14,22,35,40|6,8,18,27,29,34|9,11,15,19,33,38
2,3,9,17,22,40|6,12,18,26,33,35|10,19,28,29,32,34
1,11,23,27,28,34|2,3,8,10,15,38|7,12,22,25,26,30
1,20,22,23,27,34|2,3,8,10,15,38|7,12,26,28,30,31
1,3,22,25,30,38|2,7,8,12,15,26|10,23,28,31,34,40
1,3,28,30,31,38|2,7,8,12,15,26|10,22,23,25,34,40
1,6,20,23,27,34|2,7,8,12,15,26|3,10,14,22,30,38
1,8,25,28,33,34|2,3,10,15,23,32|7,12,22,26,30,31
2,3,17,22,23,25|7,12,14,26,28,30|8,10,15,20,33,34
2,3,17,23,28,31|6,7,12,25,26,30|8,10,15,20,33,34
2,7,8,12,15,26|3,6,10,30,31,38|9,20,23,25,28,33
6,8,10,25,33,34|7,12,14,26,28,30|11,17,22,23,27,38
6,17,20,23,27,38|7,12,14,26,28,30|8,10,22,31,33,34
7,12,14,26,28,30|8,10,15,20,33,34|11,17,22,23,27,38
7,12,15,20,26,30|8,10,14,28,33,34|11,17,22,23,27,38
1,2,3,8,15,38|6,7,12,26,30,31|9,11,23,25,28,33
1,3,8,15,26,30|2,6,7,12,31,38|9,11,23,25,28,33
1,6,11,23,27,34|2,7,12,14,22,38|3,8,17,25,28,30
1,8,22,25,33,34|2,3,14,17,23,28|6,7,12,26,30,31
1,8,28,31,33,34|2,3,6,17,23,25|7,11,12,15,26,30
1,15,23,26,32,33|2,6,7,12,31,38|3,8,17,25,28,30
2,3,6,17,23,25|7,11,12,15,26,30|8,10,14,22,33,34
2,3,14,17,23,28|6,7,12,26,30,31|8,10,11,15,33,34
2,3,15,17,20,23|6,7,12,26,30,31|8,10,14,22,33,34
2,3,23,25,28,29|6,7,12,26,30,31|8,10,11,15,33,34
2,6,7,12,31,38|3,8,17,25,28,30|10,15,20,23,34,40
2,7,11,12,15,38|3,8,17,25,28,30|10,22,23,31,34,40
2,7,12,14,22,38|3,8,17,25,28,30|10,15,20,23,34,40
6,8,10,31,33,34|7,11,12,15,26,30|17,23,25,28,38,40
6,10,23,25,34,40|7,11,12,15,26,30|8,17,28,31,33,38
1,3,6,14,30,38|2,7,8,12,15,32|9,11,22,23,31,33
1,6,8,31,33,34|2,3,14,23,28,29|7,12,15,20,30,32
1,8,11,15,33,34|2,3,6,14,17,23|7,12,22,30,31,32
1,8,14,22,33,34|2,3,6,23,25,29|7,12,15,20,30,32
2,3,6,14,17,23|7,12,15,20,30,32|8,22,25,29,33,38
2,3,6,23,25,29|7,12,14,28,30,32|8,11,15,17,33,38
2,3,14,23,28,29|6,7,12,25,30,32|8,11,15,17,33,38
2,3,15,20,23,29|6,7,12,25,30,32|8,14,17,22,33,38
2,3,22,23,29,31|6,7,12,25,30,32|8,11,15,17,33,38
6,10,14,23,34,40|7,12,15,20,30,32|8,22,25,29,33,38
1,2,3,15,23,32|6,7,12,14,26,30|8,17,22,31,33,38
1,6,8,25,33,34|2,3,11,15,17,23|7,12,28,30,31,32
1,8,14,28,33,34|2,3,6,17,23,31|7,12,22,25,30,32
1,8,15,20,33,34|2,3,6,17,23,31|7,12,22,25,30,32
1,8,22,31,33,34|2,3,11,15,17,23|6,7,12,14,26,30
1,22,23,25,34,40|2,6,7,12,14,38|3,8,10,15,30,32
1,23,28,31,34,40|2,6,7,12,14,38|3,8,10,15,30,32
2,3,11,15,17,23|6,7,12,14,26,30|8,25,28,29,33,38
2,3,22,23,25,29|6,7,12,14,26,30|8,15,17,20,33,38
2,3,23,28,29,31|6,7,12,14,26,30|8,15,17,20,33,38
2,6,7,12,14,38|3,8,10,15,30,32|9,11,22,23,25,33
6,8,10,14,33,34|7,12,22,25,30,32|17,23,28,31,38,40
6,8,17,25,33,38|7,12,28,30,31,32|10,11,15,23,34,40
6,10,23,31,34,40|7,12,22,25,30,32|8,14,17,28,33,38
7,12,22,25,30,32|8,14,17,28,33,38|10,11,15,23,34,40
1,3,6,8,31,34|2,10,15,23,32,40|11,17,22,25,30,33
1,3,8,11,15,34|2,6,20,23,27,29|7,12,14,22,32,38
1,3,8,14,22,34|2,6,20,23,27,29|7,11,12,15,32,38
1,3,8,15,32,38|2,6,20,23,27,29|7,11,12,14,22,34
1,6,14,26,30,33|2,10,15,23,32,40|3,8,22,25,29,38
1,8,22,27,30,32|2,17,23,28,31,40|6,7,12,14,20,34
1,22,25,30,32,33|2,6,20,23,27,29|3,8,11,15,17,38
1,28,30,31,32,33|2,6,20,23,27,29|3,8,11,15,17,38
1,28,30,31,38,40|2,6,8,17,25,33|3,9,11,15,20,23
2,6,20,23,27,29|3,8,11,15,17,38|10,14,22,30,32,33
2,8,15,17,20,33|3,6,9,11,23,25|7,12,14,22,32,38
2,8,25,28,29,33|3,6,9,20,23,31|7,11,12,14,22,34
2,10,15,23,32,40|3,6,8,17,31,38|7,11,12,14,22,34|20,25,28,29,30,33
2,17,22,23,25,40|3,8,28,29,31,38|6,7,12,14,20,34|10,11,15,30,32,33
2,17,23,28,31,40|3,8,22,25,29,38|6,7,12,14,20,34|10,11,15,30,32,33
3,6,8,17,31,38|7,11,12,14,22,34|20,25,28,29,30,33
3,6,9,11,23,25|7,12,14,22,32,38|8,20,27,28,29,30
3,6,17,23,25,32|7,11,12,14,22,34|8,20,27,28,29,30
3,8,14,17,22,38|6,7,11,12,31,34|20,25,28,29,30,33
3,8,22,25,29,38|6,7,11,12,31,34|14,17,20,28,30,33
3,8,28,29,31,38|6,7,12,14,20,34|10,11,15,30,32,33
3,15,17,20,23,32|6,7,11,12,31,34|10,14,22,30,38,40
3,17,22,23,31,32|6,7,12,14,20,34|10,11,15,30,38,40
3,23,25,28,29,32|6,7,11,12,31,34|10,14,22,30,38,40
1,2,8,15,38,40|3,6,9,11,23,31|14,17,20,22,30,33
1,3,6,8,14,34|2,15,17,20,23,40|11,25,28,29,30,33
1,6,25,30,32,33|2,14,17,23,28,40|3,8,15,20,29,38
1,6,25,30,38,40|2,8,11,15,17,33|3,23,28,29,31,32
1,14,28,30,38,40|2,6,8,17,31,33|3,22,23,25,29,32
1,15,20,30,38,40|2,6,8,17,31,33|3,9,11,14,22,23
1,2,15,23,32,40|3,6,8,29,31,38|11,14,17,22,30,33
1,6,30,31,32,33|2,11,15,17,23,40|3,8,14,22,29,38
1,11,15,30,32,33|2,6,17,23,31,40|3,8,14,22,29,38
1,11,15,30,38,40|2,6,8,14,17,33|3,22,23,29,31,32
1,14,22,30,32,33|2,6,17,23,31,40|3,8,11,15,29,38
1,2,8,22,27,38|3,6,17,23,25,26|7,12,20,28,31,34
1,2,23,27,28,32|3,6,8,10,25,34|7,11,12,15,26,38
1,3,8,15,26,38|2,6,10,23,27,32|7,11,12,25,28,34
1,3,8,25,28,34|2,6,10,23,27,32|7,11,12,15,26,38
1,8,22,26,27,30|2,6,10,31,33,38|3,9,20,23,25,28
1,11,27,28,30,38|2,10,15,23,26,40|7,12,20,22,25,34
1,20,22,27,30,38|2,10,15,23,26,40|7,11,12,25,28,34
1,22,25,26,30,33|2,6,10,23,27,32|7,12,20,28,31,34
1,26,28,30,31,33|2,6,10,23,27,32|7,12,20,22,25,34
2,10,11,15,33,38|3,6,17,23,25,26|7,12,20,28,31,34
2,10,14,22,33,38|3,6,17,23,25,26|7,12,20,28,31,34
2,11,17,23,27,28|3,6,8,10,25,34|7,12,14,22,26,38
2,17,20,22,23,27|3,6,8,10,25,34|7,11,12,15,26,38
3,14,17,23,26,28|6,10,11,27,30,38|7,12,20,22,25,34
1,2,6,8,27,38|3,9,11,23,25,28|7,12,20,22,31,34
1,2,8,15,26,33|3,9,11,23,25,28|7,12,20,22,31,34
1,2,22,23,27,32|3,6,8,10,31,34|17,20,25,28,30,33
1,3,15,23,26,32|2,6,10,14,33,38|7,11,12,22,25,34|8,17,20,27,28,30
1,6,8,26,27,30|3,9,11,23,25,28|7,12,20,22,31,34
1,6,25,26,30,33|2,11,17,22,23,27|3,8,10,15,32,38|7,12,14,20,28,34
1,14,26,28,30,33|2,6,17,20,23,27|3,8,10,11,15,34|7,12,22,25,32,38
1,15,20,26,30,33|2,11,17,22,23,27|3,6,8,10,31,34
1,22,26,30,31,33|2,6,17,20,23,27|3,8,10,11,15,34
2,6,10,14,33,38|3,9,11,23,25,28|7,12,20,22,31,34
2,6,17,20,23,27|3,8,10,11,15,34|7,12,22,25,32,38
2,20,23,27,28,29|3,6,8,10,31,34|7,12,22,25,32,38
3,8,10,11,15,34|6,7,12,14,26,38|17,20,25,28,30,33
3,8,17,22,25,38|6,10,14,26,30,33|7,11,12,28,31,34
3,9,11,23,25,28|6,7,12,14,26,38|8,10,22,27,30,32
3,9,20,22,23,25|6,7,12,14,26,38|10,28,30,31,32,33
3,9,20,23,28,31|6,7,12,14,26,38|8,10,22,27,30,32
3,11,15,17,23,26|6,7,12,20,25,34|8,10,22,27,30,32
3,14,17,22,23,26|6,7,12,20,25,34|10,28,30,31,32,33
3,23,26,28,29,31|6,7,12,20,25,34|8,10,22,27,30,32
1,2,6,23,27,32|3,8,14,17,28,38|7,11,12,15,20,34
1,2,6,31,33,38|3,9,11,22,23,25|7,8,12,15,26,32
1,2,10,15,23,29|3,6,8,17,25,38|7,11,12,14,28,34
1,2,14,22,33,38|3,6,9,20,23,25|7,8,12,15,26,32
1,2,15,23,26,40|3,6,8,10,14,34|7,12,22,31,32,38|11,17,25,28,30,33
1,3,6,8,25,34|2,11,23,27,28,29|7,12,15,20,32,38
1,3,8,14,28,34|2,6,11,17,23,27|7,12,15,20,32,38
1,3,8,15,20,34|2,6,11,17,23,27|7,12,14,28,32,38
1,3,8,22,31,34|2,6,11,17,23,27|7,12,14,28,32,38
1,6,11,27,30,38|2,8,10,15,32,33|3,9,14,20,23,28
1,6,26,30,31,33|2,8,10,15,38,40|3,9,11,22,23,25
1,8,10,15,17,30|2,11,23,27,28,29|6,7,12,20,31,34
1,8,27,28,30,32|3,6,9,20,23,25|7,11,12,22,31,34
1,11,15,26,30,33|2,17,23,25,28,40|3,6,8,10,14,34|7,12,22,31,32,38
1,14,22,26,30,33|2,6,11,17,23,27|3,8,25,28,29,38
1,25,28,30,32,33|2,6,11,17,23,27|7,12,14,20,22,34
1,25,28,30,38,40|2,6,11,17,23,27|7,8,12,15,26,32
2,6,11,17,23,27|3,8,25,28,29,38|7,12,14,20,22,34
2,8,10,15,32,33|3,6,9,20,23,25|7,11,12,14,28,34
2,8,10,15,38,40|3,6,9,20,23,25|7,11,12,14,28,34
2,8,17,22,25,33|3,9,11,23,28,31|7,12,15,20,32,38
2,11,23,27,28,29|3,6,8,10,14,34|7,12,15,20,32,38
2,17,23,25,28,40|3,6,8,10,14,34|7,12,15,20,32,38
2,20,22,23,27,29|3,6,8,10,14,34|11,17,25,28,30,33
3,6,8,10,14,34|7,12,15,20,32,38|11,17,25,28,30,33
3,6,8,17,25,38|7,11,12,14,28,34|10,15,20,30,32,33
3,6,9,20,23,25|7,8,12,15,26,32|10,14,28,30,38,40
3,6,14,17,23,26|7,11,12,15,20,34|10,22,30,31,32,33
3,6,23,25,26,29|7,11,12,14,28,34|8,17,20,22,27,30
3,8,14,17,28,38|6,7,11,12,25,34|10,15,20,30,32,33
3,8,15,17,20,38|6,7,11,12,25,34|10,14,28,30,32,33
3,8,17,22,31,38|6,7,11,12,25,34|10,14,28,30,32,33
3,9,11,22,23,25|6,7,12,20,31,34|8,10,15,26,30,40
3,9,11,23,28,31|6,7,12,25,32,38|8,10,15,26,30,40
3,9,14,20,23,28|6,7,11,12,25,34|8,10,15,26,30,40
3,9,20,22,23,31|6,7,11,12,25,34|8,10,15,26,30,40
3,14,23,26,28,29|6,7,11,12,25,34|8,17,20,22,27,30
3,15,20,23,26,29|6,7,11,12,25,34|10,14,28,30,32,33
3,17,22,23,25,32|6,7,12,20,31,34|8,10,15,26,30,40
3,17,23,28,31,32|6,7,11,12,25,34|8,10,15,26,30,40
3,22,23,26,29,31|6,7,11,12,25,34|10,14,28,30,32,33
1,3,6,30,31,32|8,9,11,14,28,33|15,20,23,26,29,40
1,3,11,15,30,32|6,8,9,20,31,33|14,23,26,28,29,40
1,3,14,22,30,32|6,8,9,11,25,33|15,20,23,26,29,40
1,6,11,14,33,34|2,3,8,15,20,29|17,22,23,25,32,40
1,6,14,32,33,38|2,3,8,15,20,29|9,11,22,23,25,40
1,8,15,20,34,40|2,6,7,12,14,32|3,11,22,25,29,30
1,8,22,31,34,40|2,6,7,12,14,32|11,15,20,29,33,38
1,15,17,20,23,29|2,6,7,12,14,32|8,9,11,22,31,33
1,17,22,23,29,31|2,6,7,12,14,32|8,9,11,15,20,33
2,6,7,12,14,32|3,11,22,25,29,30|8,15,17,20,38,40
1,2,22,25,30,40|6,8,14,17,26,33|11,23,27,28,29,32
1,2,28,30,31,40|6,8,9,20,25,33|10,11,15,17,23,29
1,3,6,25,30,32|8,9,11,28,31,33|10,14,17,22,23,29
1,3,14,28,30,32|6,8,9,20,25,33|10,11,15,17,23,29
1,3,15,20,30,32|6,8,10,31,34,40|11,14,17,22,33,38
1,3,22,30,31,32|6,8,9,20,25,33|10,11,15,17,23,29
1,6,14,20,33,34|2,3,8,11,15,17|22,23,25,26,29,40
1,6,31,32,33,38|2,3,8,11,15,17|9,20,22,23,25,40
1,8,22,25,34,40|2,6,7,12,31,32|3,11,14,17,28,30
1,8,28,31,34,40|2,7,11,12,15,32|3,14,17,20,22,30
1,11,15,32,33,38|2,3,6,8,17,31|9,20,22,23,25,40
1,14,22,32,33,38|2,3,6,8,17,31|9,11,23,25,28,40
1,15,23,26,32,40|2,3,6,8,17,31|11,22,25,29,33,38
1,17,22,23,25,29|2,6,7,12,31,32|8,9,14,20,28,33
1,17,23,28,29,31|2,7,11,12,15,32|6,8,9,20,25,33
2,6,7,12,31,32|3,11,14,17,28,30|8,15,20,26,29,33
2,7,11,12,15,32|3,6,17,20,30,31|8,10,14,22,34,40
2,7,12,14,22,32|3,6,11,17,25,30|8,15,20,26,29,33
2,10,14,22,30,40|6,8,9,20,25,33|11,23,27,28,29,32
3,6,10,14,30,32|8,9,11,22,25,33|23,26,28,29,31,40
3,14,17,20,22,30|6,8,10,31,34,40|11,23,27,28,29,32
1,2,3,6,25,38|8,10,15,26,32,33|9,11,20,23,27,28
1,2,3,8,15,26|6,10,11,25,33,34|17,20,23,27,28,32
1,2,3,15,20,38|6,8,10,11,27,34|17,23,25,26,28,40
1,2,3,22,31,38|6,8,10,11,27,34|17,23,25,26,28,40
1,3,6,25,26,30|8,11,17,27,28,38|10,14,20,22,33,34
1,3,14,26,28,30|6,8,10,11,27,34|17,20,22,25,33,38
1,3,15,20,26,30|2,7,12,25,28,32|6,8,10,11,27,34
1,3,22,26,30,31|2,7,12,25,28,32|6,8,10,11,27,34
1,6,9,10,23,25|2,7,11,12,15,26|8,17,20,22,27,38
1,6,23,26,27,32|2,3,8,17,25,28|10,11,15,20,33,34
1,8,10,15,17,38|2,6,7,12,26,31|9,11,20,23,27,28
1,8,20,22,27,34|2,3,6,10,14,38|17,23,25,26,28,40
1,8,27,28,32,38|2,6,7,12,26,31|10,11,15,20,33,34
1,9,10,14,23,28|2,6,7,12,26,31|8,17,20,22,27,38
1,11,25,28,33,34|2,3,6,10,14,38|20,22,23,26,27,29
1,20,22,25,33,34|2,3,6,10,14,38|11,23,26,27,28,29
2,3,6,10,14,38|8,17,22,25,26,33|9,11,20,23,27,28
2,6,7,12,26,31|3,10,22,25,30,32|8,11,17,27,28,38
2,7,11,12,15,26|3,10,22,25,30,32|17,20,28,31,33,38
2,7,12,25,28,32|3,6,10,14,26,30|8,17,20,22,27,38
1,20,25,28,33,34|2,3,6,10,31,38|11,17,22,23,26,27
1,2,3,6,14,38|8,9,11,25,28,33|10,15,17,20,23,29
1,2,6,11,27,30|8,9,20,22,25,33|10,14,17,23,28,29
1,3,6,14,26,30|2,7,12,15,20,32|8,9,11,25,28,33|10,17,22,23,29,31
1,3,28,30,31,32|6,8,10,25,34,40|11,15,17,20,33,38
1,6,8,11,27,34|2,7,12,14,28,32|3,17,20,22,30,31
1,6,9,10,14,23|2,3,8,15,17,20|11,25,28,29,33,38
1,8,10,15,29,38|2,6,7,12,25,32|3,11,17,28,30,31
1,8,15,26,38,40|2,6,7,12,25,32|3,11,17,28,30,31
1,8,25,28,34,40|2,7,12,15,20,32|6,11,23,26,27,29
1,11,22,31,33,34|2,3,6,8,17,25|20,23,27,28,29,32
1,17,23,25,28,29|2,7,12,15,20,32|6,10,11,14,33,34
2,3,8,15,17,20|6,10,11,14,33,34|23,25,26,28,29,40
2,6,7,12,25,32|3,11,17,28,30,31|8,10,15,20,34,40
2,6,10,25,30,40|8,9,20,28,31,33|11,17,22,23,27,32
2,7,12,14,28,32|3,6,17,20,25,30|8,10,22,31,34,40
2,7,12,15,20,32|3,11,17,22,25,30|8,10,14,28,34,40
2,7,12,22,31,32|3,6,17,20,25,30|8,10,14,28,34,40
3,6,10,30,31,32|8,9,11,25,28,33|15,17,20,23,26,40
3,10,11,15,30,32|6,8,17,26,31,33|9,20,23,25,28,40
3,10,14,22,30,32|6,8,11,17,27,38|9,20,23,25,28,40
1,2,3,6,31,38|8,9,20,25,28,33|10,15,23,26,32,40
1,2,6,20,27,30|8,10,22,25,34,40|11,17,28,31,33,38
1,3,6,26,30,31|2,7,12,22,25,32|8,20,27,28,29,38
1,3,11,15,26,30|2,7,12,22,25,32|6,8,17,20,27,38
1,3,14,22,26,30|2,7,12,28,31,32|6,8,17,20,27,38
1,3,25,28,30,32|2,6,7,12,14,26|8,11,17,22,27,38
1,6,8,20,27,34|2,7,12,22,25,32|10,17,23,28,29,31
1,6,14,26,33,38|2,3,8,10,15,32|9,11,20,22,23,27
1,6,20,25,33,34|2,3,8,10,15,32|11,22,23,26,27,29
1,8,11,22,27,34|2,6,7,12,14,26|3,10,15,20,30,32
1,8,22,27,32,38|2,6,7,12,14,26|3,11,17,25,28,30
1,10,15,17,23,32|2,6,7,12,14,26|8,9,20,25,28,33
1,11,22,25,33,34|2,3,8,10,15,32|6,20,23,26,27,29
1,11,28,31,33,34|2,3,8,10,15,32|6,20,23,26,27,29
1,14,20,28,33,34|2,3,8,10,15,32|11,22,23,26,27,29
1,22,25,32,33,38|2,3,8,17,28,31|6,20,23,26,27,29
1,28,31,32,33,38|2,3,8,17,22,25|6,20,23,26,27,29
2,3,8,10,15,32|6,17,20,25,33,38|11,22,23,26,27,29
2,3,8,17,28,31|6,10,14,20,33,34|11,22,23,26,27,29
2,6,7,12,14,26|3,10,15,20,30,32|8,11,17,22,27,38
6,10,11,31,33,34|8,20,27,28,29,38|17,22,23,25,26,40
6,17,20,25,33,38|8,10,28,31,34,40|11,22,23,26,27,29
6,20,23,26,27,29|8,10,22,25,34,40|11,17,28,31,33,38
1,3,6,11,25,34|2,8,20,27,28,29|7,12,14,22,26,32
1,3,6,20,31,34|2,8,11,17,22,27|10,25,28,30,32,40
1,3,8,15,26,32|2,6,10,31,38,40|11,17,20,22,27,30
1,3,11,22,31,34|2,6,8,17,20,27|10,25,28,30,32,40
1,3,14,28,32,38|2,6,8,17,20,27|10,11,15,26,30,40
1,3,15,20,32,38|2,8,11,17,22,27|6,10,26,30,31,40
1,3,22,31,32,38|2,6,8,17,20,27|10,11,15,26,30,40
1,6,10,17,30,31|2,8,20,27,28,29|7,11,12,15,26,32
1,10,11,15,17,30|2,8,20,27,28,29|6,7,12,26,31,32
1,10,14,17,22,30|2,8,20,27,28,29|6,7,12,26,31,32
1,10,22,25,29,30|2,6,8,17,20,27|7,11,12,15,26,32
1,10,28,29,30,31|2,6,8,17,20,27|7,11,12,15,26,32
1,11,27,28,30,32|2,6,10,31,38,40|3,8,9,20,22,25
1,20,22,27,30,32|2,6,10,31,38,40|3,8,9,11,25,28
2,6,8,17,20,27|3,11,25,28,29,38|7,12,14,22,26,32
2,6,10,31,38,40|3,8,9,11,25,28|7,12,14,22,26,32
2,14,17,20,28,33|3,8,22,25,26,29|6,10,11,27,30,32
1,3,6,14,20,34|2,8,11,27,28,29|10,22,25,30,32,40
1,6,10,25,29,30|2,11,14,17,28,33|3,8,9,20,22,31
1,11,22,27,30,32|2,6,10,14,38,40|3,8,15,20,26,29
1,14,26,28,30,40|2,6,8,11,17,27|3,20,22,29,31,38
1,22,26,30,31,40|2,6,8,11,17,27|3,14,20,28,29,38
2,6,8,11,17,27|3,14,20,28,29,38|10,22,25,30,32,40
2,8,11,27,28,29|3,6,14,17,20,38|10,22,25,30,32,40
2,8,17,25,28,40|3,20,22,29,31,38|6,7,12,14,26,32
2,11,15,17,20,33|3,6,8,25,26,29|10,28,30,31,32,40
2,14,17,20,22,33|3,6,8,25,26,29|10,28,30,31,32,40
2,20,22,25,29,33|3,6,8,14,17,26|10,28,30,31,32,40
2,20,28,29,31,33|3,6,8,14,17,26|10,22,25,30,32,40
1,2,6,11,27,38|3,8,9,20,25,28|7,12,22,26,31,32
1,2,6,26,31,33|3,8,9,20,25,28|10,11,22,27,30,32
1,2,8,10,15,17|3,20,25,28,29,38|7,12,22,26,31,32
1,2,25,28,38,40|3,6,10,11,31,34|7,12,15,20,26,32
1,3,22,25,32,38|2,8,10,15,26,40|11,17,20,27,28,30
1,6,11,26,27,30|2,10,14,28,32,33|3,17,20,22,31,38
1,20,27,28,30,32|2,6,10,25,38,40|3,8,17,22,26,31
1,25,26,28,30,40|2,6,8,10,27,32|3,17,20,22,31,38
2,8,11,17,27,28|3,6,10,14,20,34|7,12,22,26,31,32
2,8,17,20,22,27|3,6,10,11,31,34|7,12,14,26,28,32
2,11,17,25,28,33|3,6,10,14,20,34|7,12,22,26,31,32
2,17,20,22,25,33|3,6,10,11,31,34|7,12,14,26,28,32
2,17,20,28,31,33|3,10,11,14,22,34|6,7,12,25,26,32
1,2,6,31,32,33|3,8,9,11,14,28|17,20,22,25,30,40
1,2,14,22,32,33|3,6,8,9,11,25|17,20,28,30,31,40
1,3,6,14,32,38|2,8,11,22,27,29|17,20,28,30,31,40
2,6,20,25,29,33|3,8,9,11,14,28|10,22,30,31,32,40
2,11,22,25,29,33|3,6,8,9,20,31|10,14,28,30,32,40
2,14,20,28,29,33|3,6,8,9,11,25|10,22,30,31,32,40
2,20,22,29,31,33|3,6,8,9,11,25|10,14,28,30,32,40
1,2,3,14,28,32|6,8,20,26,27,29|10,11,22,31,34,40
1,2,3,22,31,32|6,8,20,26,27,29|10,11,14,28,34,40
1,11,25,28,34,40|2,3,6,10,14,32|20,22,26,29,31,33
1,20,22,25,34,40|2,3,6,10,14,32|11,26,28,29,31,33
1,20,28,31,34,40|2,3,6,10,14,32|8,11,22,26,27,29
1,25,28,32,38,40|2,3,6,17,20,31|8,11,22,26,27,29
2,3,11,14,17,28|6,8,20,26,27,29|10,22,31,32,38,40
2,3,11,17,22,31|6,8,20,26,27,29|10,14,28,32,38,40
2,3,20,22,25,29|6,11,17,26,31,33|10,14,28,32,38,40
1,2,3,6,14,26|8,9,11,20,27,28|10,22,25,32,38,40
1,2,3,22,25,32|6,8,11,17,26,27|10,14,20,28,34,40
1,6,8,26,27,32|2,3,11,17,22,25|10,14,20,28,34,40
1,6,11,20,27,34|2,3,10,14,22,32|8,17,25,26,28,40
1,2,17,18,21,33|3,6,13,19,26,38|7,9,12,15,27,40
1,3,17,19,21,38|2,6,13,18,26,33|7,9,12,15,27,40
2,10,18,21,29,33|3,6,13,19,26,38|7,9,12,15,27,40
3,13,17,28,29,33|7,9,11,12,18,21|15,19,26,27,30,40
3,11,13,17,29,33|6,7,9,12,15,18|19,25,27,30,32,40
1,2,13,17,33,40|7,9,11,12,16,18|10,14,19,27,29,30
1,3,16,18,29,38|2,14,19,27,32,33|7,9,12,13,20,40
2,14,19,27,38,40|3,13,17,20,29,33|7,9,11,12,16,18
3,13,17,20,29,33|7,9,11,12,16,18|14,19,26,27,30,40
1,3,10,16,19,34|2,13,18,20,26,33|7,9,12,25,27,40
2,13,18,20,26,33|3,10,16,17,19,38|7,9,12,25,27,40
1,3,13,17,32,33|2,14,18,27,38,40|7,9,12,19,25,31
1,3,13,17,38,40|2,10,16,18,29,33|7,9,12,19,25,31
2,19,27,31,32,33|3,8,9,10,13,40|7,12,16,18,26,29
3,10,13,29,32,33|7,9,12,14,18,25|19,26,27,30,31,40
3,13,26,32,33,40|7,9,12,14,18,25|10,19,27,29,30,31
1,3,9,13,20,33|2,18,27,31,38,40|7,12,16,17,19,26
1,3,16,17,18,38|2,13,19,20,26,33|7,9,12,27,31,40
2,19,25,27,32,33|3,8,9,10,16,18|7,12,13,17,26,40
1,2,8,10,25,29|3,6,17,20,28,38|7,11,12,26,31,32
3,16,17,18,23,29|7,8,9,12,13,40|14,19,27,30,32,33
1,3,9,13,23,40|7,12,16,18,29,38|19,27,30,31,32,33
3,9,10,13,23,40|7,12,16,17,18,38|14,19,26,27,30,33
3,9,10,16,19,23|7,12,13,26,29,33|18,25,27,30,38,40
2,7,12,13,17,40|3,10,16,18,29,30|6,19,22,27,33,34
2,7,12,16,17,19|3,14,18,27,30,32|8,9,10,13,33,40
3,7,9,12,16,40|6,19,22,27,33,34|8,10,13,18,29,38
1,8,9,16,18,33|2,19,27,30,31,40|3,7,12,13,29,32
1,2,3,8,14,38|6,7,12,22,26,30|9,11,20,23,25,33
1,2,3,23,31,32|6,7,12,22,26,30|8,10,11,14,33,34
1,3,6,28,30,38|2,7,8,12,25,32|10,11,23,31,34,40
1,3,8,14,26,30|2,6,7,12,22,38|9,11,20,23,25,33
1,3,11,30,31,38|2,7,8,12,25,32|6,10,23,28,34,40
1,3,14,20,30,38|2,7,8,12,25,32|6,10,23,28,34,40
1,8,20,31,33,34|2,3,6,17,23,28|7,11,12,14,26,30
1,8,22,28,33,34|2,3,11,17,23,31|7,12,20,25,30,32
1,8,25,32,33,38|2,3,6,17,23,28|7,11,12,14,26,30
1,14,23,26,32,33|2,6,7,12,22,38|3,8,17,20,25,30
1,20,23,25,34,40|2,6,7,12,22,38|3,8,10,30,31,32
2,3,11,17,23,31|6,7,12,22,26,30|8,10,14,32,33,38
2,3,20,23,25,29|6,7,12,22,26,30|8,10,11,14,33,34
2,6,7,12,22,38|3,8,10,30,31,32|9,11,20,23,25,33
2,7,11,12,14,38|3,8,10,30,31,32|6,17,22,23,26,33
6,8,10,22,33,34|7,11,12,14,26,30|17,20,23,25,38,40
6,10,23,28,34,40|7,11,12,14,26,30|8,17,20,31,33,38
1,2,3,8,31,38|6,7,12,26,28,30|10,11,23,25,34,40
1,2,3,23,25,32|6,7,12,26,28,30|8,10,11,31,33,34
1,3,8,26,30,31|2,6,7,12,28,38|10,11,23,25,34,40
1,3,11,25,30,38|2,7,8,12,14,26|10,20,23,31,34,40
1,3,20,30,31,38|2,7,8,12,14,26|10,11,23,25,34,40
1,3,22,28,30,38|2,7,8,12,14,26|10,11,23,25,34,40
1,8,20,25,33,34|2,3,10,14,23,32|6,7,12,26,28,30
2,3,10,14,23,32|6,7,12,26,28,30|8,17,20,25,33,38
2,3,11,17,23,25|6,7,12,26,28,30|8,10,14,20,33,34
2,3,17,22,23,28|7,11,12,26,30,31|8,10,14,20,33,34
2,6,7,12,28,38|3,8,10,25,30,32|11,17,23,26,31,33
2,7,11,12,31,38|3,8,10,25,30,32|6,17,23,26,28,33
2,7,12,14,20,38|3,8,10,25,30,32|6,17,23,26,28,33
1,11,20,23,27,34|2,3,8,10,14,38|7,12,22,26,28,30
1,6,8,22,33,34|2,3,11,23,29,31|7,12,14,20,30,32
1,3,6,22,30,38|2,7,8,12,31,32|10,11,14,23,34,40
1,3,11,14,30,38|2,7,8,12,31,32|6,9,20,23,28,33
1,6,8,28,33,34|2,3,11,14,17,23|7,12,20,30,31,32
1,8,14,20,33,34|2,3,6,17,22,23|7,11,12,25,30,32
2,3,11,23,25,29|6,8,17,28,33,38|7,12,20,30,31,32
2,3,20,23,29,31|6,8,17,28,33,38|7,11,12,25,30,32
2,3,22,23,28,29|7,11,12,25,30,32|8,14,17,20,33,38
6,10,22,23,34,40|7,11,12,25,30,32|8,14,17,20,33,38
1,6,22,32,33,38|2,3,8,11,14,17|20,23,26,29,31,40
1,8,20,31,34,40|2,6,7,12,22,32|10,11,14,17,23,29
1,11,14,32,33,38|2,3,6,8,17,22|20,23,26,29,31,40
1,14,23,26,32,40|2,3,6,8,17,22|11,20,29,31,33,38
1,17,20,23,29,31|2,6,7,12,22,32|8,10,11,14,34,40
1,2,3,8,25,32|6,10,11,22,33,34|17,20,23,26,31,40
1,3,6,22,26,30|2,7,11,12,25,32|8,10,20,31,34,40
1,3,11,14,26,30|2,7,12,20,31,32|8,10,22,28,34,40
1,6,20,28,33,34|2,3,8,10,14,32|11,17,23,25,26,40
1,8,10,29,31,38|2,7,11,12,25,32|3,17,20,22,28,30
1,8,26,31,38,40|2,7,11,12,25,32|3,17,20,22,28,30
1,11,20,31,33,34|2,3,8,10,14,32|17,22,23,26,28,40
1,11,22,28,33,34|2,3,8,10,14,32|17,20,23,26,31,40
1,23,25,26,32,40|2,3,8,17,20,31|6,10,11,22,33,34
1,6,28,32,33,38|2,3,8,11,17,31|20,23,25,26,29,40
1,8,10,14,29,38|2,6,7,12,28,32|3,11,17,20,30,31
1,8,14,26,38,40|2,6,7,12,28,32|3,11,17,20,30,31
1,8,20,25,34,40|2,6,7,12,28,32|10,11,17,23,29,31
1,11,31,32,33,38|2,3,6,8,17,28|20,23,25,26,29,40
1,17,20,23,25,29|2,6,7,12,28,32|8,10,11,31,34,40
1,23,26,31,32,40|2,3,6,8,17,28|11,20,25,29,33,38
1,2,6,22,33,38|3,9,11,20,23,31|7,8,12,14,26,32
1,2,8,25,32,33|3,6,9,20,23,28|10,11,30,31,38,40
1,2,8,25,38,40|3,6,9,20,23,28|10,11,30,31,32,33
1,2,14,23,26,40|3,6,8,17,28,38|10,11,30,31,32,33
1,3,6,8,28,34|2,10,23,31,32,40|11,17,20,25,30,33
1,3,8,11,31,34|2,17,20,23,25,40|6,7,12,28,32,38
1,6,22,26,30,33|2,8,10,14,38,40|3,9,11,20,23,31
1,8,10,14,17,30|2,11,20,23,27,29|6,7,12,28,32,38
1,8,10,25,29,30|3,6,9,20,23,28|7,11,12,31,32,38
1,8,25,26,30,40|2,11,20,23,27,29|6,7,12,28,32,38
1,11,14,26,30,33|2,10,23,31,32,40|3,6,8,17,28,38
1,20,25,30,32,33|2,8,10,14,38,40|3,6,23,26,28,29
1,20,25,30,38,40|2,8,10,14,32,33|3,6,23,26,28,29
2,10,23,31,32,40|3,6,8,17,28,38|7,11,12,14,20,34
3,6,9,20,23,28|7,8,12,14,26,32|10,11,30,31,38,40
3,9,11,20,23,31|6,7,12,28,32,38|8,10,14,26,30,40
3,11,17,23,25,32|6,7,12,20,22,34|8,10,14,26,30,40
3,17,20,23,31,32|6,7,11,12,28,34|8,10,14,26,30,40
1,2,8,14,26,33|3,9,11,20,23,25|7,12,22,28,32,38
1,2,10,23,29,31|3,8,11,17,25,38|6,7,12,20,28,34
1,2,23,26,31,40|3,6,8,10,22,34|7,11,12,25,32,38
1,3,14,23,26,32|2,8,10,31,38,40|6,7,12,20,28,34
1,6,26,28,30,33|2,8,10,31,38,40|3,9,11,20,23,25
1,8,10,17,30,31|3,9,11,20,23,25|7,12,22,28,32,38
1,11,26,30,31,33|2,10,23,25,32,40|3,8,17,22,28,38
1,14,20,26,30,33|2,8,10,31,38,40|7,11,12,22,28,34
2,10,23,25,32,40|3,8,17,20,31,38|7,11,12,22,28,34
3,9,11,20,23,25|7,8,12,26,31,32|10,22,28,30,38,40
3,9,20,22,23,28|7,8,12,26,31,32|10,11,25,30,38,40
3,17,20,23,25,32|7,11,12,22,28,34|8,10,26,30,31,40
1,2,8,11,27,38|3,6,17,23,26,28|10,20,25,30,32,33
1,2,20,23,27,32|3,6,8,10,28,34|7,11,12,14,26,38
1,3,23,26,31,32|2,6,10,22,33,38|7,11,12,20,25,34
1,11,20,27,30,38|2,8,10,25,32,33|3,6,17,23,26,28
1,2,23,31,32,40|3,6,8,28,29,38|11,14,17,20,30,33
1,6,28,30,32,33|2,11,17,23,31,40|3,8,14,20,29,38
1,6,28,30,38,40|2,8,11,14,17,33|3,20,23,29,31,32
1,11,30,31,32,33|2,6,17,23,28,40|3,8,14,20,29,38
1,14,20,30,32,33|2,6,17,23,28,40|3,8,11,29,31,38
1,14,20,30,38,40|2,6,8,17,22,33|3,11,23,25,29,32
1,3,6,8,22,34|2,10,14,23,32,40|11,17,20,30,31,33
1,3,8,11,14,34|2,17,20,23,31,40|6,7,12,22,32,38
1,8,10,29,30,31|2,11,17,23,25,40|6,7,12,22,32,38
1,11,25,30,32,33|2,17,20,23,31,40|3,8,22,28,29,38
1,20,30,31,32,33|2,11,17,23,25,40|3,8,22,28,29,38
1,20,30,31,38,40|2,6,8,17,28,33|3,11,14,23,26,29
1,22,28,30,32,33|2,11,17,23,25,40|3,8,20,29,31,38
1,22,28,30,38,40|2,8,11,17,31,33|3,20,23,25,29,32
2,11,17,23,25,40|3,8,20,29,31,38|6,10,22,30,32,33
2,17,20,23,31,40|3,8,11,25,29,38|6,10,22,30,32,33
1,2,9,18,30,39|3,6,7,17,21,35|13,19,25,32,34,38
1,2,9,19,30,39|3,7,16,29,31,35|13,14,18,32,34,38
1,2,7,13,25,35|3,9,16,17,27,30|10,18,29,34,38,39
1,2,9,13,27,30|3,7,16,17,25,35|10,18,29,34,38,39
2,7,10,13,14,35|3,9,16,17,27,30|18,26,32,33,34,39
2,7,10,35,39,40|3,9,16,17,27,30|13,14,18,26,34,38
2,9,10,18,30,39|3,7,16,17,25,35|13,19,26,31,34,38
2,9,10,19,30,39|3,7,16,17,31,35|13,18,25,32,34,38
1,10,13,29,34,40|2,3,9,11,16,18|14,17,19,27,32,38
1,14,19,27,32,34|2,3,9,11,16,18|10,12,13,33,35,40
1,16,19,26,34,40|2,3,9,14,18,31|10,13,17,29,32,33
2,3,9,11,16,18|6,17,19,22,27,34|10,12,13,33,35,40
2,3,9,14,18,31|6,17,19,22,27,34|10,12,13,33,35,40
2,3,9,14,19,25|6,18,27,28,29,34|10,12,13,33,35,40
2,3,9,16,19,20|6,18,27,28,29,34|10,12,13,33,35,40
2,3,16,17,18,32|6,9,19,22,27,38|10,12,13,33,35,40
1,10,16,18,29,34|2,3,9,14,27,40|11,13,17,19,26,38
1,9,10,13,32,33|2,3,16,17,19,26|18,20,25,27,29,34
1,9,10,13,38,40|2,3,16,17,19,26|18,20,25,27,29,34
1,9,10,16,19,38|2,3,13,17,26,40|18,20,25,27,29,34
1,19,25,27,32,34|2,3,10,13,17,29|9,15,18,26,28,33
1,9,16,17,33,40|6,18,22,27,29,34|8,10,12,13,19,35
1,12,16,18,33,35|2,3,9,11,13,40|6,19,27,28,29,34
2,3,13,17,32,40|6,9,15,19,26,33|11,14,18,27,29,34
1,6,19,27,30,34|3,8,9,15,18,38|7,22,25,33,35,40
2,6,9,19,23,27|3,8,15,17,18,34|7,22,25,33,35,40
3,8,15,17,18,34|7,22,25,33,35,40|19,27,28,29,30,38
3,15,17,33,34,40|7,8,18,22,25,35|19,27,28,29,30,38
1,3,15,19,34,38|2,6,9,18,23,27|7,25,28,33,35,40
1,6,18,27,30,34|3,9,15,19,23,26|7,25,28,33,35,40
2,9,17,19,23,39|7,8,16,27,29,35|13,18,25,30,32,34
2,9,13,23,27,29|3,19,32,34,38,39|7,16,17,31,33,35
3,9,29,33,38,39|7,8,13,17,25,35|16,18,27,30,32,34
9,10,17,29,33,39|12,16,18,27,35,38|13,19,25,26,32,34
9,13,25,26,29,33|10,17,19,32,34,39|12,16,18,27,35,38
1,9,16,18,31,34|12,13,27,32,33,35|17,19,26,29,38,39
1,9,16,19,25,34|2,3,12,18,35,39|13,17,27,29,32,38
1,9,18,21,22,34|12,13,27,32,33,35|17,19,26,29,38,39
1,9,19,21,28,34|2,3,12,18,35,39|13,17,27,29,32,38
1,17,18,32,34,39|2,3,9,13,25,29|12,16,19,27,35,38
2,3,9,13,14,17|10,18,29,32,34,39|12,16,19,27,35,38
2,3,9,13,25,29|12,16,19,27,35,38|18,26,32,34,39,40
2,3,12,18,35,39|6,9,10,19,21,34|13,17,27,29,32,38
1,2,13,19,26,30|3,7,25,31,35,40|8,9,14,18,27,38
1,8,13,19,26,34|2,14,17,18,27,30|3,7,25,31,35,40
1,13,19,20,34,38|2,14,17,18,27,30|3,7,25,31,35,40
2,14,17,18,27,30|3,7,11,13,20,35|9,19,25,31,33,38
2,17,19,27,30,31|3,7,11,13,20,35|8,9,16,18,26,33
2,18,25,27,29,30|3,7,11,13,20,35|9,10,16,17,19,23
3,7,11,13,20,35|8,9,14,18,27,38|10,16,19,32,33,34
3,7,25,31,35,40|8,9,14,18,27,38|10,16,19,32,33,34
3,13,17,26,30,40|8,9,14,18,27,38|10,16,19,32,33,34
3,16,17,19,26,30|8,9,14,18,27,38|10,13,32,33,34,40
1,10,13,29,33,34|2,3,16,17,18,38|9,14,19,23,26,27
1,2,13,18,30,32|3,7,11,16,35,40|8,19,27,29,31,34
1,12,13,18,23,35|2,3,8,9,16,19|14,27,29,33,34,40
2,3,13,29,38,40|6,15,17,18,33,34|9,14,19,23,27,32
2,11,13,17,18,30|3,7,14,31,35,40|9,10,16,19,23,29
2,13,17,19,20,30|3,7,11,16,35,40|6,9,15,18,33,38
2,14,18,27,29,30|3,7,11,16,35,40|8,9,13,19,20,38
2,19,27,29,30,31|3,7,11,16,35,40|6,9,15,18,33,38
3,7,11,16,35,40|6,9,15,18,33,38|8,13,17,19,20,34
3,7,14,31,35,40|6,9,15,18,33,38|8,13,17,19,20,34
3,7,15,22,35,40|8,9,11,13,18,38|14,17,19,31,33,34
3,16,17,18,30,32|8,9,13,19,20,38|14,27,29,33,34,40
1,14,19,23,27,35|2,7,11,13,17,29|3,9,12,16,18,30
1,9,16,17,18,23|2,10,13,19,30,32|3,7,14,25,35,40
1,16,18,32,33,34|2,7,12,13,17,29|3,9,14,27,30,40
1,16,18,34,38,40|2,7,12,13,17,29|3,9,19,25,30,31
2,3,8,9,16,18|10,12,13,19,23,35|27,29,31,33,34,40
2,10,13,19,30,32|3,7,9,12,16,29|14,17,18,31,33,34
2,18,27,29,30,31|3,7,14,25,35,40|8,9,16,19,26,33
2,19,25,27,29,30|3,7,15,28,35,40|8,9,13,18,20,38
3,16,18,26,29,30|8,9,14,19,27,38|13,17,20,33,34,40
1,12,13,19,34,38|3,6,7,9,15,17|8,10,16,18,33,35
1,19,23,27,31,35|2,7,13,17,20,29|9,12,16,18,33,38
1,2,13,19,30,32|3,6,7,15,35,40|11,16,18,29,33,34
1,9,16,18,23,29|2,11,13,17,19,30|3,6,7,15,35,40
2,11,13,17,19,30|3,6,7,15,35,40|8,9,16,18,32,33
2,14,19,27,29,30|3,6,7,15,35,40|8,9,16,18,32,33
3,6,7,15,35,40|8,9,11,13,19,38|14,18,29,31,33,34
1,8,16,18,33,35|2,12,13,17,19,30|3,6,7,9,15,29
1,9,19,26,30,39|2,13,18,25,32,34|6,7,15,17,27,35
2,13,14,19,26,34|3,9,17,32,33,39|7,15,27,28,29,35
2,13,18,25,32,34|3,9,17,38,39,40|7,15,27,28,29,35
2,19,26,34,39,40|3,9,13,14,17,38|7,15,27,28,29,35
1,2,9,18,38,39|3,16,17,27,29,34|7,10,13,31,32,35
1,2,17,18,34,39|3,9,16,27,29,38|7,10,13,31,32,35
2,13,14,19,32,34|6,7,17,21,35,40|9,16,18,25,29,30
2,19,32,34,39,40|6,7,13,28,29,35|9,14,16,17,18,30
2,13,14,18,32,34|3,9,29,38,39,40|12,16,19,27,30,35
2,18,32,34,39,40|3,9,13,14,29,38|12,16,19,27,30,35
2,13,18,31,32,34|3,12,19,35,38,39|9,16,17,27,30,40
1,2,13,18,20,34|3,9,10,16,29,33|7,11,25,27,35,40
1,3,9,16,17,33|2,10,11,13,19,34|7,18,20,25,31,35
2,8,13,17,18,26|3,9,10,16,29,33|7,11,25,27,35,40
2,9,18,25,31,33|3,10,13,32,34,40|14,17,19,26,27,30
2,9,27,31,33,40|3,10,16,19,32,34|7,12,13,17,26,29
2,10,11,13,19,34|3,8,9,16,18,26|7,20,27,31,35,40
2,10,13,17,29,33|3,8,9,16,18,26|7,11,25,27,35,40
2,10,13,19,32,38|3,8,9,16,18,26|7,11,25,27,35,40
2,10,16,18,34,40|3,9,14,27,32,33|7,12,13,17,26,29
2,13,17,18,20,38|3,9,10,16,29,33|7,11,25,27,35,40
2,16,17,19,26,33|3,9,14,18,25,38|7,20,27,31,35,40
3,9,10,16,29,33|7,11,25,27,35,40|13,17,18,20,26,30
3,9,15,18,28,38|7,11,25,27,35,40|10,13,19,26,30,32
3,9,16,18,20,38|7,11,25,27,35,40|10,13,19,26,30,32
3,10,16,19,32,34|7,9,12,13,17,20|18,26,27,29,30,31
3,14,17,18,25,34|7,9,12,27,29,31|10,13,19,26,30,32
3,14,17,27,34,40|7,18,20,25,31,35|10,13,19,26,30,32
3,15,17,18,28,34|7,9,12,27,29,31|10,13,19,26,30,32
3,16,17,18,20,34|7,9,12,27,29,31|10,13,19,26,30,32
1,2,11,13,18,34|3,8,9,16,19,26|6,7,27,28,35,40
1,2,13,18,32,38|3,8,9,16,19,26|6,7,27,28,35,40
1,2,13,19,20,34|3,9,11,16,18,38|6,7,27,28,35,40
1,3,8,9,13,17|2,10,16,19,34,40|6,7,18,25,28,35
1,3,13,17,29,38|2,8,9,14,18,27|7,19,20,25,31,35
1,7,9,12,13,32|2,10,16,19,34,40|14,18,26,27,29,30
1,9,10,13,30,40|2,14,18,27,29,38|3,15,17,19,28,34
1,9,10,16,19,30|2,11,13,17,18,38|3,27,29,31,34,40
2,8,9,14,18,27|3,13,17,20,34,40|7,19,22,25,28,35
2,8,13,17,19,26|3,9,11,16,18,38|6,7,27,28,35,40
2,9,14,18,25,33|3,13,17,20,34,40|19,26,27,29,30,31
2,9,14,27,33,40|3,11,16,17,18,34|7,19,20,25,31,35
2,9,15,18,28,33|3,13,17,20,34,40|19,26,27,29,30,31
2,9,16,18,20,33|3,13,26,29,38,40|7,19,22,25,28,35
2,9,19,25,31,33|3,11,16,17,18,34|6,7,27,28,35,40
2,10,16,19,34,40|3,9,13,20,32,33|6,7,18,25,28,35
2,11,13,17,18,38|3,8,9,16,19,26|6,7,27,28,35,40
2,13,17,19,20,38|3,18,25,29,31,34|6,7,27,28,35,40
2,14,18,27,29,38|3,8,9,13,26,40|7,19,20,25,31,35
2,16,18,26,29,33|3,9,13,20,38,40|7,19,22,25,28,35
2,19,27,29,31,38|3,8,9,13,26,40|6,7,18,25,28,35
3,9,11,16,18,38|6,7,27,28,35,40|13,17,19,20,26,30
3,9,13,20,32,33|6,7,18,25,28,35|19,26,27,29,30,31
3,9,13,20,38,40|6,7,18,25,28,35|19,26,27,29,30,31
3,9,14,18,31,38|6,7,27,28,35,40|13,17,19,20,26,30
3,9,14,19,25,38|6,7,27,28,35,40|11,13,17,18,26,30
3,9,15,18,22,38|6,7,27,28,35,40|13,17,19,20,26,30
3,13,17,20,34,40|6,7,18,25,28,35|19,26,27,29,30,31
3,13,26,29,32,33|6,7,18,25,28,35|9,19,20,27,30,31
3,13,26,29,38,40|6,7,18,25,28,35|9,19,20,27,30,31
3,18,25,29,31,34|6,7,27,28,35,40|13,17,19,20,26,30
