1,8,9,18,25,38|2,3,19,20,31,34|17,23,26,27,29,40
1,8,17,18,25,34|2,7,12,27,29,32|3,9,10,30,31,40
1,9,19,23,26,31|2,3,6,18,28,34|11,17,27,29,33,38
2,3,6,18,28,34|8,9,10,19,31,38|17,23,26,27,29,40
2,3,8,17,27,29|6,18,22,26,33,34|9,10,19,23,25,32
2,3,11,19,25,34|8,9,10,14,18,38|17,23,26,27,29,40
2,3,14,18,20,34|8,9,10,19,31,38|17,23,26,27,29,40
2,3,18,31,32,38|6,19,26,28,33,34|9,17,20,23,27,40
2,3,19,20,31,34|8,9,10,14,18,38|17,23,26,27,29,40
2,3,19,22,28,34|8,9,10,14,18,38|17,23,26,27,29,40
2,3,19,25,32,38|6,18,22,26,33,34|9,17,20,23,27,40
2,7,9,12,25,40|3,17,20,27,29,30|6,18,22,26,33,34
2,7,12,27,29,32|3,9,10,30,31,40|6,18,22,26,33,34
2,10,14,17,18,30|3,7,9,12,31,32|6,19,26,28,33,34
2,10,18,25,29,30|3,7,9,12,31,32|6,19,26,28,33,34
2,10,27,29,30,40|3,7,9,12,31,32|6,18,22,26,33,34
2,18,25,26,30,40|3,7,9,12,31,32|11,17,27,29,33,38
3,17,20,27,29,30|6,18,22,26,33,34|8,9,10,19,31,38
8,10,18,25,29,34|9,17,20,23,27,40|19,26,31,32,33,38
8,10,27,29,34,40|9,17,18,20,23,25|19,26,31,32,33,38
1,3,7,11,25,35|2,10,17,18,30,31|8,19,26,27,32,38
1,3,7,20,31,35|2,10,17,19,25,30|6,18,26,28,33,34
1,3,7,22,28,35|2,10,17,18,30,31|8,11,19,26,27,34
1,3,17,27,30,32|6,18,26,28,33,34|8,9,10,19,25,38
1,10,14,19,34,38|3,7,9,12,25,32|8,17,26,27,29,33
1,20,27,29,33,34|2,3,14,19,26,38|9,10,18,23,25,32
2,10,17,18,30,31|3,7,9,12,25,32|8,11,19,26,27,34
1,3,7,20,25,35|2,10,17,27,30,40|18,22,26,28,33,34
1,17,27,32,33,38|2,3,18,20,25,34|9,10,19,23,26,31
1,2,18,31,33,39|3,8,13,14,17,27|7,12,15,19,21,26
1,3,14,18,38,39|2,10,13,16,33,40|7,12,15,19,21,26
1,3,15,18,21,38|2,10,13,16,33,40|7,12,14,19,26,39
1,11,18,27,30,39|2,10,13,16,33,40|7,12,15,19,21,26
1,18,21,22,27,30|2,10,13,16,33,40|7,12,14,19,26,39
1,19,21,27,28,30|2,8,10,13,16,18|3,17,25,33,39,40
2,8,10,13,16,18|3,11,27,29,33,39|7,12,15,19,21,26
2,10,13,16,33,40|3,8,17,18,25,39|7,12,15,19,21,26
2,10,15,19,21,33|3,8,13,14,17,27|7,12,18,25,32,39
3,8,13,14,17,27|7,12,15,19,21,26|10,18,25,30,39,40
3,8,17,18,25,39|6,10,19,21,27,30|7,12,13,16,26,40
3,13,15,17,28,33|6,10,19,21,27,30|7,12,18,25,32,39
3,13,16,17,20,33|6,10,19,21,27,30|7,12,18,25,32,39
3,16,27,29,31,33|7,12,14,19,26,39|10,13,15,18,28,30
1,2,15,18,21,33|3,8,13,27,29,31|7,12,19,25,32,39
1,6,18,21,27,30|2,8,10,13,16,19|3,17,31,33,39,40
2,8,10,13,16,19|3,6,21,27,29,33|7,12,18,31,32,39
3,6,21,27,29,33|7,12,18,31,32,39|10,13,14,19,25,30
3,14,16,27,29,33|7,12,18,31,32,39|10,13,15,19,28,30
1,13,14,27,30,40|3,8,15,17,18,21|7,12,19,31,32,39
3,8,13,14,27,29|7,12,15,18,21,32|10,19,30,31,39,40
3,13,14,25,29,33|7,12,15,18,21,32|10,19,30,31,39,40
3,15,17,21,33,40|7,12,14,18,32,39|10,11,13,16,19,30
1,3,19,25,38,39|2,10,15,18,21,33|7,12,13,27,31,32
1,11,15,32,34,38|2,6,9,20,25,30|12,17,23,28,31,35
1,14,22,32,34,38|2,6,9,20,25,30|12,17,23,28,31,35
2,6,9,20,25,30|8,14,26,28,29,34|10,12,15,23,32,35
2,6,14,17,26,30|8,9,11,22,25,34|10,12,15,23,32,35
2,6,25,26,29,30|8,9,11,28,31,34|10,12,15,23,32,35
2,9,11,22,25,30|6,8,14,17,26,34|10,12,15,23,32,35
2,9,11,28,30,31|6,8,14,17,26,34|10,12,15,23,32,35
2,9,14,20,28,30|6,8,25,26,29,34|10,12,15,23,32,35
2,9,20,22,30,31|6,8,14,17,26,34|10,12,15,23,32,35
2,14,26,28,29,30|6,8,9,20,25,34|10,12,15,23,32,35
2,22,26,29,30,31|6,8,9,20,25,34|10,12,15,23,32,35
1,12,15,23,26,35|2,9,11,25,28,30|6,10,14,32,34,38
2,6,9,14,20,30|8,11,15,17,32,34|12,22,23,25,29,35
2,11,15,17,30,32|6,8,9,14,20,34|12,22,23,25,29,35
2,28,29,30,31,32|6,8,9,14,20,34|11,12,15,17,23,35
1,6,14,32,34,38|2,9,11,15,20,30|12,17,22,23,31,35
2,6,9,20,30,31|8,11,15,26,29,34|12,14,17,23,28,35
2,6,26,29,30,31|8,9,11,14,28,34|12,15,17,20,23,35
2,11,15,26,29,30|6,8,9,20,31,34|12,14,17,23,28,35
2,14,22,26,29,30|6,8,9,11,25,34|12,15,17,20,23,35
1,3,13,16,30,40|6,18,21,23,27,29|8,17,19,31,33,39
1,3,15,19,21,30|8,13,14,27,29,33|17,18,23,31,39,40
1,3,14,18,30,39|2,7,12,13,16,40|6,17,19,21,23,27
1,3,15,18,21,30|2,7,12,13,16,40|8,17,19,25,33,39
1,3,19,30,31,39|2,7,12,13,16,40|18,21,22,23,27,29
1,13,16,33,38,40|2,7,12,14,19,39|18,21,22,23,27,29
1,14,19,33,38,39|2,7,12,13,16,40|18,21,22,23,27,29
1,15,19,21,33,38|2,7,12,13,16,40|11,18,23,27,29,39
2,7,12,15,19,21|8,13,27,29,31,33|17,18,23,25,39,40
1,3,19,25,30,39|2,7,12,15,18,21|8,13,14,17,27,33
1,14,18,33,38,39|3,7,12,13,16,32|17,19,21,22,23,27
1,15,18,21,33,38|2,7,12,19,31,39|3,10,13,16,30,40
1,19,23,27,32,39|2,7,12,15,18,21|3,10,13,16,30,40
1,19,31,33,38,39|2,7,12,15,18,21|3,10,13,16,30,40
2,7,12,14,18,39|3,10,13,16,30,40|17,19,21,22,23,27
2,7,12,15,18,21|3,10,13,16,30,40|11,17,19,23,27,39
2,7,12,19,31,39|3,10,13,16,30,40|6,17,18,21,23,27
1,3,13,14,27,30|2,7,12,18,31,39|10,15,19,21,33,38
2,7,12,18,31,39|10,13,16,33,38,40|17,19,21,23,27,28
2,7,12,19,25,39|3,10,15,18,21,30|8,13,17,27,31,33
1,2,3,8,21,38|6,10,13,20,23,34|7,12,15,26,30,31
1,3,8,21,26,30|2,7,12,15,31,38|6,10,13,20,23,34
2,3,15,17,23,25|7,11,12,21,26,30|8,10,16,22,33,34
2,3,16,17,23,28|7,11,12,21,26,30|8,10,15,31,33,34
2,3,17,20,21,23|7,12,15,26,30,31|8,10,16,22,33,34
6,17,23,27,31,38|7,11,12,21,26,30|8,10,16,22,33,34
1,6,23,25,27,34|2,7,8,12,21,26|3,10,15,30,31,38
1,14,23,27,28,34|2,7,8,12,21,26|3,10,15,30,31,38
1,15,20,23,27,34|2,7,8,12,21,26|3,10,16,22,30,38
6,17,23,25,27,38|7,12,16,26,28,30|8,10,20,21,33,34
7,12,15,25,26,30|8,10,16,28,33,34|17,22,23,27,31,38
7,12,16,26,28,30|8,10,15,25,33,34|17,22,23,27,31,38
1,6,8,16,33,34|2,3,11,21,23,29|7,12,15,30,31,32
1,8,14,15,33,34|2,3,11,21,23,29|7,12,16,22,30,32
2,3,11,21,23,29|6,8,16,17,33,38|7,12,15,30,31,32
2,3,15,23,29,31|6,8,16,17,33,38|7,11,12,21,30,32
2,3,16,22,23,29|7,11,12,21,30,32|8,14,15,17,33,38
1,2,3,21,23,32|6,7,12,16,26,30|8,10,14,15,33,34
1,8,15,25,33,34|2,3,11,17,21,23|6,7,12,16,26,30
1,8,16,28,33,34|2,3,11,17,21,23|7,12,14,15,26,30
1,8,20,21,33,34|2,3,15,17,23,31|6,7,12,16,26,30
1,11,13,23,28,34|2,6,7,12,16,38|3,8,10,21,30,32
1,13,20,22,23,34|2,6,7,12,16,38|3,8,10,21,30,32
2,3,11,17,21,23|6,7,12,16,26,30|8,10,14,15,33,34
2,6,7,12,16,38|3,8,10,21,30,32|9,14,23,25,28,33
2,7,12,14,15,38|3,8,10,21,30,32|6,16,17,23,26,33
6,8,10,16,33,34|7,12,14,15,26,30|11,13,17,23,28,38
6,10,11,13,23,34|7,12,14,15,26,30|8,16,17,28,33,38
1,3,6,16,30,38|2,7,8,12,21,32|9,11,15,23,25,33
1,3,14,15,30,38|2,7,8,12,21,32|6,9,23,25,31,33
1,8,11,21,33,34|2,3,6,16,17,23|7,12,15,25,30,32
1,8,15,31,33,34|2,3,6,16,17,23|7,12,20,21,30,32
1,8,16,22,33,34|2,3,14,15,17,23|7,12,20,21,30,32
2,3,15,23,25,29|7,12,16,28,30,32|8,11,17,21,33,38
2,3,16,23,28,29|7,12,15,25,30,32|8,11,17,21,33,38
2,3,20,21,23,29|7,12,15,25,30,32|8,16,17,22,33,38
6,10,16,23,34,40|7,12,15,25,30,32|8,11,17,21,33,38
1,3,7,8,25,35|2,11,18,27,30,38|10,17,19,23,31,34
1,3,27,29,30,38|2,7,9,12,31,33|10,14,17,18,23,34
1,17,23,27,34,40|2,7,9,12,31,33|3,14,18,26,30,38
2,7,9,12,31,33|3,14,18,26,30,38|10,23,27,29,34,40
2,8,19,26,27,30|3,7,9,12,14,38|10,18,23,25,29,34
2,19,20,27,30,38|3,7,8,10,14,35|18,23,25,26,34,40
2,19,25,26,30,33|3,7,8,10,14,35|18,20,23,27,32,34
1,17,18,23,31,34|2,7,9,12,14,33|3,27,30,32,38,40
1,17,19,23,25,34|2,7,9,12,14,33|3,27,30,32,38,40
2,7,8,9,12,27|3,18,26,30,31,38|10,17,19,23,25,34
2,8,18,26,27,30|3,7,9,12,31,38|10,17,19,23,25,34
1,3,6,11,27,38|2,8,10,18,22,25|7,12,26,28,31,40
1,3,6,26,31,33|2,8,10,18,22,25|7,11,12,27,28,32
1,2,8,18,25,28|3,6,10,31,32,33|7,12,15,20,26,40
1,2,25,28,33,40|3,6,8,17,20,27|7,10,12,22,29,31
1,3,6,14,26,33|2,8,10,15,18,20|7,11,12,22,27,32
1,3,22,25,38,40|2,8,10,14,18,28|6,7,12,20,27,32
1,3,28,31,32,33|2,6,8,10,18,25|7,12,15,20,26,40
1,3,28,31,38,40|2,6,8,10,18,25|7,11,12,22,27,32
1,7,12,25,28,29|2,6,8,10,27,40|3,17,20,22,31,33
2,6,8,10,18,25|3,11,17,28,31,33|7,12,15,20,26,40
2,8,10,14,18,28|3,6,17,20,25,33|7,11,12,22,27,32
2,8,10,15,18,20|3,11,17,22,25,33|7,12,14,26,28,40
2,8,10,18,22,31|3,6,17,20,25,33|7,12,14,26,28,40
2,8,10,19,22,25|3,11,17,28,31,33|6,7,12,20,27,32
2,8,10,19,28,31|3,6,17,20,25,33|7,11,12,22,27,32
1,2,8,18,22,25|3,6,10,14,32,33|7,11,12,15,26,40
1,2,8,18,28,31|3,6,10,14,32,33|7,11,12,15,26,40
1,2,8,19,25,28|3,6,10,14,32,33|7,11,12,15,26,40
1,2,22,25,33,40|3,6,8,11,17,27|10,14,19,20,28,30
1,2,28,31,33,40|3,6,8,11,17,27|7,10,12,14,22,29
1,3,6,25,32,33|2,8,10,11,15,18|7,12,14,22,26,40
1,3,14,28,32,33|2,6,8,10,18,31|7,11,12,15,26,40
1,3,15,20,32,33|2,6,8,10,18,31|7,12,14,22,26,40
1,3,22,31,32,33|2,6,8,10,19,25|7,11,12,15,26,40
1,6,7,12,17,31|2,8,10,11,15,18|3,20,22,25,29,33
1,7,11,12,15,17|2,6,8,10,18,31|3,20,22,25,29,33
1,7,12,14,17,22|2,6,8,10,18,31|3,11,25,28,29,33
1,7,12,22,25,29|2,6,8,10,18,31|3,11,14,17,28,33
1,7,12,28,29,31|2,6,8,10,19,25|3,11,15,17,20,33
1,11,18,25,28,30|2,6,10,31,33,40|3,8,20,22,27,29
1,11,27,28,30,40|2,6,8,10,18,31|3,14,17,20,22,33
1,18,20,22,25,30|2,6,10,31,33,40|3,8,11,27,28,29
1,18,20,28,30,31|2,6,8,10,19,25|7,11,12,15,26,40
1,19,20,25,28,30|2,6,8,10,18,31|7,11,12,15,26,40
1,20,22,27,30,40|2,6,8,10,18,31|3,11,14,17,28,33
2,8,10,11,15,18|3,6,17,20,31,33|7,12,14,22,26,40
2,8,10,15,19,20|3,6,11,17,25,33|7,12,14,22,26,40
3,8,11,27,28,29|6,7,12,26,31,40|10,14,18,20,22,30
3,8,20,22,27,29|6,7,12,26,31,40|10,11,14,18,28,30
3,11,25,28,29,33|6,7,12,26,31,40|10,14,18,20,22,30
1,2,6,8,18,25|3,11,14,17,22,33|7,12,28,31,32,40
1,2,8,14,18,28|3,6,11,17,31,33|7,12,22,25,32,40
1,2,8,15,18,20|3,6,11,17,31,33|7,12,22,25,32,40
1,2,8,19,28,31|3,6,14,17,20,33|7,12,22,25,32,40
1,2,14,28,33,40|3,6,8,20,27,29|10,11,19,22,30,31
1,2,22,31,33,40|3,6,8,20,27,29|10,11,14,19,28,30
1,6,7,12,14,17|2,8,10,11,15,19|3,20,22,29,31,33
1,6,18,20,25,30|2,8,10,11,15,19|7,12,28,31,32,40
1,11,18,22,25,30|2,6,8,10,19,31|3,14,20,28,29,33
1,11,19,25,28,30|2,6,8,10,14,18|3,20,22,29,31,33
1,14,18,20,28,30|2,6,8,10,19,31|3,11,22,25,29,33
1,19,20,22,25,30|2,6,8,10,14,18|3,11,28,29,31,33
1,19,20,28,30,31|2,6,8,10,14,18|3,11,22,25,29,33
2,6,8,10,14,18|3,11,22,25,29,33|7,12,28,31,32,40
2,8,10,11,15,19|3,6,14,17,20,33|7,12,22,25,32,40
3,6,8,20,27,29|7,12,22,25,32,40|10,11,14,19,28,30
3,6,20,25,29,33|7,12,28,31,32,40|10,11,14,18,22,30
3,14,20,28,29,33|6,10,11,18,30,31|7,12,22,25,32,40
1,2,6,8,18,31|3,11,14,28,29,33|7,12,15,20,32,40
1,2,6,8,19,25|3,11,14,28,29,33|7,12,15,20,32,40
1,2,8,11,15,18|3,6,20,29,31,33|7,12,14,28,32,40
1,2,8,14,18,22|3,6,11,25,29,33|7,12,15,20,32,40
1,2,8,14,19,28|3,6,11,25,29,33|7,12,15,20,32,40
1,2,8,15,19,20|3,6,11,14,17,33|7,12,22,31,32,40
1,2,8,19,22,31|3,6,11,14,17,33|7,12,15,20,32,40
1,11,15,18,20,30|2,6,8,10,14,19|7,12,22,31,32,40
1,11,18,22,30,31|2,6,8,10,14,19|7,12,15,20,32,40
1,11,19,22,25,30|3,6,20,29,31,33|7,12,14,28,32,40
1,14,19,20,28,30|3,6,8,11,27,29|7,12,22,31,32,40
1,19,20,22,30,31|3,6,8,11,27,29|7,12,14,28,32,40
2,6,8,10,14,19|3,11,15,20,29,33|7,12,22,31,32,40
1,2,3,25,28,40|6,8,10,18,26,31|11,17,20,22,27,33
1,8,18,26,28,31|2,3,6,10,25,40|11,17,20,22,27,33
1,2,3,6,25,40|8,10,14,18,28,32|11,20,22,27,29,33
1,2,3,14,28,40|6,8,10,18,25,32|11,20,22,27,29,33
1,8,18,25,28,32|2,3,6,10,14,40|11,20,22,27,29,33
1,11,18,22,31,38|2,3,6,10,14,40|8,17,19,20,25,28
1,11,19,22,25,38|2,3,6,10,14,40|8,17,18,20,28,31
1,11,19,28,31,38|2,3,6,10,14,40|8,17,18,20,22,25
1,19,20,22,31,38|2,3,6,10,14,40|8,11,17,18,25,28
1,2,3,22,25,40|6,8,10,14,18,26|11,20,27,28,29,33
1,8,19,22,25,26|2,3,6,10,31,40|11,20,27,28,29,33
1,11,22,27,32,33|2,3,6,10,31,40|8,17,18,20,25,28
1,6,7,9,28,29|2,12,18,31,34,40|3,8,19,20,25,35
1,7,9,11,29,31|2,12,19,25,34,40|3,8,18,22,28,35
1,7,17,29,31,32|2,12,19,25,34,40|3,8,18,22,28,35
1,2,8,9,14,18|3,6,19,28,32,34|17,20,27,29,30,40
1,2,8,9,19,31|3,6,18,22,32,34|17,20,27,29,30,40
1,6,7,28,35,40|2,8,17,18,25,29|3,11,19,31,32,34
1,6,9,18,28,30|2,8,17,27,29,40|3,11,19,31,32,34
1,7,11,31,35,40|2,8,17,18,25,29|3,6,19,28,32,34
1,7,14,20,35,40|2,8,17,18,25,29|3,6,19,28,32,34
1,9,11,18,30,31|2,8,17,27,29,40|3,6,19,28,32,34
1,9,11,19,25,30|2,6,18,28,34,40|3,17,29,31,32,33
1,9,14,18,20,30|2,8,17,27,29,40|3,6,19,28,32,34
1,9,19,22,28,30|2,8,17,18,25,29|3,12,31,33,35,40
1,17,18,30,31,32|2,11,19,25,34,40|3,6,9,28,29,33
1,17,19,25,30,32|2,6,18,28,34,40|3,9,11,29,31,33
2,8,17,27,29,40|3,6,18,22,32,34|9,10,11,14,19,30
2,11,18,31,34,40|3,6,9,28,29,33|10,14,17,19,30,32
2,17,25,29,33,40|3,6,18,22,32,34|9,10,11,14,19,30
1,6,7,9,22,29|2,12,14,18,34,40|3,8,11,19,25,35
1,7,9,11,14,29|2,12,19,31,34,40|3,6,8,18,28,35
1,7,14,17,29,32|2,12,19,31,34,40|3,6,8,18,28,35
1,9,12,19,30,31|3,6,8,18,28,35|7,14,26,29,32,40
3,8,19,20,31,35|6,7,9,28,32,40|12,17,18,25,29,30
3,8,19,22,28,35|7,9,11,31,32,40|12,17,18,25,29,30
1,6,7,22,35,40|2,8,17,18,29,31|3,11,14,19,32,34
1,6,9,18,22,30|2,8,17,19,25,29|3,12,14,33,35,40
1,6,9,19,28,30|2,8,17,18,29,31|3,12,14,33,35,40
1,7,11,14,35,40|2,8,17,18,29,31|3,6,19,22,32,34
1,9,11,19,30,31|2,6,18,22,34,40|3,14,17,29,32,33
1,17,19,30,31,32|2,6,18,22,34,40|3,9,11,14,29,33
3,6,8,18,22,35|7,9,11,14,32,40|12,17,19,25,29,30
3,6,8,19,28,35|7,9,11,14,32,40|12,17,18,29,30,31
3,8,11,14,18,35|6,7,9,22,32,40|12,17,19,25,29,30
3,8,14,19,20,35|6,7,9,22,32,40|12,17,18,29,30,31
1,2,9,11,27,33|3,6,18,26,28,34|7,10,20,25,35,40
1,2,17,27,32,33|3,6,18,26,28,34|7,9,10,12,25,29
1,2,17,27,38,40|3,6,18,26,28,34|7,9,10,12,25,29
1,7,11,20,27,35|2,8,9,10,18,25|3,19,22,26,28,34
2,10,14,17,18,38|3,11,19,25,26,34|7,9,12,20,27,32
2,10,17,19,31,38|3,6,18,26,28,34|7,9,12,20,27,32
1,3,10,14,33,35|2,11,12,18,27,34|7,9,20,26,31,40
1,2,17,18,31,38|3,6,19,26,28,34|7,9,11,12,27,32
1,2,17,19,25,38|3,6,18,22,26,34|7,9,10,12,29,31
1,3,17,25,34,40|2,8,9,10,18,31|19,20,26,27,30,32
1,7,9,12,17,31|2,8,19,26,27,32|3,10,25,29,34,40
1,17,18,26,30,31|2,8,9,10,19,25|3,11,12,27,33,35
1,17,19,25,26,30|2,8,9,10,18,31|3,11,12,27,33,35
2,10,14,17,19,38|3,6,18,22,26,34|7,9,11,12,27,32
2,10,18,29,31,38|3,6,19,26,28,34|7,9,11,12,27,32
2,10,19,25,29,38|3,6,18,22,26,34|7,9,11,12,27,32
2,11,18,27,32,38|3,6,19,26,28,34|7,9,10,12,29,31
2,17,20,27,29,33|3,6,18,22,26,34|7,10,11,25,35,40
2,18,26,31,32,33|3,8,9,11,17,27|7,10,22,28,35,40
2,19,20,27,32,38|3,6,18,22,26,34|7,9,10,12,29,31
2,19,25,26,32,33|3,8,9,11,17,27|7,10,20,31,35,40
3,9,17,22,28,33|7,10,11,25,35,40|19,20,26,27,30,32
1,2,8,9,18,25|3,6,19,22,26,34|7,10,11,31,35,40
1,2,8,9,27,40|3,6,19,22,26,34|10,17,18,30,31,32
1,2,9,25,33,40|3,6,19,22,26,34|10,17,18,30,31,32
1,2,14,17,18,38|3,6,19,22,26,34|7,10,11,31,35,40
1,2,17,19,31,38|3,8,9,20,27,29|6,7,10,28,35,40
1,2,18,25,29,38|3,6,9,17,28,33|7,10,11,31,35,40
1,2,27,29,32,33|3,6,19,22,26,34|7,10,11,31,35,40
1,3,17,31,34,40|2,8,9,10,14,18|11,19,26,27,30,32
1,7,9,12,14,17|2,10,19,29,31,38|3,11,18,25,32,34
1,7,20,25,35,40|2,8,9,10,14,18|3,6,19,22,26,34
1,9,18,20,25,30|2,10,19,29,31,38|3,11,27,32,34,40
1,9,20,27,30,40|2,10,14,18,29,38|3,6,19,22,26,34
1,14,17,18,26,30|2,8,9,10,19,31|3,11,27,32,34,40
1,17,19,26,30,31|2,8,9,10,14,18|3,11,27,32,34,40
1,18,25,26,29,30|2,8,9,10,19,31|3,11,27,32,34,40
1,26,27,29,30,40|2,8,9,10,14,18|3,19,20,25,32,34
2,10,14,18,29,38|3,6,9,17,28,33|11,19,26,27,30,32
2,11,17,27,29,33|3,6,19,22,26,34|7,10,14,20,35,40
2,11,19,27,32,38|3,6,9,17,28,33|7,10,14,20,35,40
2,14,18,26,32,33|3,8,9,20,27,29|6,7,10,28,35,40
2,18,20,25,34,40|3,6,9,17,28,33|10,19,26,29,30,31
2,19,26,31,32,33|3,8,9,20,27,29|6,7,10,28,35,40
3,9,14,17,20,33|6,7,10,28,35,40|11,19,26,27,30,32
3,9,20,25,29,33|6,7,10,28,35,40|11,19,26,27,30,32
1,7,17,25,29,32|3,8,20,27,35,40|9,10,12,14,18,30
1,9,12,18,25,30|3,8,20,27,35,40|7,10,14,17,29,32
1,9,12,27,30,40|3,8,18,20,25,35|7,10,14,17,29,32
1,2,8,9,19,25|3,6,18,28,32,34|7,10,11,14,35,40
1,2,9,31,33,40|3,6,18,28,32,34|10,14,19,26,29,30
1,2,18,29,31,38|3,6,9,17,22,33|7,10,11,14,35,40
1,2,19,25,29,38|3,6,9,17,22,33|7,10,11,14,35,40
1,7,11,25,35,40|2,8,9,10,14,19|3,6,18,28,32,34
1,7,20,31,35,40|2,8,9,10,14,19|3,6,18,28,32,34
1,7,22,28,35,40|2,8,9,10,14,19|3,11,18,31,32,34
1,9,11,18,25,30|2,10,14,19,29,38|3,8,12,27,35,40
1,9,11,27,30,40|2,10,14,19,29,38|3,6,18,28,32,34
1,9,18,20,30,31|2,10,14,19,29,38|3,8,12,27,35,40
1,9,18,22,28,30|2,10,14,19,29,38|3,8,12,27,35,40
1,9,19,20,25,30|2,18,22,28,34,40|3,8,17,27,29,32
1,14,17,19,26,30|2,11,18,25,34,40|3,9,20,29,31,33
1,18,26,29,30,31|2,8,9,10,14,19|3,12,25,33,35,40
1,19,25,26,29,30|2,18,20,31,34,40|3,6,9,17,22,33
2,10,14,19,29,38|3,6,9,17,22,33|18,25,26,30,32,40
2,11,18,25,34,40|3,6,9,17,22,33|10,14,19,26,29,30
2,14,19,26,32,33|3,8,9,11,27,29|6,7,10,22,35,40
2,14,19,26,38,40|3,6,9,17,22,33|10,18,25,29,30,32
2,18,20,31,34,40|3,6,9,17,22,33|10,14,19,26,29,30
2,18,22,28,34,40|3,8,9,11,27,29|10,17,19,30,31,32
2,18,25,32,38,40|3,6,9,17,22,33|10,14,19,26,29,30
1,8,18,22,30,31|3,11,15,17,23,40|6,7,12,14,32,33
1,8,19,28,30,31|3,11,15,17,23,40|6,7,12,14,32,33
3,22,23,25,29,40|6,7,12,14,32,33|8,10,11,15,19,30
3,23,28,29,31,40|6,7,12,14,32,33|8,10,11,15,19,30
1,2,6,18,23,25|3,8,14,17,28,33|7,12,15,20,38,40
1,2,14,18,23,28|3,6,8,17,25,33|7,12,15,20,38,40
1,2,15,18,20,23|3,6,8,17,25,33|7,12,14,28,38,40
1,2,18,22,23,31|3,6,8,17,25,33|7,12,14,28,38,40
1,2,19,22,23,25|3,8,14,17,28,33|7,12,15,20,38,40
1,2,19,23,28,31|3,6,8,17,25,33|7,12,15,20,38,40
1,6,11,27,30,33|2,10,14,19,22,23|7,8,12,15,26,40
2,6,10,14,18,23|3,8,15,17,20,33|7,12,22,31,38,40
2,6,10,19,23,31|3,8,14,17,28,33|7,12,15,20,38,40
2,10,11,15,19,23|3,6,8,17,25,33|7,12,14,28,38,40
2,10,14,19,22,23|3,6,8,17,25,33|7,12,15,20,38,40
3,11,22,23,27,29|6,7,12,25,32,33|8,10,14,18,28,30
1,2,6,18,23,31|3,8,11,15,17,33|7,12,14,22,38,40
1,2,6,19,23,25|3,8,11,15,17,33|7,12,14,22,38,40
1,2,11,15,18,23|3,6,8,17,31,33|7,12,14,22,38,40
1,2,14,18,22,23|3,6,8,17,31,33|7,11,12,15,38,40
1,2,14,19,23,28|3,6,8,17,31,33|7,11,12,15,38,40
1,2,15,19,20,23|3,6,8,17,31,33|7,12,14,22,38,40
1,8,18,22,25,30|2,6,10,14,19,23|7,11,12,15,32,33
1,8,18,28,30,31|2,6,10,14,19,23|7,11,12,15,32,33
1,8,19,25,28,30|3,6,11,23,27,29|7,12,14,22,32,33
1,8,22,27,30,40|2,6,10,14,19,23|7,11,12,15,32,33
3,6,11,23,27,29|7,12,14,22,32,33|8,10,15,19,20,30
3,6,17,23,25,40|7,11,12,15,32,33|8,10,14,18,22,30
3,14,17,23,28,40|6,7,12,31,32,33|8,10,11,15,18,30
3,15,17,20,23,40|6,7,12,31,32,33|8,10,14,18,22,30
3,17,22,23,31,40|6,8,10,19,25,30|7,11,12,15,32,33
3,23,25,28,29,40|6,7,12,31,32,33|8,10,11,15,18,30
1,3,6,8,27,38|2,10,14,18,23,28|7,11,12,15,26,33
1,3,15,20,33,38|2,6,10,18,23,25|7,8,12,27,28,32
1,3,22,23,27,32|6,7,12,26,31,33|8,10,18,25,28,30
1,3,22,31,33,38|2,6,10,18,23,25|7,8,12,27,28,32
2,10,15,18,20,23|3,8,17,25,28,33|6,7,11,12,27,38
2,10,18,22,23,31|3,8,17,25,28,33|6,7,11,12,27,38
3,6,17,20,23,27|7,11,12,15,26,33|8,10,18,25,28,30
3,11,17,22,23,27|6,7,12,26,31,33|8,10,18,25,28,30
1,2,18,22,23,25|3,8,10,15,32,33|7,12,28,31,38,40
1,2,18,23,28,31|3,8,10,15,32,33|7,12,22,25,38,40
1,3,6,23,27,32|7,12,22,25,38,40|8,10,18,28,30,31
1,3,6,31,33,38|2,10,11,15,18,23|7,8,12,22,27,32
1,3,11,15,33,38|2,6,10,18,23,31|7,8,12,22,27,32
2,10,11,15,18,23|3,8,17,22,25,33|7,12,28,31,38,40
2,10,15,19,20,23|3,8,17,22,25,33|7,12,28,31,38,40
3,6,11,17,23,27|7,12,22,25,32,33|8,10,18,28,30,31
3,11,23,27,28,29|6,7,12,14,26,33|8,10,18,22,25,30
3,20,22,23,27,29|6,7,12,14,26,33|8,10,18,28,30,31
1,3,8,22,27,38|2,10,18,23,28,31|6,7,12,25,26,33
1,3,22,25,33,38|2,10,18,23,28,31|6,7,8,12,26,27
1,3,28,31,33,38|2,10,18,22,23,25|6,7,8,12,26,27
1,2,3,27,29,32|6,9,10,18,22,38|19,20,25,26,34,40
1,9,11,27,38,40|2,3,14,18,26,32|6,10,17,19,28,34
1,9,18,22,28,38|2,3,11,17,27,29|19,20,25,26,34,40
1,9,19,20,25,38|2,3,11,17,27,29|18,22,26,28,34,40
1,11,17,27,34,40|2,3,14,18,26,32|6,9,10,19,28,38
1,19,25,26,29,38|2,3,9,10,14,40|11,18,20,27,32,34
2,3,11,17,27,29|6,9,10,18,22,38|19,20,25,26,34,40
1,9,20,27,38,40|2,3,18,26,31,32|10,11,17,19,25,34
1,17,18,20,25,34|2,3,9,10,31,40|11,19,26,27,32,38
1,17,20,27,34,40|2,3,18,26,31,32|9,10,11,19,25,38
1,2,3,9,14,40|6,10,18,22,29,34|8,12,19,20,27,35
1,6,9,18,22,38|2,3,17,25,29,40|8,12,19,20,27,35
1,6,9,19,28,38|2,3,17,25,29,40|8,11,12,18,27,35
1,6,17,18,22,34|8,9,10,19,31,32|11,12,27,33,35,40
1,6,17,19,28,34|8,9,10,14,18,32|11,12,27,33,35,40
1,8,9,14,19,26|2,3,17,25,29,40|12,18,20,31,33,35
1,8,9,18,25,32|6,10,19,28,29,34|11,12,27,33,35,40
1,8,9,27,32,40|6,10,18,22,29,34|12,19,20,25,33,35
1,9,11,14,18,38|2,3,17,25,29,40|8,12,19,20,27,35
1,9,11,19,31,38|2,3,17,25,29,40|12,18,22,28,33,35
1,9,14,19,20,38|2,3,17,25,29,40|8,11,12,18,27,35
1,9,25,32,33,40|6,10,18,22,29,34|8,12,19,20,27,35
1,11,27,29,34,40|8,9,10,14,18,32|12,19,20,25,33,35
1,14,17,18,32,38|6,10,19,28,29,34|11,12,27,33,35,40
1,17,19,31,32,38|6,10,18,22,29,34|11,12,27,33,35,40
1,18,22,28,29,34|8,9,10,19,31,32|11,12,27,33,35,40
1,19,20,25,29,34|8,9,10,14,18,32|11,12,27,33,35,40
6,10,18,22,29,34|8,9,11,17,27,40|12,19,20,25,33,35
8,9,10,14,18,32|11,12,27,33,35,40|17,19,20,25,29,38
8,9,11,17,27,40|10,14,18,29,32,38|12,19,20,25,33,35
8,11,12,18,27,35|9,10,14,32,33,40|17,19,20,25,29,38
8,12,19,20,27,35|9,10,14,32,33,40|11,17,18,25,29,38
1,2,3,9,31,40|6,10,17,19,22,34|8,12,18,20,27,35
1,6,9,18,28,38|2,3,14,19,26,32|12,20,27,33,35,40
1,6,17,18,28,34|2,3,14,19,26,32|9,11,20,27,29,33
1,8,9,14,18,26|6,10,17,19,22,34|12,20,27,33,35,40
1,8,9,19,26,31|6,10,18,28,29,34|12,20,27,33,35,40
1,9,11,18,31,38|2,3,14,19,26,32|12,20,27,33,35,40
1,9,11,19,25,38|6,10,18,28,29,34|12,20,27,33,35,40
1,9,14,26,33,40|6,10,17,19,22,34|8,12,18,20,27,35
1,9,19,22,28,38|8,12,18,20,27,35|17,25,26,29,33,40
1,11,17,18,31,34|2,3,14,19,26,32|12,20,27,33,35,40
1,11,17,19,25,34|8,9,10,18,31,32|12,20,27,33,35,40
1,14,18,26,29,38|6,10,17,19,22,34|12,20,27,33,35,40
1,17,18,31,32,38|9,11,20,27,29,33|19,22,26,28,34,40
1,17,19,22,28,34|8,9,10,18,31,32|12,20,27,33,35,40
1,17,19,25,32,38|6,10,18,28,29,34|12,20,27,33,35,40
2,3,14,19,26,32|6,10,18,28,29,34|8,9,17,20,27,40
6,9,10,19,22,38|8,12,18,20,27,35|17,25,26,29,33,40
8,12,18,20,27,35|9,10,11,14,19,38|17,25,26,29,33,40
8,17,18,25,26,29|9,10,11,14,19,38|12,20,27,33,35,40
8,17,26,27,29,40|9,10,11,14,19,38|12,18,20,25,33,35
1,6,9,19,22,38|2,3,17,29,31,40|12,14,18,20,33,35
1,8,9,19,25,32|2,3,17,29,31,40|6,12,18,28,33,35
1,9,11,14,19,38|2,3,17,29,31,40|6,12,18,28,33,35
1,11,14,17,19,34|6,12,18,28,33,35|8,9,20,27,29,40
1,14,17,19,32,38|6,12,18,28,33,35|8,9,20,27,29,40
1,14,18,20,29,34|6,9,17,28,33,40|8,11,12,19,27,35
1,18,29,31,32,38|6,9,17,28,33,40|8,11,12,19,27,35
2,3,17,29,31,40|6,12,18,28,33,35|8,9,10,14,19,32
1,8,9,19,31,32|2,3,14,17,29,40|6,12,18,22,33,35
1,8,11,15,19,38|2,6,7,12,14,40|18,20,22,23,29,31
1,3,6,25,30,40|8,11,22,27,29,33|14,17,19,20,23,28
1,3,14,28,30,40|6,8,20,27,29,33|10,11,15,19,23,32
1,3,15,20,30,40|6,8,10,14,19,38|11,17,18,22,23,31
1,3,22,30,31,40|6,8,10,14,19,38|11,15,17,18,20,23
1,6,8,18,31,38|2,7,11,12,15,40|10,14,19,22,23,32
1,6,8,19,25,38|2,7,11,12,15,40|14,17,18,20,22,23
1,8,11,15,18,38|2,6,7,12,31,40|10,14,19,22,23,32
1,8,14,18,22,38|2,6,7,12,31,40|10,11,15,19,23,32
1,8,14,19,28,38|2,6,7,12,31,40|11,15,17,18,20,23
1,8,15,19,20,38|2,6,7,12,31,40|11,14,17,18,23,28
1,8,19,22,31,38|2,7,11,12,15,40|6,10,14,18,23,32
1,11,15,33,38,40|3,6,7,12,14,32|17,19,20,22,23,31
1,14,18,23,28,32|2,6,7,12,31,40|8,11,22,27,29,33
1,15,18,20,23,32|2,6,7,12,31,40|8,11,22,27,29,33
1,18,22,23,31,32|2,7,11,12,15,40|6,8,10,14,19,38
1,19,23,28,31,32|2,7,11,12,15,40|6,8,20,27,29,33
2,6,7,12,31,40|8,11,22,27,29,33|14,17,19,20,23,28
2,7,11,12,15,40|6,8,10,14,19,38|18,20,22,23,25,29
2,7,12,14,22,40|6,8,20,27,29,33|10,11,15,19,23,32
1,2,3,6,14,33|8,10,11,15,19,38|17,18,20,22,23,31
1,3,22,25,30,40|6,8,10,14,18,38|17,19,20,23,28,31
1,3,28,30,31,40|6,8,10,14,18,38|17,19,20,22,23,25
1,6,8,18,25,38|2,7,12,14,28,40|10,15,19,20,23,32
1,6,8,27,32,33|2,7,12,14,28,40|11,17,18,22,23,25
1,6,8,27,38,40|3,7,11,12,15,32|14,17,18,20,23,28
1,6,14,18,23,26|2,7,12,15,20,40|8,11,27,28,29,33
1,6,19,23,26,31|2,7,12,14,28,40|8,20,22,27,29,33
1,6,25,33,38,40|3,7,11,12,15,32|14,17,18,20,23,28
1,8,10,15,29,33|2,6,7,12,25,40|11,17,18,23,28,31
1,8,14,18,28,38|2,6,7,12,25,40|10,15,19,20,23,32
1,8,15,18,20,38|2,6,7,12,25,40|10,14,19,23,28,32
1,8,15,26,33,40|3,6,7,12,31,32|11,17,18,22,23,25
1,8,18,22,31,38|2,6,7,12,25,40|10,14,19,23,28,32
1,8,19,22,25,38|2,7,12,14,28,40|6,10,18,23,31,32
1,8,19,28,31,38|2,6,7,12,25,40|10,11,15,18,23,32
1,11,15,19,23,26|2,6,7,12,25,40|8,20,22,27,29,33
1,14,19,22,23,26|2,6,7,12,25,40|8,11,27,28,29,33
1,14,28,33,38,40|3,6,7,12,31,32|11,17,18,22,23,25
1,15,20,33,38,40|3,6,7,12,31,32|11,17,18,22,23,25
1,18,22,23,25,32|2,7,12,14,28,40|6,8,10,19,31,38
1,18,23,28,31,32|2,6,7,12,25,40|8,10,11,15,19,38
1,19,23,25,28,32|2,7,12,15,20,40|6,8,10,14,18,38
1,22,31,33,38,40|3,7,11,12,15,32|6,17,18,20,23,25
2,6,7,12,25,40|8,10,11,15,19,38|14,17,18,20,23,28
2,7,12,14,28,40|6,8,10,19,31,38|11,17,18,22,23,25
2,7,12,15,20,40|6,8,10,14,18,38|11,17,19,23,25,28
2,7,12,22,31,40|6,8,10,14,18,38|11,17,19,23,25,28
3,6,7,12,31,32|8,10,11,15,19,38|14,17,18,20,23,28
3,6,10,30,31,40|8,11,27,28,29,33|17,19,20,22,23,25
3,7,11,12,15,32|6,8,10,14,18,38|17,19,20,22,23,25
3,7,12,14,22,32|6,8,10,19,31,38|18,20,23,25,28,29
3,10,14,22,30,40|6,8,11,17,27,33|18,20,23,25,28,29
1,2,3,6,31,33|8,10,11,15,18,38|17,19,20,23,25,28
1,2,3,11,15,33|6,8,10,18,31,38|17,19,20,23,25,28
1,2,3,14,22,33|6,8,10,18,31,38|11,17,23,27,28,40
1,3,6,11,27,30|2,7,12,22,25,40|8,10,14,19,28,38
1,8,18,22,25,38|2,7,12,28,31,40|6,10,14,19,23,26
1,8,18,28,31,38|2,7,12,22,25,40|6,10,14,19,23,26
1,8,22,27,32,33|2,7,12,28,31,40|6,10,14,19,23,26
1,8,22,27,38,40|3,6,7,12,25,32|17,18,20,23,28,31
1,10,15,17,23,40|3,6,7,12,25,32|8,20,27,28,29,33
1,11,15,18,23,26|2,7,12,22,25,40|6,8,17,20,27,33
1,15,19,20,23,26|2,7,12,22,25,40|6,8,10,18,31,38
3,6,7,12,25,32|8,10,11,15,18,38|17,20,22,23,27,40
3,7,12,14,28,32|6,8,10,18,31,38|17,20,22,23,27,40
3,7,12,15,20,32|6,8,10,18,31,38|11,17,23,27,28,40
3,7,12,22,31,32|6,8,10,19,25,38|11,17,23,27,28,40
1,2,3,22,31,33|6,8,10,18,25,38|17,20,23,27,28,40
1,3,6,20,27,30|2,7,12,25,28,40|8,10,18,22,31,38
1,3,11,22,27,30|2,7,12,25,28,40|6,10,14,18,23,26
1,6,11,27,33,38|2,7,12,25,28,40|10,14,19,22,23,26
1,6,18,23,25,26|3,7,12,28,31,32|8,17,20,22,27,33
1,6,23,26,27,40|3,7,12,22,25,32|8,10,14,18,28,38
1,14,18,23,26,28|2,6,7,11,12,27|3,10,22,25,30,40
1,25,28,33,38,40|2,6,7,11,12,27|10,14,19,22,23,26
1,6,20,27,33,38|3,7,11,12,15,26|10,18,23,25,28,32
1,11,22,27,33,38|3,6,7,12,26,31|10,18,23,25,28,32
1,15,32,34,38,40|2,6,7,11,31,35|9,17,22,23,25,29
2,6,7,11,31,35|3,9,14,28,30,32|22,25,29,34,38,40
2,6,7,14,20,35|3,9,22,30,31,32|11,15,17,34,38,40
2,7,11,14,22,35|3,6,9,25,30,32|28,29,31,34,38,40
3,6,9,25,30,32|11,15,17,34,38,40|12,22,23,27,29,35
3,9,14,28,30,32|6,17,31,34,38,40|12,22,23,27,29,35
3,6,9,30,31,32|8,12,15,17,33,35|14,28,29,34,38,40
1,2,3,15,32,34|6,9,14,26,33,38|12,17,22,23,27,35
2,3,28,29,31,34|6,9,14,26,33,38|12,17,22,23,27,35
2,6,7,20,25,35|3,9,11,15,26,30|8,17,22,27,32,34
2,7,11,22,25,35|3,6,9,26,30,31|10,15,32,34,38,40
2,7,11,28,31,35|3,9,14,22,26,30|6,20,27,29,34,38
2,7,14,20,28,35|3,6,9,26,30,31|8,17,22,27,32,34
2,6,7,11,25,35|3,9,28,30,31,32|8,10,15,17,29,34
2,6,7,20,31,35|3,9,22,25,30,32|8,10,15,17,29,34
2,7,11,14,28,35|3,9,22,25,30,32|6,26,29,31,33,34
2,7,11,15,20,35|3,6,9,14,26,30|8,27,28,29,32,34
2,7,11,22,31,35|3,6,9,14,26,30|8,10,15,17,29,34
2,7,14,20,22,35|3,9,28,30,31,32|6,11,27,29,34,38
6,17,25,34,38,40|8,9,15,26,32,33|12,23,27,28,29,35
8,9,15,26,32,33|12,23,27,28,29,35|17,22,31,34,38,40
8,9,15,26,38,40|12,23,27,28,29,35|17,22,31,32,33,34
1,10,15,29,34,38|2,7,11,25,28,35|3,9,22,26,30,31
1,15,26,32,33,34|2,3,6,9,25,38|12,17,23,27,28,35
2,3,14,17,28,34|6,9,23,26,27,32|10,12,15,33,35,38
2,3,17,22,31,34|6,9,23,26,27,32|10,12,15,33,35,38
2,3,25,28,29,34|6,9,23,26,27,32|10,12,15,33,35,38
2,7,20,22,25,35|3,9,14,26,28,30|6,11,17,27,34,38
3,6,9,25,26,30|8,17,27,28,32,34|10,12,15,33,35,38
1,2,6,27,32,34|7,11,14,26,28,35|9,10,15,17,20,30
1,2,10,15,29,34|3,6,9,14,26,38|7,20,25,28,32,35
1,2,15,26,34,40|3,9,22,25,32,38|6,10,12,27,30,35
1,9,17,25,28,30|2,10,12,15,33,35|3,22,26,29,31,34
1,12,27,28,30,35|2,6,9,26,31,33|3,17,22,25,32,34
2,9,11,15,26,33|3,17,22,25,32,34|6,10,12,27,30,35
2,9,14,22,26,33|3,17,28,31,32,34|6,10,12,27,30,35
2,10,15,17,29,38|3,6,9,20,25,34|7,11,14,26,28,35
2,27,28,29,32,38|3,6,9,20,25,34|7,11,22,26,31,35
2,9,15,20,26,33|3,17,25,28,32,34|10,12,22,27,30,35
1,2,8,9,15,17|3,6,14,26,29,34|7,11,22,25,32,35
1,2,15,17,29,38|3,6,9,11,31,34|7,14,20,28,32,35
1,6,12,27,30,35|2,8,9,10,15,29|3,14,17,22,32,34
1,9,14,17,28,30|2,6,11,27,29,34|7,20,22,31,32,35
1,9,17,22,30,31|2,6,11,27,29,34|7,14,20,28,32,35
1,9,25,28,29,30|2,15,17,20,34,40|6,7,11,14,26,35
2,9,15,20,38,40|3,6,14,26,29,34|7,11,22,25,32,35
2,15,26,29,38,40|3,6,9,11,31,34|7,14,20,28,32,35
1,9,10,15,30,32|2,6,20,27,29,34|7,11,14,22,26,35
1,9,17,28,30,31|2,6,20,27,29,34|7,11,14,22,26,35
1,12,22,27,30,35|2,6,9,14,26,33|3,15,17,20,32,34
2,9,28,31,38,40|3,6,17,25,32,34|7,11,14,22,26,35
2,17,28,31,34,40|3,6,9,25,32,38|7,11,14,22,26,35
3,6,17,25,32,34|7,11,14,22,26,35|9,10,28,29,30,31
3,6,26,29,31,34|7,11,25,28,32,35|9,10,14,17,22,30
3,11,15,26,29,34|6,9,10,17,30,31|7,20,22,25,32,35
3,14,17,28,32,34|6,7,11,26,31,35|9,10,22,25,29,30
3,14,22,26,29,34|6,9,10,17,30,31|7,11,25,28,32,35
3,15,17,20,32,34|6,7,11,26,31,35|9,10,22,25,29,30
3,25,28,29,32,34|6,7,11,26,31,35|9,10,14,17,22,30
1,6,9,17,30,31|2,22,25,29,34,40|7,11,14,28,32,35
1,9,11,15,17,30|2,22,25,29,34,40|6,7,20,31,32,35
1,9,14,17,22,30|2,28,29,31,34,40|6,7,11,25,32,35
1,9,22,25,29,30|2,6,17,31,34,40|7,11,14,28,32,35
1,9,28,29,30,31|2,11,15,17,34,40|7,14,20,22,32,35
2,3,13,14,15,25|6,27,31,32,33,39|16,18,21,22,28,38
2,3,13,14,16,28|6,18,25,31,38,39|15,21,22,27,32,33
2,3,9,15,23,32|6,7,20,25,30,35|14,28,29,33,34,38
2,6,7,8,25,35|3,9,11,15,30,38|22,23,27,29,32,34
2,7,8,14,28,35|3,6,9,30,31,38|22,23,27,29,32,34
2,7,8,15,20,35|3,6,9,30,31,38|22,23,27,29,32,34
2,3,8,9,15,38|6,17,23,27,32,34|7,11,25,28,30,35
2,3,8,15,17,34|6,9,23,27,32,38|7,11,25,28,30,35
2,7,8,22,25,35|3,9,14,28,30,38|6,17,23,27,32,34
2,7,8,28,31,35|3,6,9,25,30,38|10,15,17,23,29,34
7,11,25,28,30,35|8,22,27,29,34,38|9,15,23,26,32,33
7,20,25,28,30,35|8,9,15,26,33,38|17,22,23,27,32,34
1,2,9,15,23,29|6,7,8,25,32,35|14,17,28,30,34,40
2,6,29,31,33,34|7,8,14,28,32,35|9,15,20,30,38,40
2,8,15,17,34,40|6,7,11,14,35,38|9,22,30,31,32,33
2,11,15,29,33,34|6,7,8,25,32,35|9,14,28,30,38,40
2,14,22,29,33,34|6,7,8,25,32,35|9,15,20,30,38,40
2,6,8,27,29,34|3,12,15,17,23,35|9,22,25,30,32,33
2,15,20,29,33,34|6,7,8,14,26,35|9,22,25,30,38,40
3,11,15,29,34,38|6,7,8,14,26,35|9,22,25,30,32,33
1,2,9,15,17,23|3,6,25,29,34,38|7,8,14,22,26,35
1,2,15,32,33,34|6,7,8,26,31,35|9,25,28,30,38,40
1,2,15,34,38,40|6,7,8,26,31,35|9,25,28,30,32,33
1,6,27,30,32,34|2,9,10,15,23,29|7,8,14,22,26,35
1,10,15,29,30,34|2,6,9,23,27,32|7,8,14,22,26,35
1,15,26,30,34,40|2,6,9,23,27,32|7,11,14,28,35,38
2,6,9,23,27,32|3,8,15,26,29,34|7,11,14,28,35,38
2,6,17,31,33,34|7,8,11,15,26,35|9,25,28,30,38,40
2,8,22,27,29,34|6,7,11,25,35,38|15,17,26,30,32,33
2,9,10,15,23,29|3,6,14,17,34,38|7,8,25,28,32,35
2,9,11,15,33,38|6,7,8,26,31,35|17,25,28,30,34,40
2,9,15,23,26,40|3,6,14,17,34,38|7,8,25,28,32,35
2,11,15,17,33,34|6,7,8,26,31,35|9,25,28,30,38,40
2,14,17,22,33,34|6,7,8,26,31,35|9,25,28,30,38,40
2,28,29,31,33,34|6,7,11,25,35,38|8,9,10,15,17,30
3,6,8,9,25,34|7,11,14,28,35,38|15,17,26,30,32,33
3,6,14,17,34,38|7,8,11,15,26,35|9,25,28,30,32,33
3,8,9,14,28,34|6,7,11,25,35,38|15,17,26,30,32,33
3,8,9,22,31,34|6,7,11,25,35,38|15,17,26,30,32,33
3,15,20,29,34,38|6,7,8,26,31,35|9,25,28,30,32,33
3,22,29,31,34,38|7,8,11,15,26,35|9,25,28,30,32,33
1,8,27,28,30,35|2,9,12,15,33,38|6,7,14,26,32,34
2,9,12,15,33,38|3,17,22,23,25,35|6,7,14,26,32,34
1,22,27,30,32,34|2,6,9,25,33,38|7,8,14,26,28,35
2,6,8,17,27,34|3,9,15,23,26,32|7,11,22,25,35,38
2,6,9,25,33,38|7,8,14,26,28,35|11,17,22,27,30,34
2,6,17,25,33,34|3,9,15,23,26,32|7,11,28,31,35,38
2,8,27,28,29,34|3,9,15,23,26,32|6,7,20,25,35,38
2,9,14,28,33,38|6,7,8,25,26,35|11,17,22,27,30,34
2,9,15,20,33,38|6,7,8,25,26,35|11,17,22,27,30,34
2,9,22,23,27,32|3,6,17,31,34,38|7,8,14,26,28,35
2,9,22,31,33,38|6,7,8,25,26,35|20,27,28,29,30,34
2,14,17,28,33,34|3,9,15,23,26,32|6,7,20,25,35,38
2,15,17,20,33,34|6,7,8,25,26,35|9,11,22,27,30,38
2,17,22,31,33,34|3,9,15,23,26,32|6,7,20,25,35,38
2,25,28,29,33,34|3,9,15,23,26,32|7,20,22,31,35,38
3,9,15,23,26,32|6,7,20,25,35,38|11,17,22,27,30,34
3,17,23,25,28,35|6,7,26,31,32,34|9,12,22,27,30,38
1,27,28,30,32,34|2,9,10,15,17,23|7,8,22,25,26,35
2,10,15,32,33,34|7,8,22,25,26,35|9,11,27,28,30,38
1,11,19,27,38,39|2,3,10,13,16,40|17,18,21,25,28,33
1,13,18,25,31,38|2,3,10,14,19,39|17,21,27,28,33,40
1,13,27,31,38,40|2,3,10,14,19,39|17,18,21,25,28,33
1,19,21,22,27,38|2,3,10,13,16,40|17,18,20,25,33,39
1,19,26,31,33,39|2,3,10,13,16,40|8,17,18,21,27,28
1,2,3,13,16,40|6,8,17,18,21,27|10,14,19,32,33,39
1,2,3,14,19,39|6,8,17,18,21,27|10,13,16,32,33,40
