1,6,20,21,27,29|10,11,14,17,39,40|15,18,25,28,31,32
1,11,13,14,17,25|6,15,16,18,20,26|10,21,28,29,31,40
1,11,13,15,17,28|6,14,18,20,21,26|10,16,25,29,31,40
1,11,16,27,29,31|6,10,13,14,17,22|19,20,21,25,28,32
1,11,17,25,39,40|6,10,13,28,29,31|14,19,20,21,22,26
1,13,20,25,29,31|6,10,17,22,39,40|11,14,19,21,26,28
1,13,22,25,28,29|6,10,17,21,31,40|11,14,19,20,26,39
1,14,15,27,28,29|6,10,17,21,31,40|11,18,20,25,32,39
1,16,17,25,31,40|6,10,14,15,27,29|18,20,22,28,32,39
1,17,20,31,39,40|6,10,13,22,25,29|11,14,19,21,26,28
1,17,21,22,25,40|6,10,13,28,29,31|11,14,19,20,26,39
1,17,21,28,31,40|6,10,13,22,25,29|11,14,19,20,26,39
1,17,22,28,39,40|6,10,14,15,27,29|16,18,20,25,31,32
6,10,13,28,29,31|11,14,16,19,25,26|20,21,22,27,32,40
6,11,19,21,25,26|10,13,14,20,29,31|16,22,27,28,32,40
6,11,19,26,28,39|10,13,14,20,29,31|15,22,25,27,32,40
6,16,19,26,28,31|10,11,13,14,25,29|20,21,22,27,32,40
6,19,20,21,26,31|10,11,13,14,25,29|16,22,27,28,32,40
6,19,20,22,26,39|10,11,13,14,25,29|15,27,28,31,32,40
6,19,21,22,26,28|10,11,13,14,25,29|16,20,27,31,32,40
1,6,13,14,17,28|10,11,29,31,39,40|19,20,21,22,25,32
1,6,13,15,17,20|10,11,29,31,39,40|16,19,22,25,28,32
1,6,17,21,25,40|10,11,13,14,29,31|15,16,18,20,28,32
1,6,17,28,39,40|10,11,13,14,29,31|19,20,21,22,25,32
1,11,13,14,17,31|6,10,21,25,29,40|15,16,18,20,28,32
1,11,13,25,29,31|6,10,14,17,21,40|15,16,18,20,28,32
1,11,17,31,39,40|6,10,13,14,28,29|19,20,21,22,25,32
1,13,14,20,25,29|6,10,15,16,17,40|11,18,21,28,31,32
1,13,15,20,28,29|6,10,14,17,21,40|11,16,18,25,31,32
1,13,22,28,29,31|6,10,14,17,21,40|11,19,20,25,32,39
1,14,16,17,25,40|6,10,13,15,20,29|11,18,21,28,31,32
1,14,17,20,39,40|6,10,13,22,29,31|11,19,21,25,28,32
1,14,17,21,28,40|6,10,13,15,20,29|11,16,18,25,31,32
1,15,16,17,28,40|6,10,13,22,29,31|11,19,20,25,32,39
1,15,17,20,21,40|6,10,13,14,28,29|11,16,18,25,31,32
1,17,21,22,31,40|6,10,13,14,28,29|11,19,20,25,32,39
1,6,11,17,21,27|10,13,14,20,25,29|16,19,22,26,28,31
1,6,13,17,25,28|10,11,14,16,27,29|19,20,21,22,26,31
1,6,15,17,27,31|10,13,14,20,25,29|11,19,22,26,28,39
1,6,16,17,22,27|10,11,13,25,29,31|14,19,20,21,26,28
1,11,13,17,25,31|6,10,16,22,27,29|14,19,20,21,26,28
1,11,14,16,17,27|6,10,13,25,28,29|19,20,21,22,26,31
1,11,16,25,27,29|6,10,13,14,17,28|19,20,21,22,26,31
1,11,20,27,29,39|6,10,13,14,17,28|15,19,22,25,26,31
1,13,14,17,20,25|6,10,11,21,27,29|16,19,22,26,28,31
1,13,17,22,28,31|6,10,11,21,27,29|14,16,19,20,25,26
1,14,15,17,22,27|6,10,13,25,28,29|11,19,20,26,31,39
1,14,25,27,29,31|6,10,13,15,17,20|11,19,22,26,28,39
1,15,22,25,27,29|6,10,13,14,17,28|11,19,20,26,31,39
1,15,27,28,29,31|6,10,17,21,25,40|11,14,18,20,26,39
1,16,20,27,29,31|6,10,13,14,17,28|11,19,21,22,25,26
1,17,20,25,39,40|6,10,11,21,27,29|14,15,18,26,28,31
1,17,21,25,28,40|6,10,15,27,29,31|11,14,18,20,26,39
1,20,21,22,27,29|6,10,13,14,17,28|11,16,19,25,26,31
6,10,13,17,22,31|11,14,16,18,25,26|20,21,27,28,32,40
6,10,17,21,25,40|11,13,20,27,31,32|14,16,18,22,26,28
6,10,17,28,39,40|11,13,20,27,31,32|14,15,18,22,25,26
6,13,20,27,28,32|10,11,17,31,39,40|14,15,18,22,25,26
6,16,18,22,25,26|10,11,13,14,17,31|20,21,27,28,32,40
6,16,22,26,27,40|10,11,13,14,17,31|18,20,21,25,28,32
6,18,20,22,26,39|10,11,13,14,17,31|15,25,27,28,32,40
6,18,21,22,26,28|10,11,13,14,17,31|16,20,25,27,32,40
1,6,9,13,17,31|10,12,14,19,21,35|18,22,26,29,32,39
1,6,9,16,27,29|10,12,13,15,35,40|14,17,19,21,26,32
1,9,11,13,15,17|6,10,12,19,35,39|18,21,26,29,31,32
1,9,13,14,17,22|6,10,12,19,35,39|18,21,26,29,31,32
1,12,18,22,35,39|6,9,10,13,29,31|14,17,19,21,26,32
1,9,15,25,27,29|10,12,18,21,31,35|17,19,26,28,32,39
1,6,12,13,27,35|9,10,14,17,21,40|18,26,28,29,32,39
1,9,13,14,17,28|6,10,12,18,35,39|21,26,27,29,32,40
1,9,13,15,17,20|6,10,12,18,35,39|21,26,27,29,32,40
1,9,13,17,22,31|6,10,12,18,35,39|21,26,27,29,32,40
1,9,13,25,28,29|6,10,12,18,35,39|17,19,21,26,31,32
1,9,16,22,27,29|6,10,12,18,35,39|17,19,21,26,31,32
1,9,17,28,39,40|6,13,26,27,29,32|10,12,14,18,21,35
1,12,18,28,35,39|6,9,10,13,14,17|21,26,27,29,32,40
1,12,21,27,35,40|6,9,10,13,14,17|18,26,28,29,32,39
1,13,15,17,26,29|6,10,12,18,35,39|9,16,27,28,32,40
1,6,13,14,25,26|10,28,31,32,39,40|11,15,16,17,20,27
1,6,13,15,26,28|10,21,25,31,32,40|14,16,17,20,22,27
1,6,13,16,20,26|10,21,25,31,32,40|14,15,17,22,27,28
1,6,20,27,32,39|10,14,15,16,26,40|11,13,17,25,28,31
1,6,21,27,28,32|10,14,15,16,26,40|13,17,20,22,25,31
1,6,25,26,39,40|10,11,13,16,28,32|14,15,17,20,27,31
1,11,13,15,26,31|6,10,14,16,27,32|17,20,25,28,39,40
1,11,22,27,32,39|6,10,15,21,26,40|13,14,17,20,25,28
1,13,14,15,20,26|6,11,16,17,25,27|10,28,31,32,39,40
1,13,25,28,31,32|6,10,14,26,39,40|11,15,16,17,20,27
1,14,16,27,28,32|6,10,15,21,26,40|13,17,20,22,25,31
1,14,21,25,26,40|6,11,17,20,27,39|10,13,15,22,28,32
1,14,26,28,39,40|6,10,13,25,31,32|11,15,16,17,20,27
1,15,16,20,27,32|6,10,14,26,39,40|11,13,17,25,28,31
1,15,16,25,26,40|6,11,17,20,27,39|10,13,14,28,31,32
1,15,20,26,39,40|6,10,13,25,31,32|11,14,16,17,27,28
1,15,21,26,28,40|6,10,13,25,31,32|14,16,17,20,22,27
1,16,20,21,26,40|6,10,13,25,31,32|14,15,17,22,27,28
1,6,11,13,16,26|10,14,21,25,32,40|15,22,27,28,29,31
1,6,13,14,26,31|10,15,16,25,32,40|11,20,22,27,29,39
1,6,13,15,22,26|10,14,21,25,32,40|11,16,27,28,29,31
1,6,26,31,39,40|10,11,13,16,22,32|14,15,20,25,27,29
1,11,13,14,15,26|6,10,25,32,39,40|16,20,22,27,29,31
1,11,15,26,39,40|6,10,13,14,25,32|16,20,22,27,29,31
1,11,16,21,26,40|6,10,13,14,25,32|15,22,27,28,29,31
1,14,21,26,31,40|6,10,13,15,28,32|11,16,22,25,27,29
1,14,22,26,39,40|6,10,13,15,28,32|11,20,21,27,29,31
1,15,16,26,31,40|6,10,13,14,25,32|11,20,22,27,29,39
1,15,21,22,26,40|6,10,13,14,25,32|11,16,27,28,29,31
1,9,13,14,17,25|10,12,15,18,21,35|26,27,29,32,39,40
1,9,17,25,39,40|10,12,15,18,21,35|13,14,26,27,29,32
1,6,9,21,27,29|10,12,13,16,35,40|14,17,19,26,32,39
1,11,15,17,25,39|6,13,16,20,26,31|14,21,22,27,28,32
1,11,16,17,21,25|6,13,15,26,28,31|14,20,22,27,32,39
1,11,16,17,28,39|6,13,14,25,26,31|15,20,21,22,27,32
1,11,17,20,21,39|6,13,14,25,26,31|15,16,22,27,28,32
1,14,17,21,25,31|6,11,13,20,26,39|15,16,22,27,28,32
1,14,17,22,25,39|6,11,13,21,26,28|15,16,20,27,31,32
1,14,17,28,31,39|6,11,13,16,25,26|15,20,21,22,27,32
1,15,16,17,25,31|6,11,13,20,26,39|14,21,22,27,28,32
1,15,17,20,31,39|6,11,13,16,25,26|14,21,22,27,28,32
1,15,17,21,22,25|6,11,13,20,26,39|14,16,27,28,31,32
1,15,17,21,28,31|6,11,13,16,25,26|14,20,22,27,32,39
1,15,17,22,28,39|6,11,13,16,25,26|14,20,21,27,31,32
1,16,17,20,21,31|6,11,25,27,32,39|13,14,15,22,26,28
1,16,17,20,22,39|6,11,13,21,26,28|14,15,25,27,31,32
6,10,25,29,31,39|11,13,14,16,26,28|15,20,21,22,27,32
6,13,14,25,26,31|10,11,16,28,29,39|15,20,21,22,27,32
1,9,11,16,26,40|12,18,20,25,31,35|17,22,27,28,29,32
6,9,11,17,22,27|10,16,26,29,32,40|12,18,20,25,31,35
1,6,9,15,26,40|11,12,18,25,31,35|14,17,20,27,29,32
1,11,18,21,23,27|3,6,7,12,13,25|8,10,19,28,33,39
1,15,18,23,27,31|3,6,7,12,13,25|8,10,19,28,33,39
1,15,19,23,25,27|3,7,12,13,14,28|8,10,18,21,31,33
1,16,18,22,23,27|3,6,7,12,13,25|8,10,19,28,33,39
1,16,19,23,27,28|3,6,7,12,13,25|8,10,18,21,31,33
1,19,20,21,23,27|3,6,7,12,13,25|8,10,18,22,33,39
1,6,16,18,23,27|3,7,11,12,13,15|8,10,19,21,31,33
1,8,18,21,25,33|3,6,7,12,13,31|10,19,23,28,39,40
1,8,18,28,33,39|3,6,7,12,13,31|10,19,21,23,25,40
1,11,19,21,23,27|3,6,7,12,13,31|8,10,15,16,18,33
1,13,19,23,25,28|3,7,12,21,31,40|6,8,10,18,33,39
1,14,15,18,23,27|3,6,7,12,13,31|8,10,19,22,33,39
1,15,19,23,27,31|3,7,12,13,14,22|6,8,10,18,33,39
1,16,19,22,23,27|3,6,7,12,13,31|8,10,14,18,21,33
1,6,13,18,23,25|3,7,12,14,21,40|8,10,15,16,19,33
1,8,18,21,31,33|3,6,7,12,13,14|10,19,22,23,39,40
1,8,18,22,33,39|3,6,7,12,13,14|10,19,21,23,31,40
1,8,19,21,25,33|3,6,7,12,13,14|10,15,16,18,23,40
1,8,19,28,33,39|3,6,7,12,13,14|10,15,16,18,23,40
1,13,14,18,23,28|3,6,7,12,39,40|8,10,15,16,19,33
1,13,15,18,20,23|3,6,7,12,39,40|8,10,14,19,21,33
1,13,18,22,23,31|3,6,7,12,39,40|8,10,14,19,21,33
1,18,21,23,25,40|3,6,7,12,13,14|8,10,15,16,19,33
1,18,23,28,39,40|3,6,7,12,13,14|8,10,15,16,19,33
1,8,25,28,33,40|3,6,7,11,12,31|10,14,19,20,22,23
1,11,19,23,25,28|3,6,7,12,14,20|8,10,22,31,33,40
1,19,20,22,23,25|3,6,7,11,12,31|8,10,14,28,33,40
1,19,20,23,28,31|3,7,11,12,14,22|6,8,10,25,33,40
1,8,16,18,22,33|3,7,12,14,15,40|6,10,11,13,19,23
1,11,13,18,22,23|3,6,7,12,16,40|8,10,14,15,19,33
1,6,18,23,27,31|3,7,11,12,13,22|8,10,15,19,25,33
1,6,19,23,25,27|3,7,11,12,13,22|8,10,15,18,31,33
1,11,15,18,23,27|3,6,7,12,13,20|8,10,16,19,28,33
1,14,18,22,23,27|3,6,7,12,13,20|8,10,15,19,25,33
1,14,19,23,27,28|3,6,7,12,13,20|8,10,11,18,21,33
1,19,22,23,27,31|3,6,7,12,13,20|8,10,11,18,21,33
1,6,14,18,23,27|3,7,11,12,21,40|8,10,15,19,31,33
1,6,19,23,27,31|3,7,11,12,21,40|8,10,14,15,18,33
1,8,15,18,25,33|3,6,7,11,12,13|10,16,19,23,28,40
1,8,16,18,28,33|3,6,7,11,12,13|10,15,19,23,25,40
1,8,18,20,21,33|3,6,7,11,12,13|10,15,19,23,25,40
1,11,13,18,23,28|3,7,12,15,31,40|8,10,16,19,22,33
1,13,18,20,22,23|3,7,11,12,21,40|8,10,15,19,31,33
1,13,19,20,23,28|3,7,11,12,21,40|6,8,10,16,18,33
1,19,22,23,25,27|3,7,11,12,13,28|8,10,18,20,21,33
1,19,23,27,28,31|3,7,12,13,20,22|8,10,15,18,25,33
1,9,16,21,22,32|6,15,17,26,29,39|12,13,14,25,31,35
1,6,10,13,17,32|9,11,18,25,28,31|15,20,26,27,29,40
1,10,13,28,29,32|6,9,20,25,27,40|11,15,17,18,26,31
1,13,26,28,32,40|6,10,14,17,27,29|9,18,20,22,25,31
1,14,17,27,28,29|6,10,13,26,32,40|9,18,20,22,25,31
1,15,17,20,27,29|6,10,13,26,32,40|9,11,18,25,28,31
1,15,18,26,31,32|6,9,20,25,27,40|10,11,13,17,28,29
1,16,18,22,26,32|6,9,20,25,27,40|10,11,13,17,28,29
1,17,22,27,29,31|6,10,13,26,32,40|9,14,18,20,25,28
1,19,20,21,26,32|6,10,14,17,27,29|9,11,18,25,28,31
1,10,13,22,29,32|6,9,11,25,27,40|14,15,17,19,20,26
1,11,19,21,26,32|6,9,18,20,25,31|10,16,17,28,29,40
1,14,15,19,26,32|6,9,11,18,25,31|10,16,17,22,29,40
1,6,9,17,20,25|10,12,28,31,35,40|11,22,26,27,29,32
1,6,17,25,26,29|9,11,20,22,27,32|10,12,28,31,35,40
1,9,11,17,22,25|6,20,26,27,29,32|10,12,28,31,35,40
1,9,11,17,28,31|6,20,26,27,29,32|10,12,22,25,35,40
9,10,14,16,25,32|11,12,20,27,35,39|17,21,26,28,29,31
9,10,14,20,32,39|11,12,16,25,27,35|17,21,26,28,29,31
9,10,14,21,28,32|11,12,16,25,27,35|17,20,26,29,31,39
9,10,15,16,28,32|11,12,20,27,35,39|17,21,22,25,26,29
9,10,15,20,21,32|11,12,16,25,27,35|17,22,26,28,29,39
9,11,17,20,25,39|10,15,21,26,29,32|12,16,22,27,28,35
9,11,17,21,25,28|10,14,26,29,32,39|12,16,20,27,31,35
9,15,17,25,28,31|10,14,26,29,32,39|12,20,21,22,27,35
9,16,17,20,25,31|10,14,26,29,32,39|11,12,21,27,28,35
9,17,20,21,22,25|10,14,26,29,32,39|12,15,27,28,31,35
9,17,20,21,28,31|10,14,26,29,32,39|11,12,16,25,27,35
9,17,20,22,28,39|10,15,21,26,29,32|11,12,16,25,27,35
1,9,11,25,32,39|6,12,16,27,28,35|15,17,20,21,26,29
1,9,20,31,32,39|6,12,15,25,27,35|14,17,21,26,28,29
1,9,21,22,25,32|6,12,16,27,28,35|11,17,26,29,31,39
1,9,21,28,31,32|6,12,15,25,27,35|14,17,20,26,29,39
1,26,29,31,32,39|6,9,16,17,25,28|11,12,21,22,27,35
6,9,10,21,31,32|12,13,22,25,28,35|14,17,20,26,29,39
6,9,10,22,32,39|11,12,16,27,31,35|14,17,21,26,28,29
6,12,15,25,27,35|9,10,11,14,32,39|17,21,22,26,29,31
6,12,16,27,28,35|9,10,11,14,32,39|15,17,20,21,26,29
6,12,20,21,27,35|9,10,11,14,32,39|15,16,17,26,28,29
6,17,21,25,26,29|9,10,11,14,32,39|12,15,22,27,31,35
6,17,26,28,29,39|9,10,11,15,21,32|12,13,20,25,31,35
9,10,11,14,32,39|12,13,20,25,31,35|15,16,17,26,28,29
1,6,9,28,32,39|11,12,13,25,31,35|14,17,21,22,26,29
1,9,11,31,32,39|6,12,13,25,28,35|14,17,21,22,26,29
1,9,14,20,32,39|6,11,12,21,27,35|15,16,17,22,26,29
1,9,15,20,21,32|6,12,13,25,28,35|11,14,17,26,29,39
1,9,21,22,31,32|6,12,13,25,28,35|11,14,17,26,29,39
1,14,26,29,32,39|6,9,11,17,21,25|12,13,15,20,28,35
1,15,21,26,29,32|6,9,11,17,28,39|12,13,14,20,25,35
6,9,10,14,21,32|11,12,13,25,31,35|15,16,17,22,26,29
6,9,10,15,16,32|11,12,13,25,31,35|14,17,21,22,26,29
1,13,16,18,20,23|3,7,12,14,39,40|8,10,15,19,21,33
1,16,19,23,25,27|3,7,12,13,15,28|8,10,18,31,33,39
1,19,21,23,27,28|3,7,12,13,14,25|8,10,18,31,33,39
1,6,18,21,23,27|3,7,11,12,13,16|8,10,19,31,33,39
1,11,19,23,27,39|3,7,12,13,14,31|8,10,15,18,21,33
1,14,16,18,23,27|3,7,12,13,15,22|8,10,19,31,33,39
1,16,19,23,27,31|3,7,12,13,15,22|8,10,14,18,33,39
1,19,21,22,23,27|3,7,11,12,13,16|8,10,14,18,33,39
1,6,18,22,23,27|3,7,12,14,25,40|8,10,15,19,28,33
1,6,19,23,27,28|3,7,12,14,25,40|8,10,11,16,18,33
1,8,18,25,31,33|3,7,12,15,28,40|10,11,13,19,20,23
1,11,14,18,23,27|3,7,12,15,28,40|8,10,16,19,20,33
1,11,19,23,27,31|3,7,12,14,25,40|8,10,15,18,22,33
1,14,19,20,23,27|3,7,12,15,28,40|8,10,11,16,18,33
1,11,13,18,20,23|3,7,12,14,31,40|8,10,15,19,22,33
1,6,18,23,27,28|3,7,11,12,13,20|8,10,19,25,31,33
1,19,22,23,27,28|3,7,11,12,13,20|8,10,14,18,25,33
1,9,11,13,15,25|6,17,20,27,29,39|14,18,21,26,31,32
1,9,11,13,16,28|6,17,20,27,29,39|14,18,21,26,31,32
1,9,11,13,20,21|6,16,17,25,27,29|14,18,22,26,32,39
1,9,13,14,22,25|6,17,20,27,29,39|11,16,18,21,26,32
1,9,13,14,28,31|6,16,17,25,27,29|11,15,18,26,32,39
1,9,13,15,20,31|6,16,17,25,27,29|14,18,22,26,32,39
1,9,13,15,22,28|6,16,17,25,27,29|14,18,21,26,31,32
1,9,13,16,20,22|6,17,21,27,28,29|11,15,18,26,32,39
6,9,10,11,13,16|14,15,17,25,27,29|19,22,26,31,32,39
6,9,10,31,39,40|11,16,18,21,26,32|14,15,17,25,27,29
6,16,17,25,27,29|9,10,11,13,14,15|19,22,26,31,32,39
6,17,21,27,28,29|9,10,11,13,14,15|19,22,26,31,32,39
6,19,25,26,32,39|9,10,11,13,14,15|16,17,22,27,29,31
9,10,11,15,39,40|13,17,25,28,29,31|16,19,20,21,26,32
9,10,11,16,21,40|13,17,25,28,29,31|14,18,22,26,32,39
9,10,14,22,39,40|11,16,18,21,26,32|13,17,25,28,29,31
9,10,15,16,31,40|11,17,22,27,29,39|14,19,21,25,26,32
1,9,14,21,25,40|6,11,17,27,29,39|15,16,19,26,31,32
1,9,14,28,39,40|6,15,18,21,26,32|13,17,22,25,29,31
1,9,15,16,25,40|6,11,17,27,29,39|14,19,21,26,31,32
1,9,22,31,39,40|6,15,18,21,26,32|13,14,17,25,28,29
1,9,15,16,31,40|6,14,19,26,32,39|11,13,17,20,21,29
6,9,10,13,14,25|11,17,27,28,29,39|16,18,20,21,26,32
6,9,10,13,15,28|11,17,21,25,27,29|18,22,26,31,32,39
6,9,10,13,16,20|11,17,21,25,27,29|14,18,26,28,32,39
6,18,25,26,32,39|9,10,11,13,15,31|17,21,22,27,28,29
9,10,11,13,15,31|14,18,21,25,26,32|17,20,22,27,29,39
9,10,13,14,15,20|11,17,21,25,27,29|18,22,26,31,32,39
9,10,13,14,22,31|11,17,21,25,27,29|15,18,20,26,32,39
1,6,11,18,23,27|3,7,12,14,28,40|8,10,15,19,20,33
1,6,19,20,23,27|3,7,12,14,28,40|8,10,11,15,18,33
1,6,18,20,23,27|3,7,12,22,25,40|8,10,19,28,31,33
1,11,19,23,27,28|3,7,12,22,25,40|8,10,15,18,20,33
1,19,20,22,23,27|3,7,12,28,31,40|6,8,10,18,25,33
1,6,9,16,20,32|11,14,15,17,26,29|12,22,25,31,35,40
1,6,16,26,29,32|9,11,14,15,17,20|12,22,25,31,35,40
1,9,11,16,22,32|6,14,17,26,29,31|12,15,20,25,35,40
1,9,14,15,20,32|6,11,16,17,26,29|12,22,25,31,35,40
1,9,14,22,31,32|6,11,16,17,26,29|12,15,20,25,35,40
1,14,15,26,29,32|6,9,11,16,17,20|12,22,25,31,35,40
6,9,10,11,16,32|12,25,28,31,35,40|14,15,17,20,26,29
6,16,17,20,26,29|9,10,11,14,15,32|12,25,28,31,35,40
1,11,16,18,23,27|3,6,7,12,13,28|8,10,19,20,33,39
1,14,18,23,27,31|3,6,7,12,13,28|8,10,16,19,25,33
1,14,19,23,25,27|3,6,7,12,13,28|8,10,11,18,33,39
1,15,18,22,23,27|3,6,7,12,13,28|8,10,16,19,25,33
1,15,19,23,27,28|3,7,11,12,13,31|8,10,18,21,22,33
1,16,19,20,23,27|3,6,7,12,13,28|8,10,11,18,33,39
1,6,15,18,23,27|3,7,11,12,13,14|8,10,16,19,31,33
1,8,16,18,25,33|3,6,7,12,13,22|10,19,20,23,39,40
1,8,18,20,33,39|3,6,7,12,13,22|10,16,19,23,25,40
1,8,18,21,28,33|3,6,7,12,13,22|10,16,19,23,25,40
1,11,13,18,23,25|3,7,12,16,31,40|8,10,19,21,22,33
1,13,18,20,23,31|3,7,11,12,39,40|8,10,19,21,22,33
1,13,18,22,23,28|3,7,11,12,39,40|8,10,16,19,31,33
1,13,19,20,23,25|3,7,11,12,39,40|6,8,10,18,21,33
1,15,19,22,23,27|3,7,11,12,13,14|6,8,10,18,21,33
1,8,16,18,31,33|3,6,7,12,21,40|10,11,13,14,19,23
1,11,13,18,23,31|3,6,7,12,21,40|8,10,14,16,19,33
1,19,23,25,27,31|3,7,12,13,22,28|8,10,18,20,33,39
1,9,14,17,25,39|10,12,13,16,31,35|15,21,26,27,29,32
1,9,11,15,27,32|12,18,25,28,31,35|13,17,20,22,26,29
6,9,14,17,20,27|10,21,26,29,32,40|12,18,25,28,31,35
6,10,13,26,29,32|9,11,14,17,22,27|12,18,25,28,31,35
6,14,17,26,27,29|9,10,11,13,22,32|12,18,25,28,31,35
9,11,14,17,22,27|10,21,26,29,32,40|12,18,25,28,31,35
1,6,9,14,27,32|11,13,17,22,26,29|12,15,18,20,25,35
1,6,9,16,26,40|12,14,18,25,28,35|15,17,20,27,29,32
1,9,14,15,26,40|6,17,25,27,29,32|12,16,18,20,28,35
1,13,22,26,29,32|6,9,11,14,17,27|12,15,18,20,25,35
6,9,10,11,13,32|12,14,18,25,28,35|17,20,21,26,29,40
6,13,17,20,26,29|9,10,11,21,32,40|12,14,18,25,28,35
9,10,15,31,32,40|11,13,17,22,26,29|12,14,18,25,28,35
1,6,9,13,20,32|11,12,15,18,25,35|16,17,22,26,29,40
1,6,13,26,29,32|9,11,15,17,25,40|12,14,18,28,31,35
1,9,15,25,32,40|6,11,13,17,26,29|12,14,18,28,31,35
1,9,16,28,32,40|6,11,13,17,26,29|12,14,18,22,25,35
1,9,20,21,32,40|6,11,13,17,26,29|12,14,18,22,25,35
1,21,26,29,32,40|6,9,11,13,17,20|12,14,18,22,25,35
6,11,13,17,26,29|9,10,14,15,32,40|12,16,18,20,22,35
1,6,13,22,26,32|9,15,20,25,28,40|10,11,16,17,29,31
1,6,9,10,15,31|11,13,14,17,20,26|22,25,27,28,29,32
1,6,13,26,28,32|9,11,14,20,27,31|10,15,17,22,25,29
1,9,10,14,15,22|6,11,13,17,26,28|20,25,27,29,31,32
1,10,16,25,29,32|6,9,11,27,28,31|17,20,21,22,26,40
1,10,20,29,32,39|6,9,11,22,25,27|15,17,26,28,31,40
1,10,21,28,29,32|6,9,11,22,25,27|16,17,20,26,31,40
1,11,13,26,31,32|6,9,14,20,27,28|10,15,17,22,25,29
1,13,14,20,26,32|6,9,11,22,25,27|10,15,17,28,29,31
1,16,25,26,32,40|6,9,11,27,28,31|10,17,20,21,22,29
1,20,26,32,39,40|6,9,11,22,25,27|10,15,17,28,29,31
1,21,26,28,32,40|6,9,11,22,25,27|10,16,17,20,29,31
6,9,10,13,14,28|11,16,17,25,27,29|15,18,20,21,26,32
6,9,10,13,15,20|11,16,17,25,27,29|14,18,21,26,28,32
6,9,10,13,22,31|11,16,17,25,27,29|14,18,20,26,32,39
6,9,10,21,25,40|11,17,20,27,29,39|15,16,18,26,28,32
6,9,10,28,39,40|11,16,17,25,27,29|15,18,20,21,26,32
6,18,21,25,26,32|9,10,11,13,14,31|16,17,22,27,28,29
6,18,26,28,32,39|9,10,11,13,14,31|15,17,22,25,27,29
9,10,11,13,14,31|15,16,18,26,28,32|17,20,21,22,27,29
9,10,11,31,39,40|14,16,18,25,26,32|17,20,21,22,27,29
9,10,14,16,25,40|11,17,20,27,29,39|18,21,22,26,31,32
9,10,14,20,39,40|11,16,17,25,27,29|18,21,22,26,31,32
9,10,14,21,28,40|11,16,17,25,27,29|19,20,26,31,32,39
9,10,15,16,28,40|11,17,20,27,29,39|18,21,22,26,31,32
9,10,15,20,21,40|11,16,17,25,27,29|19,22,26,28,32,39
9,10,21,22,31,40|11,16,17,25,27,29|14,18,20,26,32,39
1,9,11,13,14,25|6,16,17,27,28,29|15,19,20,21,26,32
1,9,11,13,15,28|6,17,20,21,27,29|14,16,18,26,31,32
1,9,11,13,16,20|6,15,17,25,27,29|14,18,21,22,26,32
1,9,13,14,22,28|6,15,17,25,27,29|11,19,26,31,32,39
1,9,13,15,20,22|6,16,17,27,28,29|11,14,18,26,32,39
6,9,10,11,13,15|14,16,17,20,27,29|19,21,22,26,31,32
6,9,10,21,31,40|11,14,18,26,32,39|13,17,22,25,28,29
6,9,10,22,39,40|11,15,18,21,26,32|13,17,20,25,29,31
6,15,17,25,27,29|9,10,11,14,39,40|19,21,22,26,31,32
6,16,17,27,28,29|9,10,11,14,39,40|15,19,20,21,26,32
6,17,20,21,27,29|9,10,11,14,39,40|15,16,18,22,26,32
6,18,21,26,31,32|9,10,11,14,39,40|13,17,22,25,28,29
6,18,22,26,32,39|9,10,11,15,21,40|13,17,20,25,29,31
6,19,21,25,26,32|9,10,11,14,39,40|15,17,22,27,29,31
6,19,26,28,32,39|9,10,11,15,21,40|13,17,20,25,29,31
9,10,11,14,39,40|13,17,20,25,29,31|15,16,18,22,26,32
9,10,14,16,31,40|11,15,18,21,26,32|13,17,22,25,28,29
9,10,15,16,22,40|11,14,18,26,32,39|13,17,20,25,29,31
1,9,11,13,14,31|6,15,16,18,26,32|17,20,25,29,39,40
1,9,11,13,15,22|6,14,18,21,26,32|17,20,25,29,39,40
1,9,11,31,39,40|6,13,17,25,28,29|14,19,21,22,26,32
1,9,14,20,39,40|6,11,17,21,27,29|15,16,19,22,26,32
1,9,14,21,28,40|6,15,16,18,26,32|11,13,17,25,29,31
1,9,15,20,21,40|6,13,17,25,28,29|11,14,19,26,32,39
1,9,21,22,31,40|6,13,17,25,28,29|11,14,19,26,32,39
6,9,10,14,21,40|11,13,17,25,29,31|15,16,19,22,26,32
6,9,10,15,16,40|11,13,17,25,29,31|14,19,21,22,26,32
1,6,9,10,11,39|13,14,17,20,22,26|25,27,28,29,31,32
1,6,10,17,32,39|9,11,13,20,25,28|14,22,26,27,29,31
1,6,13,25,26,32|9,11,14,27,28,31|10,17,20,22,29,39
1,10,21,25,29,32|6,9,15,20,27,28|11,13,17,22,26,31
1,10,28,29,32,39|6,9,11,25,27,31|13,14,17,20,22,26
1,13,14,26,28,32|6,9,11,25,27,31|10,17,20,22,29,39
1,13,15,20,26,32|6,9,11,25,27,31|10,17,21,22,28,29
1,13,22,26,31,32|6,9,14,20,25,27|10,11,17,28,29,39
1,10,21,29,31,32|6,9,11,14,25,27|15,16,17,20,26,40
1,10,22,29,32,39|6,9,11,14,25,27|15,16,17,20,26,40
1,21,26,31,32,40|6,9,11,14,25,27|10,15,16,17,20,29
1,22,26,32,39,40|6,9,11,14,25,27|10,15,16,17,20,29
6,9,11,18,21,31|13,14,17,25,32,40|15,16,19,22,26,29
6,9,11,19,21,25|13,14,26,29,31,40|15,16,17,18,22,32
6,9,13,28,31,40|11,14,17,18,32,39|15,16,19,22,26,29
6,9,14,15,18,25|11,13,16,26,29,40|17,19,21,22,31,32
6,15,16,18,26,29|9,11,13,14,25,40|17,19,21,22,31,32
6,17,18,21,31,32|9,11,13,14,25,40|15,16,19,22,26,29
6,19,21,26,29,31|9,11,13,14,25,40|15,16,17,18,22,32
6,9,15,27,31,40|11,14,18,26,29,39|17,19,21,22,25,32
6,9,16,22,27,40|11,14,18,26,29,39|17,19,21,28,31,32
6,17,18,28,32,39|9,11,13,25,31,40|15,19,20,21,26,29
6,18,21,26,29,31|9,11,14,16,27,40|17,19,22,28,32,39
6,19,26,28,29,39|9,11,13,25,31,40|15,17,18,20,21,32
9,11,13,25,31,40|14,17,18,20,32,39|15,16,19,26,28,29
9,13,14,20,25,40|11,15,18,21,26,29|17,19,22,28,32,39
9,13,15,20,28,40|11,14,18,26,29,39|16,17,19,25,31,32
9,14,15,18,28,31|11,17,19,25,32,39|13,16,20,26,29,40
1,10,13,16,29,32|6,9,15,25,27,40|11,14,17,19,26,39
1,15,19,21,26,32|6,9,11,13,22,27|10,17,29,31,39,40
6,15,16,17,18,26|9,11,19,20,25,39|13,22,27,28,29,32
1,9,10,14,39,40|6,13,17,27,28,32|16,18,25,26,29,31
1,9,10,15,21,40|6,13,17,27,28,32|11,18,25,26,29,39
1,15,18,21,26,32|6,9,11,13,27,28|10,17,25,29,39,40
1,6,9,20,32,39|11,12,13,22,25,35|14,15,17,26,29,31
1,6,9,21,28,32|11,12,13,22,25,35|14,15,17,26,29,31
1,6,26,29,32,39|9,11,14,15,17,25|12,13,20,22,31,35
1,9,11,21,31,32|6,12,13,20,25,35|14,16,17,22,26,29
1,9,11,22,32,39|6,12,13,20,25,35|14,15,17,26,29,31
1,9,14,16,28,32|6,11,17,26,29,39|12,13,20,22,31,35
1,9,16,22,31,32|6,11,17,26,29,39|12,13,14,20,28,35
1,14,21,26,29,32|6,9,11,16,17,25|12,13,20,22,31,35
1,9,11,21,25,32|6,12,15,27,28,35|16,17,22,26,29,31
1,9,11,28,32,39|6,12,14,25,27,35|15,16,17,20,26,29
1,9,15,25,31,32|6,12,16,20,27,35|11,17,22,26,29,39
1,9,16,22,25,32|6,12,15,27,28,35|11,17,21,26,29,31
1,9,16,28,31,32|6,12,14,25,27,35|11,17,22,26,29,39
1,9,20,21,31,32|6,12,14,25,27,35|11,17,22,26,29,39
1,9,20,22,32,39|6,12,14,25,27,35|11,17,21,26,29,31
1,9,21,22,28,32|6,12,14,25,27,35|15,16,17,20,26,29
1,21,26,29,31,32|6,9,15,17,25,28|11,12,16,22,27,35
6,9,10,11,32,39|12,13,20,22,25,35|14,16,17,26,28,29
6,9,10,16,31,32|11,12,13,25,28,35|14,17,20,21,26,29
6,9,10,21,22,32|11,12,13,25,28,35|15,16,17,20,26,29
6,12,15,27,28,35|9,10,11,14,21,32|16,17,22,26,29,31
6,16,17,25,26,29|9,10,11,14,21,32|12,13,20,28,31,35
6,17,21,26,28,29|9,10,11,15,16,32|12,13,20,22,25,35
6,9,10,20,32,39|11,12,15,25,27,35|16,17,26,28,29,31
6,9,10,21,28,32|11,12,15,25,27,35|17,20,22,26,29,39
6,10,26,29,32,39|9,11,16,17,25,28|12,15,20,27,31,35
9,10,14,15,25,32|11,12,16,27,28,35|17,20,21,26,29,31
9,10,14,16,28,32|11,12,15,25,27,35|17,20,21,26,29,31
9,10,14,20,21,32|11,12,15,25,27,35|16,17,26,28,29,31
9,10,15,16,20,32|11,17,21,25,26,29|12,14,27,28,31,35
9,11,16,17,25,28|10,14,21,26,29,32|12,15,20,27,31,35
9,11,17,20,21,25|10,15,16,26,29,32|12,14,27,28,31,35
9,14,17,25,28,31|10,15,16,26,29,32|11,12,20,21,27,35
9,15,17,20,25,31|10,14,21,26,29,32|11,12,16,27,28,35
9,16,17,20,28,31|10,14,21,26,29,32|11,12,15,25,27,35
1,10,16,21,29,32|6,9,13,20,25,31|11,15,17,26,39,40
1,16,21,26,32,40|6,9,13,20,25,31|10,11,15,17,29,39
6,13,15,17,22,26|9,11,25,28,39,40|20,21,27,29,31,32
9,11,14,15,27,31|13,16,17,20,28,32|22,25,26,29,39,40
9,11,14,16,22,27|13,15,17,20,25,32|26,28,29,31,39,40
1,6,9,10,14,39|11,13,15,17,26,31|16,25,27,28,29,32
1,6,9,10,15,21|11,13,16,17,22,26|20,27,28,29,32,39
1,9,10,14,15,16|6,11,26,27,29,39|13,17,25,28,31,32
1,11,13,21,26,32|6,9,14,25,27,31|10,15,17,20,29,39
1,13,15,26,31,32|6,9,11,16,25,27|10,14,17,28,29,39
1,13,16,22,26,32|6,9,11,20,27,39|10,14,17,21,25,29
1,6,13,15,26,32|9,11,20,25,39,40|10,14,16,17,29,31
1,10,14,29,32,39|6,9,11,13,25,28|15,16,17,22,26,40
1,10,15,21,29,32|6,9,11,13,25,28|14,16,17,26,31,40
1,14,26,32,39,40|6,9,11,13,25,28|10,15,16,17,22,29
1,15,21,26,32,40|6,9,11,13,25,28|10,14,16,17,29,31
6,9,11,16,22,27|13,14,17,20,25,32|21,26,28,29,31,40
6,9,14,15,20,27|11,13,17,25,31,32|22,26,28,29,39,40
6,11,17,21,27,32|9,13,14,20,22,28|16,25,26,29,31,40
6,13,14,17,22,26|9,11,20,25,39,40|15,27,28,29,31,32
6,13,17,25,28,32|9,11,14,15,22,27|20,26,29,31,39,40
6,13,22,25,26,29|9,20,21,28,31,40|11,14,16,17,27,32
6,13,26,28,29,31|9,11,14,15,22,27|17,20,25,32,39,40
6,14,15,26,27,29|9,11,13,22,28,31|17,20,25,32,39,40
6,15,17,27,31,32|9,11,13,14,20,25|22,26,28,29,39,40
6,16,17,22,27,32|9,11,13,14,20,25|21,26,28,29,31,40
6,17,21,26,31,40|9,11,13,14,20,25|16,22,27,28,29,32
6,17,22,26,39,40|9,11,13,14,20,25|15,27,28,29,31,32
1,6,9,10,14,21|11,13,15,17,22,26|16,20,25,27,29,32
1,6,9,10,15,16|11,13,14,17,26,31|20,21,27,28,29,32
1,10,29,31,32,39|6,9,11,15,25,27|14,17,21,26,28,40
1,11,13,16,26,32|6,9,14,22,25,27|10,15,17,20,21,29
1,13,15,22,26,32|6,9,11,16,27,28|10,14,17,20,29,39
1,26,31,32,39,40|6,9,11,15,25,27|10,14,17,21,28,29
1,6,9,16,28,32|11,12,13,20,31,35|14,15,17,22,26,29
1,6,21,26,29,32|9,11,14,15,17,28|12,16,20,25,35,40
1,9,11,16,31,32|6,12,13,20,28,35|14,15,17,22,26,29
1,9,14,15,28,32|6,11,17,21,26,29|12,16,20,25,35,40
1,9,15,22,31,32|6,11,17,21,26,29|12,16,20,25,35,40
1,14,16,26,29,32|6,9,11,15,17,25|12,20,21,28,35,40
6,9,10,16,28,32|11,12,14,25,27,35|17,20,21,22,26,29
6,9,10,20,21,32|11,12,14,25,27,35|15,17,26,28,29,31
6,9,17,25,28,31|10,14,16,26,29,32|12,15,20,22,27,35
6,10,21,26,29,32|9,11,15,17,25,28|12,14,20,27,31,35
1,9,11,16,25,32|6,12,14,27,28,35|15,17,22,26,29,31
1,9,11,20,32,39|6,12,14,27,28,35|15,17,22,26,29,31
1,9,14,25,31,32|6,12,15,20,27,35|11,17,21,22,26,29
1,9,15,22,25,32|6,12,14,27,28,35|11,16,17,26,29,31
1,9,16,20,31,32|6,12,14,27,28,35|11,17,21,22,26,29
1,9,20,21,22,32|6,12,14,27,28,35|11,16,17,26,29,31
1,16,26,29,31,32|6,9,14,17,25,28|11,12,15,22,27,35
6,9,10,16,22,32|11,12,13,20,25,35|14,15,17,26,28,29
6,15,17,25,26,29|9,10,11,14,16,32|12,13,20,22,28,35
6,16,17,26,28,29|9,10,14,15,22,32|11,12,13,20,25,35
1,6,15,20,27,29|10,11,14,16,17,40|19,22,25,28,31,32
1,6,22,27,29,31|10,11,14,16,17,40|15,19,20,25,28,32
1,11,14,27,29,31|6,10,16,17,22,40|15,19,20,25,28,32
1,6,11,15,17,27|10,16,20,25,29,40|14,19,22,26,28,31
1,6,22,25,27,29|10,11,16,17,31,40|14,15,19,20,26,28
1,11,14,25,27,29|6,10,16,17,28,40|15,19,20,22,26,31
1,11,16,20,27,29|6,10,15,17,25,40|14,19,22,26,28,31
1,14,22,27,28,29|6,10,15,17,25,40|11,16,19,20,26,31
1,15,17,25,28,40|6,10,14,22,27,29|11,16,19,20,26,31
1,15,20,22,27,29|6,10,16,17,28,40|11,14,19,25,26,31
1,16,17,20,25,40|6,10,11,15,27,29|14,19,22,26,28,31
1,6,9,10,39,40|11,13,17,22,27,32|15,18,25,26,29,31
1,6,18,26,32,39|9,11,15,25,27,40|10,13,14,17,28,29
1,9,10,14,21,40|6,11,13,26,27,29|16,17,18,25,28,32
1,9,10,15,16,40|6,11,13,26,27,29|17,18,20,21,25,32
1,14,18,21,26,32|6,9,11,13,20,27|10,17,28,29,39,40
1,15,16,18,26,32|6,9,11,13,20,27|10,17,21,25,29,40
1,19,21,26,31,32|6,9,11,13,20,27|10,17,28,29,39,40
1,19,22,26,32,39|6,9,11,13,20,27|10,17,21,25,29,40
6,9,13,20,25,40|11,14,18,21,26,29|16,17,19,28,31,32
6,9,14,27,31,40|11,15,16,18,26,29|17,19,20,22,32,39
6,9,15,22,27,40|11,14,18,21,26,29|16,17,19,28,31,32
6,11,18,26,29,39|9,13,14,20,28,40|15,17,19,25,31,32
6,13,25,26,29,40|9,11,14,16,18,28|17,19,20,21,31,32
6,14,16,17,19,26|9,11,13,22,25,40|18,20,28,29,32,39
6,16,17,18,25,32|9,11,13,28,31,40|14,19,20,21,26,29
6,16,19,25,26,29|9,11,13,28,31,40|14,17,18,20,21,32
6,17,18,20,32,39|9,11,13,22,25,40|14,16,19,26,28,29
6,17,18,21,28,32|9,11,13,22,25,40|15,16,19,20,26,29
6,19,20,26,29,39|9,11,13,22,25,40|14,16,17,18,28,32
6,19,21,26,28,29|9,11,13,22,25,40|15,16,17,18,20,32
1,14,19,21,26,32|6,9,15,18,25,28|10,17,22,29,39,40
6,11,13,17,27,32|9,14,15,18,20,25|16,19,26,28,29,31
6,16,18,25,26,29|9,11,15,27,31,40|17,19,20,28,32,39
6,16,26,27,29,40|9,11,15,18,25,31|17,19,20,28,32,39
9,14,15,20,27,40|11,17,18,21,25,32|16,19,26,28,29,31
1,6,9,10,15,39|11,13,16,17,26,31|21,25,27,28,29,32
1,9,10,14,15,21|6,13,16,17,26,28|20,25,27,29,32,39
1,11,13,26,32,39|6,9,15,25,27,31|10,16,17,21,28,29
1,13,16,26,31,32|6,9,11,21,25,27|10,15,17,28,29,39
1,6,13,21,26,32|9,11,14,16,27,31|10,15,17,22,29,39
1,10,16,29,32,39|6,9,11,21,27,31|13,14,15,17,22,26
1,13,14,16,26,32|6,9,11,21,27,31|10,15,17,22,29,39
6,9,11,14,21,27|13,15,17,22,25,32|16,20,26,29,39,40
6,9,14,16,22,27|11,13,17,20,32,39|15,21,25,26,29,40
6,14,17,21,27,32|9,11,13,15,22,25|16,20,26,29,39,40
6,9,10,16,22,40|11,13,17,20,25,29|14,15,19,26,28,32
6,15,18,26,31,32|9,10,11,14,16,40|13,17,20,22,28,29
6,15,19,25,26,32|9,10,11,14,16,40|13,17,20,22,28,29
6,16,19,26,28,32|9,10,14,15,22,40|11,13,17,20,25,29
6,9,10,16,28,40|11,14,17,25,27,29|15,18,22,26,31,32
6,9,10,20,21,40|11,14,17,25,27,29|15,18,22,26,31,32
6,15,18,25,26,32|9,10,11,16,31,40|14,17,22,27,28,29
6,16,18,26,28,32|9,10,11,21,22,40|14,17,20,27,29,31
6,17,22,25,27,29|9,10,11,16,31,40|14,15,18,26,28,32
6,17,27,28,29,31|9,10,11,21,22,40|14,16,18,20,26,32
6,18,20,21,26,32|9,10,11,16,31,40|14,17,22,27,28,29
1,6,11,17,31,39|10,14,15,16,20,29|21,22,25,28,32,40
1,6,14,16,17,25|10,11,15,21,22,29|20,28,31,32,39,40
1,6,14,17,20,39|10,11,15,16,29,31|21,22,25,28,32,40
1,6,14,17,21,28|10,11,15,16,29,31|20,22,25,32,39,40
1,6,15,16,17,28|10,11,14,21,29,31|20,22,25,32,39,40
1,6,15,17,20,21|10,11,14,22,29,39|16,25,28,31,32,40
1,6,17,21,22,31|10,14,15,16,20,29|11,25,28,32,39,40
1,11,14,17,21,31|6,10,15,16,28,29|20,22,25,32,39,40
1,11,14,17,22,39|6,10,15,16,28,29|20,21,25,31,32,40
1,11,15,16,17,31|6,10,14,20,29,39|21,22,25,28,32,40
1,11,15,17,21,22|6,10,14,16,25,29|20,28,31,32,39,40
1,14,15,16,17,20|6,10,11,29,31,39|21,22,25,28,32,40
1,14,16,17,22,31|6,10,15,20,21,29|11,25,28,32,39,40
1,6,11,17,25,39|10,14,16,28,29,31|15,20,21,22,26,40
1,6,16,17,25,31|10,11,14,28,29,39|15,20,21,22,26,40
1,6,17,20,31,39|10,11,14,21,25,29|15,16,22,26,28,40
1,6,17,21,22,25|10,11,14,28,29,39|15,16,20,26,31,40
1,6,17,21,28,31|10,11,15,16,25,29|14,20,22,26,39,40
1,6,17,22,28,39|10,11,14,21,25,29|15,16,20,26,31,40
1,11,14,17,21,25|6,10,20,29,31,39|15,16,22,26,28,40
1,11,14,17,28,39|6,10,16,25,29,31|15,20,21,22,26,40
1,11,15,16,17,25|6,10,20,29,31,39|14,21,22,26,28,40
1,11,15,17,20,39|6,10,16,25,29,31|14,21,22,26,28,40
1,11,15,17,21,28|6,10,16,25,29,31|14,20,22,26,39,40
1,11,16,17,20,21|6,10,22,28,29,39|14,15,25,26,31,40
1,11,25,28,29,39|6,10,14,16,17,31|15,20,21,22,26,40
1,14,15,17,25,31|6,10,22,28,29,39|11,16,20,21,26,40
1,14,16,17,22,25|6,10,20,29,31,39|11,15,21,26,28,40
1,14,16,17,28,31|6,10,11,25,29,39|15,20,21,22,26,40
1,14,17,20,21,31|6,10,11,25,29,39|15,16,22,26,28,40
1,14,17,20,22,39|6,10,16,25,29,31|11,15,21,26,28,40
1,14,17,21,22,28|6,10,11,25,29,39|15,16,20,26,31,40
1,15,16,17,20,31|6,10,11,25,29,39|14,21,22,26,28,40
1,15,16,17,22,28|6,10,11,25,29,39|14,20,21,26,31,40
1,15,17,20,21,22|6,10,11,25,29,39|14,16,26,28,31,40
1,16,25,28,29,31|6,10,11,14,17,39|15,20,21,22,26,40
1,20,21,25,29,31|6,10,11,14,17,39|15,16,22,26,28,40
1,20,22,25,29,39|6,10,11,15,17,21|14,16,26,28,31,40
1,20,28,29,31,39|6,10,11,15,17,21|14,16,22,25,26,40
1,21,22,25,28,29|6,10,11,14,17,39|15,16,20,26,31,40
1,9,11,13,16,25|6,17,27,28,29,39|15,18,21,26,31,32
1,9,13,14,25,31|6,17,27,28,29,39|16,18,21,22,26,32
1,9,13,15,28,31|6,17,21,25,27,29|11,16,18,26,32,39
1,9,13,16,20,31|6,17,21,25,27,29|15,18,22,26,32,39
1,9,13,16,22,28|6,17,21,25,27,29|14,18,26,31,32,39
6,9,10,11,13,21|14,16,17,25,27,29|15,18,22,26,32,39
6,9,10,13,15,31|11,16,18,26,32,39|14,17,21,27,28,29
6,9,10,13,16,22|11,17,27,29,31,39|15,19,21,25,26,32
6,17,21,25,27,29|9,10,11,13,14,16|15,18,22,26,32,39
6,17,27,28,29,39|9,10,11,13,14,16|15,18,21,26,31,32
1,6,9,13,15,25|11,14,17,27,29,39|16,19,21,22,26,32
1,6,9,13,16,28|11,14,17,27,29,39|15,19,21,26,31,32
1,9,11,13,16,31|6,15,18,26,32,39|14,17,21,22,27,29
1,9,11,13,21,22|6,15,18,26,32,39|14,16,17,27,29,31
1,9,13,15,22,31|6,16,18,21,26,32|11,14,17,27,29,39
1,6,9,13,16,22|14,15,19,21,26,32|17,25,29,31,39,40
1,9,13,14,15,22|6,16,19,21,26,32|17,25,29,31,39,40
1,9,16,21,22,40|6,15,19,26,32,39|13,14,17,25,29,31
9,10,13,15,22,31|11,17,25,27,29,39|16,18,21,26,28,32
2,6,14,16,26,30|8,11,21,25,32,34|12,20,22,23,35,39
2,11,21,25,30,32|6,8,14,16,26,34|12,20,22,23,35,39
2,11,28,30,32,39|6,8,14,16,26,34|12,15,23,25,31,35
2,15,25,30,31,32|6,8,14,16,26,34|11,12,23,28,35,39
2,16,22,25,30,32|6,14,15,28,34,38|12,20,21,23,31,35
2,20,21,30,31,32|6,8,14,16,26,34|11,12,23,28,35,39
2,20,22,30,32,39|6,8,14,16,26,34|11,12,21,23,25,35
2,21,22,28,30,32|6,8,14,16,26,34|12,15,23,25,31,35
2,11,14,21,26,30|6,15,22,25,34,38|12,20,23,28,35,39
2,11,15,16,26,30|6,14,25,31,34,38|12,20,23,28,35,39
