1,17,19,20,28,39|6,10,11,13,27,29|15,18,25,26,31,40
1,6,17,18,21,22|10,13,14,28,29,40|11,15,19,27,31,32
1,11,15,16,17,18|6,10,13,25,29,40|14,19,22,27,31,32
1,11,21,27,29,40|6,10,14,16,17,19|13,18,20,22,31,32
1,13,15,17,20,40|6,10,11,18,29,39|14,19,22,27,31,32
1,13,17,22,31,40|6,10,11,18,29,39|14,15,19,20,27,32
1,14,15,17,18,31|6,10,13,25,29,40|11,16,19,22,27,32
1,14,16,17,18,22|6,10,13,25,29,40|11,15,19,27,31,32
1,15,18,25,29,31|6,10,13,14,17,40|11,16,19,22,27,32
1,15,27,29,31,40|6,10,14,16,17,19|11,13,18,22,25,32
1,16,18,22,25,29|6,10,13,14,17,40|11,15,19,27,31,32
1,18,20,21,29,31|6,10,13,14,17,40|11,16,19,22,27,32
1,18,20,22,29,39|6,10,13,14,17,40|11,15,19,27,31,32
1,18,21,22,28,29|6,10,13,14,17,40|11,15,19,27,31,32
1,6,13,20,27,29|10,11,14,17,19,21|16,18,22,26,31,40
1,6,16,17,18,25|10,11,19,28,29,39|13,20,22,27,32,40
1,6,16,17,27,40|10,11,18,21,29,31|13,14,19,20,22,26
1,6,17,18,21,28|10,13,22,25,29,40|15,19,20,27,31,32
1,11,13,22,27,29|6,10,14,16,17,18|15,19,25,26,31,40
1,11,17,18,21,31|6,10,16,27,29,40|13,14,19,20,22,26
1,11,17,18,22,39|6,10,16,27,29,40|13,19,20,25,28,32
1,11,17,19,21,25|6,10,16,27,29,40|13,18,20,28,31,32
1,11,17,19,28,39|6,10,16,18,25,29|13,20,22,27,32,40
1,13,17,22,25,40|6,10,18,20,29,39|11,16,19,27,28,32
1,13,17,28,31,40|6,10,16,18,25,29|11,19,20,21,27,32
1,14,15,17,18,25|6,10,16,27,29,40|11,13,19,22,26,31
1,14,15,17,27,40|6,10,16,18,25,29|11,13,19,22,26,31
1,14,17,18,20,21|6,10,16,27,29,40|11,13,19,22,26,31
1,15,17,19,25,31|6,10,16,27,29,40|11,13,14,18,22,26
1,15,25,27,29,40|6,10,11,17,19,39|13,18,20,28,31,32
1,16,17,18,22,31|6,11,13,19,25,26|10,14,15,27,29,40
1,16,17,19,22,25|6,10,18,20,29,39|11,13,27,28,32,40
1,16,18,25,28,29|6,10,11,17,19,39|13,20,22,27,32,40
1,16,27,28,29,40|6,10,11,17,19,39|13,18,20,22,25,32
1,17,19,20,21,31|6,10,16,18,25,29|11,13,27,28,32,40
1,17,19,20,22,39|6,10,16,18,25,29|11,13,27,28,32,40
1,18,20,28,29,39|6,10,13,17,31,40|11,15,19,25,27,32
1,6,13,16,26,40|10,11,15,19,32,39|14,17,18,20,21,31
1,6,14,19,26,39|10,11,13,21,32,40|15,16,17,18,20,31
1,6,15,19,21,26|10,13,16,22,32,40|11,14,17,18,28,39
1,13,14,15,26,40|6,10,19,31,32,39|11,16,17,18,20,21
6,10,14,18,32,39|11,13,15,20,27,29|16,17,19,22,25,31
6,10,15,18,21,32|11,13,14,27,28,29|16,17,19,22,25,31
6,10,19,31,32,39|11,13,14,27,28,29|15,17,18,20,21,22
6,11,13,14,17,27|10,15,16,19,31,32|18,20,22,25,29,39
6,11,13,25,27,29|10,14,15,16,18,32|17,19,20,22,31,39
6,13,20,27,29,31|10,11,15,19,32,39|14,16,17,18,22,25
6,13,22,27,28,29|10,11,15,19,32,39|14,17,18,20,21,31
6,16,17,27,31,40|10,11,15,19,32,39|18,21,22,25,28,29
6,17,18,21,22,25|10,11,15,19,32,39|16,27,28,29,31,40
6,17,18,21,28,31|10,11,15,19,32,39|13,14,20,22,27,29
6,17,21,22,27,40|10,11,15,19,32,39|16,18,25,28,29,31
1,6,15,18,21,26|10,13,16,28,32,40|17,19,20,22,25,39
1,6,19,26,31,39|10,11,16,18,21,32|13,14,20,27,28,29
1,11,16,19,21,26|6,10,18,31,32,39|13,14,20,27,28,29
1,14,15,16,18,26|6,10,19,25,32,39|11,13,27,28,29,31
1,14,19,21,26,31|6,13,20,25,27,29|10,11,15,18,32,39
1,15,19,21,22,26|6,10,18,31,32,39|13,14,20,27,28,29
1,6,15,18,21,32|11,13,16,17,22,40|14,19,20,28,29,39
1,13,16,22,32,40|6,11,14,17,18,39|15,19,20,21,28,29
1,14,19,22,32,39|6,11,15,17,18,21|13,16,20,28,29,40
1,14,18,21,31,32|6,11,17,19,25,39|15,16,20,27,29,40
1,15,16,18,31,32|6,11,17,19,25,39|14,20,21,27,29,40
6,10,13,16,32,40|11,14,17,18,21,31|19,20,22,25,29,39
6,10,14,19,32,39|11,13,15,17,25,40|18,21,22,28,29,31
6,11,17,18,31,39|10,13,14,15,32,40|19,21,22,25,28,29
6,11,17,19,25,39|10,13,14,15,32,40|18,21,22,28,29,31
6,17,18,21,22,31|10,13,14,15,32,40|11,19,25,28,29,39
6,17,19,21,22,25|10,13,14,15,32,40|11,18,28,29,31,39
6,17,19,21,28,31|10,13,14,15,32,40|11,18,22,25,29,39
6,17,19,22,28,39|10,13,14,15,32,40|11,18,21,25,29,31
6,18,21,25,28,29|10,13,14,15,32,40|11,17,19,22,31,39
1,6,13,25,27,32|10,14,15,16,19,26|17,18,20,28,31,39
1,11,16,18,21,26|6,10,13,14,27,32|17,19,20,25,28,39
1,13,14,27,28,32|6,10,15,19,21,26|17,18,20,22,25,39
1,13,15,20,27,32|6,10,14,19,26,39|16,17,18,25,28,31
1,14,19,26,28,39|6,11,13,17,25,27|10,16,18,20,21,32
1,15,16,18,26,31|6,10,13,14,27,32|17,19,20,25,28,39
1,15,16,19,25,26|6,10,13,14,27,32|17,18,20,28,31,39
1,15,18,21,22,26|6,10,13,14,27,32|17,19,20,25,28,39
1,15,19,20,26,39|6,10,13,14,27,32|16,17,18,25,28,31
1,15,19,21,26,28|6,10,13,14,27,32|17,18,20,22,25,39
1,16,19,20,21,26|6,10,13,14,27,32|11,17,18,25,28,39
1,9,14,15,17,22|6,10,12,21,35,40|11,13,26,29,31,32
1,9,11,16,17,25|6,10,12,13,28,35|14,26,27,29,31,32
1,9,11,17,20,39|6,10,12,13,28,35|14,26,27,29,31,32
1,9,11,17,21,28|10,12,13,14,20,35|15,22,26,27,29,32
1,9,14,17,25,31|6,10,12,13,28,35|11,16,26,27,29,32
1,9,15,17,22,25|6,10,12,13,28,35|11,16,26,27,29,32
1,9,15,17,28,31|10,12,13,14,20,35|11,16,26,27,29,32
1,9,16,17,20,31|6,10,12,13,28,35|15,22,26,27,29,32
1,9,17,20,21,22|6,10,12,13,28,35|11,16,26,27,29,32
1,11,12,16,27,35|6,9,10,15,17,31|13,20,25,26,29,32
1,11,17,26,29,39|6,9,22,25,27,32|10,12,13,14,20,35
1,12,13,20,25,35|6,9,10,11,17,21|14,26,27,29,31,32
1,12,14,27,31,35|6,9,10,11,17,21|13,20,25,26,29,32
1,12,15,22,27,35|6,9,10,11,17,21|13,20,25,26,29,32
1,16,17,26,29,31|6,9,22,25,27,32|10,12,13,14,20,35
1,17,21,22,26,29|6,9,27,28,31,32|10,12,13,14,20,35
1,6,12,15,27,35|9,10,11,16,29,31|17,21,22,26,32,40
1,6,17,21,26,29|9,11,13,20,25,32|10,12,16,31,35,40
1,9,11,17,21,22|6,15,26,27,29,32|10,12,16,31,35,40
1,9,15,25,28,29|6,10,12,13,22,35|11,17,26,32,39,40
1,9,16,20,25,29|6,10,12,13,22,35|11,17,26,32,39,40
1,9,20,21,28,29|6,10,12,13,22,35|11,17,26,32,39,40
1,14,16,17,26,29|6,9,15,20,27,32|10,11,12,35,39,40
6,14,16,26,27,32|9,10,11,15,21,22|17,20,25,28,29,39
1,9,11,14,22,39|6,17,21,25,28,29|15,16,26,31,32,40
1,11,16,19,22,26|6,10,14,18,25,32|20,27,28,29,31,40
2,11,14,15,26,30|8,16,20,28,32,34|12,22,23,25,31,35
1,9,15,18,20,21|6,13,17,27,28,29|19,25,26,32,39,40
1,9,18,21,22,31|6,13,17,27,28,29|19,25,26,32,39,40
1,9,19,21,22,25|6,13,17,27,28,29|18,26,31,32,39,40
6,9,10,14,18,21|11,13,17,27,29,31|19,25,26,32,39,40
6,9,10,15,16,18|11,13,17,27,29,31|19,25,26,32,39,40
6,9,10,19,21,31|11,13,16,18,26,32|17,20,27,29,39,40
6,9,10,19,22,39|11,13,16,18,26,32|17,21,27,28,29,40
9,10,11,14,19,39|13,15,18,22,26,32|16,17,25,27,29,40
9,10,11,15,19,21|13,14,17,20,27,29|18,26,31,32,39,40
9,10,14,16,19,31|13,15,18,22,26,32|17,20,27,29,39,40
9,10,14,19,21,22|11,13,16,18,26,32|17,20,27,29,39,40
1,9,11,15,18,21|6,13,17,22,27,29|19,26,31,32,39,40
1,9,11,19,31,39|6,13,15,18,26,32|17,21,22,27,29,40
1,9,14,16,19,25|6,13,15,18,26,32|11,17,27,29,39,40
1,9,14,19,20,39|6,13,15,18,26,32|16,17,27,29,31,40
1,9,14,19,21,28|6,13,15,18,26,32|11,17,27,29,39,40
1,9,15,16,19,28|6,13,17,22,27,29|14,18,26,32,39,40
1,9,15,19,20,21|6,13,17,22,27,29|14,18,26,32,39,40
1,9,19,21,22,31|6,13,15,18,26,32|11,17,27,29,39,40
1,8,25,33,39,40|3,6,7,12,14,21|10,15,16,19,22,23
1,18,21,22,23,31|3,6,7,12,15,16|8,10,14,33,39,40
1,19,21,22,23,25|3,6,7,12,15,16|8,10,14,33,39,40
1,19,21,23,28,31|3,6,7,12,15,16|8,10,14,33,39,40
1,8,11,27,33,39|3,6,7,12,21,25|10,15,16,18,23,28
1,8,16,27,31,33|3,6,7,12,21,25|10,14,18,20,23,39
1,8,21,22,27,33|3,6,7,12,28,39|10,13,23,25,31,40
1,18,21,23,25,28|3,7,11,12,31,39|8,10,13,16,20,33
1,20,23,27,39,40|3,6,7,12,21,25|8,10,13,15,28,33
1,21,23,27,28,40|3,7,11,12,31,39|8,10,13,14,25,33
1,6,8,21,27,33|3,7,11,12,14,39|10,13,15,23,28,40
1,8,13,25,31,33|3,6,7,12,22,39|10,11,15,18,21,23
1,8,14,16,27,33|3,6,7,12,21,31|10,13,15,23,28,40
1,11,18,23,25,39|3,6,7,12,21,31|8,10,13,15,22,33
1,11,23,27,39,40|3,6,7,12,21,31|8,10,13,15,22,33
1,18,21,23,28,31|3,6,7,12,22,39|8,10,11,13,16,33
1,18,22,23,28,39|3,6,7,12,21,31|8,10,11,13,16,33
1,19,20,23,25,39|3,6,7,12,21,31|8,10,11,13,16,33
1,19,21,23,25,28|3,6,7,12,22,39|8,10,11,13,16,33
1,9,17,21,25,31|10,12,13,16,28,35|22,26,27,29,32,39
1,9,17,22,25,39|10,12,13,16,28,35|21,26,27,29,31,32
1,6,9,17,25,39|10,11,12,13,21,35|15,16,26,27,29,32
1,9,14,17,21,25|6,26,27,29,32,39|10,12,13,15,31,35
1,9,14,17,28,39|10,11,12,13,21,35|15,16,26,27,29,32
1,9,15,16,17,25|6,26,27,29,32,39|10,11,12,13,21,35
1,9,15,17,21,28|6,26,27,29,32,39|10,12,13,16,22,35
1,9,16,17,20,21|6,26,27,29,32,39|10,12,13,15,31,35
1,9,17,22,31,39|10,11,12,13,21,35|15,16,26,27,29,32
1,12,14,21,27,35|6,9,10,25,29,39|13,15,17,26,31,32
1,15,17,26,29,39|6,9,16,25,27,32|10,11,12,13,21,35
1,16,17,21,26,29|6,9,20,27,32,39|10,12,13,15,31,35
1,9,21,25,29,31|6,10,12,13,16,35|15,17,26,32,39,40
1,12,13,15,25,35|6,9,10,29,31,39|16,17,21,26,32,40
1,9,14,19,21,25|6,13,16,18,26,32|17,22,27,29,39,40
1,9,14,19,28,39|6,13,16,18,26,32|17,21,27,29,31,40
1,9,15,16,18,31|11,13,19,21,26,32|17,22,27,29,39,40
1,9,15,19,20,39|6,13,16,18,26,32|17,21,27,29,31,40
1,9,15,19,21,28|6,13,16,18,26,32|17,22,27,29,39,40
1,9,16,19,20,21|6,13,17,27,29,31|15,18,26,32,39,40
6,9,10,14,19,39|11,13,15,17,27,29|16,18,21,26,32,40
9,10,15,16,19,31|11,13,18,21,26,32|17,27,28,29,39,40
