1,27,29,30,38,39|2,13,14,25,33,34|7,8,10,15,21,35
2,8,13,14,27,34|3,9,17,23,31,39|15,18,21,26,30,38
2,13,14,25,33,34|3,9,17,23,31,39|7,8,10,15,21,35
2,13,16,20,33,34|3,9,17,23,31,39|7,8,10,15,21,35
2,17,23,27,29,39|3,11,13,16,34,38|7,8,10,15,21,35
2,25,33,34,39,40|7,8,10,15,21,35|13,27,30,31,32,38
3,9,17,23,31,39|6,13,27,28,30,34|7,8,10,15,21,35
2,6,7,9,15,16|8,13,25,31,33,35|12,14,19,34,38,39
2,7,29,31,32,39|6,8,21,27,33,35|9,12,13,16,17,23
1,9,13,16,23,32|3,17,29,30,31,39|6,14,18,21,34,38
1,15,21,29,33,34|2,18,30,31,32,39|9,11,13,16,17,23
2,18,30,31,32,39|6,9,21,23,27,29|11,13,16,34,38,40
2,19,25,30,32,39|6,9,21,23,27,29|11,13,16,34,38,40
8,9,15,17,21,33|11,13,16,34,38,40|12,18,23,31,35,39
1,8,13,16,29,34|2,14,18,30,32,39|9,15,17,21,23,40
8,13,16,17,29,38|12,14,18,23,35,39|15,21,32,33,34,40
1,10,13,16,23,35|2,6,7,9,21,25|12,18,31,34,38,39
2,7,9,14,21,28|8,16,25,27,33,35|12,18,31,34,38,39
2,7,9,15,20,21|8,16,25,27,33,35|12,18,31,34,38,39
2,7,15,21,26,29|8,16,25,27,33,35|12,18,31,34,38,39
1,14,17,33,34,39|2,3,13,16,32,38|9,21,23,27,28,29
1,15,17,21,33,34|2,3,13,16,32,38|9,20,23,27,29,39
1,25,29,33,34,39|2,3,13,16,32,38|6,9,17,21,23,27
2,3,13,16,32,38|6,9,17,21,23,27|8,14,18,26,34,39
2,7,9,12,14,39|3,13,16,26,30,32|6,18,21,25,34,38
2,7,9,12,15,21|3,13,16,26,30,32|6,18,28,34,38,39
2,14,18,26,30,39|6,9,17,21,23,27|13,25,31,32,33,34
2,15,18,21,26,30|8,9,17,25,33,39|12,13,23,27,31,35
2,19,26,30,31,39|6,9,17,21,23,27|14,16,18,25,34,38
3,13,16,26,30,32|6,9,17,21,23,27|10,14,29,33,34,39
6,18,21,25,34,38|8,12,27,33,35,39|9,10,13,16,23,32
8,9,17,25,33,39|12,13,23,27,31,35|14,18,21,28,34,38
8,12,27,33,35,39|9,10,13,16,23,32|14,18,21,28,34,38
8,15,18,21,26,34|9,10,13,16,23,32|17,25,29,33,38,39
8,17,27,29,38,39|9,10,13,16,23,32|15,21,26,33,34,40
2,6,7,9,22,39|8,16,27,31,33,35|12,15,18,21,34,38
2,7,9,11,14,39|6,13,23,27,28,35|12,15,18,21,34,38
2,7,9,11,15,21|6,13,23,27,28,35|12,14,18,34,38,39
2,7,9,14,16,31|6,13,23,27,28,35|12,15,18,21,34,38
2,7,9,14,21,22|6,13,23,27,28,35|12,19,31,34,38,39
2,7,9,15,16,22|6,13,23,27,28,35|12,14,18,34,38,39
2,7,14,17,32,39|6,13,23,27,28,35|12,15,18,21,34,38
2,7,15,17,21,32|6,13,23,27,28,35|12,14,18,34,38,39
2,7,25,29,32,39|6,13,23,27,28,35|12,15,18,21,34,38
1,2,13,16,17,30|6,18,21,31,34,38|9,11,23,27,29,39
1,3,9,14,30,39|6,18,21,31,34,38|13,16,17,23,26,29
1,3,9,15,21,30|6,18,22,34,38,39|12,13,14,23,27,35
1,8,13,16,17,34|2,14,19,26,30,39|9,21,22,23,27,29
2,3,15,21,34,40|8,9,17,31,33,39|12,13,14,23,27,35
2,10,13,16,29,30|6,18,21,31,34,38|9,17,23,25,39,40
2,13,14,27,30,32|6,18,21,31,34,38|9,17,23,25,39,40
2,13,16,26,30,40|6,18,21,31,34,38|9,11,23,27,29,39
2,14,19,26,30,39|6,18,21,31,34,38|9,13,15,17,23,28
2,15,19,21,26,30|6,18,22,34,38,39|9,13,14,17,23,25
2,27,30,32,39,40|6,18,21,31,34,38|9,13,14,17,23,25
3,17,25,29,30,39|6,18,21,31,34,38|12,13,14,23,27,35
6,19,21,25,34,38|8,9,17,31,33,39|12,13,14,23,27,35
8,9,17,31,33,39|11,15,18,21,34,38|12,13,14,23,27,35
2,13,16,30,32,40|8,9,14,29,33,39|12,15,19,21,23,35
2,14,19,30,32,39|8,9,15,21,29,33|12,13,16,23,35,40
2,15,19,21,30,32|8,9,14,29,33,39|12,13,16,23,35,40
2,8,10,33,35,39|6,7,21,26,32,34|9,12,16,27,30,38
2,9,12,33,38,39|6,7,21,26,32,34|8,10,16,27,30,35
2,10,13,23,31,35|6,7,21,26,32,34|9,12,16,27,30,38
1,2,9,17,23,39|3,16,25,29,34,38|7,8,21,22,26,35
1,2,32,33,34,39|7,8,16,26,31,35|9,13,20,25,30,38
1,13,14,26,30,34|2,9,10,23,29,39|7,11,16,25,35,38
2,8,13,17,25,34|7,11,20,35,38,39|9,16,26,30,31,33
2,9,10,23,29,39|3,6,17,21,34,38|7,8,16,26,31,35
2,9,11,33,38,39|7,8,16,26,31,35|13,17,20,25,30,34
2,9,13,14,23,26|3,6,17,21,34,38|10,12,30,33,35,39
2,9,16,23,27,32|3,6,17,21,34,38|7,8,11,26,35,39
2,11,17,33,34,39|7,8,16,26,31,35|9,13,20,25,30,38
2,16,17,31,33,34|7,8,11,26,35,39|9,13,20,25,30,38
2,17,21,22,33,34|7,8,11,26,35,39|9,13,20,25,30,38
3,8,9,21,28,34|7,11,16,25,35,38|17,26,30,32,33,39
2,8,16,17,27,34|3,9,23,26,32,39|7,15,25,28,35,38
2,9,16,25,33,38|7,8,20,26,35,39|15,17,27,28,30,34
2,9,20,33,38,39|7,8,16,25,26,35|15,17,27,28,30,34
2,16,17,25,33,34|3,9,23,26,32,39|7,20,21,28,35,38
2,17,20,33,34,39|7,8,16,25,26,35|9,15,27,28,30,38
2,17,21,28,33,34|3,9,23,26,32,39|7,16,20,25,35,38
3,9,23,26,32,39|7,15,25,28,35,38|16,17,20,27,30,34
1,2,9,23,29,39|6,7,11,21,35,38|13,14,17,20,30,34
1,8,9,17,30,39|2,16,29,31,33,34|6,7,11,21,35,38
2,8,13,14,17,34|6,7,11,21,35,38|9,16,25,30,32,33
2,8,13,25,29,34|6,7,11,21,35,38|9,20,30,32,33,39
2,8,17,34,39,40|6,7,11,21,35,38|9,16,25,30,32,33
2,11,29,33,34,39|6,7,15,31,35,38|8,9,13,14,26,30
2,16,29,31,33,34|6,7,11,21,35,38|8,9,13,14,26,30
2,21,22,29,33,34|6,7,15,31,35,38|8,9,13,14,26,30
3,6,8,9,21,34|7,11,14,16,35,38|26,29,30,32,33,39
3,8,9,14,16,34|6,7,11,21,35,38|26,29,30,32,33,39
1,13,25,30,32,34|2,6,9,21,33,38|3,12,17,23,35,39
2,8,9,13,31,38|3,12,17,23,35,39|14,25,27,29,30,34
2,8,13,17,31,34|6,7,15,25,35,38|9,14,16,26,30,33
2,8,16,27,29,34|3,12,17,23,35,39|6,9,21,26,30,33
2,9,13,23,25,32|3,11,29,34,38,39|6,7,8,21,26,35
2,20,29,33,34,39|6,7,8,21,26,35|9,11,13,25,30,38
3,8,17,32,34,39|6,7,15,25,35,38|9,14,16,26,30,33
2,6,21,29,33,34|7,8,11,32,35,39|9,16,30,31,38,40
2,8,13,29,31,34|6,7,14,15,35,38|9,11,30,32,33,39
2,9,23,32,39,40|6,7,14,15,35,38|11,13,25,29,30,34
2,14,16,29,33,34|6,9,13,22,30,38|7,8,11,32,35,39
2,12,14,18,34,39|3,6,8,21,27,35|7,9,15,16,28,32
2,12,15,18,21,34|3,6,28,33,35,39|7,9,14,16,25,32
2,12,19,31,34,39|3,6,8,21,27,35|7,9,14,16,25,32
3,15,16,28,33,35|6,7,9,21,25,32|12,17,27,29,30,39
1,2,8,9,13,16|3,12,14,33,35,39|15,18,21,26,30,32
1,2,13,16,29,38|3,8,9,14,17,39|15,18,21,26,30,32
1,6,7,22,35,39|2,11,15,18,21,34|16,17,27,29,30,31
1,7,11,15,21,35|2,6,18,22,34,39|16,17,27,29,30,31
1,7,14,16,31,35|2,6,18,22,34,39|3,8,9,15,17,21
1,7,14,21,22,35|2,6,19,28,34,39|16,17,27,29,30,31
1,7,15,16,22,35|2,6,18,21,31,34|3,8,9,14,17,39
1,9,13,15,28,30|2,6,18,21,31,34|3,12,14,33,35,39
1,9,13,16,20,30|2,6,18,21,31,34|3,12,14,33,35,39
1,13,16,26,29,30|2,6,18,21,31,34|3,8,9,14,17,39
2,13,14,25,34,40|3,8,9,15,17,21|19,26,30,31,32,39
2,13,16,20,34,40|3,8,9,14,17,39|15,18,21,26,30,32
2,17,29,31,33,39|3,11,13,16,32,34|9,10,15,21,30,40
2,12,18,31,34,39|3,8,21,22,27,35|6,7,9,15,16,26
2,12,19,25,34,39|3,8,16,27,31,35|6,7,9,14,21,26
1,2,9,14,33,39|3,13,15,28,32,34|16,17,25,27,29,30
1,2,9,15,21,33|3,13,14,25,32,34|17,20,27,29,30,39
1,6,7,21,25,35|2,8,17,27,29,39|3,13,15,28,32,34
1,7,11,31,35,39|2,6,18,21,25,34|9,10,13,15,22,30
1,7,14,16,25,35|2,6,18,28,34,39|9,10,13,15,22,30
1,7,14,20,35,39|2,6,18,21,25,34|9,10,11,13,16,30
1,7,14,21,28,35|2,8,17,27,29,39|3,13,16,20,32,34
1,7,15,16,28,35|2,6,18,21,25,34|3,8,9,17,31,39
1,7,15,20,21,35|2,6,18,28,34,39|9,10,11,13,16,30
1,7,21,22,31,35|2,6,18,28,34,39|9,10,11,13,16,30
1,9,14,16,27,30|2,6,18,21,25,34|3,12,31,33,35,39
2,8,17,27,29,39|3,13,14,25,32,34|6,7,10,15,16,35
2,11,18,31,34,39|6,7,10,14,21,35|16,17,25,27,29,30
2,13,25,31,34,40|6,7,10,14,21,35|17,20,27,29,30,39
2,14,18,20,34,39|6,7,10,15,16,35|17,21,27,28,29,30
2,14,18,21,28,34|3,8,9,17,31,39|6,7,10,15,16,35
2,15,16,18,28,34|3,8,9,17,31,39|6,7,10,14,21,35
2,16,19,25,31,34|6,7,10,14,21,35|17,20,27,29,30,39
2,17,25,29,33,39|3,13,15,28,32,34|6,7,10,14,21,35
2,18,21,22,31,34|6,7,10,15,16,35|17,20,27,29,30,39
2,18,31,32,38,39|6,7,10,14,21,35|16,17,25,27,29,30
2,19,20,31,34,39|6,7,10,14,21,35|16,17,25,27,29,30
2,19,21,22,25,34|3,8,9,17,31,39|6,7,10,15,16,35
2,19,21,28,31,34|6,7,10,15,16,35|17,20,27,29,30,39
2,19,22,28,34,39|6,7,10,14,21,35|16,17,25,27,29,30
3,13,14,25,32,34|6,7,10,15,16,35|17,20,27,29,30,39
3,13,15,28,32,34|6,7,10,14,21,35|16,17,25,27,29,30
2,12,13,16,34,40|3,6,21,31,33,35|7,9,11,14,32,39
2,12,14,19,34,39|3,6,21,31,33,35|7,9,15,16,22,32
2,12,15,19,21,34|3,6,22,33,35,39|7,9,14,16,31,32
1,6,7,14,21,35|2,11,13,16,34,40|3,8,9,29,31,39
1,6,7,15,16,35|2,11,14,19,34,39|13,17,25,29,30,31
1,9,30,31,39,40|2,6,14,18,21,34|3,8,12,13,16,35
1,13,16,17,30,32|2,6,14,18,21,34|3,8,9,29,31,39
2,6,14,18,21,34|3,8,9,29,31,39|13,16,26,30,32,40
2,11,13,16,34,40|3,8,9,29,31,39|15,19,21,26,30,32
2,11,14,19,34,39|3,8,12,13,16,35|6,17,21,27,29,30
2,11,15,19,21,34|3,8,9,29,31,39|13,16,26,30,32,40
2,14,19,21,22,34|3,8,9,29,31,39|13,16,26,30,32,40
2,14,19,32,38,39|3,8,12,13,16,35|6,17,21,27,29,30
2,15,17,21,29,33|3,8,12,13,16,35|14,19,26,30,32,39
2,12,13,14,27,34|3,20,25,33,35,39|6,7,9,21,26,31
2,12,18,25,34,39|3,8,21,27,28,35|7,9,14,16,26,31
2,12,27,34,39,40|3,21,25,28,33,35|7,9,14,16,26,31
1,2,9,31,33,39|3,6,13,15,26,34|7,10,14,21,22,35
1,2,13,16,17,38|3,6,21,27,32,34|7,10,11,14,35,39
1,3,9,14,38,39|2,6,13,22,27,34|7,10,11,15,21,35
1,3,9,15,21,38|2,6,13,22,27,34|7,10,11,14,35,39
1,3,15,17,21,34|2,8,9,10,13,16|18,25,26,30,32,39
1,7,21,22,25,35|2,8,9,10,13,16|3,14,26,34,39,40
1,7,21,28,31,35|2,6,13,22,27,34|3,8,9,17,25,39
1,7,22,28,35,39|2,8,9,10,13,16|3,6,21,27,32,34
1,9,11,27,30,39|2,10,13,16,29,38|3,15,21,26,34,40
1,9,16,27,30,31|2,11,18,25,34,39|7,10,14,21,22,35
1,9,21,22,27,30|2,10,13,16,29,38|3,12,25,33,35,39
1,13,16,17,26,30|2,11,18,25,34,39|6,7,10,21,31,35
1,17,27,30,32,39|2,8,9,10,13,16|3,15,21,26,34,40
2,6,13,22,27,34|3,8,9,17,25,39|7,10,11,15,21,35
2,11,13,14,27,34|3,8,9,17,25,39|6,7,10,21,31,35
2,11,18,25,34,39|6,7,10,21,31,35|13,14,26,27,30,32
2,13,14,27,32,38|3,8,9,17,25,39|6,7,10,21,31,35
2,13,16,26,32,33|3,8,9,17,25,39|6,7,10,21,31,35
2,13,16,26,38,40|3,6,21,27,32,34|7,10,11,14,35,39
2,14,19,26,38,39|3,6,21,27,32,34|7,10,15,16,22,35
2,15,19,21,26,38|3,8,9,17,25,39|7,10,14,16,31,35
2,16,18,25,31,34|3,8,12,27,35,39|9,10,13,15,28,30
2,16,27,31,34,40|3,8,9,17,25,39|7,10,11,15,21,35
2,18,20,31,34,39|7,10,11,15,21,35|13,14,26,27,30,32
2,18,21,22,25,34|3,8,12,27,35,39|9,10,13,15,28,30
2,18,21,28,31,34|3,8,9,17,25,39|7,10,15,16,22,35|13,14,26,27,30,32
2,18,22,28,34,39|6,7,10,21,31,35|13,14,26,27,30,32
2,18,25,32,38,39|3,6,13,15,26,34|7,10,14,16,31,35
2,19,20,25,34,39|6,7,10,21,31,35|13,14,26,27,30,32
2,19,21,25,28,34|3,8,12,27,35,39|9,10,13,16,20,30
2,21,22,27,34,40|3,8,9,17,25,39|7,10,14,16,31,35
2,27,32,38,39,40|3,6,13,15,26,34|7,10,14,16,31,35
3,8,9,17,25,39|6,7,10,21,31,35|13,14,26,27,30,32
3,17,25,29,38,39|6,7,10,21,31,35|13,14,26,27,30,32
1,2,8,9,27,39|3,11,13,16,26,34|6,7,10,21,25,35
1,2,9,25,33,39|3,11,13,16,26,34|7,10,14,21,28,35
1,2,27,29,38,39|3,11,13,16,26,34|6,7,10,21,25,35
1,3,9,31,38,39|2,6,13,27,28,34|7,10,14,16,25,35
1,7,21,25,28,35|2,9,10,14,33,39|3,11,13,16,26,34
1,9,16,25,27,30|2,14,18,26,38,39|7,10,15,20,21,35
1,9,20,27,30,39|2,15,18,21,26,38|7,10,14,16,25,35
2,14,18,26,38,39|3,16,27,31,32,34|6,7,10,21,25,35
2,18,20,25,34,39|3,13,16,26,32,38|6,9,10,21,27,30
2,18,21,25,28,34|3,13,16,26,32,38|7,10,11,31,35,39
2,19,26,31,38,39|3,21,22,27,32,34|7,10,14,16,25,35
2,20,27,34,39,40|3,13,16,26,32,38|6,7,10,21,25,35
2,21,27,28,34,40|3,13,16,26,32,38|7,10,11,31,35,39
1,2,3,12,35,39|6,9,13,22,26,38|10,16,17,29,31,34
1,12,13,25,35,38|2,3,9,20,32,39|6,15,26,27,29,34
2,3,9,16,25,32|6,13,17,22,26,34|10,12,35,38,39,40
2,3,9,21,28,32|6,13,17,22,26,34|10,12,35,38,39,40
1,12,13,31,35,38|2,3,9,11,32,39|6,10,17,21,29,34
2,3,9,21,22,32|6,13,26,28,29,34|8,12,16,17,27,35
6,9,11,15,27,34|12,16,17,25,33,35|13,26,29,31,32,38
6,9,14,22,27,34|12,16,17,25,33,35|13,26,29,31,32,38
9,15,25,28,34,40|12,17,20,33,35,39|13,26,29,31,32,38
9,16,20,25,34,40|12,17,21,28,33,35|13,26,29,31,32,38
9,20,21,28,34,40|12,16,17,25,33,35|13,26,29,31,32,38
1,12,16,27,35,38|2,3,6,9,21,26|10,17,20,29,34,39
2,3,6,9,21,26|10,12,13,31,35,38|14,17,25,27,32,34
2,3,9,14,16,26|10,12,13,31,35,38|15,17,27,28,32,34
1,12,13,14,35,38|2,3,6,9,21,32|11,26,29,34,39,40
1,12,35,38,39,40|2,3,6,9,21,32|11,13,14,26,29,34
2,3,6,9,21,32|8,12,13,17,25,35|11,26,29,34,39,40
2,3,9,14,16,32|6,13,22,26,29,34|11,12,17,33,35,39
6,9,11,13,28,34|12,16,17,31,33,35|26,29,32,38,39,40
6,9,13,28,32,38|11,12,17,33,35,39|16,26,29,31,34,40
6,13,22,26,29,34|9,16,25,32,38,40|11,12,17,33,35,39
9,11,13,14,20,34|12,16,17,31,33,35|26,29,32,38,39,40
9,11,16,25,34,40|12,17,21,22,33,35|13,14,26,29,32,38
9,11,20,34,39,40|12,16,17,31,33,35|13,14,26,29,32,38
9,11,21,28,34,40|12,16,17,31,33,35|13,14,26,29,32,38
9,13,14,20,32,38|11,12,17,33,35,39|16,26,29,31,34,40
9,15,22,25,34,40|11,12,17,33,35,39|13,14,26,29,32,38
9,15,28,31,34,40|11,12,17,33,35,39|13,14,26,29,32,38
9,16,20,31,34,40|11,12,17,33,35,39|13,14,26,29,32,38
9,16,22,28,34,40|11,12,17,33,35,39|13,14,26,29,32,38
9,20,21,22,34,40|11,12,17,33,35,39|13,14,26,29,32,38
9,20,32,38,39,40|11,13,14,26,29,34|12,16,17,31,33,35
2,3,8,9,21,38|6,13,17,23,26,34|7,25,28,30,31,35
2,3,8,17,21,34|6,9,13,23,26,38|7,25,28,30,31,35
2,7,8,14,15,35|3,11,21,29,30,34|6,9,13,23,32,38
1,9,21,23,29,38|2,7,8,15,31,35|3,6,16,17,30,34
1,17,21,23,29,34|2,7,8,15,31,35|3,6,9,16,30,38
2,3,8,21,29,34|6,7,25,30,31,35|9,13,22,23,32,38
2,7,8,11,21,35|3,6,9,16,30,38|13,17,22,23,32,34
2,7,8,15,31,35|3,6,9,16,30,38|13,17,22,23,32,34
2,7,8,16,22,35|3,9,14,15,30,38|6,13,23,26,29,34
6,13,23,26,29,34|7,11,15,25,30,35|8,9,21,32,33,38
2,3,9,21,23,32|6,16,17,33,34,38|7,14,25,28,30,35
2,7,8,15,25,35|3,9,11,21,30,38|13,17,23,28,32,34
2,7,8,16,28,35|3,9,11,21,30,38|13,22,23,26,29,34
2,7,8,20,21,35|3,9,15,30,31,38|13,17,23,28,32,34
1,2,8,9,17,39|3,6,21,26,29,34|7,15,25,28,32,35
1,2,12,33,35,39|3,6,9,15,25,34|13,17,26,30,31,32
1,2,13,31,32,34|6,7,11,21,26,35|9,10,14,16,17,30
1,2,17,29,38,39|3,6,9,15,25,34|7,11,14,16,26,35
1,9,16,17,25,30|2,13,14,26,29,38|7,20,21,28,32,35
1,9,17,20,30,39|2,11,16,27,29,34|6,7,15,26,31,35
1,9,17,21,28,30|2,11,16,27,29,34|6,7,15,26,31,35
1,12,16,27,30,35|2,6,9,13,28,38|3,11,17,32,34,39
1,17,26,29,30,39|2,6,9,13,28,38|7,16,20,25,32,35
2,6,9,13,28,38|3,11,17,32,34,39|7,14,15,22,26,35
2,6,13,17,28,34|3,9,11,32,38,39|7,14,15,22,26,35
2,8,9,10,29,39|3,16,17,31,32,34|6,7,11,21,26,35
2,8,9,16,27,32|3,6,21,26,29,34|10,12,13,30,31,35
2,9,11,13,31,38|3,6,21,26,29,34|7,15,25,28,32,35
2,9,13,14,20,38|3,6,21,26,29,34|7,15,25,28,32,35
2,9,16,25,32,33|3,6,21,26,29,34|10,12,13,30,31,35
2,9,16,25,38,40|3,6,21,26,29,34|10,12,13,30,31,35
2,9,20,32,33,39|3,6,21,26,29,34|10,12,13,30,31,35
2,9,20,38,39,40|3,6,21,26,29,34|7,15,25,28,32,35
2,9,21,28,32,33|3,14,16,26,29,34|10,12,13,30,31,35
2,9,21,28,38,40|3,11,17,32,34,39|6,7,15,26,31,35
2,11,16,27,29,34|3,9,21,22,32,38|6,7,15,26,31,35
2,13,14,17,20,34|3,9,11,32,38,39|6,7,15,26,31,35
2,13,14,26,29,38|3,6,9,15,25,34|7,20,21,28,32,35
2,13,17,31,32,38|3,6,9,15,25,34|7,11,14,16,26,35
2,13,20,25,29,34|3,9,11,32,38,39|6,7,15,26,31,35
2,14,27,29,31,34|3,9,11,32,38,39|6,7,16,22,26,35
2,15,22,27,29,34|3,9,11,32,38,39|10,12,13,30,31,35
2,16,17,25,34,40|3,9,11,32,38,39|6,7,15,26,31,35
2,16,27,29,32,38|3,6,9,15,25,34|10,12,13,30,31,35
2,17,20,34,39,40|3,9,16,31,32,38|6,7,11,21,26,35
2,17,21,28,34,40|3,9,11,32,38,39|6,7,15,26,31,35
2,26,29,32,33,39|3,6,9,15,25,34|10,12,13,30,31,35
2,26,29,38,39,40|3,6,9,15,25,34|7,20,21,28,32,35
3,6,21,26,29,34|7,15,25,28,32,35|9,10,14,16,17,30
3,11,17,32,34,39|6,7,15,26,31,35|9,10,16,25,29,30
3,14,16,26,29,34|6,9,10,17,21,30|7,15,25,28,32,35
3,16,17,31,32,34|6,7,11,21,26,35|9,10,20,29,30,39
3,17,21,22,32,34|6,7,15,26,31,35|9,10,16,25,29,30
1,2,13,25,32,34|6,7,16,26,28,35|9,10,11,17,30,39
1,9,10,30,32,39|2,6,15,17,27,34|7,11,16,26,31,35
2,6,9,15,27,38|3,11,26,29,34,39|10,12,13,25,30,35
2,6,15,17,27,34|3,8,9,26,32,39|10,12,13,25,30,35
2,9,14,16,26,33|3,17,20,32,34,39|10,12,13,25,30,35
2,13,17,25,32,38|3,9,11,20,34,39|6,7,16,26,28,35
2,15,27,28,29,34|3,8,9,26,32,39|10,12,13,25,30,35
2,16,20,27,29,34|3,8,9,26,32,39|10,12,13,25,30,35
2,9,13,20,25,38|3,6,17,21,26,34|10,12,16,27,30,35
2,10,17,29,38,39|3,9,15,25,28,34|7,16,20,26,31,35
2,13,14,17,26,38|3,9,15,25,28,34|10,12,16,27,30,35
2,13,17,20,25,34|3,6,9,21,26,38|10,12,16,27,30,35
2,13,25,26,29,38|3,9,20,21,28,34|10,12,16,27,30,35
2,16,17,27,32,38|3,9,15,25,28,34|7,11,20,26,35,39
2,17,26,32,33,39|3,9,15,25,28,34|10,12,16,27,30,35
2,17,26,38,39,40|3,9,15,25,28,34|10,12,16,27,30,35
1,6,9,17,21,30|2,11,13,29,31,34|7,14,15,28,32,35
1,9,14,16,17,30|2,6,13,28,29,34|7,11,21,22,32,35
1,9,16,25,29,30|2,6,17,21,34,40|7,14,15,28,32,35
1,9,20,29,30,39|2,6,17,21,34,40|7,11,16,31,32,35
1,9,21,28,29,30|2,14,16,17,34,40|6,7,15,25,32,35
2,11,13,29,31,34|6,7,15,25,32,35|9,14,16,26,30,40
1,2,13,14,32,34|3,8,12,17,35,39|9,10,16,29,30,31
1,2,32,34,39,40|6,7,14,15,26,35|9,10,16,29,30,31
1,9,11,17,30,39|2,6,15,27,29,34|7,14,25,31,32,35
1,9,16,17,30,31|2,6,15,27,29,34|7,11,20,32,35,39
1,9,17,21,22,30|2,6,15,27,29,34|7,11,16,25,32,35
1,12,13,25,30,35|2,6,15,27,29,34|3,9,14,16,32,38
2,6,13,17,22,34|3,9,14,16,32,38|10,12,30,35,39,40
2,6,15,27,29,34|3,8,12,17,35,39|9,11,13,14,26,30
2,9,11,13,14,38|3,6,17,21,32,34|10,12,30,35,39,40
2,9,11,38,39,40|3,6,17,21,32,34|10,12,13,14,30,35
2,9,16,31,38,40|3,6,17,21,32,34|10,12,13,14,30,35
2,9,21,22,38,40|3,8,12,17,35,39|13,25,26,29,30,32
2,11,13,14,17,34|3,6,9,21,32,38|10,12,30,35,39,40
2,11,13,25,29,34|3,6,9,21,32,38|10,12,30,35,39,40
2,11,17,34,39,40|3,6,9,21,32,38|10,12,13,14,30,35
2,13,14,17,32,38|3,6,9,11,21,34|10,12,30,35,39,40
2,13,20,29,31,34|3,6,9,21,32,38|10,12,30,35,39,40
2,13,22,28,29,34|3,6,9,21,32,38|10,12,30,35,39,40
2,13,25,29,32,38|3,6,9,11,21,34|10,12,30,35,39,40
2,16,17,31,34,40|3,6,9,21,32,38|10,12,13,14,30,35
2,17,32,38,39,40|3,6,9,11,21,34|10,12,13,14,30,35
1,6,9,13,15,38|2,3,14,17,29,39|16,19,25,31,32,34
1,9,14,38,39,40|2,3,15,17,21,29|12,13,16,20,33,35
1,9,15,21,38,40|2,3,14,17,29,39|12,13,16,20,33,35
1,13,14,25,29,34|6,9,17,21,31,33|8,12,27,35,39,40
1,13,15,28,29,34|6,9,17,21,31,33|8,12,18,25,35,39
1,13,16,20,29,34|6,9,17,21,31,33|8,12,18,25,35,39
1,14,17,34,39,40|8,9,16,27,29,31|12,13,15,28,33,35
1,15,17,21,34,40|8,9,11,27,29,39|12,13,14,25,33,35
1,25,29,34,39,40|6,9,17,21,31,33|8,12,13,14,27,35
2,3,15,17,21,29|6,18,28,32,34,39|8,12,13,14,27,35
6,9,17,21,31,33|8,12,13,14,27,35|11,19,25,32,34,39
6,9,17,22,33,39|8,12,13,14,27,35|10,15,21,29,34,40
6,14,19,21,26,34|8,9,11,27,29,39|12,13,15,28,33,35
6,15,16,19,26,34|8,9,11,27,29,39|12,13,14,25,33,35
6,18,21,25,32,34|8,9,11,27,29,39|12,13,15,28,33,35
8,9,11,27,29,39|12,13,14,25,33,35|15,16,18,28,32,34
8,9,16,27,29,31|11,19,25,32,34,39|12,13,15,28,33,35
8,9,17,25,39,40|12,13,15,28,33,35|18,21,22,31,32,34
8,9,21,22,27,29|11,18,31,32,34,39|12,13,14,25,33,35
8,12,13,14,27,35|9,11,15,17,21,33|16,19,25,31,32,34
8,12,18,25,35,39|9,11,15,17,21,33|14,16,27,32,34,40
8,12,27,35,39,40|9,11,15,17,21,33|14,16,18,25,32,34
12,13,16,20,33,35|14,18,21,28,32,34|17,25,29,38,39,40
12,25,33,35,39,40|13,15,17,28,29,38|18,21,22,31,32,34
1,9,11,13,16,38|2,3,17,29,31,39|6,12,21,27,33,35
1,9,13,14,31,38|6,12,21,27,33,35|11,18,25,32,34,39
1,9,13,15,22,38|2,3,17,29,31,39|6,12,21,27,33,35
1,9,31,38,39,40|6,12,21,27,33,35|10,11,13,16,29,34
1,11,13,16,17,34|6,12,21,27,33,35|14,19,26,32,38,39
1,13,15,17,22,34|6,12,21,27,33,35|14,19,26,32,38,39
1,13,16,17,32,38|6,12,21,27,33,35|10,29,31,34,39,40
1,13,25,29,31,34|6,8,9,17,21,27|14,19,26,32,38,39
1,17,31,34,39,40|6,12,21,27,33,35|8,9,10,13,16,32
2,3,17,29,31,39|6,12,21,27,33,35|8,9,10,13,16,32
6,8,9,17,21,27|10,11,13,16,29,34|14,19,26,32,38,39
6,9,17,21,25,33|8,12,13,27,31,35|11,14,19,26,34,39
6,9,17,28,33,39|8,12,13,27,31,35|11,15,19,21,26,34
6,12,21,27,33,35|8,9,10,13,16,32|11,14,19,26,34,39
6,17,21,27,29,38|8,9,10,13,16,32|11,14,19,26,34,39
8,12,13,27,31,35|9,14,16,17,25,33|11,15,19,21,26,34
9,14,17,20,33,39|10,11,13,16,29,34|15,19,21,26,32,38
9,15,17,20,21,33|10,11,13,16,29,34|14,19,26,32,38,39
9,17,21,22,31,33|10,11,13,16,29,34|14,19,26,32,38,39
10,29,31,34,39,40|12,14,16,27,33,35|15,19,21,26,32,38
11,15,19,21,26,34|12,13,25,31,33,35|14,16,17,27,29,38
12,13,25,31,33,35|14,16,17,27,29,38|18,22,28,32,34,39
6,9,21,29,31,33|8,12,14,18,35,39|11,13,16,32,34,40
6,9,22,29,33,39|8,12,15,18,21,35|11,13,16,32,34,40
6,19,22,32,34,39|8,9,13,14,25,29|12,15,21,33,35,40
8,9,13,16,20,29|11,14,19,32,34,39|12,15,21,33,35,40
1,11,13,16,29,34|6,9,14,17,21,33|8,12,18,31,35,39
1,13,14,29,31,34|6,9,15,16,17,33|8,12,19,25,35,39
1,13,15,22,29,34|6,9,14,17,21,33|8,12,18,31,35,39
1,13,16,29,32,38|6,9,14,17,21,33|8,12,18,31,35,39
6,8,9,21,27,29|11,12,13,16,33,35|14,19,20,32,34,39
6,9,14,17,21,33|8,12,18,31,35,39|13,15,28,32,34,40
6,9,15,16,17,33|8,12,18,31,35,39|13,14,25,32,34,40
6,9,21,25,29,33|8,12,18,31,35,39|13,15,28,32,34,40
6,19,21,25,32,34|8,9,11,13,16,17|12,31,33,35,39,40
8,9,11,13,16,17|12,31,33,35,39,40|14,18,21,22,32,34
8,9,14,16,27,29|11,15,18,21,32,34|12,31,33,35,39,40
8,9,17,31,39,40|11,12,13,16,33,35|14,18,21,22,32,34
8,12,18,31,35,39|9,14,16,25,29,33|13,15,28,32,34,40
8,12,19,25,35,39|9,14,21,28,29,33|13,16,20,32,34,40
11,12,13,16,33,35|14,18,21,22,32,34|17,29,31,38,39,40
11,13,16,17,29,38|12,31,33,35,39,40|14,18,21,22,32,34
12,31,33,35,39,40|13,15,17,22,29,38|14,16,19,25,32,34
1,17,27,32,38,39|2,3,9,10,15,21|16,18,25,26,31,34
1,6,9,21,27,38|2,3,13,16,26,32|10,17,31,34,39,40
1,6,17,21,27,34|2,3,13,16,26,32|9,10,31,38,39,40
1,20,27,29,34,39|2,3,13,16,26,32|9,17,21,25,28,33
1,21,27,28,29,34|2,3,13,16,26,32|9,10,31,38,39,40
2,3,13,16,26,32|6,10,21,27,29,34|9,17,20,25,33,39
9,10,11,13,16,38|12,20,27,33,35,39|14,18,21,26,28,34
9,10,13,14,31,38|11,19,25,26,34,39|12,21,27,28,33,35
9,10,13,15,22,38|11,18,26,31,34,39|12,16,25,27,33,35
9,10,31,32,33,39|14,16,18,25,26,34|17,21,27,28,29,38
9,17,21,25,28,33|10,14,16,27,29,34|18,26,31,32,38,39
10,13,15,17,22,34|12,16,25,27,33,35|18,26,31,32,38,39
10,13,16,17,32,38|11,18,26,31,34,39|12,21,27,28,33,35
1,2,3,9,14,39|6,10,13,15,17,34|12,16,27,31,33,35
1,2,3,9,15,21|6,13,27,28,32,34|17,26,29,31,33,39
1,8,9,13,16,26|2,3,17,25,29,39|12,21,22,27,33,35
1,9,13,14,25,38|6,18,21,26,31,34|11,12,27,33,35,39
1,9,13,15,28,38|2,3,17,25,29,39|6,18,21,26,31,34
1,9,13,16,20,38|2,3,17,25,29,39|6,18,21,26,31,34
1,9,25,38,39,40|6,10,13,15,17,34|12,16,27,31,33,35
1,13,16,26,29,38|8,9,11,17,27,39|18,21,25,28,32,34
1,17,25,34,39,40|6,9,10,13,15,38|12,16,27,31,33,35
2,3,17,25,29,39|6,9,10,13,15,38|12,16,27,31,33,35|14,18,21,22,26,34
6,9,10,13,15,38|11,12,27,33,35,39|14,16,18,26,31,34
8,9,11,17,27,39|10,13,14,25,29,34|15,18,21,26,32,38
8,9,16,17,27,31|10,13,14,25,29,34|15,18,21,26,32,38
8,9,17,21,22,27|10,13,14,25,29,34|19,26,31,32,38,39
8,12,13,25,27,35|9,10,14,32,33,39|11,15,18,21,26,34
9,10,14,32,33,39|11,15,18,21,26,34|16,17,27,29,31,38
9,10,15,21,32,33|11,14,18,26,34,39|16,17,27,29,31,38
9,10,15,21,38,40|11,12,27,33,35,39|14,16,18,26,31,34
9,16,17,25,31,33|10,13,15,28,29,34|14,18,26,32,38,39
9,17,20,31,33,39|10,13,14,25,29,34|15,18,21,26,32,38
9,17,21,22,25,33|10,13,15,28,29,34|14,18,26,32,38,39
9,17,22,28,33,39|10,13,14,25,29,34|15,18,21,26,32,38
10,13,14,25,29,34|11,12,27,33,35,39|15,18,21,26,32,38
10,13,16,20,29,34|11,12,27,33,35,39|15,18,21,26,32,38
10,14,17,34,39,40|12,16,27,31,33,35|15,18,21,26,32,38
10,25,29,34,39,40|12,16,27,31,33,35|15,18,21,26,32,38
1,2,3,6,9,21|8,12,13,20,27,35|10,14,16,17,34,40|11,19,26,32,38,39
1,2,3,9,14,16|6,10,13,28,29,34|11,19,26,32,38,39|12,15,22,27,33,35
1,6,9,13,28,38|2,3,16,17,25,29|11,19,21,22,26,34|12,14,27,31,33,35
1,6,13,17,28,34|8,9,25,27,29,31|11,19,26,32,38,39
1,8,9,10,29,39|6,11,18,21,26,34|12,13,20,25,33,35
1,8,9,13,14,26|2,3,16,17,25,29|12,15,22,27,33,35|18,20,21,28,32,34
1,8,9,16,27,32|2,3,17,20,29,39|6,11,18,21,26,34
1,8,9,26,39,40|2,3,16,17,25,29|12,14,27,31,33,35|18,20,21,28,32,34
1,9,11,13,31,38|2,3,16,17,25,29|6,19,20,21,26,34|12,15,22,27,33,35
1,9,13,14,20,38|2,3,16,17,25,29|6,11,18,21,26,34|12,15,22,27,33,35
1,9,16,25,32,33|2,3,17,20,29,39|6,11,18,21,26,34
1,9,16,25,38,40|2,3,17,20,29,39|6,11,18,21,26,34|12,14,27,31,33,35
1,9,20,32,33,39|2,3,16,17,25,29|6,11,18,21,26,34
1,9,20,38,39,40|2,3,16,17,25,29|6,11,18,21,26,34|12,14,27,31,33,35
1,9,21,28,32,33|2,3,16,17,25,29|6,15,18,26,31,34|8,12,13,20,27,35
1,9,21,28,38,40|2,3,16,17,25,29|6,15,18,26,31,34|8,12,13,20,27,35
1,13,17,31,32,38|6,11,18,21,26,34|12,15,22,27,33,35
1,16,17,25,34,40|6,9,10,21,32,33|8,12,13,20,27,35
1,16,27,29,32,38|6,10,17,21,34,40|12,13,20,25,33,35
1,17,21,28,34,40|8,9,10,13,31,32|11,12,16,27,33,35
1,26,29,32,33,39|6,9,10,21,38,40|8,12,13,20,27,35
1,26,29,38,39,40|6,9,10,21,32,33|8,12,13,20,27,35
2,3,16,17,25,29|6,9,10,21,32,33|8,12,13,20,27,35|14,15,18,22,26,34
2,3,17,20,29,39|6,9,10,21,32,33|11,13,26,31,34,40
2,3,17,21,28,29|6,15,18,26,31,34|8,12,13,20,27,35|9,10,14,16,32,33
6,9,10,21,32,33|8,12,13,20,27,35|11,14,16,18,26,34
6,9,10,21,38,40|8,12,13,20,27,35|11,14,16,18,26,34
6,10,13,28,29,34|8,9,11,16,17,27|19,21,22,26,32,38
6,10,17,21,34,40|8,9,25,27,29,31|11,19,26,32,38,39
6,11,18,21,26,34|8,9,10,13,31,32|12,15,22,27,33,35
6,15,18,26,31,34|8,9,11,16,17,27|12,13,20,25,33,35
6,15,19,25,26,34|8,9,10,13,31,32|11,12,16,27,33,35
6,16,19,26,28,34|8,9,10,13,31,32|12,15,22,27,33,35
6,18,21,26,32,38|8,9,11,16,17,27|10,13,14,20,29,34
6,19,20,21,26,34|8,9,10,13,31,32|11,12,16,27,33,35
8,9,10,13,31,32|11,12,16,27,33,35|14,15,18,22,26,34
8,9,11,16,17,27|10,13,14,20,29,34|19,21,22,26,32,38
8,9,13,17,20,25|10,21,28,29,34,40|11,12,16,27,33,35
8,9,14,17,27,31|10,16,25,29,34,40|11,19,26,32,38,39
8,9,15,17,22,27|10,11,13,29,31,34|14,16,18,26,32,38
8,9,25,27,29,31|10,14,16,17,34,40|11,19,26,32,38,39
8,12,13,20,27,35|9,10,14,16,32,33|11,19,21,22,26,34
9,10,14,16,32,33|11,13,26,31,34,40|15,17,22,27,29,38
9,10,14,16,38,40|11,17,26,29,33,39|15,18,25,28,32,34
9,11,16,17,25,33|10,13,14,20,29,34|19,21,22,26,32,38
9,11,17,20,33,39|10,13,29,31,32,38|14,15,18,22,26,34
9,11,17,21,28,33|10,13,14,20,29,34|16,19,26,31,32,38
9,14,17,25,31,33|10,20,29,34,39,40|19,21,22,26,32,38
9,15,17,22,25,33|10,11,13,29,31,34|14,16,18,26,32,38
9,15,17,28,31,33|10,13,14,20,29,34|11,19,26,32,38,39
9,16,17,20,31,33|10,21,28,29,34,40|11,19,26,32,38,39
9,17,20,21,22,33|10,11,13,29,31,34|14,16,18,26,32,38
10,11,13,29,31,34|12,15,22,27,33,35|14,16,18,26,32,38
10,13,14,20,29,34|11,12,16,27,33,35|19,21,22,26,32,38
10,13,29,31,32,38|11,12,16,27,33,35|14,15,18,22,26,34
10,14,16,17,34,40|11,19,26,32,38,39|12,13,20,25,33,35
10,16,25,29,34,40|11,19,26,32,38,39|12,14,27,31,33,35
10,20,29,34,39,40|11,12,16,27,33,35|19,21,22,26,32,38
11,14,16,18,26,34|12,13,20,25,33,35|15,17,22,27,29,38
11,16,17,27,29,38|12,13,20,25,33,35|14,15,18,22,26,34
11,16,19,26,31,34|12,13,20,25,33,35|15,17,22,27,29,38
11,19,21,22,26,34|12,13,20,25,33,35|14,17,27,29,31,38
1,2,3,9,11,39|6,10,13,17,22,34|12,14,25,27,33,35|16,18,26,31,32,38
1,2,3,9,16,31|6,10,13,17,22,34|11,18,26,32,38,39|12,14,25,27,33,35
1,2,3,9,21,22|6,10,15,27,29,34|11,18,26,32,38,39
1,2,3,17,32,39|6,9,10,13,22,38|11,16,18,26,31,34|12,14,25,27,33,35
1,6,9,15,27,38|2,3,10,29,32,39|11,13,25,26,34,40
1,8,9,13,26,31|2,3,10,29,32,39|12,14,25,27,33,35
1,9,11,13,25,38|2,3,10,29,32,39|6,15,26,27,34,40
1,9,13,20,31,38|2,3,10,29,32,39|6,15,18,25,26,34
1,9,13,22,28,38|2,3,10,29,32,39|6,15,18,25,26,34|12,16,20,27,33,35
1,11,13,17,25,34|2,3,10,29,32,39|12,15,27,28,33,35
1,13,17,20,31,34|2,3,10,29,32,39|12,14,25,27,33,35
1,13,17,22,28,34|2,3,10,29,32,39|12,14,25,27,33,35
1,14,25,27,29,34|2,3,26,32,39,40|6,9,10,13,22,38
1,15,27,28,29,34|2,3,13,14,26,32|9,10,11,38,39,40
1,16,20,27,29,34|2,3,13,14,26,32|9,10,11,38,39,40
2,3,10,29,32,39|6,15,18,25,26,34|8,9,16,17,20,27
2,3,13,14,26,32|6,10,15,27,29,34|9,16,17,20,25,33
2,3,26,32,39,40|6,9,10,13,22,38|12,14,25,27,33,35
6,10,13,17,22,34|11,18,26,32,38,39|12,14,25,27,33,35
6,10,15,27,29,34|9,16,17,20,25,33|11,18,26,32,38,39
6,18,20,21,26,34|8,9,10,13,25,32|12,15,27,28,33,35
8,9,10,13,25,32|11,16,18,26,31,34|12,15,27,28,33,35
8,9,14,17,25,27|10,13,20,29,31,34|11,18,26,32,38,39
8,9,15,17,27,28|10,11,13,25,29,34|16,18,26,31,32,38
8,9,16,17,20,27|10,11,13,25,29,34|18,21,22,26,32,38
9,10,11,13,14,38|12,15,27,28,33,35|16,19,20,26,31,34
9,10,11,32,33,39|13,20,26,31,34,40|14,17,25,27,29,38
9,10,11,38,39,40|12,14,25,27,33,35|15,18,22,26,31,34
9,10,16,31,32,33|11,13,25,26,34,40|15,17,27,28,29,38
9,10,16,31,38,40|11,13,20,27,32,34|17,21,26,28,29,33
9,10,21,22,32,33|11,13,25,26,34,40|15,17,27,28,29,38
9,10,21,22,38,40|11,13,20,27,32,34|16,17,25,26,29,33
9,15,17,25,28,33|10,13,20,29,31,34|11,18,26,32,38,39
9,16,17,20,25,33|10,13,22,28,29,34|11,18,26,32,38,39
9,17,20,21,28,33|10,11,13,25,29,34|16,18,26,31,32,38
10,11,13,14,17,34|12,15,27,28,33,35|16,18,26,31,32,38
10,11,13,25,29,34|12,15,27,28,33,35|16,18,26,31,32,38
10,11,17,34,39,40|12,14,25,27,33,35|16,18,26,31,32,38
10,13,14,17,32,38|11,16,18,26,31,34|12,15,27,28,33,35
10,13,20,29,31,34|11,18,26,32,38,39|12,14,25,27,33,35
10,13,22,28,29,34|11,18,26,32,38,39|12,14,25,27,33,35
10,13,25,29,32,38|11,16,18,26,31,34|12,15,27,28,33,35
10,16,17,31,34,40|11,18,26,32,38,39|12,14,25,27,33,35
10,17,21,22,34,40|11,18,26,32,38,39|12,14,25,27,33,35
10,17,32,38,39,40|11,16,18,26,31,34|12,14,25,27,33,35
1,2,3,9,16,25|6,10,13,17,28,34|18,20,26,32,38,39
1,2,3,9,20,39|6,10,13,17,28,34|12,25,27,31,33,35
1,2,3,9,21,28|10,11,13,17,31,34|16,18,25,26,32,38
1,2,3,26,29,39|6,9,10,13,28,38|12,25,27,31,33,35
1,9,11,16,27,38|2,3,13,26,31,32|10,17,20,34,39,40
1,9,15,22,27,38|2,3,13,26,31,32|10,16,17,25,34,40
1,11,16,17,27,34|2,3,6,9,10,21|18,20,26,32,38,39
1,13,14,17,26,38|2,3,6,9,10,21|12,25,27,31,33,35
1,13,17,20,25,34|2,3,6,9,10,21|16,26,27,32,38,40
1,14,17,27,31,34|2,3,6,9,10,21|16,18,25,26,32,38
1,15,17,22,27,34|2,3,6,9,10,21|16,18,25,26,32,38
1,16,17,27,32,38|2,3,6,9,10,21|11,18,20,26,34,39
1,17,26,38,39,40|2,3,6,9,10,21|12,25,27,31,33,35
1,25,27,29,31,34|2,3,6,9,10,21|18,20,26,32,38,39
2,3,9,10,14,16|11,18,20,26,34,39|12,25,27,31,33,35
6,10,13,17,28,34|12,25,27,31,33,35|18,20,26,32,38,39
10,13,14,17,20,34|12,25,27,31,33,35|18,21,26,28,32,38
10,17,20,34,39,40|12,25,27,31,33,35|18,21,26,28,32,38
10,17,21,28,34,40|12,25,27,31,33,35|18,20,26,32,38,39
1,9,14,25,27,38|2,3,10,17,32,39|18,20,21,26,28,34
1,9,15,27,28,38|2,3,10,17,32,39|16,18,20,25,26,34
1,9,16,20,27,38|2,3,10,17,32,39|15,18,25,26,28,34
1,21,22,29,34,40|6,9,14,15,17,33|8,11,12,18,35,39
6,8,9,13,17,22|11,12,33,35,39,40|14,15,19,28,32,34
6,9,15,25,29,33|8,11,12,18,35,39|13,14,20,32,34,40
6,9,16,28,29,33|8,11,12,18,35,39|13,14,20,32,34,40
6,9,20,21,29,33|8,11,12,18,35,39|14,15,19,28,32,34
6,12,13,22,33,35|8,9,11,17,39,40|14,15,19,28,32,34
6,13,17,22,29,38|8,11,12,18,35,39|14,15,19,28,32,34
6,13,28,32,34,40|8,11,12,18,35,39|9,14,16,20,29,33
6,15,18,31,32,34|8,9,11,13,14,17|12,21,22,33,35,40
6,15,19,25,32,34|8,9,11,13,14,17|12,16,31,33,35,40
6,16,19,28,32,34|8,9,11,13,14,17|12,21,22,33,35,40
6,19,20,21,32,34|8,9,11,13,14,17|12,16,31,33,35,40
8,9,11,13,25,29|12,16,31,33,35,40|14,15,18,22,32,34
8,9,13,20,29,31|11,12,33,35,39,40|14,15,18,22,32,34
8,9,13,22,28,29|11,12,33,35,39,40|14,16,19,20,32,34
8,12,13,25,35,40|9,11,16,29,31,33|14,15,18,22,32,34
8,12,16,18,31,35|9,11,21,22,29,33|13,14,20,32,34,40
8,12,16,19,25,35|9,11,21,22,29,33|13,14,20,32,34,40
8,12,18,21,22,35|9,11,16,29,31,33|13,14,20,32,34,40
8,12,19,20,35,39|9,11,16,29,31,33|14,15,18,22,32,34
8,12,19,21,28,35|9,11,16,29,31,33|13,14,20,32,34,40
6,9,11,21,29,33|8,12,13,31,35,40|14,15,19,22,32,34
6,12,21,33,35,40|8,9,11,13,29,31|14,15,19,22,32,34
1,2,3,29,32,39|6,8,9,15,17,27|11,12,13,25,33,35
1,6,9,13,22,38|2,3,11,17,29,39|14,18,25,31,32,34
1,8,9,13,25,32|2,3,11,17,29,39|6,12,15,27,33,35
1,9,11,13,14,38|2,3,16,17,29,31|6,12,15,27,33,35|18,20,21,22,32,34
1,9,11,32,33,39|2,3,16,17,29,31|6,13,22,26,34,40
1,9,11,38,39,40|2,3,16,17,29,31|6,12,15,27,33,35|18,20,21,22,32,34
1,9,16,31,32,33|2,3,11,17,29,39|6,13,22,26,34,40
1,9,16,31,38,40|2,3,11,17,29,39|6,12,15,27,33,35|18,20,21,22,32,34
1,9,21,22,32,33|2,3,11,17,29,39|6,14,15,18,26,34
1,9,21,22,38,40|2,3,11,17,29,39|6,12,15,27,33,35|14,18,25,31,32,34
1,11,13,14,17,34|6,12,15,27,33,35|8,9,10,32,39,40
1,11,13,25,29,34|6,8,9,15,17,27|14,16,19,26,32,38
1,11,17,34,39,40|6,12,15,27,33,35|8,9,10,13,14,32
1,13,14,17,32,38|6,11,19,21,26,34|8,9,15,27,28,29
1,13,20,29,31,34|6,8,9,15,17,27|14,16,19,26,32,38
1,13,22,28,29,34|6,8,9,15,17,27|14,16,19,26,32,38
1,13,25,29,32,38|6,8,9,15,17,27|11,14,16,19,26,34
1,16,17,31,34,40|6,12,15,27,33,35|8,9,10,13,14,32
1,17,21,22,34,40|6,12,15,27,33,35|8,9,10,13,14,32
2,3,11,17,29,39|6,12,15,27,33,35|8,9,10,13,14,32
2,3,16,17,29,31|6,11,19,21,26,34|8,9,10,13,14,32
2,3,17,21,22,29|6,12,15,27,33,35|8,9,10,13,14,32
6,9,15,17,25,33|8,11,12,13,27,35|10,16,29,31,34,40
6,9,16,17,28,33|8,11,12,13,27,35|10,21,22,29,34,40
6,9,17,20,21,33|8,11,12,13,27,35|10,16,29,31,34,40
6,14,15,18,26,34|8,9,10,32,39,40|11,12,13,25,33,35
6,19,21,26,32,38|8,9,11,13,17,25|10,16,29,31,34,40
8,9,10,32,39,40|11,12,13,25,33,35|14,15,19,22,26,34
8,9,13,17,20,31|10,11,29,34,39,40|14,16,19,26,32,38
8,9,13,17,22,28|10,11,29,34,39,40|14,16,19,26,32,38
