2,8,10,13,19,31|3,11,16,27,29,33|7,12,18,20,32,39
2,8,10,18,39,40|3,6,13,17,28,33|7,12,14,16,19,26
2,10,13,14,33,40|3,8,16,17,18,25|6,7,12,19,21,26
2,10,14,16,19,33|3,8,13,20,27,29|7,12,18,21,28,32
3,8,13,20,27,29|6,7,12,19,21,26|10,16,18,25,30,40
3,8,16,17,27,40|6,7,12,19,21,26|10,11,13,18,30,31
3,8,17,18,21,28|6,10,15,19,27,30|7,12,13,14,26,40
3,11,13,17,31,33|6,7,12,19,21,26|10,16,18,25,30,40
3,11,16,27,29,33|6,7,12,19,21,26|10,13,14,18,20,30
3,13,14,17,20,33|6,7,12,19,21,26|10,16,18,25,30,40
3,14,27,29,31,33|6,7,12,19,21,26|10,16,18,25,30,40
3,15,22,27,29,33|6,7,12,19,21,26|10,11,13,18,30,31
3,16,17,25,33,40|6,7,12,19,21,26|10,11,13,18,30,31
3,17,20,33,39,40|6,7,12,19,21,26|10,11,13,18,30,31
3,17,21,28,33,40|6,10,15,19,27,30|7,12,16,18,25,32
1,2,6,19,21,33|3,8,13,17,31,40|7,12,14,16,18,32
1,2,8,13,14,18|3,6,17,21,33,40|7,11,12,19,32,39
1,2,8,13,19,31|3,6,17,21,33,40|7,12,14,16,18,32
1,2,8,18,39,40|3,6,13,28,29,33|7,12,16,19,31,32
1,2,13,14,33,40|3,6,8,17,18,21|7,11,12,19,32,39
1,2,14,16,19,33|3,6,8,17,18,21|7,12,13,31,32,40
1,6,15,19,27,30|3,8,13,17,31,40|7,12,14,16,18,32
1,7,12,13,14,29|3,6,8,17,18,21|10,11,19,30,39,40
1,7,12,29,39,40|3,6,8,17,18,21|10,11,13,14,19,30
1,13,14,18,20,30|3,6,17,21,33,40|7,11,12,19,32,39
1,16,18,25,30,40|3,6,13,28,29,33|7,11,12,19,32,39
1,18,20,30,39,40|3,6,13,28,29,33|7,12,16,19,31,32
3,6,13,28,29,33|7,11,12,19,32,39|10,14,16,18,30,40
3,8,16,27,29,40|6,7,12,18,21,32|10,11,13,14,19,30
3,13,14,20,29,33|6,7,12,18,21,32|10,11,19,30,39,40
3,16,25,29,33,40|6,7,12,18,21,32|10,11,13,14,19,30
3,20,29,33,39,40|6,7,12,18,21,32|10,11,13,14,19,30
3,21,28,29,33,40|6,10,13,19,22,30|7,12,14,16,18,32
1,2,8,16,18,27|3,6,10,19,21,38|7,12,13,26,31,40
1,2,16,18,25,33|3,6,10,19,21,38|7,11,12,13,27,32
1,2,18,20,33,39|3,6,10,19,21,38|7,11,12,13,27,32
1,2,18,21,28,33|3,8,11,13,17,27|7,12,16,19,26,31
1,3,8,13,27,32|2,6,10,18,21,33|7,11,12,19,26,39
1,3,8,19,26,39|2,6,10,18,21,33|7,11,12,13,27,32
1,3,13,25,32,33|6,7,12,18,21,26|10,11,16,19,27,30
1,3,13,25,38,40|2,6,10,18,21,33|7,11,12,19,26,39
1,3,16,19,25,38|2,6,10,18,21,33|7,11,12,13,27,32
1,3,19,20,38,39|2,6,10,18,21,33|7,11,12,13,27,32
1,14,18,25,27,30|2,10,11,19,33,39|7,12,13,26,31,40
2,6,10,18,21,33|3,8,11,13,17,27|7,12,16,19,26,31
2,8,10,13,18,31|3,6,15,17,27,33|7,11,12,19,26,39
2,8,10,13,19,25|3,6,15,17,27,33|7,12,14,16,18,26
2,10,14,16,18,33|3,8,11,13,17,27|7,12,19,21,22,26
2,10,16,19,31,33|3,8,11,13,17,27|6,7,12,18,21,26
2,10,19,21,22,33|3,8,11,13,17,27|7,12,14,16,18,26
3,11,13,17,25,33|6,7,12,18,21,26|10,14,19,27,30,31
3,13,17,20,31,33|6,7,12,18,21,26|10,11,16,19,27,30
3,13,17,22,28,33|6,7,12,18,21,26|10,11,16,19,27,30
3,15,27,28,29,33|6,7,12,18,21,26|10,13,19,20,25,30
1,2,11,13,27,33|3,6,10,18,21,38|7,12,16,19,25,26
1,3,16,18,25,38|2,8,10,13,27,40|7,12,19,20,26,39
1,3,16,27,32,33|2,8,10,13,18,25|7,12,19,20,26,39
1,3,16,27,38,40|2,8,10,13,18,25|7,12,19,20,26,39
1,3,18,20,38,39|2,8,10,13,27,40|7,12,16,19,25,26
1,3,18,21,28,38|2,8,10,13,27,40|7,12,16,19,25,26
2,8,10,13,18,25|3,11,16,17,27,33|7,12,19,20,26,39
2,8,10,16,19,27|3,13,17,20,25,33|7,11,12,18,26,39
2,10,11,18,33,39|3,8,13,17,20,27|7,12,16,19,25,26
2,10,16,18,31,33|3,8,13,17,20,27|7,12,19,21,26,28
2,10,16,19,25,33|3,8,13,17,20,27|7,11,12,18,26,39
2,10,18,21,22,33|3,8,13,17,20,27|7,12,16,19,25,26
2,10,19,21,28,33|3,8,13,17,20,27|7,11,12,18,26,39
3,13,17,20,25,33|7,11,12,18,26,39|10,15,19,27,28,30
2,6,17,19,21,33|3,8,9,13,31,40|11,16,18,27,29,30
2,8,13,14,17,18|3,6,9,21,33,40|15,19,27,28,29,30
2,8,13,17,19,31|3,6,9,21,33,40|11,16,18,27,29,30
2,8,16,19,27,29|3,6,9,21,33,40|11,13,17,18,30,31
2,11,18,29,33,39|3,8,9,13,31,40|6,15,17,19,27,30
2,13,14,17,33,40|3,6,8,9,18,21|15,19,27,28,29,30
2,14,16,17,19,33|3,6,8,9,18,21|13,20,27,29,30,40
3,6,8,9,18,21|7,12,13,14,17,29|10,19,30,32,39,40
1,2,19,32,33,39|3,8,9,13,25,40|6,15,17,18,27,30
1,2,19,38,39,40|3,6,9,13,22,33|14,18,25,27,29,30
1,3,13,14,34,40|2,6,17,18,21,33|19,25,27,29,30,31
1,10,19,29,30,39|2,6,17,18,21,33|3,8,9,13,25,40
1,13,27,30,32,40|2,6,17,18,21,33|3,8,9,16,19,25
1,16,19,27,30,32|2,6,17,18,21,33|3,8,9,13,25,40
1,19,26,30,39,40|2,6,17,18,21,33|3,8,13,27,29,32
2,8,13,17,19,25|3,9,11,33,39,40|15,18,27,28,29,30
2,11,17,19,33,39|3,8,9,13,25,40|15,18,27,28,29,30
2,16,27,29,33,40|3,6,17,19,21,38|10,13,14,18,30,32
2,18,21,28,29,33|3,8,9,13,25,40|11,16,17,19,27,30
1,2,18,32,33,39|3,8,9,16,27,40|7,12,13,17,25,29
1,2,18,38,39,40|3,6,9,13,28,33|14,17,19,25,27,30
1,7,9,12,13,14|2,8,16,17,19,27|3,18,20,29,38,39
1,7,9,12,39,40|2,8,13,17,18,25|3,16,27,29,32,33
1,13,14,18,26,30|2,8,16,17,19,27|3,9,20,33,39,40
1,13,19,26,30,31|2,11,17,18,33,39|3,8,9,16,27,40
1,18,26,30,39,40|2,8,16,17,19,27|3,6,9,13,28,33
2,11,17,18,33,39|3,8,9,16,27,40|10,13,19,25,30,32
2,17,18,21,22,33|3,8,9,16,27,40|10,13,19,25,30,32
1,2,13,18,31,38|3,6,9,15,27,33|7,12,19,26,32,39
1,3,11,18,34,39|2,10,13,14,19,38|7,12,16,17,27,29
1,3,13,25,34,40|2,8,16,17,18,27|7,12,19,26,32,39
1,3,18,21,22,34|2,10,13,14,19,38|7,12,16,17,27,29
1,7,9,12,13,31|2,8,16,17,18,27|3,6,10,19,21,34
1,13,18,26,30,31|2,10,19,32,33,39|7,12,16,17,27,29
2,17,18,21,28,33|3,8,9,11,13,27|7,12,19,26,32,39
3,9,11,13,25,33|7,12,16,17,27,29|10,19,26,30,39,40
3,9,13,20,31,33|7,12,16,17,27,29|10,19,26,30,39,40
3,9,13,22,28,33|7,12,16,17,27,29|10,19,26,30,39,40
1,7,9,12,13,25|2,10,18,32,33,39|3,16,17,27,38,40
1,8,9,10,18,39|2,3,13,20,27,29|16,17,19,25,26,33
1,11,16,18,27,34|2,3,10,19,32,39|13,17,25,26,33,40
1,13,14,18,26,38|2,3,10,19,32,39|9,25,27,31,33,40
1,13,20,27,34,40|2,3,10,19,32,39|16,17,18,26,31,33
1,14,18,27,31,34|2,3,10,19,32,39|13,17,25,26,33,40
1,15,18,22,27,34|2,3,10,19,32,39|13,17,25,26,33,40
2,3,13,20,27,29|10,16,18,25,34,40|17,19,21,26,28,33
1,2,3,18,32,39|6,10,13,19,28,34|9,14,25,27,33,40
1,8,9,10,19,39|2,3,11,13,27,29|6,17,18,21,26,33
1,10,19,29,38,39|2,3,13,17,25,40|8,9,15,18,27,28
1,11,13,18,25,34|2,3,17,19,20,39|9,15,27,28,33,40
1,11,16,19,27,34|2,3,13,17,25,40|9,18,20,21,28,33
1,13,14,19,26,38|2,3,11,17,18,39|9,15,27,28,33,40
1,13,18,20,31,34|2,3,16,17,19,25|9,15,27,28,33,40
1,13,18,25,32,38|2,3,17,19,20,39|9,15,27,28,33,40
1,13,19,20,25,34|2,3,11,17,18,39|9,15,27,28,33,40
1,19,26,32,33,39|2,3,11,13,27,29|10,16,18,31,34,40
1,19,26,38,39,40|2,3,11,13,27,29|9,15,18,25,28,33
2,3,11,13,27,29|6,17,18,21,26,33|10,16,19,25,34,40
2,3,11,17,18,39|6,10,13,19,28,34|9,14,25,27,33,40
2,3,16,17,18,31|6,10,13,19,28,34|9,14,25,27,33,40
2,3,16,17,19,25|6,10,13,18,22,34|9,15,27,28,33,40
2,3,17,18,21,22|6,10,13,19,28,34|9,14,25,27,33,40
2,3,17,19,20,39|6,10,13,18,22,34|9,14,25,27,33,40
2,3,17,19,21,28|6,10,13,18,22,34|9,14,25,27,33,40
2,3,13,29,31,40|6,8,9,15,19,27|14,16,17,18,32,33
2,3,14,16,18,29|6,8,9,15,19,27|13,17,31,32,33,40
1,11,13,19,31,34|2,3,18,21,22,29|6,9,15,27,33,40
1,13,14,19,20,34|2,3,11,18,29,39|6,9,15,27,33,40
1,13,17,29,31,33|6,8,9,15,18,27|10,14,16,19,34,40
1,13,19,31,32,38|2,3,11,18,29,39|6,9,15,27,33,40
1,16,18,31,34,40|2,3,6,17,19,21|11,13,27,29,32,33
1,18,21,22,34,40|2,3,14,16,17,19|11,13,27,29,32,33
2,3,11,18,29,39|6,9,15,27,33,40|8,13,14,17,19,26
2,3,13,14,17,40|6,8,9,15,18,27|11,19,26,29,33,39
2,3,13,25,29,40|6,8,9,15,18,27|17,19,20,32,33,39
2,3,14,16,17,19|6,8,9,15,18,27|13,26,29,31,33,40
2,3,16,18,29,31|6,9,15,27,33,40|8,13,14,17,19,26
2,3,18,21,22,29|6,9,15,27,33,40|8,13,14,17,19,26
2,3,19,20,29,39|6,8,9,15,18,27|13,17,25,32,33,40
2,3,19,21,28,29|6,8,9,15,18,27|13,17,25,32,33,40
1,6,13,18,28,34|2,3,11,17,19,39|9,14,27,31,33,40
1,6,15,19,27,34|2,3,13,17,31,40|9,11,16,18,25,33
1,8,13,17,27,29|6,10,18,21,34,40|9,15,19,25,28,33
1,11,13,18,31,34|2,3,16,27,29,40|6,17,19,21,26,33
1,11,13,19,25,34|2,3,6,17,18,21|9,14,27,31,33,40
1,13,14,18,20,34|2,3,11,17,19,39|9,15,22,27,33,40
1,13,17,25,29,33|6,10,18,21,34,40|8,9,15,19,27,28
1,13,18,31,32,38|2,3,11,17,19,39|9,15,22,27,33,40
1,13,19,20,31,34|2,3,6,17,18,21|9,11,16,27,33,40
1,13,19,22,28,34|2,3,6,17,18,21|9,11,16,27,33,40
1,13,19,25,32,38|2,3,6,17,18,21|9,11,16,27,33,40
1,16,18,25,34,40|2,3,11,17,19,39|13,20,27,29,32,33
1,18,21,28,34,40|2,3,11,17,19,39|13,20,27,29,32,33
2,3,6,17,18,21|8,9,13,20,27,40|16,19,25,26,29,33
2,3,11,17,19,39|6,10,18,21,34,40|13,20,27,29,32,33
2,3,13,17,31,40|8,9,11,16,18,27|19,20,26,29,33,39
2,3,16,17,19,31|6,10,18,21,34,40|13,20,27,29,32,33
2,3,16,18,25,29|6,10,13,19,22,34|9,14,27,31,33,40
2,3,16,27,29,40|6,10,13,19,22,34|9,11,18,20,33,39
2,3,17,19,21,22|8,9,11,16,18,27|13,25,26,29,33,40
2,3,18,20,29,39|6,10,13,19,22,34|9,11,16,27,33,40
2,3,18,21,28,29|6,10,13,19,22,34|9,11,16,27,33,40
1,3,13,14,33,34|2,16,17,19,23,27|7,12,18,32,38,39
1,13,27,30,32,33|3,8,17,18,38,39|7,12,16,19,25,34
1,13,27,30,38,40|3,9,16,18,23,25|7,12,19,20,34,39
2,16,17,19,23,27|3,8,9,13,25,33|7,11,12,18,34,39
3,9,16,18,23,25|7,12,19,20,34,39|11,13,17,27,30,33
3,9,16,23,27,40|7,11,12,18,34,39|10,13,19,30,31,38
1,13,18,30,31,38|3,9,16,19,23,25|7,12,17,29,33,39
2,8,13,27,29,33|3,9,11,18,23,39|7,12,16,19,31,34
2,8,17,18,33,39|3,9,13,23,25,40|7,12,16,19,31,34
2,16,18,23,27,29|3,8,9,13,31,33|7,11,12,19,34,39
3,8,9,13,31,33|6,7,12,18,21,34|10,19,30,38,39,40
3,8,17,19,38,39|6,7,12,18,21,34|13,20,27,29,30,33
3,9,13,23,25,40|6,7,12,18,21,34|10,19,30,32,33,39
3,9,16,18,23,31|7,11,12,19,34,39|13,20,27,29,30,33
3,9,16,19,23,25|6,7,12,18,21,34|13,20,27,29,30,33
3,9,18,21,22,23|7,11,12,19,34,39|13,20,27,29,30,33
3,9,19,20,23,39|6,7,12,18,21,34|16,17,27,30,33,40
3,9,19,21,23,28|7,12,13,31,34,40|8,16,17,18,27,30
3,13,23,27,29,32|6,7,12,18,21,34|10,19,30,38,39,40
3,19,23,26,29,39|6,7,12,18,21,34|16,17,27,30,33,40
2,8,17,19,33,39|3,6,9,18,21,23|7,12,13,14,34,40
2,13,14,17,18,23|3,8,9,33,39,40|6,7,12,19,21,34
2,13,18,23,25,29|3,8,9,33,39,40|6,7,12,19,21,34
2,13,23,27,29,40|6,7,12,19,21,34|11,17,18,30,33,39
2,17,18,23,39,40|3,8,9,13,14,33|6,7,12,19,21,34
3,6,9,18,21,23|7,12,13,14,34,40|8,16,17,19,27,30
3,8,18,29,38,39|6,7,12,19,21,34|13,17,25,30,33,40
3,9,11,19,23,39|7,12,13,14,34,40|16,17,18,30,31,33
3,9,13,23,31,40|6,7,12,19,21,34|11,17,18,30,33,39
3,9,14,16,18,23|6,7,12,19,21,34|8,13,17,27,30,40
3,9,16,19,23,31|7,12,13,14,34,40|11,17,18,30,33,39
3,9,19,21,22,23|7,12,13,14,34,40|11,17,18,30,33,39
3,29,33,38,39,40|6,7,12,19,21,34|8,13,17,18,25,30
1,7,9,12,33,39|2,16,17,18,23,27|10,13,19,25,30,38
3,8,9,16,27,33|7,12,18,20,34,39|10,13,19,25,30,38
1,8,17,19,21,33|3,6,7,12,13,29|15,18,23,27,32,40
1,3,7,9,12,39|2,10,13,18,25,30|16,17,19,23,26,27
1,3,18,26,30,39|2,7,12,13,27,32|10,16,19,25,33,34
2,7,12,19,26,39|3,13,17,20,27,30|10,16,18,31,33,34
1,2,13,18,30,31|8,9,16,27,33,40|10,17,19,23,29,39
1,3,18,30,32,39|8,9,16,27,33,40|13,14,17,19,23,26
1,6,18,21,33,34|2,3,8,17,19,39|9,11,13,23,27,40
1,8,13,18,31,34|2,7,12,19,32,39|16,27,29,33,38,40
1,8,13,19,25,34|3,11,17,18,30,39|16,27,29,33,38,40
1,11,19,33,34,39|3,13,17,25,30,40|6,9,15,18,23,27
1,13,31,33,34,40|2,3,8,17,19,39|6,9,15,18,23,27
1,14,16,18,33,34|2,3,8,17,19,39|9,11,13,23,27,40
2,3,13,29,31,33|6,9,15,18,23,27|8,10,19,34,39,40
2,7,12,19,32,39|3,11,13,27,29,30|6,17,18,21,33,38
3,11,13,27,29,30|6,17,18,21,33,38|8,10,19,34,39,40
3,11,17,18,30,39|8,9,16,27,33,40|13,19,23,25,26,29
3,17,18,21,22,30|8,9,16,27,33,40|13,19,23,25,26,29
1,2,13,18,25,30|3,7,12,17,29,39|6,10,19,21,33,34
1,2,13,27,30,40|3,7,12,17,29,39|6,10,19,21,33,34
1,2,16,19,27,30|3,7,12,17,29,39|8,10,13,14,18,34
1,8,13,18,25,34|2,3,17,33,39,40|9,15,19,23,27,28
1,8,13,27,34,40|2,7,12,18,32,39|16,17,19,25,33,38
1,13,17,23,27,29|2,7,12,18,32,39|6,10,19,21,33,34
1,13,25,33,34,40|2,3,8,17,18,39|9,15,19,23,27,28
1,16,19,25,33,34|2,3,8,13,27,29|17,18,23,26,39,40
1,19,21,28,33,34|2,3,8,13,27,29|17,18,23,26,39,40
2,3,8,13,27,29|6,10,19,21,33,34|17,18,23,26,39,40
2,3,8,17,18,39|6,10,19,21,33,34|9,13,20,23,27,40
2,3,13,14,17,33|8,10,18,34,39,40|9,15,19,23,27,28
2,3,13,25,29,33|8,10,18,34,39,40|9,15,19,23,27,28
2,3,17,33,39,40|8,10,13,14,18,34|9,15,19,23,27,28
2,7,12,18,32,39|3,13,20,27,29,30|6,10,19,21,33,34
2,10,13,14,18,30|3,7,12,17,29,39|9,15,19,23,27,28
2,10,13,19,30,31|3,7,12,17,29,39|9,11,16,18,23,27
3,7,12,17,29,39|6,10,19,21,33,34|9,11,16,18,23,27
3,13,20,27,29,30|6,10,19,21,33,34|17,18,23,26,39,40
3,16,17,18,25,30|6,10,19,21,33,34|9,13,20,23,27,40
3,16,17,27,30,40|6,10,19,21,33,34|9,13,18,20,23,25
3,17,18,20,30,39|6,10,19,21,33,34|13,23,26,27,29,40
3,13,14,17,30,40|6,8,9,18,21,33|16,19,23,27,29,32
3,14,16,17,19,30|6,8,9,18,21,33|13,23,27,29,32,40
1,8,13,14,18,34|2,3,29,33,39,40|6,9,15,19,23,27
1,8,18,34,39,40|2,3,13,14,29,33|6,9,15,19,23,27
1,13,14,33,34,40|2,3,8,18,29,39|6,9,15,19,23,27
2,3,8,18,29,39|6,9,15,19,23,27|13,14,17,33,38,40
2,3,13,14,29,33|6,9,15,19,23,27|8,17,18,38,39,40
3,13,17,30,31,40|6,9,15,19,23,27|11,18,29,33,38,39
3,14,16,17,18,30|6,9,15,19,23,27|13,25,29,33,38,40
3,16,18,25,29,30|6,9,15,19,23,27|13,14,17,33,38,40
3,18,20,29,30,39|6,9,15,19,23,27|13,14,17,33,38,40
3,18,21,28,29,30|6,9,15,19,23,27|13,14,17,33,38,40
1,3,13,17,22,33|7,10,12,19,21,32|18,25,27,28,30,40
2,6,19,27,31,33|3,8,10,18,21,29|7,12,13,17,28,40
3,6,10,13,29,33|7,11,12,17,18,21|19,25,27,28,30,40
1,3,8,17,19,21|2,6,13,18,20,33|7,12,15,27,29,40
1,3,13,22,29,33|2,8,15,18,27,40|7,11,12,17,19,21
2,7,12,18,38,39|3,16,17,27,30,33|10,13,19,23,25,34
1,7,13,14,33,35|3,9,17,19,23,39|16,18,27,30,34,40
1,3,9,19,38,39|2,13,17,27,29,33|6,7,10,18,21,35
2,13,17,27,29,33|3,19,26,34,39,40|6,7,10,18,21,35
2,16,18,27,34,40|3,9,13,17,31,33|7,10,11,19,35,39
1,7,11,18,35,39|2,16,19,27,34,40|3,9,13,14,17,33
1,7,18,21,22,35|2,16,19,27,34,40|3,9,13,14,17,33
2,13,21,22,28,38|3,6,25,31,34,39|14,15,16,26,27,30
2,14,15,16,27,38|3,6,25,31,34,39|13,21,22,26,28,30
2,13,14,16,28,38|3,6,15,21,25,34|22,27,30,31,32,39
2,13,16,22,31,38|3,6,14,25,34,39|15,21,27,28,30,32
1,2,13,25,31,34|3,9,22,28,38,39|6,17,21,26,27,30
1,2,14,16,27,34|3,8,9,26,31,39|7,20,21,25,28,35
2,8,9,20,27,39|3,10,15,21,32,34|13,17,25,26,30,31
2,8,9,21,27,28|3,10,14,32,34,39|13,17,25,26,30,31
2,9,20,25,33,39|3,10,15,21,32,34|14,16,17,26,27,30
2,10,11,13,16,34|3,8,9,26,31,39|7,20,21,25,28,35
2,10,13,14,31,34|3,9,11,25,38,39|6,17,21,26,27,30
2,10,13,15,22,34|3,8,9,26,31,39|7,20,21,25,28,35
2,10,13,16,32,38|3,8,9,26,31,39|7,20,21,25,28,35
2,10,31,34,39,40|3,9,21,22,25,38|14,16,17,26,27,30
2,13,17,25,31,38|3,10,14,32,34,39|9,20,21,27,28,30
2,14,16,17,27,38|3,8,9,26,31,39|7,20,21,25,28,35
2,20,27,29,38,39|3,10,15,21,32,34|13,17,25,26,30,31
1,2,13,14,25,34|3,6,9,28,38,39|16,26,27,29,30,31
1,2,13,15,28,34|3,6,9,21,25,38|11,26,27,29,30,39
1,2,13,16,20,34|3,6,9,21,25,38|11,26,27,29,30,39
1,3,31,32,34,39|2,8,9,21,22,27|13,14,17,25,26,30
1,9,10,14,30,39|2,8,13,16,17,26|3,21,25,28,29,34
1,9,10,15,21,30|2,8,13,16,17,26|3,20,25,29,34,39
2,6,10,13,15,34|3,8,9,14,26,39|7,11,21,25,28,35
2,8,9,16,27,31|3,6,17,21,25,34|7,20,22,28,35,39
2,8,9,21,22,27|3,6,17,28,34,39|7,16,20,25,31,35
2,8,13,16,17,26|3,6,9,21,25,38|7,20,22,28,35,39
2,9,11,25,33,39|3,14,17,21,28,34|16,26,27,29,30,31
2,9,16,25,31,33|3,6,17,28,34,39|21,22,26,27,29,30
2,9,21,22,25,33|3,6,17,28,34,39|16,26,27,29,30,31
2,9,21,28,31,33|3,14,16,17,25,34|11,26,27,29,30,39
2,9,22,28,33,39|3,6,17,21,25,34|16,26,27,29,30,31
2,10,14,34,39,40|3,6,9,21,25,38|13,15,17,26,28,30
2,10,15,21,34,40|3,6,9,28,38,39|7,16,20,25,31,35
2,13,14,17,25,38|3,8,9,15,21,26|7,20,22,28,35,39
2,13,15,17,28,38|3,8,9,14,26,39|7,16,20,25,31,35
2,13,16,17,20,38|3,8,9,14,26,39|7,11,21,25,28,35
2,16,27,29,31,38|3,6,17,21,25,34|7,20,22,28,35,39
2,21,22,27,29,38|3,6,17,28,34,39|7,16,20,25,31,35
3,6,9,21,25,38|7,20,22,28,35,39|16,26,27,29,30,31
3,6,9,28,38,39|7,16,20,25,31,35|21,22,26,27,29,30
3,6,17,21,25,34|7,20,22,28,35,39|16,26,27,29,30,31
3,6,17,28,34,39|7,16,20,25,31,35|21,22,26,27,29,30
3,9,14,16,25,38|7,20,21,28,31,35|11,26,27,29,30,39
3,9,14,20,38,39|7,11,21,25,28,35|16,26,27,29,30,31
3,9,14,21,28,38|7,11,20,25,35,39|16,26,27,29,30,31
3,9,15,16,28,38|7,11,20,25,35,39|21,22,26,27,29,30
3,9,15,20,21,38|7,16,22,25,28,35|11,26,27,29,30,39
3,9,21,22,31,38|7,11,20,25,35,39|13,15,17,26,28,30
3,14,16,17,25,34|7,20,21,28,31,35|11,26,27,29,30,39
3,14,17,20,34,39|7,11,21,25,28,35|16,26,27,29,30,31
3,14,17,21,28,34|7,11,20,25,35,39|16,26,27,29,30,31
3,14,26,29,38,39|7,11,21,25,28,35|9,16,20,27,30,31
3,15,16,17,28,34|7,11,20,25,35,39|21,22,26,27,29,30
3,15,17,20,21,34|7,16,22,25,28,35|11,26,27,29,30,39
3,15,21,26,29,38|7,11,20,25,35,39|9,16,22,27,28,30
1,17,29,30,31,39|2,6,9,14,21,33|7,11,15,16,22,35
2,6,9,14,21,33|3,15,16,22,29,34|17,25,30,32,39,40
2,8,9,11,13,16|3,6,21,29,31,34|17,25,30,32,39,40
2,8,9,13,15,22|3,6,21,29,31,34|17,25,30,32,39,40
2,8,9,31,39,40|3,11,15,21,29,34|6,7,14,16,28,35
2,8,13,16,17,32|3,6,21,29,31,34|9,11,25,30,39,40
2,13,14,29,31,38|3,8,9,15,21,32|6,7,11,22,35,39
2,13,15,22,29,38|3,8,9,14,32,39|6,7,11,21,31,35
2,29,31,32,33,39|6,7,14,15,25,35|9,11,13,16,20,30
2,29,31,38,39,40|3,8,9,15,21,32|6,7,14,16,28,35
3,6,21,29,31,34|7,11,15,16,22,35|13,14,17,25,30,32
3,6,22,29,34,39|7,11,14,16,31,35|13,15,17,28,30,32
3,8,9,14,32,39|6,7,11,21,31,35|13,15,22,26,29,30
3,8,9,15,21,32|6,7,11,22,35,39|13,14,26,29,30,31
3,11,14,29,34,39|6,7,15,16,20,35|9,21,22,25,30,40
3,11,15,21,29,34|6,7,14,16,28,35|9,20,30,31,39,40
3,14,16,29,31,34|6,7,11,22,35,39|13,15,17,28,30,32
3,14,21,22,29,34|6,7,15,16,20,35|9,11,25,30,39,40
3,14,29,32,38,39|6,7,11,21,31,35|9,13,15,20,22,30
3,15,16,22,29,34|6,7,11,21,31,35|13,14,17,25,30,32
3,15,21,29,32,38|6,7,11,22,35,39|9,13,14,20,30,31
2,8,9,15,21,40|6,7,14,16,22,35|13,25,29,30,31,32
2,14,29,32,33,39|6,7,11,15,16,35|9,21,22,30,31,40
2,15,21,29,32,33|6,7,14,16,22,35|9,11,30,31,39,40
1,2,11,13,16,34|3,6,9,21,31,38|7,14,15,25,28,35
1,2,13,14,31,34|3,6,9,22,38,39|7,15,16,20,28,35
1,2,13,15,22,34|3,6,9,21,31,38|7,14,16,20,25,35|11,17,27,30,32,39
1,2,13,16,32,38|3,6,17,21,31,34|7,11,22,28,35,39
1,2,31,34,39,40|3,9,11,15,21,38|6,7,16,25,28,35
1,3,14,32,34,39|2,6,8,9,21,27|7,11,16,25,31,35|13,15,17,22,26,30
1,3,15,21,32,34|2,6,9,28,33,39|7,11,16,25,31,35
1,13,16,26,30,32|2,6,8,9,21,27|3,11,14,17,34,39|7,15,22,25,31,35
2,6,8,9,21,27|3,11,14,17,34,39|7,15,16,20,28,35|13,25,26,29,30,31
2,6,9,21,25,33|3,11,14,17,34,39|7,15,16,20,28,35
2,6,9,28,33,39|3,11,15,17,21,34|7,14,16,20,25,35
2,6,21,27,29,38|3,8,9,25,32,39|7,15,16,20,28,35|13,14,17,26,30,31
2,8,9,13,25,31|3,6,17,22,34,39|7,14,20,21,28,35
2,8,9,14,16,27|3,6,17,21,31,34|7,11,22,28,35,39
2,9,11,31,33,39|3,14,17,21,22,34|6,7,16,25,28,35
2,9,14,16,25,33|3,6,17,21,31,34|7,11,22,28,35,39
2,9,14,21,28,33|3,6,17,22,34,39|7,11,16,25,31,35
2,9,15,20,21,33|3,6,17,22,34,39|7,11,16,25,31,35
2,9,21,22,31,33|3,11,14,17,34,39|6,7,16,25,28,35
2,11,13,16,17,38|3,8,9,25,32,39|6,21,26,27,29,30
2,13,14,17,31,38|3,8,9,25,32,39|6,21,26,27,29,30|7,15,16,20,28,35
2,13,15,17,22,38|3,8,9,25,32,39|6,21,26,27,29,30
2,13,25,29,31,38|3,6,17,22,34,39|7,14,20,21,28,35
2,14,16,27,29,38|3,6,17,21,31,34|7,11,22,28,35,39
2,14,26,29,33,39|3,6,9,21,31,38|7,15,16,20,28,35
2,15,21,26,29,33|3,6,9,22,38,39|7,11,16,25,31,35
2,17,31,32,33,39|3,9,11,15,21,38|6,7,16,25,28,35
2,17,31,38,39,40|3,21,22,25,29,34|6,9,16,27,28,30
3,6,9,21,31,38|7,11,22,28,35,39|14,16,26,27,29,30
3,6,17,21,31,34|7,11,22,28,35,39|9,14,16,20,27,30
3,6,17,22,34,39|7,11,16,25,31,35|9,14,15,27,28,30
3,8,9,25,32,39|6,21,26,27,29,30|7,15,16,20,28,35
3,9,11,14,38,39|6,7,16,25,28,35|13,15,17,22,26,30
3,9,11,15,21,38|6,7,16,25,28,35|10,17,29,30,31,39
3,9,14,16,31,38|6,7,20,21,25,35|11,17,27,30,32,39
3,9,14,21,22,38|6,7,16,25,28,35|10,17,29,30,31,39
3,9,15,16,22,38|6,7,20,21,25,35|10,17,29,30,31,39
3,11,14,17,34,39|6,7,16,25,28,35|9,15,22,27,30,31
3,11,25,29,34,39|6,9,16,27,28,30|7,20,21,22,31,35
3,14,17,32,38,39|6,7,16,25,28,35|9,11,21,22,27,30
3,16,25,29,31,34|6,7,20,28,35,39|9,11,21,22,27,30
3,20,29,31,34,39|6,7,16,25,28,35|9,11,21,22,27,30
3,21,22,25,29,34|6,7,20,28,35,39|9,11,16,27,30,31
3,22,28,29,34,39|6,7,20,21,25,35|9,11,16,27,30,31
3,25,29,32,38,39|6,9,16,27,28,30|7,20,21,22,31,35
1,2,6,13,15,34|3,8,9,31,32,39|7,11,14,16,25,35
1,2,14,34,39,40|3,6,9,15,16,38|7,11,21,22,31,35
1,2,15,21,34,40|3,8,9,31,32,39|6,7,16,22,25,35
1,17,25,29,30,39|2,6,9,21,31,33|7,11,15,16,28,35
2,6,9,22,33,39|3,14,16,25,29,34|7,11,15,20,21,35
2,6,13,15,17,38|3,8,9,31,32,39|7,11,14,16,25,35
2,8,9,13,14,25|3,6,15,16,17,34|7,11,21,22,31,35|20,27,29,30,32,39
2,8,9,13,15,28|3,6,14,17,21,34|16,25,27,29,30,32
2,8,9,13,16,20|3,6,14,17,21,34|25,26,29,30,39,40
2,8,9,25,39,40|3,6,14,17,21,34|7,11,15,16,28,35
2,8,27,29,32,39|3,6,9,14,21,38|7,11,15,16,28,35
2,9,11,14,33,39|3,6,15,16,17,34|21,27,28,29,30,32
2,9,11,15,21,33|3,6,28,29,34,39|7,14,16,20,31,35
2,9,14,21,22,33|3,6,15,16,17,34|20,27,29,30,32,39
2,9,15,16,22,33|3,6,14,17,21,34|20,27,29,30,32,39
2,13,14,25,29,38|3,6,15,16,17,34|7,11,21,22,31,35
2,13,15,28,29,38|3,6,14,17,21,34|9,20,25,30,39,40
2,14,17,32,33,39|3,6,9,15,16,38|7,11,21,22,31,35
2,14,17,38,39,40|3,6,21,25,29,34|7,11,15,16,28,35
2,15,17,21,32,33|3,6,28,29,34,39|7,11,14,16,25,35
2,15,17,21,38,40|3,6,28,29,34,39|7,11,14,16,25,35
2,25,29,32,33,39|3,6,9,14,21,38|7,11,15,16,28,35
2,25,29,38,39,40|3,6,14,17,21,34|7,11,15,16,28,35
3,6,9,14,21,38|7,11,15,16,28,35|13,17,25,30,31,32
3,6,9,15,16,38|7,11,14,20,35,39|13,17,25,30,31,32
3,6,14,17,21,34|7,11,15,16,28,35|9,20,25,30,39,40
3,6,15,16,17,34|7,11,14,20,35,39|9,13,22,28,30,31
3,6,21,25,29,34|7,11,14,20,35,39|9,13,22,28,30,31
3,6,28,29,34,39|7,11,14,16,25,35|15,17,21,26,30,40
3,8,9,31,32,39|6,7,11,21,25,35|13,15,26,28,29,30
3,11,29,31,34,39|6,7,16,22,25,35|9,13,15,20,28,30
3,14,16,25,29,34|6,7,11,28,35,39|15,17,21,26,30,40
3,14,20,29,34,39|6,7,11,21,25,35|9,13,22,28,30,31
3,15,16,28,29,34|6,7,11,21,25,35|14,17,26,30,39,40
3,15,20,21,29,34|6,7,11,28,35,39|13,17,25,30,31,32
3,21,22,29,31,34|6,7,11,28,35,39|9,13,14,20,25,30
3,29,31,32,38,39|6,7,11,21,25,35|9,13,15,20,28,30
2,3,15,21,29,38|6,17,22,33,34,39|9,13,23,25,31,32
2,11,27,29,30,39|6,9,13,15,23,26|14,16,17,31,33,34
2,13,14,17,25,30|6,9,21,23,27,32|20,29,31,33,34,39
2,13,15,17,28,30|6,9,21,23,27,32|11,25,29,33,34,39
2,13,16,17,20,30|6,9,21,23,27,32|11,25,29,33,34,39
2,16,27,29,30,31|6,9,13,15,23,26|8,17,25,34,39,40
2,17,25,30,39,40|6,9,13,15,23,26|8,16,27,29,31,34
2,21,22,27,29,30|6,9,13,15,23,26|8,17,25,34,39,40
3,9,14,16,25,30|6,17,21,31,33,34|8,27,29,32,38,39
3,9,14,20,30,39|6,17,21,31,33,34|8,13,16,26,29,38
3,9,14,21,28,30|6,17,22,33,34,39|8,13,16,26,29,38
3,9,15,16,28,30|6,17,21,31,33,34|8,27,29,32,38,39
3,9,15,20,21,30|6,17,22,33,34,39|8,13,16,26,29,38
3,14,26,29,30,39|6,9,21,23,27,32|8,13,15,17,28,34
3,15,21,26,29,30|6,9,22,33,38,39|8,13,14,17,25,34
3,17,30,31,32,39|6,9,13,15,23,26|8,21,22,27,29,34
8,27,29,32,38,39|9,15,21,23,26,40|14,16,17,31,33,34
1,9,17,23,31,39|2,10,13,16,30,32|8,21,27,28,29,34
1,31,32,33,34,39|2,6,17,21,27,30|9,11,13,16,23,26
1,31,34,38,39,40|2,6,17,21,27,30|9,11,13,16,23,26
2,3,8,9,31,39|6,17,21,25,33,34|10,12,13,16,23,35
2,3,29,31,38,39|6,8,17,21,27,34|9,11,13,16,23,26
2,10,13,16,30,32|6,8,9,21,27,38|11,17,31,33,34,39
2,20,27,29,30,39|6,9,21,25,33,38|8,10,13,16,32,34
2,21,27,28,29,30|8,9,13,25,31,38|14,17,20,33,34,39
3,9,11,25,30,39|6,8,17,21,27,34|10,12,13,16,23,35
3,9,16,25,30,31|6,8,17,21,27,34|14,26,29,33,38,39
3,9,20,30,31,39|6,8,17,21,27,34|10,12,13,16,23,35
3,9,21,22,25,30|6,17,28,33,34,39|10,12,13,16,23,35
3,9,21,28,30,31|8,10,13,16,32,34|14,26,29,33,38,39
3,9,22,28,30,39|6,8,17,21,27,34|10,12,13,16,23,35
3,17,25,30,32,39|6,8,9,21,27,38|10,12,13,16,23,35
3,26,29,30,31,39|6,8,9,21,27,38|10,12,13,16,23,35
6,8,9,21,27,38|10,12,13,16,23,35|11,17,31,33,34,39
8,13,17,25,31,34|9,11,23,27,32,39|15,21,26,29,33,38
8,21,27,28,29,34|9,11,13,16,23,26|17,31,32,33,38,39
2,15,17,21,30,40|6,22,29,33,34,39|9,11,13,16,23,32
1,12,13,16,23,35|2,6,21,27,29,30|8,9,31,32,33,39
2,11,13,16,17,30|6,8,21,27,29,34|9,23,25,32,39,40
2,13,14,17,30,31|6,8,21,27,29,34|9,23,25,32,39,40
2,13,15,17,22,30|6,8,21,27,29,34|9,23,25,32,39,40
2,17,30,31,39,40|6,8,21,27,29,34|9,13,14,23,25,32
3,9,11,15,21,30|6,28,29,33,34,39|8,13,16,17,32,38
3,15,17,21,30,32|6,28,29,33,34,39|8,9,11,13,16,38
3,25,29,30,32,39|6,9,14,21,33,38|8,11,13,16,17,34
1,2,13,16,26,30|8,9,11,27,38,39|10,15,21,32,33,34
1,8,13,16,26,34|2,3,14,17,38,39|9,21,23,27,28,32
1,8,27,32,34,39|2,3,15,17,21,38|9,13,14,23,25,26
1,25,32,33,34,39|2,3,15,17,21,38|9,13,16,20,23,26
1,25,34,38,39,40|2,16,17,27,30,31|9,13,15,23,26,28
2,3,25,29,38,39|8,16,17,27,31,34|9,13,15,23,26,28
2,16,17,27,30,31|6,10,13,15,34,38|9,23,25,26,39,40
2,17,21,22,27,30|6,10,13,15,34,38|8,9,26,31,33,39
3,9,21,25,28,30|6,10,13,15,34,38|23,26,27,29,32,39
3,14,17,26,30,39|6,10,13,15,34,38|9,16,23,25,27,32
3,25,26,29,30,39|6,10,13,15,34,38|9,21,23,27,28,32
2,7,15,21,26,32|8,9,12,27,38,39|10,13,23,25,31,35
2,17,21,27,28,30|8,9,25,26,33,39|10,11,13,16,34,38
1,6,7,13,33,35|3,9,17,19,21,23|15,18,27,30,34,40
1,2,6,22,25,30|8,11,15,17,28,38|14,20,23,26,29,31
1,2,6,28,30,31|8,11,14,17,25,38|15,20,22,23,26,29
1,2,15,20,22,30|6,8,17,28,31,38|11,14,23,25,26,29
1,8,15,28,32,38|2,6,10,14,22,30|11,16,20,23,26,29
1,8,16,20,32,38|2,6,10,11,15,30|14,22,23,26,28,29
1,2,6,14,28,30|8,11,15,17,22,38|20,23,25,29,31,32
1,2,6,15,20,30|8,11,14,17,31,38|22,23,25,28,29,32
1,2,6,22,30,31|8,14,20,25,29,38|11,15,17,23,28,32
1,2,11,14,30,31|6,8,15,17,20,38|22,23,25,28,29,32
1,2,11,15,22,30|6,8,14,17,28,38|20,23,25,29,31,32
1,6,8,15,26,38|2,10,11,14,30,31|17,22,23,25,28,32
1,8,25,31,32,38|2,6,10,14,28,30|11,15,17,22,23,26
1,15,22,23,26,32|2,6,10,14,28,30|8,11,17,25,31,38
1,6,13,15,26,34|2,3,9,11,31,39|14,16,17,27,32,38
1,6,21,27,32,34|2,3,9,11,31,39|13,14,25,26,29,38
1,8,9,17,25,39|2,3,15,21,26,29|10,11,13,16,32,34
1,8,12,27,35,39|2,3,6,9,21,25|10,11,13,16,32,34
1,10,15,21,29,34|2,3,6,9,28,39|13,17,25,31,32,38
1,12,25,33,35,39|2,3,9,14,21,28|6,13,15,17,26,38|16,20,27,29,31,34
1,13,25,31,32,34|2,3,6,9,28,39|10,12,15,21,33,35
1,14,16,27,32,34|2,3,6,9,21,25|13,15,26,28,29,38
1,15,21,26,34,40|2,3,6,9,28,39|13,17,25,31,32,38
1,17,25,29,38,39|2,3,9,14,21,28|10,11,13,16,32,34
2,3,6,9,21,25|8,26,27,29,32,39|13,15,17,20,28,34
2,3,6,9,28,39|10,11,13,16,32,34|15,17,21,26,38,40
2,3,9,11,31,39|6,13,15,17,26,38|16,22,27,28,29,34
2,3,9,14,16,25|6,11,17,21,27,34|13,15,26,28,29,38
2,3,9,14,20,39|6,11,17,21,27,34|13,15,26,28,29,38
2,3,9,14,21,28|6,13,15,17,26,38|10,31,32,34,39,40
2,3,9,15,16,28|6,11,17,21,27,34|10,12,14,33,35,39
2,3,9,15,20,21|6,13,17,25,28,34|8,26,27,29,32,39
2,3,9,21,22,31|6,13,15,17,26,38|10,12,14,33,35,39|11,16,25,27,29,34
2,3,14,26,29,39|6,9,11,21,27,38|10,13,15,22,32,34
2,3,15,21,26,29|6,9,13,25,28,38|10,12,14,33,35,39
6,9,11,21,27,38|10,12,14,33,35,39|13,15,17,20,28,34
6,9,13,25,28,38|8,26,27,29,32,39|10,12,15,21,33,35
6,9,16,22,27,38|10,12,14,33,35,39|11,13,17,25,31,34
6,13,17,25,28,34|8,9,20,27,32,39|10,12,15,21,33,35
8,9,13,14,25,26|10,12,15,21,33,35|11,20,27,29,34,39
8,9,13,15,26,28|10,12,14,33,35,39|11,16,25,27,29,34
8,9,13,16,20,26|10,12,14,33,35,39|11,21,27,28,29,34
8,9,16,25,27,32|10,12,14,33,35,39|13,15,17,20,28,34
8,9,20,27,32,39|10,12,15,21,33,35|11,13,17,25,31,34
8,9,21,27,28,32|10,12,14,33,35,39|11,13,17,25,31,34
8,26,27,29,32,39|9,11,13,25,31,38|10,12,15,21,33,35
9,11,13,25,31,38|10,12,14,33,35,39|16,22,27,28,29,34
9,11,14,16,27,38|10,12,15,21,33,35|13,17,22,28,31,34
9,13,14,20,25,38|10,12,15,21,33,35|16,22,27,28,29,34
9,13,15,20,28,38|10,12,14,33,35,39|11,16,25,27,29,34
9,13,22,28,31,38|10,12,14,33,35,39|11,16,25,27,29,34
10,12,14,33,35,39|11,13,17,25,31,34|21,27,28,29,32,38
10,12,15,21,33,35|11,13,17,25,31,34|20,27,29,32,38,39
1,10,29,31,34,39|2,3,9,21,22,25|11,13,16,17,26,38
1,11,13,16,26,34|2,3,9,20,31,39|17,21,22,27,32,38
1,11,27,32,34,39|2,3,9,16,25,31|13,15,17,22,26,38
1,13,14,26,31,34|2,3,9,11,25,39|17,21,22,27,32,38
1,13,15,22,26,34|2,3,9,11,25,39|16,17,27,31,32,38
1,13,16,26,32,38|2,3,9,11,25,39|6,17,20,21,27,34
1,16,27,31,32,34|2,3,9,11,25,39|13,15,17,22,26,38
1,21,22,27,32,34|2,3,9,11,25,39|13,14,17,26,31,38
2,3,9,21,22,25|6,16,17,27,28,34|10,12,31,33,35,39
2,3,26,29,31,39|6,9,15,25,27,38|10,13,16,20,32,34
6,8,9,21,26,27|10,12,31,33,35,39|13,17,22,25,28,34
6,9,20,21,27,38|10,12,31,33,35,39|13,17,22,25,28,34
8,9,14,16,26,27|10,12,31,33,35,39|13,17,22,25,28,34
9,13,22,25,28,38|10,12,31,33,35,39|14,16,17,20,27,34
9,14,16,20,27,38|10,12,31,33,35,39|13,17,22,25,28,34
10,12,31,33,35,39|11,13,16,17,26,38|15,25,27,28,29,34
1,10,14,17,34,39|2,3,9,21,25,28|16,26,27,29,31,38
1,10,15,17,21,34|2,3,9,20,25,39|16,26,27,29,31,38
1,10,25,29,34,39|2,3,15,17,21,26|9,16,20,27,31,38
1,13,16,20,26,34|2,3,9,21,25,28|8,10,12,27,35,39
2,3,9,20,25,39|6,10,13,15,26,34|17,21,27,28,32,38
2,3,9,21,25,28|6,10,13,15,26,34|17,20,27,32,38,39
1,8,12,13,16,35|2,3,14,29,32,39|6,9,21,31,38,40
1,12,31,33,35,39|2,3,9,11,15,21|6,13,17,22,25,34
1,17,29,31,38,39|2,3,9,11,15,21|8,10,12,13,16,35
1,25,32,34,39,40|2,3,6,9,21,31|8,10,12,13,16,35
2,3,6,9,21,31|8,10,12,13,16,35|11,17,25,34,39,40
2,3,6,9,22,39|8,10,12,13,16,35|14,15,27,28,29,34
2,3,9,11,15,21|6,13,17,22,25,34|16,27,29,31,32,38
2,3,9,14,21,22|6,10,13,15,32,34|26,29,31,38,39,40
2,3,9,15,16,22|6,13,17,28,31,34|11,27,29,32,38,39
2,3,14,17,32,39|6,9,13,22,25,38|11,16,27,29,31,34
2,3,15,17,21,32|6,9,13,22,25,38|11,16,27,29,31,34
6,9,14,15,27,38|8,10,12,13,16,35|11,17,25,34,39,40
6,9,14,21,26,33|8,10,12,13,16,35|11,17,25,34,39,40
6,16,27,28,29,34|8,9,13,14,26,31|17,25,32,38,39,40
6,20,21,27,29,34|8,9,11,13,16,26|17,25,32,38,39,40
8,9,21,22,27,32|11,13,14,17,25,34|26,29,31,38,39,40
8,9,26,31,39,40|11,13,14,17,25,34|21,22,27,29,32,38
8,10,12,13,16,35|9,11,25,32,33,39|14,15,27,28,29,34
8,13,16,17,26,32|9,11,25,38,39,40|14,15,27,28,29,34
9,21,22,25,32,33|11,13,15,17,28,34|26,29,31,38,39,40
9,21,22,25,38,40|11,13,15,17,28,34|26,29,31,32,33,39
1,12,14,33,35,39|2,3,6,9,15,16|11,13,25,29,31,34
1,12,15,21,33,35|2,3,29,31,32,39|6,9,13,14,28,38
2,3,29,31,32,39|6,8,9,13,15,26|14,16,17,25,34,40
6,8,9,13,15,26|11,14,16,27,29,34|17,31,32,38,39,40
6,9,13,14,28,38|11,17,31,34,39,40|15,21,26,29,32,33
6,9,28,32,33,39|11,13,14,17,31,34|15,21,26,29,38,40
6,9,28,38,39,40|11,13,14,17,31,34|15,21,26,29,32,33
6,13,15,26,29,38|8,9,14,16,27,32|11,17,31,34,39,40
6,15,27,29,31,34|8,9,14,26,39,40|11,13,16,17,32,38
6,21,27,29,32,38|8,9,14,26,39,40|11,13,15,17,22,34
1,7,11,18,21,35|2,15,19,27,34,40|3,6,9,13,17,33
1,7,16,18,22,35|2,15,19,27,34,40|3,6,9,13,17,33
2,15,18,27,34,40|3,9,13,17,22,33|7,10,11,19,21,35
1,15,19,23,27,38|2,7,12,13,22,33|3,8,10,18,21,30
1,2,15,18,23,27|3,8,10,19,21,38|6,7,12,13,26,33
2,10,13,19,23,28|3,8,15,17,27,33|7,12,18,20,21,38
1,2,15,19,23,27|3,8,13,17,28,33|7,11,12,18,21,38
2,8,10,19,21,33|3,15,17,18,23,25|7,12,13,28,38,40
2,10,18,21,23,40|3,8,13,17,28,33|7,12,15,19,25,38
3,15,17,18,23,25|7,8,12,19,21,26|10,13,28,30,33,40
3,15,17,23,27,40|7,8,12,19,21,26|10,16,18,22,30,33
3,17,18,20,21,23|7,12,13,28,32,33|8,10,15,19,27,30
1,2,8,18,21,33|3,13,17,23,28,40|7,12,15,19,31,38
1,2,13,18,22,23|3,8,15,27,29,33|7,11,12,19,21,38
1,2,13,19,23,28|3,8,15,27,29,33|6,7,12,16,18,38
1,3,18,21,23,32|7,12,13,22,38,40|10,15,19,30,31,33
2,10,19,21,23,40|3,8,13,17,22,33|6,7,12,16,18,38
3,13,17,23,28,40|6,7,12,16,18,38|10,11,19,21,30,33
3,15,17,18,23,31|7,11,12,19,21,38|10,13,22,30,33,40
3,15,17,19,23,25|6,7,12,16,18,38|10,13,22,30,33,40
3,17,19,20,21,23|6,7,12,16,18,38|10,13,22,30,33,40
1,2,6,13,18,23|3,8,17,21,33,40|7,12,14,15,19,38
1,2,18,21,23,40|3,6,8,13,17,33|7,12,14,15,19,38
1,8,15,19,27,30|3,6,16,17,18,23|7,12,21,32,33,40
1,11,18,21,30,33|3,13,17,22,23,40|6,7,12,16,19,38
1,13,28,30,33,40|3,6,16,17,18,23|7,12,14,15,19,38
1,15,18,30,31,33|3,11,17,19,21,23|6,7,12,13,38,40
1,16,18,22,30,33|3,11,17,19,21,23|6,7,12,13,38,40
1,16,19,28,30,33|3,13,17,22,23,40|7,8,12,18,21,32
3,15,17,19,23,31|6,7,12,13,32,33|8,10,18,21,30,40
3,16,17,19,22,23|6,7,12,13,32,33|8,10,18,21,30,40
1,6,16,18,30,33|3,13,23,28,29,40|7,8,12,19,21,32
1,14,15,18,30,33|3,6,13,17,23,40|7,8,12,19,21,32
1,3,11,18,21,30|2,7,12,13,22,40|6,17,19,23,27,31
1,3,13,28,30,40|2,6,7,12,16,18|8,10,19,21,32,33
1,3,16,18,22,30|2,7,11,12,19,21|8,15,17,27,33,40
1,3,16,19,28,30|2,7,12,13,22,40|6,14,17,18,23,27
1,3,19,20,21,30|2,6,7,12,16,18|8,15,17,27,33,40
1,10,19,21,23,29|2,6,7,12,16,18|8,15,17,27,33,40
1,13,18,23,28,32|2,7,11,12,19,21|8,15,17,27,33,40
1,13,22,33,38,40|2,6,7,12,16,18|3,10,14,15,19,30
1,14,15,18,33,38|2,7,11,12,19,21|3,6,10,13,30,40
1,16,19,22,33,38|2,7,12,14,15,18|3,6,10,13,30,40
2,7,11,12,19,21|3,6,10,13,30,40|8,15,17,18,25,33
2,7,12,13,22,40|3,6,10,16,19,30|8,15,17,18,25,33
2,7,12,14,15,18|3,6,10,13,30,40|19,22,23,25,27,29
2,7,12,15,19,31|3,6,10,13,30,40|8,16,17,18,28,33
2,7,12,16,19,22|3,6,10,13,30,40|8,15,17,18,25,33
