2,22,25,30,31,40|6,8,10,16,29,38|11,14,15,20,33,34
1,8,11,17,21,38|2,6,14,20,27,30|10,15,23,25,29,32
1,8,15,17,31,38|2,6,14,20,27,30|10,16,23,28,29,32
1,8,16,17,22,38|2,6,11,27,30,31|10,15,23,25,29,32
1,9,11,15,23,25|2,3,6,14,31,38|8,16,22,26,32,33
1,9,11,20,21,23|2,3,6,14,31,38|8,16,22,26,32,33
1,9,14,22,23,25|2,3,6,11,16,38|8,15,26,31,32,33
1,9,16,20,22,23|2,3,6,14,31,38|8,11,21,26,32,33
1,15,17,23,25,32|2,3,6,11,16,38|14,20,22,31,33,34
1,16,22,23,26,29|2,3,6,14,31,38|8,11,13,20,28,34
1,17,20,21,23,32|2,3,6,11,16,38|8,25,28,31,34,40
2,3,6,14,31,38|8,11,13,20,28,34|10,15,23,25,29,32
2,3,8,15,25,32|6,9,10,11,16,23|14,20,22,31,33,34
2,3,11,14,15,38|6,10,16,17,23,32|8,25,28,31,34,40
2,6,11,27,30,31|8,10,16,22,29,38|15,23,25,26,32,40
2,6,14,20,27,30|8,10,11,21,29,38|15,23,25,26,32,40
2,11,14,22,27,30|6,10,16,17,23,32|8,15,26,31,38,40
2,25,28,30,31,40|6,8,11,13,26,38|10,14,15,17,23,32
6,11,25,31,33,34|8,10,16,22,29,38|20,21,23,26,32,40
6,14,20,25,33,34|8,10,11,21,29,38|16,23,26,28,32,40
6,22,28,31,33,34|8,10,11,21,29,38|15,23,25,26,32,40
8,10,11,21,29,38|14,20,22,31,33,34|15,23,25,26,32,40
8,10,16,22,29,38|11,14,28,31,33,34|15,23,25,26,32,40
8,15,26,31,38,40|10,16,23,28,29,32|11,14,22,25,33,34
8,25,28,31,34,40|9,10,11,14,15,23|16,20,22,32,33,38
1,2,6,10,16,30|8,11,13,22,26,38|14,20,28,31,33,34
1,2,10,14,15,30|6,8,11,25,27,34|13,20,22,23,26,32
1,6,8,10,16,34|2,3,11,15,31,38|13,20,22,23,26,32
1,6,16,17,23,26|2,3,11,15,31,38|8,14,20,22,27,34
1,8,10,14,15,34|2,3,6,16,20,38|11,13,23,26,28,32
1,8,15,17,25,38|2,6,20,27,30,31|9,10,11,16,22,23
1,8,16,17,28,38|2,6,11,25,27,30|9,10,14,15,20,23
1,8,17,20,21,38|2,6,11,25,27,30|9,10,14,22,23,31
1,9,16,20,23,28|2,3,6,14,25,38|8,11,22,27,31,34
1,14,15,17,23,26|2,3,6,16,20,38|8,11,22,27,31,34
1,15,23,25,26,29|2,3,6,16,20,38|8,11,14,27,28,34
1,16,23,26,28,29|2,3,6,14,25,38|8,11,15,20,27,34
1,20,21,23,26,29|2,3,6,14,25,38|8,11,22,27,31,34
2,3,6,8,16,26|9,10,11,15,23,31|14,20,22,25,33,34
2,3,6,14,25,38|8,11,15,20,27,34|10,16,17,22,23,32
2,3,6,16,20,38|8,11,14,27,28,34|10,15,17,23,31,32
2,3,8,14,15,26|6,9,10,16,20,23|11,22,25,31,33,34
2,3,11,16,22,38|6,8,20,27,31,34|10,14,15,23,26,29
2,3,14,15,20,38|6,8,11,25,27,34|10,16,17,22,23,32
2,6,11,25,27,30|8,10,14,15,17,38|13,20,22,23,26,32
2,6,20,27,30,31|8,10,14,15,17,38|11,13,23,26,28,32
2,11,14,27,28,30|6,8,10,16,17,38|13,20,22,23,26,32
2,14,20,22,27,30|6,8,10,16,17,38|11,13,23,26,28,32
3,6,15,26,28,30|8,10,20,21,29,38|11,22,25,31,33,34
3,6,16,20,26,30|8,10,14,15,17,38|11,22,25,31,33,34
3,11,15,26,30,31|6,8,10,16,17,38|14,20,22,25,33,34
3,11,16,22,26,30|6,8,20,27,31,34|14,25,28,32,33,38
3,14,15,20,26,30|6,8,10,16,17,38|11,22,25,31,33,34
3,14,22,26,30,31|6,8,10,16,17,38|11,15,20,25,33,34
6,8,10,16,17,38|11,13,23,26,28,32|14,20,22,25,33,34
6,8,20,27,31,34|9,10,11,16,22,23|14,25,28,32,33,38
6,10,16,23,26,29|8,11,14,27,28,34|15,20,25,32,33,38
6,11,16,26,33,38|8,14,20,22,27,34|10,15,17,23,31,32
6,14,23,26,27,32|8,10,15,25,29,38|11,16,20,28,33,34
6,14,26,31,33,38|8,11,15,20,27,34|10,16,17,22,23,32
6,20,25,31,33,34|8,10,14,15,17,38|11,13,23,26,28,32
8,15,25,26,38,40|9,10,11,16,22,23|14,20,28,31,33,34
8,16,26,28,38,40|9,10,11,15,23,31|14,20,22,25,33,34
1,2,10,11,21,30|6,8,14,26,27,38|20,22,25,31,33,34
1,2,10,16,22,30|6,8,14,26,27,38|11,25,28,31,33,34
1,8,10,11,21,34|2,3,6,25,31,38|13,20,23,26,28,32
1,8,10,15,31,34|2,3,11,16,28,38|14,22,23,26,27,32
1,8,10,16,22,34|2,3,6,25,31,38|11,15,23,26,27,32
1,11,17,21,23,26|2,3,6,25,31,38|8,14,20,27,28,34
1,15,17,23,26,31|2,3,11,16,28,38|6,8,20,25,27,34
1,16,17,22,23,26|2,3,6,25,31,38|8,14,20,27,28,34
2,3,6,25,31,38|8,14,20,27,28,34|10,11,21,23,26,29
2,3,11,16,28,38|6,8,20,25,27,34|10,15,23,26,29,31
2,3,14,28,31,38|6,8,20,25,27,34|10,11,21,23,26,29
2,3,15,20,31,38|8,11,22,25,27,34|10,16,17,23,28,32
2,3,15,22,28,38|6,8,20,25,27,34|10,11,21,23,26,29
2,11,22,25,27,30|6,15,26,28,33,38|10,17,20,21,23,32
2,11,27,28,30,31|6,14,25,26,33,38|9,10,16,20,22,23
2,14,20,27,28,30|6,9,10,23,25,31|11,16,22,26,33,38
2,20,22,27,30,31|6,14,25,26,33,38|9,10,11,16,23,28
6,8,20,25,27,34|9,10,11,16,23,28|14,22,26,31,33,38
6,14,25,26,33,38|8,11,27,28,31,34|9,10,16,20,22,23
6,15,26,28,33,38|8,11,22,25,27,34|10,17,20,21,23,32
6,16,20,26,33,38|8,11,22,25,27,34|9,10,14,23,28,31
6,23,26,27,31,32|8,10,11,17,21,38|14,20,25,28,33,34
8,10,16,17,22,38|11,15,23,26,27,32|14,20,25,28,33,34
1,8,10,15,25,34|2,3,16,20,28,38|22,23,26,27,31,32
1,8,10,16,28,34|2,3,15,20,25,38|22,23,26,27,31,32
1,8,10,20,21,34|2,3,14,25,28,38|22,23,26,27,31,32
1,3,14,25,30,40|6,8,10,15,19,38|11,16,17,18,20,23
1,3,15,28,30,40|6,17,18,22,23,25|8,11,27,29,31,33
1,3,16,20,30,40|6,8,10,15,19,38|11,14,17,18,23,25
1,6,15,19,23,26|2,7,11,12,16,40|8,14,20,27,29,33
1,8,11,16,18,38|2,7,12,14,31,40|6,17,19,23,25,28
1,8,13,20,32,33|2,7,11,12,16,40|6,17,18,22,23,25
1,8,13,20,38,40|3,6,7,12,15,32|11,14,17,18,23,25
1,8,14,18,31,38|2,7,11,12,16,40|6,17,19,23,25,28
1,8,14,19,25,38|2,7,11,12,16,40|6,10,15,18,23,32
1,8,15,18,22,38|2,7,11,12,16,40|6,17,19,23,25,28
1,8,15,19,28,38|2,7,11,12,16,40|6,17,18,22,23,25
1,8,16,19,20,38|2,7,12,14,31,40|6,10,15,18,23,32
1,10,16,23,29,40|3,6,7,12,15,32|8,11,13,17,20,33
1,11,16,33,38,40|3,6,7,12,15,32|14,17,18,20,23,31
1,14,18,23,25,32|2,7,11,12,16,40|6,8,10,15,19,38
1,14,31,33,38,40|3,6,7,12,15,32|11,16,17,18,20,23
1,15,18,23,28,32|2,7,11,12,16,40|8,14,20,27,29,33
1,16,18,20,23,32|2,7,12,14,31,40|6,8,10,15,19,38
1,19,23,25,31,32|2,7,11,12,16,40|6,8,27,28,29,33
2,7,11,12,16,40|6,8,10,15,19,38|14,17,18,20,23,31
2,7,12,14,31,40|6,8,10,15,19,38|11,16,17,18,20,23
2,7,12,15,22,40|6,8,27,28,29,33|10,11,16,19,23,32
3,6,7,12,15,32|8,11,13,17,20,33|18,22,23,25,28,29
3,6,10,15,30,40|8,11,13,17,20,33|18,22,23,25,28,29
1,2,3,6,15,33|8,10,11,13,38,40|14,17,18,20,23,25
1,2,3,8,11,13|6,10,15,33,38,40|14,17,18,20,23,25
1,3,11,13,20,30|2,7,12,14,25,40|6,8,10,15,18,38
1,6,15,18,23,26|2,7,12,14,25,40|8,10,11,13,32,33
1,8,10,16,29,33|2,7,12,14,25,40|15,17,18,20,23,28
1,8,14,18,25,38|2,7,12,15,28,40|10,16,19,20,23,32
1,8,14,27,32,33|2,7,12,15,28,40|11,17,18,23,25,31
1,8,14,27,38,40|3,7,11,12,16,32|6,17,18,23,25,28
1,8,15,18,28,38|2,7,12,14,25,40|10,16,19,20,23,32
1,8,16,18,20,38|2,7,12,14,25,40|10,15,19,23,28,32
1,8,16,26,33,40|3,7,12,14,31,32|6,17,18,23,25,28
1,8,19,25,31,38|2,7,12,15,28,40|10,11,16,18,23,32
1,10,11,13,23,29|2,7,12,14,25,40|6,8,17,22,27,33
1,11,13,23,26,40|3,7,12,14,31,32|6,8,10,15,18,38
1,11,16,19,23,26|2,7,12,14,25,40|6,8,10,15,18,38
1,14,19,23,26,31|2,7,12,15,28,40|6,8,17,22,27,33
1,14,25,33,38,40|3,7,11,12,16,32|15,17,18,20,23,28
1,15,19,22,23,26|2,7,12,14,25,40|8,10,11,13,32,33
1,15,28,33,38,40|3,7,11,12,16,32|14,17,18,20,23,25
1,16,20,33,38,40|3,7,12,14,31,32|6,17,18,23,25,28
1,18,23,25,31,32|2,7,12,15,28,40|6,8,17,22,27,33
2,7,12,15,28,40|6,8,17,22,27,33|10,11,16,18,23,32
2,7,12,16,20,40|6,8,10,15,18,38|17,19,22,23,25,28
3,7,11,12,16,32|6,8,10,15,18,38|14,17,20,23,27,40
3,7,12,14,31,32|6,8,10,15,18,38|17,19,22,23,25,28
3,7,12,15,22,32|6,17,18,23,25,28|8,10,11,13,38,40
3,10,15,22,30,40|6,17,18,23,25,28|8,20,27,29,31,33
1,3,11,16,30,40|6,8,22,27,29,33|14,17,19,20,23,31
1,3,14,30,31,40|6,8,22,27,29,33|11,15,17,19,23,28
1,8,11,13,32,33|2,6,7,12,15,40|14,17,19,20,23,31
1,8,11,16,19,38|2,6,7,12,15,40|14,18,20,23,25,29
1,16,19,20,23,32|2,6,7,12,15,40|8,11,14,27,29,33
1,2,3,15,22,33|8,10,11,16,18,38|17,20,23,27,31,40
1,3,6,22,27,30|2,7,11,12,13,20|8,10,14,18,31,38
1,3,11,14,27,30|2,7,12,25,31,40|6,10,15,19,23,26
1,8,11,13,26,33|2,7,12,25,31,40|10,15,18,23,28,32
1,8,18,25,31,38|2,7,11,12,13,20|3,10,15,28,30,40
1,8,27,31,32,33|2,7,11,12,13,20|3,10,14,25,30,40
1,8,27,31,38,40|2,7,11,12,13,20|6,10,15,19,23,26
1,10,13,20,23,29|2,7,12,25,31,40|6,8,17,27,28,33
1,11,13,20,33,38|2,3,8,10,16,40|17,18,22,23,25,28
1,11,16,18,23,26|2,7,12,25,31,40|6,8,17,27,28,33
1,13,20,23,26,40|3,7,12,14,25,32|6,8,17,27,28,33
1,16,19,20,23,26|2,7,12,25,31,40|6,8,17,27,28,33
1,23,25,27,32,40|2,7,11,12,13,20|8,10,14,18,31,38
1,25,31,33,38,40|2,7,11,12,13,20|6,10,15,19,23,26
2,7,11,12,13,20|3,10,14,25,30,40|6,8,17,27,28,33
2,7,12,25,31,40|6,8,17,27,28,33|10,16,18,20,23,32
3,7,12,15,28,32|8,10,11,16,18,38|17,20,23,27,31,40
1,8,13,20,26,33|2,6,7,12,22,27|3,10,25,30,31,40
1,11,14,27,33,38|3,6,7,12,15,26|10,18,23,25,31,32
3,7,12,25,31,32|6,10,15,18,23,26|8,17,22,27,28,33
1,3,6,9,23,27|2,18,22,25,33,38|7,10,12,15,34,40
1,10,15,18,30,38|2,6,19,23,26,27|3,25,28,33,34,40
1,10,15,19,30,38|2,18,22,23,27,32|3,28,31,33,34,40
1,27,28,29,30,33|2,10,15,17,19,23|3,8,18,22,25,34
2,6,8,18,27,38|3,9,10,15,23,40|19,22,25,26,30,33
2,8,19,22,27,38|3,9,10,15,23,40|6,18,25,26,30,33
2,10,15,17,19,23|3,8,18,22,25,34|6,7,12,27,29,38
2,18,22,23,27,32|3,8,15,19,26,38|6,7,9,12,25,33
2,19,23,27,28,32|3,8,18,22,25,34|7,9,12,15,20,33
3,8,18,22,25,34|6,7,12,27,29,38|19,26,28,30,31,33
3,8,18,28,31,34|6,7,9,12,25,33|19,20,22,27,30,38
3,8,19,25,28,34|6,7,12,27,29,38|15,18,20,26,30,33
3,9,10,15,23,40|6,7,12,27,29,38|14,18,26,28,30,33
3,6,8,14,18,34|7,12,15,29,32,33|19,22,25,30,38,40
3,6,8,19,31,34|7,12,15,29,32,33|14,18,28,30,38,40
3,8,14,19,22,34|6,18,25,30,32,33|7,12,15,29,38,40
1,2,15,17,18,23|3,6,8,27,34,40|7,9,12,14,22,33
1,22,27,29,30,33|2,15,18,23,26,40|3,8,19,28,31,34
2,6,18,23,27,32|3,8,19,22,25,34|7,9,11,12,15,33
2,8,15,19,26,33|3,6,17,23,27,29|18,25,28,30,38,40
2,10,15,18,23,29|3,6,8,27,34,40|7,9,12,14,22,33
2,15,18,23,26,40|3,8,19,22,25,34|6,7,9,12,31,33
2,19,22,23,27,32|3,6,8,18,25,34|7,9,11,12,15,33
3,6,17,23,27,29|7,9,11,12,15,33|18,25,28,30,38,40
3,8,14,18,28,34|6,7,9,12,31,33|11,19,22,27,30,38
3,8,15,18,20,34|6,7,9,12,31,33|11,19,22,27,30,38
3,8,18,22,31,34|6,19,20,27,30,38|7,9,11,12,15,33
3,8,19,28,31,34|6,11,18,27,30,38|7,9,12,14,22,33
3,15,19,23,26,32|6,7,9,12,31,33|18,25,28,30,38,40
1,2,15,17,19,23|3,6,8,18,31,34|22,27,30,32,33,40
1,3,9,15,23,40|2,6,14,18,33,38|8,19,27,28,30,32
1,6,27,29,30,33|2,15,19,23,26,40|3,8,14,18,22,34
2,10,15,19,23,29|3,6,8,18,31,34|22,27,30,32,33,40
3,8,11,15,18,34|6,7,9,12,14,33|19,25,28,30,38,40
3,8,15,19,20,34|6,7,9,12,14,33|18,22,25,30,38,40
1,2,7,21,31,35|3,9,17,28,30,39|6,13,27,32,34,38
1,2,7,22,35,39|3,9,17,21,25,30|6,13,27,32,34,38
1,2,7,15,16,35|3,9,17,21,30,31|18,22,32,34,38,39
2,6,18,32,34,39|3,9,14,21,29,38|7,11,15,16,17,35
2,14,18,21,32,34|3,6,9,29,38,39|7,11,15,16,17,35
2,15,16,18,32,34|3,6,9,29,38,39|7,11,14,17,21,35
2,19,21,31,32,34|3,6,9,29,38,39|7,11,15,16,17,35
2,19,22,32,34,39|3,9,14,21,29,38|6,7,16,17,31,35
2,18,21,31,32,34|3,9,22,29,38,39|6,7,16,17,25,35
2,18,22,32,34,39|3,9,21,29,31,38|6,7,16,17,25,35
2,19,21,25,32,34|3,9,22,29,38,39|7,14,16,17,28,35
2,19,28,32,34,39|3,9,21,29,31,38|6,7,16,17,25,35
2,6,19,32,34,39|7,11,21,29,31,35|9,13,14,17,22,30
2,14,19,21,32,34|6,7,16,25,29,35|9,11,13,15,17,30
2,15,16,19,32,34|6,7,20,29,35,39|9,13,14,17,22,30
1,2,9,13,15,38|3,17,21,25,29,34|6,7,10,32,35,39
1,2,13,15,17,34|3,9,21,25,29,38|6,7,10,32,35,39
1,7,21,25,32,35|2,6,19,26,34,39|3,9,15,16,17,38
1,9,13,15,26,30|2,18,21,25,32,34|7,11,17,28,35,39
1,9,21,27,30,32|2,6,19,26,34,39|7,15,17,25,31,35
2,6,19,26,34,39|3,9,14,17,21,38|7,10,15,16,32,35
2,13,15,26,34,40|3,6,9,17,38,39|7,10,14,21,32,35
2,14,19,21,26,34|3,6,9,17,38,39|7,10,15,16,32,35
2,15,16,19,26,34|3,6,9,17,38,39|7,10,14,21,32,35
2,18,21,25,32,34|3,6,9,17,38,39|12,13,27,28,30,35
2,15,16,18,26,34|3,9,17,21,31,38|7,10,22,32,35,39
2,3,6,14,21,32|8,11,17,25,29,39|15,16,20,22,34,40
2,3,6,15,16,32|8,11,17,25,29,39|14,20,21,22,34,40
6,13,14,28,32,38|8,11,17,25,29,39|15,16,20,22,34,40
6,13,15,20,32,38|8,11,17,25,29,39|14,16,22,28,34,40
1,6,17,21,31,38|2,3,14,16,25,32|11,13,15,20,28,34
1,6,17,22,38,39|2,3,14,16,25,32|8,9,10,11,15,21
1,8,9,11,25,39|2,3,14,21,28,32|10,15,16,22,29,38
1,8,9,16,25,31|2,3,6,28,32,39|10,11,15,21,29,38
1,8,9,20,31,39|2,3,6,21,25,32|10,15,16,22,29,38
1,8,9,21,22,25|2,3,6,28,32,39|10,14,16,29,31,38
1,8,9,21,28,31|2,3,14,16,25,32|6,10,22,29,38,39
1,8,9,22,28,39|2,3,6,21,25,32|10,14,16,29,31,38
1,8,17,25,32,39|6,10,21,29,31,38|11,13,15,20,28,34
1,8,26,29,31,39|2,3,6,21,25,32|11,13,15,20,28,34
1,11,14,17,38,39|2,3,6,21,25,32|8,9,10,15,16,22
1,11,15,17,21,38|2,3,6,28,32,39|8,9,10,14,16,31
1,11,25,29,38,39|2,3,14,21,28,32|8,9,10,15,16,22
1,14,16,17,31,38|2,3,6,21,25,32|11,13,15,20,28,34
1,14,17,21,22,38|2,3,6,28,32,39|16,20,25,31,34,40
1,15,16,17,22,38|2,3,6,21,25,32|8,9,10,11,14,39
1,16,25,29,31,38|2,3,6,28,32,39|8,9,10,11,15,21
1,20,29,31,38,39|2,3,6,21,25,32|8,9,10,15,16,22
1,21,22,25,29,38|2,3,6,28,32,39|8,9,10,14,16,31
1,21,28,29,31,38|2,3,14,16,25,32|6,8,9,10,22,39
1,22,28,29,38,39|2,3,6,21,25,32|8,9,10,14,16,31
2,3,6,21,25,32|8,9,10,11,14,39|15,16,22,26,38,40
2,3,6,28,32,39|8,9,10,11,15,21|14,16,26,31,38,40
2,3,14,16,25,32|6,8,9,10,21,31|11,13,15,20,28,34
2,3,14,20,32,39|6,8,9,10,21,31|15,16,22,26,38,40
2,3,14,21,28,32|6,8,9,10,22,39|16,20,25,31,34,40
2,3,15,16,28,32|6,8,9,10,21,31|11,13,14,20,25,34
2,3,15,20,21,32|6,8,9,10,22,39|14,16,26,31,38,40
6,8,9,10,21,31|11,13,14,20,25,34|15,16,22,26,32,33
6,10,21,29,31,38|8,13,14,25,26,32|20,22,28,34,39,40
6,10,22,29,38,39|8,13,14,25,26,32|20,21,28,31,34,40
6,11,13,15,26,38|8,9,10,14,16,31|20,21,22,25,34,40
6,11,15,27,31,34|8,9,10,14,21,22|20,25,32,38,39,40
6,11,21,27,32,38|8,9,10,14,16,31|20,22,28,34,39,40
6,13,14,22,26,38|8,9,10,11,15,21|16,20,25,31,34,40
6,13,20,28,31,34|8,9,10,11,14,39|15,16,22,26,32,33
6,14,22,27,31,34|8,9,10,11,15,21|20,25,32,38,39,40
6,15,27,31,32,38|8,9,10,11,14,39|16,22,25,28,34,40
6,16,22,27,32,38|8,9,10,11,14,39|15,25,28,31,34,40
6,21,26,31,32,33|8,9,10,11,14,39|16,22,25,28,34,40
6,22,26,32,33,39|8,9,10,11,15,21|16,20,25,31,34,40
8,10,25,29,32,39|11,13,15,20,28,34|14,16,26,31,38,40
8,13,14,25,26,32|10,11,15,21,29,38|20,22,28,34,39,40
8,13,15,26,28,32|10,11,14,29,38,39|16,20,25,31,34,40
8,13,16,20,26,32|10,11,14,29,38,39|15,25,28,31,34,40
8,25,26,32,39,40|10,11,15,21,29,38|13,14,20,22,28,34
10,11,14,29,38,39|15,16,22,26,32,33|20,21,28,31,34,40
1,6,8,9,21,25|2,3,11,14,32,39|15,16,20,28,34,40
1,6,8,9,28,39|2,3,11,15,21,32|14,16,20,25,34,40
1,6,14,17,21,38|2,3,15,16,22,32|11,20,31,34,39,40
1,6,15,16,17,38|2,3,11,14,32,39|20,21,22,31,34,40
1,6,21,25,29,38|2,3,11,14,32,39|15,16,20,28,34,40
1,6,28,29,38,39|2,3,11,15,21,32|14,16,20,25,34,40
1,8,9,11,31,39|2,3,14,21,22,32|6,10,15,16,29,38
1,8,9,14,16,25|2,3,6,21,31,32|11,13,15,20,22,34
1,8,9,14,21,28|2,3,6,22,32,39|11,16,25,31,34,40
1,8,9,15,20,21|2,3,6,22,32,39|11,16,25,31,34,40
1,8,9,21,22,31|2,3,11,14,32,39|6,10,15,16,29,38
1,8,14,26,29,39|2,3,6,21,31,32|11,13,15,20,22,34
1,8,15,21,26,29|2,3,6,22,32,39|11,13,14,20,31,34
1,8,17,31,32,39|6,10,14,21,29,38|11,13,15,20,22,34
1,11,29,31,38,39|2,3,14,21,22,32|6,8,9,10,15,16
1,14,16,25,29,38|2,3,6,21,31,32|11,13,15,20,22,34
1,14,21,28,29,38|2,3,6,22,32,39|11,16,25,31,34,40
1,15,20,21,29,38|2,3,6,22,32,39|11,16,25,31,34,40
1,21,22,29,31,38|2,3,11,14,32,39|6,8,9,10,15,16
2,3,6,21,31,32|8,17,20,25,29,39|11,13,14,22,28,34
2,3,6,22,32,39|8,17,21,25,28,29|11,13,14,20,31,34
2,3,11,14,32,39|6,8,9,10,15,16|20,21,22,31,34,40
2,3,14,21,22,32|6,8,9,10,15,16|11,20,31,34,39,40
2,3,15,16,22,32|6,8,9,10,14,21|11,20,31,34,39,40
6,8,9,10,14,21|11,13,15,20,22,34|16,25,31,32,38,40
6,8,9,10,15,16|11,13,14,20,31,34|21,22,25,32,38,40
6,10,14,21,29,38|8,11,13,16,26,32|15,22,25,31,34,40
6,10,15,16,29,38|8,13,14,26,31,32|11,21,22,25,34,40
6,14,15,27,32,38|8,17,20,25,29,39|11,21,28,31,34,40
6,14,21,26,32,33|8,17,20,25,29,39|16,22,28,31,34,40
6,14,21,26,38,40|8,10,29,31,32,39|11,13,15,20,22,34
6,15,16,26,32,33|8,17,20,25,29,39|11,13,14,22,28,34
6,15,16,26,38,40|8,10,29,31,32,39|11,13,14,22,28,34
1,6,10,14,21,34|2,3,11,25,32,39|15,16,26,28,38,40
1,6,10,15,16,34|2,3,11,25,32,39|14,21,26,28,38,40
1,6,17,21,25,38|2,3,20,31,32,39|8,9,10,15,16,28
1,6,17,28,38,39|2,3,16,25,31,32|8,9,10,15,20,21
1,8,9,20,25,39|2,3,6,14,21,26|10,15,16,28,29,38
1,8,9,21,25,28|2,3,6,15,16,26|10,11,29,31,38,39
1,8,14,17,26,39|2,3,16,25,31,32|6,11,20,21,27,34
1,8,15,17,21,26|2,3,11,25,32,39|6,14,27,28,31,34
1,8,25,26,29,39|2,3,21,28,31,32|6,10,15,16,17,38
1,11,17,31,38,39|2,3,6,14,21,26|8,9,10,15,16,28
1,14,16,17,25,38|2,3,20,31,32,39|6,15,22,27,28,34
1,14,17,20,38,39|2,3,6,15,16,26|8,9,10,21,22,31
1,14,17,21,28,38|2,3,6,15,16,26|8,9,10,11,31,39
1,15,16,17,28,38|2,3,6,14,21,26|8,9,10,11,31,39
1,15,17,20,21,38|2,3,11,25,32,39|6,14,27,28,31,34
1,17,21,22,31,38|2,3,6,15,16,26|8,9,10,14,20,39
1,20,25,29,38,39|2,3,6,14,21,26|8,9,10,15,16,28
1,21,25,28,29,38|2,3,6,15,16,26|8,9,10,11,31,39
2,3,6,14,21,26|8,9,10,11,31,39|13,22,25,28,32,38
2,3,6,15,16,26|8,9,10,11,31,39|13,22,25,28,32,38
2,3,11,25,32,39|6,10,14,17,21,38|13,20,22,28,31,34
2,3,16,25,31,32|6,8,9,10,28,39|11,13,15,22,26,38
2,3,20,31,32,39|6,8,9,10,21,25|11,13,15,22,26,38
2,3,21,22,25,32|6,8,9,10,28,39|11,13,14,26,31,38
2,3,22,28,32,39|6,8,9,10,21,25|11,13,14,26,31,38
6,10,21,25,29,38|8,14,16,26,27,32|13,20,22,28,31,34
6,10,28,29,38,39|8,13,25,26,31,32|11,14,16,20,27,34
6,11,15,25,27,34|8,9,10,14,20,39|21,22,26,31,32,33
6,11,16,27,28,34|8,9,10,14,20,39|21,22,26,31,32,33
6,14,22,25,27,34|8,9,10,11,31,39|15,16,26,28,32,33
6,15,22,27,28,34|8,9,10,11,31,39|14,16,25,26,32,33
6,16,20,22,27,34|8,9,10,11,31,39|14,21,26,28,32,33
6,21,25,26,32,33|8,9,10,11,31,39|14,15,20,22,27,34
6,21,25,26,38,40|8,9,10,11,31,39|14,15,20,22,27,34
6,26,28,32,33,39|8,9,10,14,16,25|11,15,22,27,31,34
6,26,28,38,39,40|8,9,10,14,16,25|11,15,22,27,31,34
8,10,17,31,32,39|11,13,15,22,26,38|20,21,25,28,34,40
8,14,16,26,27,32|10,11,29,31,38,39|20,21,25,28,34,40
1,6,10,21,31,34|2,3,11,14,26,39|15,22,25,27,32,38
1,6,10,22,34,39|2,3,11,15,21,26|14,25,27,31,32,38
1,10,11,14,34,39|2,3,6,21,26,31|15,22,25,27,32,38
1,10,11,15,21,34|2,3,6,22,26,39|14,25,27,31,32,38
1,10,14,16,31,34|2,3,6,22,26,39|11,21,27,28,32,38
1,10,14,21,22,34|2,3,20,25,32,39|6,13,26,28,31,38
1,10,14,32,38,39|2,3,6,21,26,31|11,15,22,25,27,34
1,10,15,16,22,34|2,3,6,21,26,31|11,20,27,32,38,39
1,10,15,21,32,38|2,3,6,22,26,39|11,14,25,27,31,34
1,11,17,25,38,39|2,3,6,21,26,31|14,15,20,27,28,34
1,16,17,25,31,38|2,3,6,22,26,39|14,15,20,27,28,34
1,17,20,31,38,39|2,3,11,15,21,26|6,14,25,27,28,34
1,17,21,22,25,38|2,3,11,14,26,39|6,16,20,27,28,34
2,3,6,21,26,31|8,9,10,11,25,39|14,15,20,27,28,34
2,3,6,22,26,39|8,9,10,16,25,31|11,21,27,28,32,38
2,3,11,14,26,39|6,10,17,21,31,38|13,20,22,25,28,34
2,3,20,25,32,39|6,10,17,21,31,38|11,16,22,27,28,34
2,3,21,25,28,32|6,10,17,22,38,39|11,16,20,27,31,34
6,10,17,21,31,38|8,11,26,27,32,39|13,20,22,25,28,34
8,11,26,27,32,39|10,14,16,17,31,38|13,20,22,25,28,34
8,16,26,27,31,32|10,11,14,17,38,39|13,20,22,25,28,34
1,10,14,21,28,34|2,3,11,26,31,39|16,20,25,27,32,38
1,10,21,22,31,34|2,3,6,26,28,39|16,20,25,27,32,38
1,10,31,32,38,39|2,3,6,21,25,26|16,20,22,27,28,34
2,3,6,21,25,26|10,11,17,31,38,39|16,20,22,27,28,34
2,3,11,26,31,39|6,10,17,21,25,38|16,20,22,27,28,34
2,3,21,22,26,31|6,10,17,28,38,39|11,16,20,25,27,34
1,6,7,35,38,39|2,9,21,23,27,29|15,16,18,26,30,34
1,7,15,16,35,38|2,9,21,23,27,29|6,18,26,30,34,39
2,9,21,23,27,29|3,13,15,32,34,38|7,8,17,28,35,39
2,9,13,16,33,40|3,14,18,29,34,39|6,7,19,21,25,35
2,9,14,19,33,39|3,15,18,21,29,34|7,13,16,20,35,40
2,9,15,19,21,33|3,14,18,29,34,39|7,13,16,20,35,40
3,15,18,21,29,34|6,7,19,28,35,39|9,13,14,27,30,40
3,19,29,31,34,39|7,11,15,18,21,35|9,13,14,27,30,40
2,9,14,18,33,39|3,13,16,17,34,40|7,19,21,22,25,35
2,9,15,18,21,33|3,13,16,17,34,40|7,11,19,25,35,39
2,9,19,31,33,39|3,13,16,17,34,40|6,7,18,21,25,35
2,13,16,17,19,38|3,18,29,31,34,39|6,7,21,27,35,40
3,9,13,16,38,40|6,7,18,21,25,35|17,19,27,30,32,39
3,13,16,17,34,40|6,7,18,21,25,35|9,11,19,27,30,39
3,14,17,19,34,39|6,7,18,21,25,35|9,13,27,30,31,40
3,15,17,19,21,34|6,7,18,28,35,39|9,13,27,30,31,40
3,18,29,31,34,39|6,7,21,27,35,40|13,16,17,19,26,30
1,2,13,16,18,34|3,9,19,31,38,39|7,21,22,27,35,40
2,9,18,31,33,39|3,13,14,27,29,34|7,19,21,25,28,35
2,9,19,25,33,39|3,13,14,27,29,34|7,18,21,28,31,35
2,13,16,17,18,38|3,27,29,34,39,40|7,19,21,25,28,35
2,10,13,16,19,34|3,9,18,31,38,39|7,21,27,28,35,40
1,2,8,29,31,39|3,6,11,14,21,34|13,15,20,28,30,32
2,8,25,32,39,40|3,6,11,14,21,34|10,15,16,22,29,30
1,2,8,17,31,39|3,6,11,21,25,34|13,14,22,26,28,30
1,10,14,30,32,39|2,6,13,22,25,38|3,11,15,16,28,34
1,10,15,21,30,32|2,6,13,22,25,38|3,11,14,20,34,39
1,11,17,25,30,39|2,6,13,28,31,38|3,8,15,21,26,32
1,17,20,30,31,39|2,6,13,22,25,38|3,8,15,21,26,32
1,17,21,22,25,30|2,6,13,28,31,38|3,8,14,26,32,39
1,17,21,28,30,31|2,6,13,22,25,38|3,8,14,26,32,39
2,6,13,22,25,38|3,8,14,26,32,39|10,11,15,17,21,30
2,6,13,28,31,38|3,8,14,26,32,39|10,11,15,17,21,30
2,6,14,21,26,33|3,11,15,16,28,34|10,20,29,30,31,39
2,6,15,16,26,33|3,11,14,20,34,39|10,21,22,25,29,30
2,8,10,29,31,39|3,6,11,21,25,34|13,14,22,26,28,30
2,8,11,13,16,26|3,6,15,25,31,34|10,14,17,21,22,30
2,8,11,27,32,39|3,6,15,25,31,34|10,14,17,21,22,30
2,8,13,14,26,31|3,6,11,21,25,34|10,15,16,17,22,30
2,8,13,15,22,26|3,6,11,21,25,34|10,14,16,17,30,31
2,8,16,27,31,32|3,6,11,21,25,34|10,22,28,29,30,39
2,8,21,22,27,32|3,6,11,28,34,39|10,14,16,17,30,31
2,8,26,31,39,40|3,6,11,21,25,34|10,15,16,17,22,30
2,11,13,14,25,38|3,6,16,28,31,34|20,21,22,27,30,32
2,11,13,15,28,38|3,6,16,22,25,34|10,20,29,30,31,39
2,11,13,16,20,38|3,6,15,25,31,34|10,14,17,21,22,30
2,11,25,32,33,39|3,6,16,28,31,34|10,14,17,21,22,30
2,11,25,38,39,40|3,6,16,28,31,34|10,14,17,21,22,30
2,13,14,20,31,38|3,6,11,21,25,34|10,15,16,17,22,30
2,13,14,22,28,38|3,6,11,21,25,34|10,20,29,30,31,39
2,13,15,20,22,38|3,6,11,21,25,34|10,14,16,17,30,31
2,16,25,31,32,33|3,6,11,28,34,39|10,14,17,21,22,30
2,16,25,31,38,40|3,6,11,28,34,39|10,14,17,21,22,30
2,20,31,32,33,39|3,6,11,21,25,34|10,15,16,17,22,30
2,20,31,38,39,40|3,6,11,21,25,34|10,15,16,17,22,30
2,21,22,25,32,33|3,6,11,28,34,39|10,14,16,17,30,31
2,21,22,25,38,40|3,6,11,28,34,39|10,14,16,17,30,31
2,21,28,31,32,33|3,6,16,22,25,34|10,11,14,17,30,39
2,21,28,31,38,40|3,6,16,22,25,34|10,11,14,17,30,39
2,22,28,32,33,39|3,6,11,21,25,34|10,14,16,17,30,31
2,22,28,38,39,40|3,6,11,21,25,34|10,14,16,17,30,31
1,2,8,14,17,39|3,6,11,21,31,34|10,15,16,28,29,30
1,2,8,15,17,21|3,6,11,22,34,39|10,14,16,25,29,30
1,2,8,25,29,39|3,6,11,21,31,34|14,15,27,28,30,32
1,6,17,21,25,30|2,8,10,14,29,39|3,11,15,16,22,34
1,6,17,28,30,39|2,8,10,15,21,29|3,11,14,16,31,34
1,11,17,30,31,39|2,6,8,13,15,26|3,14,21,22,32,38
1,17,21,22,30,31|2,6,8,13,15,26|3,11,14,32,38,39
1,20,25,29,30,39|2,6,8,13,15,26|3,11,14,16,31,34
1,21,25,28,29,30|2,6,8,13,15,26|3,11,14,16,31,34
2,6,28,32,33,39|3,11,14,16,31,34|10,15,20,21,29,30
2,6,28,38,39,40|3,11,14,16,31,34|10,15,20,21,29,30
2,8,10,14,29,39|3,6,11,21,31,34|13,22,25,28,30,32
2,8,10,15,21,29|3,6,11,22,34,39|13,20,25,30,31,32
2,8,13,25,31,32|3,6,11,22,34,39|10,14,21,28,29,30
2,8,14,26,39,40|3,6,11,21,31,34|10,15,16,28,29,30
2,8,15,21,26,40|3,6,11,22,34,39|10,14,16,25,29,30
2,14,20,32,33,39|3,6,11,21,31,34|10,15,16,28,29,30
2,14,20,38,39,40|3,6,11,21,31,34|10,15,16,28,29,30
2,14,21,28,38,40|3,6,11,22,34,39|13,20,25,30,31,32
2,15,16,28,32,33|3,6,11,21,31,34|10,14,20,29,30,39
2,15,16,28,38,40|3,6,11,21,31,34|10,14,20,29,30,39
2,15,20,21,32,33|3,6,11,22,34,39|10,14,16,25,29,30
2,15,20,21,38,40|3,6,11,22,34,39|10,14,16,25,29,30
2,8,14,16,26,27|3,11,20,25,34,39|10,17,21,28,30,31
2,14,16,20,27,38|3,8,25,26,32,39|10,17,21,28,30,31
1,10,30,31,32,39|2,6,11,21,27,38|3,14,15,25,28,34
1,17,20,25,30,39|2,6,11,21,27,38|3,16,22,28,31,34
2,6,11,21,27,38|3,8,26,31,32,39|10,14,16,17,25,30
2,6,13,25,28,38|3,8,26,31,32,39|10,15,17,20,21,30
2,6,15,27,31,38|3,11,21,22,25,34|10,14,17,20,30,39
2,6,16,22,27,38|3,8,26,31,32,39|10,14,17,21,28,30
2,6,21,26,31,33|3,11,22,28,34,39|10,14,16,17,25,30
2,6,22,26,33,39|3,11,16,25,31,34|10,14,17,21,28,30
2,8,10,14,17,39|3,6,15,16,26,38|20,21,27,28,30,32
2,8,13,14,25,26|3,6,20,28,34,39|10,17,21,22,30,31
2,8,13,15,26,28|3,6,20,21,25,34|10,11,17,30,31,39
2,8,13,16,20,26|3,11,21,22,25,34|6,10,17,28,30,39
2,8,16,25,27,32|3,6,14,21,26,38|10,11,17,30,31,39
2,8,20,27,32,39|3,6,14,21,26,38|10,15,16,17,28,30
2,8,21,27,28,32|3,6,15,16,26,38|10,11,17,30,31,39
2,11,13,25,31,38|3,6,20,28,34,39|14,15,22,26,27,30
2,11,14,16,27,38|3,6,20,21,25,34|13,22,26,28,30,31
2,11,14,26,33,39|3,6,16,25,28,34|10,15,17,20,21,30
2,11,15,21,26,33|3,6,16,25,28,34|10,14,17,20,30,39
2,13,14,20,25,38|3,8,26,31,32,39|10,15,16,17,28,30
2,13,15,20,28,38|3,8,26,31,32,39|6,10,17,21,25,30
2,13,22,28,31,38|3,6,20,21,25,34|11,14,16,26,27,30
2,14,15,22,27,38|3,6,16,25,28,34|10,11,17,30,31,39
2,14,21,22,26,33|3,6,16,25,28,34|10,11,17,30,31,39
2,15,16,22,26,33|3,6,20,21,25,34|10,11,17,30,31,39
2,20,25,32,33,39|3,6,14,21,26,38|10,15,16,17,28,30
2,20,25,38,39,40|3,11,21,28,31,34|6,16,22,26,27,30
2,21,25,28,32,33|3,6,15,16,26,38|10,11,17,30,31,39
3,7,31,35,39,40|9,13,16,19,23,26|15,17,18,21,33,34
2,13,16,17,18,30|3,7,14,35,39,40|9,15,19,21,33,38
3,7,14,35,39,40|8,9,13,16,18,38|15,17,19,21,33,34
3,7,15,21,35,40|8,9,13,16,18,38|14,17,19,33,34,39
1,6,9,21,23,25|2,3,8,31,32,39|11,15,16,28,33,34
1,6,9,23,28,39|2,11,13,25,30,31|8,10,15,21,29,38
1,8,14,17,38,39|2,6,11,21,27,30|13,15,22,23,26,32
1,8,15,17,21,38|2,6,13,25,28,30|10,23,29,31,32,39
1,8,25,29,38,39|2,6,11,21,27,30|13,14,23,26,31,32|15,16,20,22,33,34
1,9,11,23,31,39|2,3,6,14,21,38|8,13,15,20,28,34
1,9,14,16,23,25|2,3,8,31,32,39|6,21,22,28,33,34
1,9,14,20,23,39|2,3,6,15,16,38|8,11,13,25,31,34
1,9,14,21,23,28|2,3,6,15,16,38|8,11,13,25,31,34
1,9,15,16,23,28|2,3,6,14,21,38|8,11,13,25,31,34
1,9,15,20,21,23|2,3,8,31,32,39|6,16,22,25,33,34
1,9,21,22,23,31|2,3,6,15,16,38|8,13,14,20,25,34
1,14,23,26,29,39|2,3,6,15,16,38|8,11,13,25,31,34
1,15,21,23,26,29|2,3,8,31,32,39|6,16,22,25,33,34
1,17,23,31,32,39|2,3,6,14,21,38|8,13,15,20,28,34
2,3,8,31,32,39|6,9,10,14,21,23|11,15,16,28,33,34
2,6,11,21,27,30|8,10,14,29,38,39|13,15,22,23,26,32
2,6,13,25,28,30|8,10,14,29,38,39|11,15,20,21,33,34
2,6,15,27,30,31|8,10,14,29,38,39|11,13,16,23,26,32
2,6,16,22,27,30|8,10,14,29,38,39|11,15,20,21,33,34
2,11,13,25,30,31|6,8,16,22,27,34|14,20,32,33,38,39
2,11,14,16,27,30|6,8,13,15,26,38|10,23,29,31,32,39
2,13,14,20,25,30|6,8,11,21,27,34|10,23,29,31,32,39
2,13,15,20,28,30|6,8,11,21,27,34|10,23,29,31,32,39
2,13,22,28,30,31|6,8,11,21,27,34|14,16,25,32,33,38
2,14,15,22,27,30|6,8,13,25,28,34|10,23,29,31,32,39
2,20,25,30,39,40|6,8,11,21,27,34|13,14,23,26,31,32
2,21,25,28,30,40|6,8,13,15,26,38|10,23,29,31,32,39
3,6,14,21,26,30|8,11,13,25,31,34|15,16,28,32,33,38
3,6,15,16,26,30|8,10,14,29,38,39|11,21,22,31,33,34
3,11,25,30,32,39|6,8,13,15,26,38|14,16,20,31,33,34
3,21,22,25,30,32|6,8,13,15,26,38|11,14,20,33,34,39
3,21,28,30,31,32|6,8,13,15,26,38|11,14,16,25,33,34
6,8,13,15,26,38|10,23,29,31,32,39|11,14,16,25,33,34
6,9,10,14,21,23|8,11,13,25,31,34|15,16,28,32,33,38
6,9,10,15,16,23|8,11,13,25,31,34|14,20,32,33,38,39
6,11,21,25,33,34|8,10,14,29,38,39|13,15,22,23,26,32
6,11,28,33,34,39|8,10,15,21,29,38|13,14,23,26,31,32
6,15,25,31,33,34|8,10,14,29,38,39|11,13,16,23,26,32
6,16,28,31,33,34|8,10,14,29,38,39|13,15,22,23,26,32
6,20,21,31,33,34|8,10,14,29,38,39|11,13,16,23,26,32
6,20,22,33,34,39|8,10,15,21,29,38|11,13,16,23,26,32
6,21,22,28,33,34|8,10,14,29,38,39|11,13,16,23,26,32
8,15,21,26,38,40|10,23,29,31,32,39|11,14,16,25,33,34
1,8,17,31,38,39|2,6,15,25,27,30|9,10,14,21,22,23
1,9,11,23,25,39|2,3,6,21,31,38|8,14,15,27,28,34
1,9,16,23,25,31|2,3,6,22,38,39|8,14,15,27,28,34
1,9,20,23,31,39|2,3,11,15,21,38|6,8,16,27,28,34
1,9,21,22,23,25|2,3,11,14,38,39|6,8,16,27,28,34
1,9,21,23,28,31|2,3,6,22,38,39|8,14,16,20,27,34
1,9,22,23,28,39|2,3,6,21,31,38|8,14,16,20,27,34
1,17,23,25,32,39|2,3,6,21,31,38|8,14,15,27,28,34
1,23,26,29,31,39|2,3,11,15,21,38|6,8,16,27,28,34
2,3,6,21,31,38|8,13,22,25,28,34|9,10,11,14,23,39
2,3,6,22,38,39|8,11,16,27,31,34|10,15,17,21,23,32
2,3,8,25,32,39|6,9,10,21,23,31|15,16,20,28,33,34
2,3,11,14,38,39|6,8,15,25,27,34|13,16,20,23,26,32
2,3,11,15,21,38|6,8,16,27,28,34|10,14,17,23,32,39
2,3,14,21,22,38|6,8,15,25,27,34|13,16,20,23,26,32
2,3,15,16,22,38|6,8,20,21,27,34|9,10,11,14,23,39
2,6,15,25,27,30|8,10,29,31,38,39|13,16,20,23,26,32
2,6,16,27,28,30|8,10,29,31,38,39|11,21,22,25,33,34
2,6,20,21,27,30|8,10,29,31,38,39|13,14,23,25,26,32
2,11,16,27,30,31|6,9,10,22,23,39|14,15,25,28,33,34
2,11,21,22,27,30|6,15,16,26,33,38|8,13,20,25,31,34|10,14,17,23,32,39
2,13,20,25,30,31|6,8,16,27,28,34|9,10,11,14,23,39
2,13,22,25,28,30|6,8,20,21,27,34|9,10,11,14,23,39
2,14,15,27,28,30|6,9,10,21,23,31|8,11,13,16,26,38
2,14,16,20,27,30|6,9,10,21,23,31|8,13,15,22,26,38
2,15,22,27,30,31|6,14,21,26,33,38|10,23,25,29,32,39
3,6,21,26,30,31|8,11,27,32,38,39|9,10,15,16,22,23
3,6,22,26,30,39|8,11,16,27,31,34|10,15,17,21,23,32
3,11,14,26,30,39|6,8,15,25,27,34|21,28,31,32,33,38
3,11,15,21,26,30|6,8,16,27,28,34|10,14,17,23,32,39
3,14,16,26,30,31|6,8,15,25,27,34|22,28,32,33,38,39
3,14,21,22,26,30|6,8,15,25,27,34|20,31,32,33,38,39
3,15,16,22,26,30|6,8,20,21,27,34|9,10,11,14,23,39
3,20,25,30,32,39|6,8,16,27,28,34|9,10,11,15,21,23
3,21,25,28,30,32|6,9,10,22,23,39|8,11,13,16,26,38
6,8,15,25,27,34|9,10,11,14,23,39|21,28,31,32,33,38
6,8,16,27,28,34|9,10,11,14,23,39|21,22,25,32,33,38
6,8,20,21,27,34|9,10,11,14,23,39|16,25,31,32,33,38
6,9,10,21,23,31|8,11,13,16,26,38|14,15,25,28,33,34
6,9,10,22,23,39|8,11,13,16,26,38|14,15,25,28,33,34
6,14,21,26,33,38|8,11,16,27,31,34|10,23,25,29,32,39
6,15,16,26,33,38|8,11,21,22,27,34|10,14,17,23,32,39
6,20,21,25,33,34|8,10,29,31,38,39|13,15,23,26,28,32
6,20,28,33,34,39|8,11,13,16,26,38|9,10,14,21,22,23
8,10,29,31,38,39|11,21,22,25,33,34|13,15,23,26,28,32
8,14,16,20,27,34|9,10,11,15,21,23|22,28,32,33,38,39
8,21,22,27,32,38|9,10,11,14,23,39|15,16,20,28,33,34
8,26,31,38,39,40|9,10,11,15,21,23|14,16,20,25,33,34
1,6,9,14,21,23|2,11,13,15,22,30|8,31,32,38,39,40
1,23,29,31,32,39|2,6,13,14,28,30|8,15,20,21,34,40
2,6,13,14,28,30|8,11,31,34,39,40|15,17,20,21,23,29
2,6,13,15,20,30|8,11,31,34,39,40|14,16,17,23,25,29
2,6,13,22,30,31|8,14,16,25,34,40|15,17,20,21,23,29
2,6,21,25,30,40|8,11,13,14,31,34|15,16,17,23,28,29
2,6,28,30,39,40|8,11,13,14,31,34|15,17,20,21,23,29
2,11,13,14,30,31|6,8,21,25,34,40|15,16,17,23,28,29
2,11,13,15,22,30|6,8,21,25,34,40|14,17,20,23,29,39
2,11,30,31,39,40|6,8,13,14,28,34|15,17,20,21,23,29
2,14,16,25,30,40|6,8,13,15,20,34|11,17,23,29,31,39
2,14,20,30,39,40|6,8,13,22,31,34|15,16,17,23,28,29
2,14,21,28,30,40|6,8,13,15,20,34|11,17,23,29,31,39
2,15,16,28,30,40|6,8,13,22,31,34|14,17,20,23,29,39
2,15,20,21,30,40|6,8,13,14,28,34|11,17,23,29,31,39
3,6,21,30,31,32|8,11,13,15,22,34|14,16,17,23,25,29
3,6,22,30,32,39|8,11,13,14,31,34|15,16,17,23,28,29
3,11,14,30,32,39|6,8,13,15,20,34|17,21,22,23,29,31
3,14,21,22,30,32|6,8,13,15,20,34|11,17,23,29,31,39
3,15,16,22,30,32|6,8,13,14,28,34|11,17,23,29,31,39
6,14,16,22,33,34|8,31,32,38,39,40|15,17,20,21,23,29
1,6,9,21,23,31|2,3,8,14,32,39|11,15,16,22,33,34
1,6,9,22,23,39|2,3,8,15,21,32|11,14,16,31,33,34
1,8,29,31,38,39|2,6,13,22,25,30|15,21,23,26,32,40
1,9,11,14,23,39|2,3,8,15,21,32|6,16,22,31,33,34
1,9,11,15,21,23|2,3,8,14,32,39|6,16,22,31,33,34
1,9,14,16,23,31|2,3,8,15,21,32|6,11,22,33,34,39
1,9,14,21,22,23|2,6,13,28,30,31|8,11,25,34,39,40
1,9,15,16,22,23|2,3,8,14,32,39|6,11,21,31,33,34
1,14,17,23,32,39|2,6,13,22,25,30|8,21,28,31,34,40
1,15,17,21,23,32|2,6,13,22,25,30|8,20,31,34,39,40
1,23,25,29,32,39|2,6,13,28,30,31|11,14,21,22,33,34
2,3,8,15,21,32|6,11,22,33,34,39|16,17,23,25,29,31
2,6,13,22,25,30|8,20,31,34,39,40|10,15,21,23,29,32
2,6,13,28,30,31|8,11,25,34,39,40|10,15,21,23,29,32
2,6,14,15,27,30|8,11,13,16,20,34|17,21,22,23,25,29
2,11,13,14,25,30|6,15,16,20,33,34|17,21,23,28,29,31
2,11,13,15,28,30|6,14,20,21,33,34|8,25,32,38,39,40
2,11,13,16,20,30|6,8,14,15,27,34|17,21,22,23,25,29
2,11,25,30,39,40|6,8,13,28,31,34|10,15,21,23,29,32
2,13,14,20,30,31|6,11,22,33,34,39|10,15,21,23,29,32
2,13,14,22,28,30|6,11,21,31,33,34|8,25,32,38,39,40
2,13,15,20,22,30|6,11,21,31,33,34|8,25,32,38,39,40
2,16,25,30,31,40|6,8,14,15,27,34|17,22,23,28,29,39
2,20,30,31,39,40|6,8,13,22,25,34|10,15,21,23,29,32
2,21,22,25,30,40|6,8,13,28,31,34|10,14,23,29,32,39
2,21,28,30,31,40|6,8,13,22,25,34|10,14,23,29,32,39
2,22,28,30,39,40|6,8,14,15,27,34|16,17,23,25,29,31
3,6,21,25,30,32|8,11,13,15,28,34|17,20,23,29,31,39
3,14,20,30,32,39|6,8,13,22,25,34|17,21,23,28,29,31
3,14,21,28,30,32|6,8,13,22,25,34|17,20,23,29,31,39
3,15,16,28,30,32|6,8,13,22,25,34|17,20,23,29,31,39
3,21,22,30,31,32|6,8,14,15,27,34|11,17,23,25,29,39
6,11,21,31,33,34|8,13,14,25,32,38|17,22,23,28,29,39
6,11,22,33,34,39|8,13,14,25,32,38|17,21,23,28,29,31
6,14,15,25,33,34|8,13,16,20,32,38|17,21,23,28,29,31
6,14,20,21,33,34|8,13,15,28,32,38|11,17,23,25,29,39
