1,11,15,18,38,39|6,8,13,17,27,31|10,16,21,32,33,40
1,11,16,18,21,38|6,8,13,17,27,31|10,15,32,33,39,40
1,13,15,25,32,33|6,10,14,19,38,39|8,17,21,27,31,40
1,13,16,28,32,33|6,10,14,19,38,39|8,17,18,21,25,31
1,13,16,28,38,40|6,20,27,29,33,39|8,17,18,21,25,31
1,13,20,21,38,40|6,14,16,17,27,33|8,10,15,18,32,39
1,14,18,21,31,38|6,10,13,16,32,33|8,17,19,25,28,39
1,14,18,22,38,39|6,8,13,17,27,31|10,16,21,32,33,40
1,14,19,21,25,38|6,8,13,17,27,31|10,15,32,33,39,40
1,14,19,28,38,39|6,8,13,17,27,31|10,16,21,32,33,40
1,15,19,20,38,39|6,8,13,17,27,31|10,16,21,32,33,40
1,16,19,20,21,38|6,8,13,17,27,31|10,15,32,33,39,40
6,10,13,16,38,40|8,17,18,21,25,31|11,22,27,29,33,39
8,13,22,25,27,29|10,14,15,16,19,38|17,28,31,33,39,40
8,13,27,28,29,31|10,14,15,16,19,38|17,22,25,33,39,40
1,2,3,11,13,21|6,10,14,18,38,39|15,25,27,29,31,33
1,2,3,13,15,31|6,10,14,18,38,39|8,17,21,25,27,40
1,2,3,13,16,22|6,10,14,18,38,39|8,17,21,25,27,40
1,6,13,16,26,33|8,17,18,25,28,39|10,14,19,21,31,38
1,8,15,18,26,39|6,16,17,27,31,33|10,11,13,21,38,40
1,8,16,18,21,26|6,10,19,31,38,39|13,14,17,25,28,33
1,13,14,15,26,33|6,10,19,31,38,39|8,17,21,25,27,40
1,14,21,27,38,40|8,17,18,25,28,39|10,13,15,31,32,33
1,15,16,27,38,40|8,17,18,25,28,39|10,11,13,21,32,33
1,15,26,33,39,40|6,8,13,17,25,27|10,11,16,19,21,38
1,16,21,26,33,40|6,8,13,17,25,27|10,11,15,19,38,39
2,6,13,18,23,31|3,8,14,19,21,38|7,12,15,16,29,33
2,11,13,15,18,23|3,6,8,19,38,39|7,12,14,21,29,33
2,13,14,18,22,23|3,6,8,19,38,39|7,12,15,16,29,33
2,13,19,22,23,31|6,7,12,29,33,39|8,14,15,18,27,30
2,18,21,23,31,40|3,6,8,19,38,39|7,12,15,16,29,33
3,6,18,23,32,39|7,12,14,21,29,33|8,13,19,25,28,30
3,14,18,21,23,32|6,7,12,29,33,39|8,13,19,25,28,30
3,15,16,18,23,32|6,7,12,29,33,39|8,11,19,21,27,30
3,19,21,23,31,32|6,7,12,29,33,39|8,13,18,22,25,30
3,19,22,23,32,39|6,8,16,18,27,30|7,12,14,21,29,33
2,6,13,18,23,25|3,8,19,21,31,38|7,12,22,29,33,39
2,6,13,23,27,40|3,8,14,18,21,38|7,12,22,29,33,39
2,6,16,19,23,27|3,8,14,18,21,38|7,12,22,29,33,39
2,13,14,18,23,28|3,6,33,38,39,40|8,15,19,25,27,30
2,13,15,18,20,23|3,6,33,38,39,40|8,16,19,27,28,30
2,13,18,22,23,31|3,6,33,38,39,40|8,15,19,25,27,30
2,13,19,22,23,25|3,6,8,18,38,39|7,12,21,29,31,33
2,13,19,23,28,31|3,6,8,18,38,39|11,21,27,30,33,40
2,14,15,19,23,27|3,6,8,18,38,39|7,12,21,29,31,33
2,18,21,23,25,40|3,6,13,14,33,38|8,16,19,27,28,30
2,18,23,28,39,40|3,6,13,14,33,38|8,15,19,25,27,30
2,6,16,18,23,27|3,8,19,21,25,38|7,12,28,29,33,39
2,13,18,22,23,25|3,8,19,28,38,39|7,12,14,17,21,33
2,13,18,23,28,31|3,8,19,21,25,38|6,7,12,17,33,39
2,13,19,23,25,28|3,8,18,21,31,38|6,7,12,17,33,39
2,13,22,23,27,40|3,8,18,21,31,38|6,7,12,17,33,39
2,15,19,23,27,31|3,8,18,22,38,39|7,12,14,17,21,33
3,6,19,23,26,39|7,8,12,21,27,29|16,18,25,28,30,33
3,10,13,15,23,29|6,7,12,17,33,39|8,16,18,27,28,30
3,13,15,23,26,40|6,7,12,17,33,39|8,16,18,27,28,30
3,14,19,21,23,26|6,7,12,17,33,39|8,15,18,25,27,30
3,15,16,19,23,26|6,7,12,17,33,39|8,18,20,21,27,30
2,13,23,27,28,40|3,8,18,21,25,38|7,12,17,22,33,39
2,15,19,23,25,27|3,8,18,28,38,39|7,12,17,21,31,33
2,6,18,23,39,40|7,8,12,13,15,29|11,19,21,30,31,33
3,6,19,23,32,39|7,8,12,13,15,29|11,14,18,21,30,33
2,6,7,14,35,39|3,9,16,21,30,32|13,15,29,31,34,38
2,7,21,25,31,35|3,9,15,26,30,39|13,16,17,28,34,38
2,7,28,31,35,39|3,9,16,21,26,30|13,15,17,25,34,38
1,6,13,17,31,33|2,3,11,14,18,21|8,10,19,28,29,39
1,6,16,27,29,33|2,3,11,14,18,21|8,10,13,15,17,40
1,8,13,22,27,29|2,3,6,11,18,39|14,15,19,26,31,33
1,8,17,18,21,31|2,3,6,13,25,40|11,14,15,19,27,38
1,8,17,18,22,39|2,3,6,13,25,40|11,14,15,19,27,38
1,8,17,19,21,25|2,3,6,11,18,39|10,13,14,22,29,33
1,8,17,19,28,39|2,3,6,13,25,40|18,20,21,31,32,33
1,11,13,15,17,33|2,3,6,16,18,31|8,10,19,21,25,29
1,13,14,17,22,33|2,3,6,11,18,39|8,10,19,21,25,29
1,13,22,25,29,33|2,3,6,11,18,39|8,10,14,17,19,21
1,13,28,29,31,33|2,3,6,11,18,39|8,10,14,17,19,21
1,14,15,27,29,33|2,3,6,11,18,39|8,13,19,22,26,31
1,17,21,31,33,40|2,3,6,11,18,39|8,13,14,19,26,28
1,17,22,33,39,40|2,3,6,16,18,31|8,10,19,21,25,29
2,3,6,11,18,39|8,10,13,15,17,40|14,16,19,22,26,33
2,3,6,13,25,40|8,10,14,17,19,21|11,18,28,32,33,39
2,3,6,16,18,31|8,10,13,15,17,40|11,14,19,21,26,33
2,3,6,16,19,25|8,10,13,15,17,40|11,18,28,32,33,39
2,3,6,18,21,22|8,10,13,15,17,40|16,19,25,28,32,33
2,3,6,19,20,39|8,10,13,15,17,40|11,18,21,25,32,33
2,3,6,19,21,28|8,10,13,15,17,40|16,18,22,25,32,33
2,3,11,14,18,21|6,8,10,17,19,39|13,25,28,32,33,40
2,3,11,15,16,18|6,8,10,17,19,39|13,14,22,26,33,40
2,3,13,14,28,40|6,8,10,17,19,39|11,18,21,25,32,33
2,3,13,15,20,40|6,8,10,17,19,39|11,18,21,25,32,33
2,3,13,22,31,40|6,8,10,17,19,39|11,18,21,25,32,33
2,3,14,15,18,31|6,8,10,17,19,39|11,21,27,32,33,40
2,3,14,15,19,25|6,8,13,18,26,31|10,22,29,33,39,40
2,3,14,16,18,22|6,8,10,17,19,39|11,13,15,26,33,40
2,3,14,16,19,28|6,8,13,18,26,31|10,22,29,33,39,40
2,3,14,19,20,21|6,8,13,18,26,31|10,22,29,33,39,40
2,3,15,16,19,20|6,8,13,18,26,31|10,22,29,33,39,40
6,8,10,17,19,39|11,13,14,18,28,38|15,27,31,32,33,40
6,8,13,18,26,31|10,22,29,33,39,40|11,14,15,19,27,38
6,10,13,29,31,33|8,11,18,21,27,32|16,19,25,28,38,40
6,11,13,18,25,38|8,10,14,17,19,21|15,27,31,32,33,40
6,11,13,27,32,33|8,10,14,17,19,21|15,18,25,31,38,40
6,11,13,27,38,40|8,10,14,17,19,21|15,18,25,31,32,33
6,11,16,19,27,38|8,10,13,15,17,40|18,20,21,31,32,33
6,13,18,20,31,38|8,10,14,17,19,21|16,22,27,32,33,40
6,13,18,22,28,38|8,10,14,17,19,21|15,27,31,32,33,40
6,13,19,20,25,38|8,10,18,21,29,31|16,22,27,32,33,40
6,14,19,27,31,38|8,10,13,15,17,40|11,18,21,25,32,33
6,15,19,22,27,38|8,10,18,21,29,31|13,25,28,32,33,40
8,10,14,17,19,21|11,13,15,18,20,38|16,22,27,32,33,40
8,10,19,21,25,29|11,13,14,18,28,38|15,27,31,32,33,40
8,10,19,28,29,39|11,13,15,18,20,38|16,22,27,32,33,40
8,11,18,21,27,32|10,13,14,22,29,33|16,19,25,28,38,40
8,13,18,25,28,32|10,21,29,31,33,40|11,14,15,19,27,38
8,15,18,27,31,32|10,13,14,22,29,33|16,19,25,28,38,40
8,15,19,25,27,32|10,13,14,22,29,33|11,18,28,38,39,40
8,16,18,22,27,32|10,11,13,15,29,33|19,20,21,25,38,40
8,16,19,27,28,32|10,11,13,15,29,33|18,20,21,31,38,40
8,19,20,21,27,32|10,11,13,15,29,33|16,18,22,25,38,40
1,6,8,13,17,27|2,3,11,18,21,31|10,28,29,33,39,40
1,6,13,17,25,33|2,3,11,18,21,31|8,14,15,19,26,27
1,8,13,27,28,29|2,3,6,16,18,25|10,14,17,21,33,40
1,8,17,18,21,25|2,3,6,16,27,40|10,13,14,28,29,33
1,8,17,18,28,39|2,3,6,16,27,40|10,13,15,20,29,33
1,8,17,21,27,40|2,3,6,16,18,25|10,13,14,28,29,33
1,11,21,27,29,33|2,3,6,16,18,25|8,10,17,19,22,39
1,13,14,17,28,33|2,3,6,16,18,25|8,10,21,27,29,40
1,13,15,17,20,33|2,3,6,16,18,25|8,10,21,27,29,40
1,13,17,22,31,33|2,3,6,16,18,25|8,10,21,27,29,40
1,13,25,28,29,33|2,3,6,16,27,40|8,10,14,17,18,21
1,15,27,29,31,33|2,3,6,16,18,25|8,10,17,19,22,39
1,16,22,27,29,33|2,3,6,18,20,39|8,10,17,19,21,31
1,17,21,25,33,40|2,3,6,18,20,39|8,13,19,26,28,31
1,17,28,33,39,40|2,3,6,16,18,25|8,14,15,19,26,27
2,3,6,16,18,25|8,10,17,19,21,31|11,13,22,27,32,33
2,3,6,16,27,40|8,10,14,17,18,21|11,13,19,25,28,38
2,3,6,18,20,39|8,10,17,19,21,31|11,13,22,27,32,33
2,3,6,18,21,28|8,10,17,19,22,39|13,15,20,26,33,40
2,3,11,18,21,31|6,8,10,13,27,29|14,15,19,25,26,33
2,3,11,18,22,39|6,8,10,13,27,29|14,15,19,25,26,33
2,3,11,19,21,25|6,8,10,13,27,29|14,15,18,26,31,33
2,3,11,19,28,39|6,8,10,13,27,29|14,15,18,26,31,33
2,3,13,22,25,40|6,8,10,17,18,39|11,15,19,27,31,38
2,3,13,28,31,40|6,8,10,17,18,39|11,16,19,22,27,38
2,3,14,15,18,25|6,8,10,13,27,29|11,19,21,26,31,33
2,3,14,15,27,40|6,8,10,17,18,39|11,13,19,25,28,38
2,3,14,16,18,28|6,8,10,13,27,29|11,19,21,26,31,33
2,3,14,18,20,21|6,8,10,13,27,29|11,19,22,26,33,39
2,3,15,16,18,20|6,8,10,13,27,29|11,19,21,26,31,33
2,3,15,19,25,31|6,8,10,13,27,29|11,14,18,21,26,33
2,3,16,18,22,31|6,8,10,13,27,29|14,15,19,25,26,33
2,3,16,19,22,25|6,8,10,13,27,29|11,14,18,21,26,33
2,3,16,19,28,31|6,8,10,13,27,29|11,14,18,21,26,33
2,3,19,20,21,31|6,8,10,13,27,29|11,15,16,18,26,33
2,3,19,20,22,39|6,8,10,13,27,29|11,14,18,21,26,33
2,3,19,21,22,28|6,8,10,13,27,29|11,15,16,18,26,33
6,8,10,17,18,39|11,13,19,25,28,38|20,21,27,32,33,40
6,8,13,18,25,26|10,14,17,21,33,40|11,15,19,27,31,38
6,8,16,19,26,27|10,13,14,28,29,33|18,20,21,25,38,40
6,10,13,25,29,33|8,14,15,19,26,27|18,20,28,38,39,40
6,10,17,33,39,40|8,13,14,18,26,28|11,15,19,27,31,38
6,11,16,18,27,38|8,10,17,19,21,31|13,14,26,28,33,40
6,13,18,20,25,38|8,10,17,19,21,31|16,27,28,32,33,40
6,13,20,27,38,40|8,10,14,17,18,21|11,19,22,26,33,39
6,13,25,26,33,40|8,10,14,17,18,21|11,15,19,27,31,38
6,14,18,27,31,38|8,10,17,19,22,39|13,15,20,26,33,40
6,14,19,25,27,38|8,10,15,16,17,18|13,22,26,31,33,40
6,15,18,22,27,38|8,10,17,19,21,31|13,14,26,28,33,40
6,15,19,27,28,38|8,10,14,17,18,21|13,22,26,31,33,40
6,16,19,20,27,38|8,10,14,17,18,21|13,22,26,31,33,40
6,16,19,25,26,33|8,10,14,17,18,21|11,13,22,27,38,40
6,19,20,26,33,39|8,10,14,17,18,21|11,13,22,27,38,40
6,19,21,26,28,33|8,10,15,16,17,18|11,13,22,27,38,40
8,10,15,16,17,18|11,13,19,25,28,38|20,21,27,32,33,40
8,10,17,19,21,31|11,13,18,22,25,38|16,27,28,32,33,40
8,10,17,19,22,39|11,13,18,28,31,38|15,25,27,32,33,40
8,10,21,27,29,40|11,13,18,22,25,38|14,16,19,26,28,33
8,13,15,18,20,26|10,14,17,21,33,40|11,16,19,22,27,38
8,14,15,19,26,27|10,13,22,29,31,33|16,18,25,28,38,40
8,18,21,25,26,40|10,13,14,28,29,33|11,15,19,27,31,38
8,18,26,28,39,40|10,13,15,20,29,33|11,16,19,22,27,38
1,8,18,21,29,31|2,3,6,13,14,40|11,19,22,32,33,39
1,8,18,22,29,39|2,3,6,13,14,40|11,19,21,31,32,33
1,8,19,21,25,29|2,3,6,13,14,40|11,15,16,18,32,33
1,8,19,28,29,39|2,3,6,13,14,40|11,15,16,18,32,33
1,11,13,15,29,33|2,3,6,14,16,19|8,18,21,25,32,40
1,21,29,31,33,40|2,3,6,14,16,19|8,13,15,18,20,32
1,22,29,33,39,40|2,3,6,14,16,19|8,13,15,18,20,32
1,6,8,13,27,29|2,3,11,14,19,21|15,16,18,20,32,33
1,6,8,17,18,39|2,3,11,13,15,40|16,19,22,25,32,33
1,6,13,25,29,33|2,3,11,14,19,21|8,15,16,18,26,40
1,6,17,33,39,40|2,3,11,14,19,21|8,10,15,16,18,29
1,8,14,17,18,21|2,3,6,11,19,39|10,15,16,29,33,40
1,8,15,16,17,18|2,3,6,11,19,39|10,14,21,29,33,40
1,8,17,19,21,31|2,3,6,14,16,18|13,22,25,32,33,40
1,8,17,19,22,39|2,3,6,13,31,40|14,15,18,25,32,33
1,8,18,21,25,29|2,3,6,11,19,39|13,28,31,32,33,40
1,8,18,28,29,39|2,3,6,13,31,40|11,19,21,25,32,33
1,8,21,27,29,40|2,3,6,11,19,39|14,15,18,25,32,33
1,13,14,28,29,33|2,3,6,11,19,39|8,15,16,18,26,40
1,13,15,20,29,33|2,3,6,11,19,39|8,14,18,21,26,40
1,13,22,29,31,33|2,3,6,11,19,39|8,14,15,18,27,32
1,14,17,21,33,40|2,3,6,11,19,39|8,10,15,16,18,29
1,15,16,17,33,40|2,3,6,11,19,39|8,10,14,18,21,29
1,21,25,29,33,40|2,3,6,11,19,39|8,13,18,28,31,32
1,28,29,33,39,40|2,3,6,14,16,18|8,11,13,15,19,26
2,3,6,11,19,39|8,10,14,18,21,29|13,22,25,32,33,40
2,3,6,13,31,40|8,10,14,18,21,29|11,19,28,32,33,39
2,3,6,14,16,18|8,10,19,21,29,31|13,22,25,32,33,40
2,3,6,16,19,31|8,10,14,18,21,29|13,22,25,32,33,40
2,3,6,19,21,22|8,10,15,16,18,29|13,28,31,32,33,40
2,3,11,13,15,40|6,8,10,18,29,39|16,19,22,25,32,33
2,3,11,14,19,21|6,8,10,18,29,39|13,22,25,32,33,40
2,3,11,15,16,19|6,8,10,18,29,39|13,22,25,32,33,40
2,3,13,14,22,40|6,8,10,18,29,39|11,19,21,25,32,33
2,3,14,15,19,31|6,8,10,18,29,39|13,22,25,32,33,40
2,3,14,16,19,22|6,8,10,18,29,39|13,28,31,32,33,40
6,8,16,18,27,32|10,14,21,29,33,40|11,13,15,19,20,38
6,10,13,14,29,33|8,11,19,21,27,32|15,16,18,20,38,40
6,11,13,18,31,38|8,10,19,22,29,39|14,15,27,32,33,40
6,16,27,32,33,40|8,10,14,18,21,29|11,13,15,19,20,38
1,6,10,18,38,39|2,3,11,13,22,27|16,19,25,26,28,33
1,10,14,18,21,38|2,3,6,13,20,27|16,19,25,26,28,33
1,10,19,21,31,38|2,3,6,13,20,27|11,18,26,28,33,39
1,10,19,22,38,39|2,3,6,13,20,27|11,18,21,25,26,33
2,3,11,13,22,27|8,10,17,18,21,25|19,20,26,28,33,39
1,6,10,19,38,39|2,3,11,18,21,25|8,13,22,26,27,40
1,8,13,17,22,27|2,3,11,18,21,25|16,19,26,28,31,33
1,10,13,15,32,33|2,3,11,18,21,25|8,16,19,22,26,27
1,10,13,15,38,40|2,3,11,18,21,25|8,16,19,22,26,27
1,10,14,19,21,38|2,3,6,11,13,27|15,16,18,20,26,33
1,10,15,16,19,38|2,3,6,11,13,27|14,18,20,21,26,33
1,13,17,22,25,33|2,3,11,18,28,39|8,15,19,26,27,31
1,13,17,28,31,33|2,3,11,18,21,25|8,16,19,22,26,27
2,3,6,11,13,27|8,10,17,18,21,31|16,19,22,25,26,33
2,3,11,18,21,25|6,10,13,17,31,33|8,16,19,22,26,27
2,3,11,18,28,39|6,10,13,17,31,33|8,16,19,22,26,27
2,3,15,27,31,40|6,16,18,25,26,33|8,10,17,19,28,39
2,3,16,18,22,25|6,10,13,17,31,33|8,11,19,21,26,27
2,3,16,18,28,31|8,10,13,22,27,29|11,19,21,25,26,33
2,3,16,19,25,28|6,10,13,17,31,33|8,14,15,18,26,27
2,3,18,20,21,31|6,10,16,27,29,33|8,13,19,25,26,28
2,3,18,20,22,39|6,10,13,17,31,33|8,11,19,21,26,27
2,3,18,21,22,28|6,10,13,17,31,33|11,15,19,25,27,38
2,3,19,20,21,25|6,8,16,18,26,27|10,11,13,15,17,33
2,3,19,20,28,39|6,8,16,18,26,27|10,11,13,15,17,33
6,16,18,20,27,38|8,10,17,19,21,25|13,26,28,31,33,40
6,16,26,27,33,40|8,10,17,18,21,31|13,19,20,25,28,38
8,10,17,19,28,39|11,15,18,27,31,38|13,22,25,26,33,40
2,9,13,21,23,32|6,7,14,35,38,39|15,16,27,29,30,34
1,3,8,13,15,17|2,6,16,18,25,33|11,19,20,21,27,30
1,3,21,29,31,33|2,6,8,16,18,27|7,11,12,13,15,17
1,3,22,29,33,39|2,6,8,16,18,27|7,11,12,13,15,17
1,6,10,19,30,39|2,8,13,18,22,25|7,12,14,15,27,29
1,7,12,13,15,32|2,6,8,16,18,27|3,11,19,21,31,38
1,10,13,15,30,40|2,6,8,16,18,27|3,11,19,21,31,38
1,10,14,19,21,30|2,6,8,16,18,27|3,13,15,20,32,33|7,12,17,22,39,40
1,10,15,16,19,30|2,6,18,20,33,39|3,8,21,27,32,40|7,12,13,14,17,22
2,6,8,16,18,27|3,11,19,21,31,38|7,12,13,14,17,22
2,6,16,18,25,33|3,8,10,13,15,29|7,12,17,21,31,40
2,6,18,20,33,39|3,8,10,13,15,29|7,12,17,21,31,40|11,16,19,27,28,30
2,6,18,21,28,33|3,8,10,13,15,29|7,12,17,22,39,40
2,8,11,19,21,27|3,6,13,25,32,33|7,12,17,22,39,40
2,8,13,18,22,25|3,6,19,20,38,39|7,12,14,15,27,29
2,8,13,18,28,31|3,6,16,19,25,38|7,12,14,15,27,29
2,8,13,19,25,28|3,6,11,18,38,39|7,12,14,15,27,29
2,8,14,15,18,27|3,6,13,25,32,33|7,12,17,21,31,40
2,8,15,19,27,31|3,6,11,18,38,39|7,12,13,14,17,22
2,8,16,19,22,27|3,6,11,18,38,39|7,12,13,28,29,31
2,11,18,21,31,33|3,6,8,13,27,32|7,12,17,22,39,40
2,11,18,22,33,39|3,6,8,13,27,32|7,12,17,21,31,40
2,11,19,21,25,33|3,6,8,13,27,32|7,12,17,22,39,40
2,11,19,28,33,39|3,6,8,13,27,32|7,12,17,21,31,40
2,13,22,25,33,40|3,6,8,19,26,39|7,12,14,15,27,29
2,13,28,31,33,40|3,6,8,19,26,39|7,12,14,15,27,29
2,14,15,18,25,33|3,6,8,13,27,32|7,12,17,21,31,40
2,14,15,27,33,40|3,6,8,19,26,39|7,12,13,22,25,29
2,14,16,18,28,33|3,6,8,13,27,32|7,12,17,21,31,40
2,14,18,20,21,33|3,6,8,13,27,32|7,12,17,22,39,40
2,15,16,18,20,33|3,6,8,13,27,32|7,12,17,21,31,40
2,15,19,25,31,33|3,6,8,13,27,32|7,12,17,22,39,40
2,16,19,22,25,33|3,6,8,13,27,32|7,12,17,21,31,40
2,16,19,28,31,33|3,6,8,13,27,32|7,12,17,22,39,40
2,19,20,21,31,33|3,6,8,13,27,32|7,12,17,22,39,40
2,19,20,22,33,39|3,6,8,13,27,32|7,12,17,21,31,40
3,6,8,19,26,39|7,11,12,13,15,17|14,18,22,27,30,31
3,6,11,18,38,39|7,12,13,14,17,22|15,19,20,27,30,31
3,6,16,18,31,38|7,11,12,13,15,17|14,19,22,25,27,30
3,6,16,19,25,38|7,11,12,13,15,17|14,18,22,27,30,31
3,6,18,21,22,38|7,11,12,13,15,17|14,19,27,28,30,31
3,6,19,20,38,39|7,11,12,13,15,17|14,18,22,27,30,31
3,6,19,21,28,38|7,11,12,13,15,17|14,18,22,27,30,31
3,8,10,13,15,29|6,14,18,25,27,30|7,12,17,21,31,40
3,8,14,19,21,26|6,7,12,13,17,31|11,16,18,22,27,30
3,8,18,21,25,32|6,7,12,13,17,31|11,16,19,27,28,30
3,8,18,28,32,39|6,7,12,13,17,31|11,15,19,25,27,30
3,11,14,18,21,38|6,7,12,13,17,31|15,19,22,27,28,30
3,11,15,16,18,38|6,7,12,13,17,31|14,19,22,25,27,30
3,11,19,21,31,38|6,7,12,16,27,29|13,18,20,22,25,30
3,11,19,22,38,39|6,7,12,13,17,31|14,15,18,20,27,30
3,14,15,18,31,38|6,7,12,16,27,29|13,19,20,25,28,30
3,14,15,19,25,38|6,7,12,13,17,31|11,16,18,22,27,30
3,14,16,18,22,38|6,7,12,13,17,31|11,15,19,25,27,30
3,14,19,20,21,38|6,7,12,13,17,31|11,16,18,22,27,30
3,16,19,22,31,38|6,14,18,25,27,30|7,11,12,13,15,17
3,21,25,32,33,40|6,7,12,13,17,31|11,16,18,22,27,30
3,28,32,33,39,40|6,7,12,13,17,31|11,15,19,25,27,30
1,3,6,17,33,39|2,8,11,18,21,27|7,12,13,25,28,29
1,3,8,21,27,29|2,11,18,28,33,39|6,7,12,13,17,25
1,3,14,17,21,33|2,8,13,18,25,28|7,12,15,27,29,31
1,3,15,16,17,33|2,8,11,18,21,27|7,12,13,25,28,29
1,3,28,29,33,39|2,8,11,18,21,27|6,7,12,13,17,25
1,6,10,18,30,39|2,8,13,27,28,40|3,11,19,21,25,38
1,10,14,18,21,30|2,6,11,13,27,33|3,8,19,22,26,39
1,10,15,16,18,30|2,6,11,13,27,33|3,8,19,21,26,31|7,12,17,28,39,40
1,10,19,21,30,31|2,6,11,13,27,33|3,8,15,16,18,26|7,12,17,28,39,40
1,10,19,22,30,39|2,6,11,13,27,33|3,8,14,18,21,26
2,6,11,13,27,33|3,8,14,18,21,26|7,12,17,28,39,40
2,8,11,18,21,27|3,6,10,29,33,39|7,12,13,14,17,28
2,8,15,18,27,31|3,6,10,29,33,39|7,12,13,14,17,28
2,8,15,19,25,27|3,6,10,29,33,39|7,12,13,14,17,28
2,8,16,18,22,27|3,6,10,29,33,39|7,12,13,14,17,28
2,8,16,19,27,28|3,6,10,29,33,39|7,12,13,15,17,20
2,8,19,20,21,27|3,6,10,29,33,39|7,12,13,14,17,28
2,11,18,21,25,33|3,6,16,27,38,40|7,12,13,14,17,28
2,11,18,28,33,39|3,6,16,27,38,40|7,12,13,15,17,20
2,11,21,27,33,40|3,6,8,18,26,39|7,12,13,14,17,28
2,13,25,28,33,40|3,6,8,18,26,39|7,11,12,21,27,29
2,15,18,25,31,33|3,6,16,27,38,40|7,12,13,14,17,28
2,15,27,31,33,40|3,6,8,18,26,39|7,12,13,14,17,28
2,16,18,22,25,33|3,8,19,21,26,31|7,12,13,14,17,28
2,16,18,28,31,33|3,8,13,22,27,32|7,12,17,21,25,40
2,16,19,25,28,33|3,6,8,18,26,39|7,11,12,21,27,29
2,16,22,27,33,40|3,6,8,18,26,39|7,12,13,14,17,28
2,18,20,21,31,33|3,6,16,27,38,40|7,12,13,14,17,28
2,18,20,22,33,39|3,6,16,27,38,40|7,12,13,14,17,28
2,18,21,22,28,33|3,6,16,27,38,40|7,12,13,15,17,20
2,19,20,21,25,33|3,6,8,18,26,39|7,12,13,14,17,28
2,19,20,28,33,39|3,6,16,18,25,38|7,11,12,21,27,29
3,6,10,29,33,39|7,12,13,14,17,28|11,15,18,25,27,30
3,6,18,21,28,38|7,12,13,15,17,20|19,22,25,27,30,31
3,6,26,33,39,40|7,11,12,21,27,29|13,18,20,25,28,30
3,8,14,18,21,26|6,7,12,13,17,25|16,19,20,27,28,30
3,8,19,21,26,31|6,7,12,13,17,25|11,16,18,27,28,30
3,8,19,22,26,39|6,7,12,13,17,25|11,16,18,27,28,30
3,10,14,21,29,33|6,7,12,13,17,25|11,16,18,27,28,30
3,10,15,16,29,33|6,7,12,13,17,25|11,18,20,21,27,30
3,11,18,21,31,38|6,7,12,13,17,25|16,19,20,27,28,30
3,11,18,22,38,39|6,7,12,13,17,25|16,19,20,27,28,30
3,11,19,21,25,38|7,12,13,14,17,28|15,18,20,27,30,31
3,11,19,28,38,39|6,7,12,13,17,25|15,18,20,27,30,31
3,14,21,26,33,40|6,7,12,13,17,25|11,16,18,27,28,30
3,15,16,26,33,40|6,7,12,13,17,25|11,18,20,21,27,30
3,16,19,28,31,38|6,7,12,13,17,25|11,18,20,21,27,30
3,19,20,21,31,38|6,7,12,13,17,25|11,16,18,27,28,30
3,19,20,22,38,39|6,7,12,13,17,25|11,16,18,27,28,30
3,19,21,22,28,38|6,7,12,13,17,25|15,18,20,27,30,31
1,3,8,13,15,29|2,6,11,19,33,39|16,18,22,25,30,40
2,6,14,16,18,33|3,8,19,21,31,32|7,11,12,13,15,29
2,6,16,19,31,33|3,8,14,18,21,32|7,11,12,13,15,29
2,8,11,13,15,18|3,6,14,16,19,38|7,12,21,29,31,40
2,11,15,16,19,33|3,6,8,18,32,39|7,12,13,14,22,29
2,14,16,19,22,33|3,6,8,18,32,39|7,11,12,13,15,29
3,6,8,18,32,39|7,11,12,13,15,29|16,19,25,28,30,40
3,6,14,16,19,38|7,11,12,13,15,29|18,20,21,30,31,40
3,8,14,18,21,32|6,7,12,13,29,31|16,19,25,28,30,40
3,8,15,16,18,32|6,7,12,13,29,31|19,20,21,25,30,40
3,8,19,21,31,32|6,11,13,18,25,30|7,12,22,29,39,40
3,8,19,22,32,39|6,7,12,13,29,31|11,18,21,25,30,40
1,3,6,29,33,39|2,8,13,14,18,28|7,12,15,16,17,40
1,3,14,21,29,33|2,6,8,13,18,25|7,12,15,16,17,40
1,3,15,16,29,33|2,6,8,13,18,25|7,12,14,17,21,40
2,6,8,13,18,25|3,11,14,19,21,38|7,12,15,16,17,40
2,6,8,16,19,27|3,11,13,15,32,33|7,12,14,17,21,40
2,6,11,18,33,39|3,8,19,21,25,32|7,12,13,14,28,29
2,6,13,25,33,40|3,8,18,21,31,32|11,16,19,22,27,30
2,6,16,18,31,33|3,8,19,21,25,32|7,12,13,14,28,29
2,6,16,19,25,33|3,8,18,21,31,32|7,12,13,14,28,29
2,6,18,21,22,33|3,8,19,28,32,39|7,12,13,15,20,29
2,6,19,20,33,39|3,8,18,21,31,32|7,12,13,14,28,29
2,6,19,21,28,33|3,8,18,22,32,39|7,12,13,15,20,29
2,8,13,14,18,28|3,6,11,19,38,39|7,12,15,16,17,40
2,8,13,15,18,20|3,6,11,19,38,39|7,12,14,17,21,40
2,8,13,18,22,31|3,6,11,19,38,39|7,12,14,17,21,40
2,8,13,19,22,25|3,6,14,16,18,38|7,12,28,29,39,40
2,8,13,19,28,31|3,6,14,16,18,38|7,12,21,25,29,40
2,8,14,15,19,27|3,6,13,31,32,33|7,12,21,25,29,40
2,8,18,21,25,40|3,6,11,19,38,39|7,12,13,14,28,29
2,8,18,28,39,40|3,6,13,31,32,33|11,16,19,22,27,30
2,11,19,21,31,33|3,6,14,16,18,38|7,12,13,15,20,29
2,14,15,18,31,33|3,6,11,19,38,39|7,12,21,25,29,40
2,14,16,18,22,33|3,6,11,19,38,39|7,12,13,15,20,29
3,6,11,19,38,39|7,12,13,14,28,29|18,20,21,25,30,40
3,6,13,31,32,33|7,12,14,17,21,40|11,16,19,22,27,30
3,6,16,19,31,38|7,12,13,14,28,29|18,20,21,25,30,40
3,8,18,21,31,32|6,7,12,13,14,17|11,16,19,22,27,30
3,8,18,22,32,39|6,7,12,13,14,17|11,15,19,27,30,31
3,8,19,21,25,32|6,7,12,13,14,17|18,20,28,30,39,40
3,8,19,28,32,39|6,7,12,13,14,17|18,20,21,25,30,40
3,11,13,15,32,33|6,7,12,17,39,40|14,19,22,27,30,31
3,11,14,19,21,38|6,7,12,13,25,29|18,20,28,30,39,40
3,11,15,16,19,38|6,7,12,13,14,17|18,20,21,25,30,40
3,13,14,22,32,33|6,7,12,17,39,40|11,15,19,27,30,31
3,14,15,19,31,38|6,7,12,13,25,29|18,20,28,30,39,40
3,14,16,19,22,38|6,7,12,13,25,29|18,20,28,30,39,40
3,21,31,32,33,40|6,7,12,13,14,17|11,16,19,22,27,30
3,22,32,33,39,40|6,7,12,13,14,17|11,15,19,27,30,31
1,10,18,21,30,31|2,6,13,20,27,33|3,8,19,26,28,39
1,10,18,22,30,39|2,6,13,20,27,33|3,8,19,21,25,26
1,10,19,21,25,30|2,6,13,20,27,33|3,8,18,22,26,39
1,10,19,28,30,39|2,6,13,20,27,33|3,8,18,21,26,31
1,2,10,13,15,33|3,8,18,21,25,26|7,12,16,17,22,27
1,7,12,13,15,26|3,6,10,17,33,39|18,25,27,28,30,31
3,8,15,16,19,32|6,7,12,13,14,29|11,18,21,30,31,40
2,13,16,17,28,34|6,7,26,31,35,39|9,21,25,27,30,32
2,9,13,15,31,38|3,16,17,21,32,34|6,7,14,26,35,39
2,13,15,17,31,34|3,9,16,21,32,38|6,7,14,26,35,39
2,13,17,21,32,38|3,6,9,31,34,39|7,14,15,16,26,35
1,9,15,17,30,39|2,13,16,28,29,34|7,14,21,25,32,35
1,9,16,17,21,30|2,13,15,25,29,34|7,14,28,32,35,39
2,6,13,16,17,34|7,14,21,25,32,35|9,10,15,29,30,39
2,13,14,15,17,34|6,7,25,32,35,39|9,10,16,21,29,30
2,15,17,34,39,40|6,9,13,16,26,30|7,14,21,25,32,35
2,16,17,21,34,40|6,7,25,32,35,39|9,13,14,15,26,30
1,7,12,13,15,30|2,3,6,18,23,39|8,19,21,25,33,38
3,6,9,18,23,39|7,12,13,15,34,40|8,17,19,21,27,30
3,9,14,18,21,23|6,7,12,19,34,39|13,22,27,29,30,33
3,9,15,16,18,23|6,7,12,19,34,39|13,22,27,29,30,33
3,9,19,21,23,31|7,12,13,15,34,40|17,18,22,30,33,39
3,9,19,22,23,39|7,12,13,15,34,40|17,18,21,30,31,33
3,9,18,21,23,31|6,13,17,27,30,33|7,12,19,22,34,39
3,9,18,22,23,39|6,13,17,27,30,33|7,12,19,21,31,34
3,9,19,21,23,25|6,7,12,18,34,39|13,27,28,29,30,33
3,9,19,23,28,39|6,13,17,27,30,33|7,12,14,18,21,34
3,9,18,21,23,25|7,12,19,28,34,39|13,17,22,27,30,33
3,9,18,23,28,39|7,12,19,21,25,34|13,17,22,27,30,33
1,2,16,21,23,29|3,6,8,14,34,39|11,13,15,30,31,38
2,11,13,21,23,32|3,6,8,14,34,39|15,16,25,30,38,40
2,13,15,23,31,32|3,6,8,14,34,39|16,20,21,30,38,40
2,13,16,22,23,32|3,6,8,14,34,39|15,21,28,30,38,40
2,13,20,21,23,32|3,6,8,31,34,39|14,15,16,26,30,33
1,2,15,17,23,39|3,8,14,21,25,34|6,16,27,30,31,38
1,2,16,17,21,23|3,6,8,25,34,39|14,15,27,30,31,38
2,6,23,27,32,39|3,8,14,21,25,34|13,16,20,28,30,38
2,10,15,23,29,39|3,8,14,21,25,34|6,16,27,30,31,38
2,10,16,21,23,29|3,6,8,25,34,39|14,15,27,30,31,38
2,14,21,23,27,32|3,6,8,25,34,39|13,16,20,28,30,38
2,15,16,23,27,32|3,6,8,25,34,39|14,21,26,30,31,33
2,15,23,26,39,40|3,8,14,21,25,34|6,16,27,30,31,38
2,16,21,23,26,40|3,6,8,25,34,39|14,15,27,30,31,38
2,11,13,21,23,26|3,8,22,25,34,39|14,16,27,28,30,38
2,13,15,23,26,31|3,8,22,25,34,39|6,21,27,28,30,38
2,13,16,22,23,26|3,8,21,25,31,34|6,20,27,30,38,39
2,6,16,27,31,38|3,11,22,25,34,39|10,15,17,21,28,30
2,6,21,22,27,38|3,11,28,31,34,39|10,15,16,17,25,30
2,8,10,15,17,39|3,6,21,25,28,34|14,16,22,26,27,30
2,8,13,15,25,26|3,11,28,31,34,39|10,16,17,20,21,30
2,13,14,25,28,38|3,20,22,31,34,39|11,15,16,26,27,30
2,13,15,20,25,38|3,11,28,31,34,39|6,21,22,26,27,30
2,13,22,25,31,38|3,14,20,28,34,39|11,15,16,26,27,30
2,14,16,22,27,38|3,6,20,25,34,39|10,15,17,21,28,30
1,15,16,17,30,31|2,8,13,20,21,32|3,6,11,14,34,39
2,8,13,16,28,32|3,6,11,14,34,39|10,15,21,22,29,30
2,8,13,20,21,32|3,6,11,14,34,39|10,15,16,29,30,31
2,14,22,38,39,40|3,6,11,15,21,34|13,16,20,28,30,32
2,15,21,22,38,40|3,6,11,14,34,39|13,16,20,28,30,32
1,10,15,30,32,39|2,6,13,25,31,38|3,11,16,20,21,34
1,10,16,21,30,32|2,6,13,25,31,38|3,11,14,28,34,39
1,17,21,25,30,31|2,6,14,16,27,38|3,8,15,26,32,39
1,17,22,25,30,39|2,6,14,16,27,38|3,11,15,21,28,34
1,17,28,30,31,39|2,6,14,16,27,38|3,15,20,21,22,34
2,6,13,25,31,38|3,8,15,26,32,39|10,11,16,17,21,30
2,6,14,16,27,38|3,8,15,26,32,39|10,21,25,29,30,31
2,6,14,26,33,39|3,11,15,16,25,34|20,21,27,30,31,32
2,6,15,21,26,33|3,11,14,28,34,39|16,22,25,27,30,32
2,8,11,13,21,26|3,6,16,25,31,34|10,14,17,22,30,39
2,8,13,15,26,31|3,6,11,25,34,39|21,22,27,28,30,32
2,8,13,16,22,26|3,6,11,25,34,39|10,14,17,21,30,31
2,8,21,27,31,32|3,6,11,25,34,39|13,15,22,26,28,30
2,8,22,27,32,39|3,6,16,25,31,34|11,13,20,21,26,30
2,11,13,15,25,38|3,6,20,31,34,39|21,22,27,28,30,32
2,11,13,16,28,38|3,6,20,31,34,39|10,15,17,21,22,30
2,11,13,20,21,38|3,6,16,25,31,34|10,14,17,22,30,39
2,13,14,22,25,38|3,6,20,31,34,39|10,11,16,17,21,30
2,13,14,28,31,38|3,6,11,25,34,39|10,15,17,21,22,30
2,13,15,20,31,38|3,6,11,25,34,39|21,22,27,28,30,32
2,13,15,22,28,38|3,6,11,25,34,39|10,14,17,21,30,31
2,13,16,20,22,38|3,6,11,25,34,39|10,14,17,21,30,31
2,14,15,16,26,33|3,6,11,25,34,39|20,21,27,30,31,32
1,2,8,15,17,39|3,6,14,16,25,34|11,21,27,30,31,32
1,2,8,16,17,21|3,6,11,31,34,39|13,14,15,20,26,30
1,14,17,21,25,30|2,6,8,13,16,26|3,11,15,32,38,39
1,14,17,28,30,39|2,6,8,13,16,26|3,11,15,21,22,34
1,15,16,17,25,30|2,6,8,27,32,39|3,11,14,21,31,34
1,15,17,20,30,39|2,6,8,13,16,26|3,11,14,21,31,34
1,15,17,21,28,30|2,6,8,13,16,26|3,11,14,22,34,39
1,25,28,29,30,39|2,6,8,13,16,26|3,11,14,21,31,34
2,6,8,13,16,26|3,11,14,21,31,34|10,15,20,29,30,39
2,6,8,27,32,39|3,11,14,21,31,34|10,15,16,25,29,30
2,6,25,38,39,40|3,11,14,21,31,34|15,16,20,27,30,32
2,8,10,15,29,39|3,6,14,16,25,34|11,21,27,30,31,32
2,8,10,16,21,29|3,6,11,31,34,39|13,14,15,20,26,30
2,8,13,14,15,26|3,6,11,31,34,39|10,16,20,21,29,30
2,8,14,21,27,32|3,6,11,31,34,39|10,15,16,25,29,30
2,8,15,16,27,32|3,6,11,31,34,39|10,14,21,25,29,30
2,8,15,26,39,40|3,6,14,16,25,34|11,21,27,30,31,32
2,8,16,21,26,40|3,6,11,31,34,39|14,15,25,27,30,32
2,11,13,16,22,38|3,6,14,20,34,39|10,15,21,28,29,30
2,14,21,25,38,40|3,6,11,31,34,39|15,16,20,27,30,32
2,14,28,32,33,39|3,6,15,20,21,34|11,13,16,22,26,30
2,14,28,38,39,40|3,6,15,20,21,34|11,13,16,22,26,30
2,15,16,25,38,40|3,6,11,31,34,39|14,20,21,27,30,32
2,15,20,38,39,40|3,6,14,16,25,34|11,21,27,30,31,32
2,16,20,21,38,40|3,6,11,31,34,39|14,15,25,27,30,32
2,22,31,32,33,39|3,6,14,16,25,34|10,15,21,28,29,30
2,22,31,38,39,40|3,6,14,16,25,34|10,15,21,28,29,30
2,13,15,17,18,30|3,6,7,35,39,40|8,19,21,27,29,34
3,6,7,35,39,40|8,9,13,15,18,38|14,17,19,21,33,34
3,7,14,21,35,40|6,9,19,33,38,39|8,13,15,17,18,34
1,13,15,19,34,38|2,18,21,27,29,30|3,7,22,35,39,40
2,18,21,27,29,30|3,6,7,13,31,35|9,19,22,33,38,39
3,6,7,13,31,35|8,18,21,27,29,34|9,19,22,33,38,39
1,13,15,18,34,38|2,17,19,21,27,30|3,7,28,35,39,40
2,17,19,21,27,30|3,6,7,13,25,35|9,18,22,33,38,39
3,6,7,13,25,35|8,9,19,21,27,38|17,18,22,33,34,39
3,7,13,14,28,35|8,9,19,21,27,38|17,18,22,33,34,39
3,7,13,15,20,35|8,9,19,21,27,38|17,18,22,33,34,39
3,7,21,25,35,40|9,13,15,18,23,26|17,19,28,33,34,39
1,15,17,23,26,39|2,3,14,21,25,38|8,16,27,28,31,34
2,16,22,25,27,30|6,26,31,33,38,39|9,10,15,21,23,28
2,16,27,28,30,31|6,9,10,23,25,39|8,13,20,21,26,38
2,20,21,27,30,31|6,9,10,23,25,39|8,13,16,26,28,38
2,21,22,27,28,30|6,9,10,23,25,39|15,16,26,31,33,38
8,10,15,17,38,39|14,21,23,26,27,32|16,25,28,31,33,34
8,11,21,25,27,34|9,10,14,23,28,39|15,16,26,31,33,38
8,11,27,28,34,39|9,10,14,21,23,25|15,16,26,31,33,38
8,15,25,27,31,34|9,10,14,23,28,39|11,16,21,26,33,38
8,16,27,28,31,34|9,10,14,21,23,25|11,15,26,33,38,39
8,20,22,27,34,39|9,10,14,21,23,25|15,16,26,31,33,38
1,15,23,29,32,39|2,6,11,13,16,30|8,14,21,31,34,40
1,16,21,23,29,32|2,6,13,14,30,31|8,11,15,34,39,40
1,9,15,16,23,31|2,11,13,20,21,30|8,22,25,34,39,40
1,16,17,21,23,32|2,6,13,25,30,31|11,14,22,33,34,39
2,6,14,16,27,30|8,11,13,15,25,34|17,23,28,29,31,39
2,11,13,15,25,30|6,8,14,16,27,34|17,23,28,29,31,39
2,11,13,16,28,30|6,14,20,33,34,39|17,21,23,25,29,31
2,11,13,20,21,30|6,8,14,16,27,34|10,15,23,29,32,39
2,13,14,22,25,30|6,11,31,33,34,39|10,16,21,23,29,32
2,13,14,28,30,31|6,15,20,21,33,34|17,22,23,25,29,39
2,13,15,20,30,31|6,8,14,16,27,34|17,22,23,25,29,39
2,13,15,22,28,30|6,8,14,16,27,34|17,21,23,25,29,31
2,21,25,30,31,40|6,8,14,16,27,34|10,15,23,29,32,39
2,28,30,31,39,40|6,8,14,16,27,34|15,21,22,32,33,38
6,14,16,25,33,34|8,13,20,21,32,38|17,23,28,29,31,39
6,15,16,28,33,34|8,13,20,21,32,38|17,22,23,25,29,39
6,15,20,21,33,34|8,13,16,28,32,38|17,22,23,25,29,39
8,13,16,28,32,38|11,14,21,31,33,34|17,22,23,25,29,39
1,6,9,14,23,39|2,11,13,15,30,31|8,16,20,21,34,40
1,6,9,15,21,23|2,11,13,16,22,30|8,14,28,34,39,40
1,9,14,15,16,23|2,6,25,30,39,40|8,11,13,21,32,38
2,6,13,15,28,30|8,14,21,25,34,40|17,22,23,29,31,39
2,6,13,16,20,30|8,14,21,25,34,40|17,22,23,29,31,39
2,6,25,30,39,40|8,11,13,15,31,34|16,17,20,21,23,29
2,11,13,15,30,31|6,8,25,34,39,40|16,17,20,21,23,29
2,11,13,16,22,30|6,8,25,34,39,40|15,17,21,23,28,29
2,13,14,22,30,31|6,8,25,34,39,40|15,17,21,23,28,29
2,14,21,25,30,40|6,8,13,15,28,34|17,22,23,29,31,39
2,15,21,28,30,40|6,8,13,14,25,34|17,22,23,29,31,39
2,16,20,21,30,40|6,8,13,14,25,34|17,22,23,29,31,39
2,22,30,31,39,40|6,8,13,14,25,34|15,17,21,23,28,29
3,6,30,31,32,39|8,11,13,16,22,34|14,17,21,23,25,29
3,11,15,30,32,39|6,8,13,14,25,34|16,17,20,21,23,29
3,11,16,21,30,32|6,8,13,14,25,34|15,17,20,23,29,39
3,14,22,30,32,39|6,8,13,15,28,34|16,17,20,21,23,29
6,11,14,33,34,39|8,13,15,31,32,38|16,17,20,21,23,29
6,11,15,21,33,34|8,13,16,22,32,38|14,17,23,28,29,39
6,14,16,31,33,34|8,11,13,21,32,38|15,17,20,23,29,39
6,14,32,33,38,39|8,11,13,15,31,34|16,17,20,21,23,29
6,15,16,22,33,34|8,11,13,21,32,38|14,17,23,28,29,39
6,15,21,32,33,38|8,11,13,16,22,34|14,17,23,28,29,39
1,9,21,23,25,31|2,3,11,15,38,39|8,14,16,27,28,34
1,9,23,28,31,39|2,3,11,16,21,38|8,14,15,25,27,34
2,3,6,31,38,39|8,14,15,25,27,34|9,10,11,16,21,23
2,3,11,15,38,39|6,8,16,25,27,34|9,10,14,21,23,31
2,3,11,16,21,38|6,8,20,27,34,39|13,15,23,25,26,32
2,3,14,21,31,38|6,8,16,25,27,34|9,10,11,15,23,39
2,3,14,22,38,39|6,8,16,25,27,34|13,20,21,23,26,32
2,6,16,25,27,30|8,11,13,21,26,38|9,10,14,22,23,39
2,6,20,27,30,39|8,11,13,21,26,38|9,10,15,16,23,31
2,6,21,27,28,30|8,13,15,26,31,38|9,10,14,22,23,39
2,11,22,27,30,39|6,15,21,26,33,38|8,13,25,28,31,34
2,13,25,28,30,31|6,8,20,27,34,39|9,10,11,16,21,23
2,14,15,25,27,30|6,9,10,23,31,39|8,11,13,21,26,38
2,14,16,27,28,30|6,9,10,23,31,39|8,11,13,21,26,38
2,14,20,21,27,30|6,9,10,23,31,39|8,13,16,22,26,38
2,15,16,20,27,30|6,9,10,23,31,39|8,11,13,21,26,38
3,6,26,30,31,39|8,14,15,25,27,34|9,10,11,16,21,23
3,11,15,26,30,39|6,8,16,25,27,34|9,10,14,21,23,31
3,14,21,26,30,31|6,8,16,25,27,34|9,10,11,15,23,39
3,15,21,22,26,30|6,8,16,25,27,34|28,31,32,33,38,39
3,25,28,30,32,39|6,15,21,26,33,38|8,16,22,27,31,34
6,9,10,23,31,39|8,11,13,21,26,38|14,16,25,28,33,34
6,20,25,33,34,39|8,11,13,21,26,38|9,10,15,16,23,31
6,21,25,28,33,34|8,13,15,26,31,38|9,10,14,22,23,39
8,11,13,21,26,38|9,10,14,22,23,39|15,16,20,25,33,34
8,13,15,26,31,38|9,10,11,16,21,23|14,20,28,33,34,39
8,13,16,22,26,38|9,10,11,15,23,39|14,20,21,25,33,34
8,14,15,25,27,34|9,10,11,16,21,23|28,31,32,33,38,39
8,14,16,27,28,34|9,10,11,15,23,39|21,25,31,32,33,38
8,15,16,20,27,34|9,10,14,21,23,31|22,25,32,33,38,39
8,21,27,31,32,38|9,10,11,15,23,39|14,16,25,28,33,34
1,8,15,17,38,39|2,6,16,27,30,31|11,13,21,23,26,32
1,8,16,17,21,38|2,6,11,27,30,39|13,15,23,26,31,32
1,9,14,21,23,25|2,6,11,27,30,39|8,13,16,20,28,34
1,9,14,23,28,39|2,3,6,15,21,38|8,13,22,25,31,34
1,9,15,20,23,39|2,6,16,27,30,31|8,13,14,25,28,34
1,9,15,21,23,28|2,3,6,14,38,39|8,13,22,25,31,34
1,9,16,20,21,23|2,3,6,14,38,39|8,13,22,25,31,34
1,9,22,23,31,39|2,3,6,15,21,38|8,13,14,25,28,34
1,15,23,26,29,39|2,6,16,27,30,31|8,13,14,25,28,34
1,16,21,23,26,29|2,3,6,14,38,39|8,13,15,20,25,34
2,6,11,27,30,39|8,10,16,21,29,38|13,15,23,26,31,32
2,6,16,27,30,31|8,10,15,29,38,39|11,13,21,23,26,32
2,6,21,22,27,30|8,10,15,29,38,39|14,16,28,31,33,34
2,11,14,21,27,30|6,8,13,16,26,38|17,23,25,28,29,39
2,11,15,16,27,30|6,9,10,14,23,39|8,13,22,25,31,34
2,13,14,25,28,30|6,8,11,27,34,39|16,20,21,32,33,38
2,13,16,20,28,30|6,8,11,27,34,39|14,21,25,32,33,38
2,13,22,25,30,31|6,8,11,27,34,39|9,10,14,15,16,23
2,14,15,27,30,31|6,8,13,16,26,38|17,23,25,28,29,39
2,14,16,22,27,30|6,9,10,15,21,23|8,25,28,34,39,40
2,25,28,30,39,40|6,8,13,16,26,38|14,20,21,31,33,34
3,6,15,21,26,30|8,13,14,25,28,34|22,31,32,33,38,39
3,21,25,30,31,32|6,8,11,27,34,39|9,10,14,15,16,23
3,22,25,30,32,39|6,8,13,16,26,38|11,15,21,28,33,34
3,28,30,31,32,39|6,8,13,16,26,38|11,14,21,25,33,34
6,9,10,15,21,23|8,13,14,25,28,34|22,31,32,33,38,39
6,11,25,33,34,39|8,10,16,21,29,38|13,15,23,26,31,32
6,16,25,31,33,34|8,10,15,29,38,39|11,13,21,23,26,32
