1,14,15,17,31,34|6,8,9,10,32,39|11,12,21,25,33,35
1,14,16,17,22,34|6,8,9,10,32,39|11,12,21,25,33,35
1,14,17,21,32,38|6,10,11,29,34,39|8,12,13,25,28,35
1,15,16,17,32,38|6,10,11,29,34,39|8,12,13,25,28,35
1,15,25,29,31,34|6,8,9,10,32,39|12,21,22,28,33,35
1,16,22,25,29,34|6,8,9,10,32,39|12,20,21,31,33,35
1,16,28,29,31,34|6,8,9,10,32,39|11,12,21,25,33,35
1,20,21,29,31,34|6,8,9,10,32,39|12,16,22,25,33,35
1,20,22,29,34,39|6,13,14,26,32,38|8,9,11,17,21,25|12,16,28,31,33,35
1,21,22,28,29,34|6,8,9,10,32,39|12,15,25,31,33,35
1,21,25,29,32,38|6,11,13,14,26,34|8,9,16,17,28,31|12,20,22,33,35,39
1,28,29,32,38,39|6,11,13,14,26,34|8,9,15,17,25,31
6,8,9,10,32,39|11,12,21,25,33,35|14,15,26,31,34,40
6,10,11,29,34,39|8,9,15,17,25,31|12,21,22,28,33,35
6,10,16,29,31,34|8,9,11,17,21,25|12,20,22,33,35,39
6,10,21,22,29,34|8,9,11,17,28,39|12,15,25,31,33,35
6,10,29,32,38,39|8,9,11,17,21,25|12,16,28,31,33,35
6,11,13,14,26,34|8,9,10,15,16,32|12,20,21,31,33,35
6,11,16,27,32,34|8,9,15,17,25,31|12,20,22,33,35,39
6,11,26,34,39,40|8,9,10,14,21,32|12,15,25,31,33,35
6,13,14,26,32,38|8,9,11,17,21,25|12,16,28,31,33,35
6,14,27,31,32,34|8,9,11,17,21,25|12,20,22,33,35,39
6,15,22,27,32,34|8,9,11,17,21,25|12,16,28,31,33,35
6,16,26,31,34,40|8,9,10,14,21,32|11,12,28,33,35,39
6,21,22,26,34,40|8,9,10,15,16,32|11,12,28,33,35,39
6,26,32,38,39,40|8,9,11,17,21,25|10,14,15,29,31,34
8,9,10,14,21,32|11,12,28,33,35,39|15,17,25,29,31,38
8,9,10,15,16,32|11,12,21,25,33,35|17,20,22,29,38,39
8,9,11,17,21,25|10,14,15,29,31,34|12,20,22,33,35,39
8,9,11,17,28,39|10,14,15,29,31,34|12,16,22,25,33,35
8,9,15,17,25,31|10,11,14,21,29,34|12,20,22,33,35,39
8,9,16,17,28,31|10,11,14,21,29,34|12,20,22,33,35,39
8,9,17,20,22,39|10,11,14,21,29,34|12,15,25,31,33,35
8,12,13,25,28,35|10,11,14,21,29,34|15,16,26,32,38,40
8,17,22,26,29,39|11,12,21,25,33,35|13,14,20,28,32,34
11,14,15,27,32,34|12,16,22,25,33,35|17,20,21,29,31,38
11,14,21,26,34,40|12,15,25,31,33,35|17,20,22,29,38,39
11,17,28,29,38,39|12,15,25,31,33,35|14,16,22,26,34,40
1,2,6,17,38,39|3,11,21,25,32,34|9,10,14,16,28,30
1,2,8,9,21,25|3,6,14,16,26,34|10,17,22,30,32,39
1,2,8,9,28,39|3,6,14,16,26,34|10,17,21,30,31,32
1,2,14,17,21,38|3,11,28,32,34,39|6,9,10,16,25,30
1,2,15,16,17,38|3,11,21,25,32,34|6,9,10,20,30,39
1,2,21,25,29,38|3,6,14,16,26,34|9,10,11,22,30,39
1,2,28,29,38,39|3,6,14,16,26,34|9,10,11,21,30,31
1,6,17,26,30,39|2,8,9,10,14,21|3,15,25,31,32,34
1,9,16,25,28,30|2,6,10,29,38,39|3,20,21,31,32,34
1,9,20,21,25,30|2,6,10,29,38,39|3,16,28,31,32,34
1,14,17,21,26,30|2,6,8,9,10,39|3,15,25,31,32,34
1,15,16,17,26,30|2,6,8,9,10,39|3,11,21,25,32,34
1,21,25,26,29,30|2,6,8,9,10,39|3,16,28,31,32,34
2,6,13,14,26,38|3,11,21,25,32,34|9,10,15,16,20,30
2,6,26,38,39,40|3,11,21,25,32,34|9,10,14,16,28,30
2,13,22,25,32,38|3,6,14,16,26,34|9,10,11,21,30,31
2,13,28,31,32,38|3,6,14,16,26,34|9,10,11,22,30,39
2,14,21,26,38,40|3,11,28,32,34,39|6,9,10,16,25,30
2,15,16,26,38,40|3,11,21,25,32,34|6,9,10,20,30,39
1,2,17,21,31,38|3,6,11,26,34,39|9,10,16,22,25,30
1,2,17,22,38,39|3,6,16,26,31,34|9,10,11,21,25,30
2,6,13,26,31,38|3,16,25,28,32,34|9,10,20,22,30,39
2,6,14,25,27,34|3,15,16,26,32,38|9,10,11,28,30,39
2,6,15,27,28,34|3,14,21,26,32,38|9,10,16,22,25,30
2,6,16,20,27,34|3,14,21,26,32,38|9,10,11,28,30,39
2,11,13,15,26,38|3,16,25,28,32,34|9,10,20,21,30,31
2,11,13,25,28,34|3,6,26,32,38,39|9,10,20,21,30,31
2,11,15,27,31,34|3,6,26,32,38,39|9,10,16,22,25,30
2,11,16,22,27,34|3,6,26,32,38,39|9,10,15,25,30,31
2,11,21,27,32,38|3,6,16,26,31,34|9,10,20,22,30,39
2,13,14,22,26,38|3,16,25,28,32,34|9,10,20,21,30,31
2,13,20,22,25,34|3,6,26,32,38,39|9,10,16,28,30,31
2,13,20,28,31,34|3,6,26,32,38,39|9,10,11,21,25,30
2,13,25,28,32,38|3,6,11,26,34,39|9,10,20,21,30,31
2,14,15,20,27,34|3,6,26,32,38,39|9,10,11,21,25,30
2,14,22,27,31,34|3,6,26,32,38,39|9,10,11,21,25,30
2,15,27,31,32,38|3,6,11,26,34,39|9,10,16,22,25,30
2,16,22,27,32,38|3,6,11,26,34,39|9,10,15,25,30,31
2,21,26,31,38,40|3,16,25,28,32,34|9,10,20,22,30,39
2,22,26,38,39,40|3,16,25,28,32,34|9,10,20,21,30,31
2,11,15,25,27,34|3,21,26,31,32,38|9,10,20,28,30,39
2,11,20,21,27,34|3,22,26,32,38,39|9,10,16,25,28,30
2,14,22,25,27,34|3,21,26,31,32,38|9,10,20,28,30,39
2,14,27,28,31,34|3,22,26,32,38,39|9,10,20,21,25,30
2,15,20,27,31,34|3,22,26,32,38,39|9,10,16,25,28,30
1,6,17,30,32,39|2,11,14,21,34,40|3,8,12,15,16,35
1,14,17,21,30,32|2,6,11,34,39,40|3,8,12,15,16,35
1,21,25,29,30,32|2,6,11,13,14,34|3,8,12,15,16,35
1,28,29,30,32,39|2,6,11,13,14,34|3,8,12,15,16,35
2,6,11,13,14,34|3,8,12,15,16,35|17,20,21,29,30,31
2,6,11,34,39,40|3,8,12,14,21,35|10,15,16,29,30,32
2,6,13,14,32,38|3,8,12,15,16,35|11,17,21,25,29,30
2,6,16,31,34,40|3,8,12,14,21,35|11,17,28,29,30,39
2,6,21,22,34,40|3,8,12,15,16,35|11,17,28,29,30,39
2,6,32,38,39,40|3,8,12,14,21,35|15,17,25,29,30,31
2,11,14,21,34,40|3,6,8,12,35,39|10,15,16,29,30,32
2,11,15,16,34,40|3,6,8,12,35,39|10,14,21,29,30,32
2,14,15,31,34,40|3,6,8,12,35,39|11,17,21,25,29,30
2,14,16,22,34,40|3,6,8,12,35,39|11,17,21,25,29,30
2,14,21,32,38,40|3,6,8,12,35,39|15,17,25,29,30,31
2,15,16,32,38,40|3,6,8,12,35,39|11,17,21,25,29,30
1,2,6,8,9,39|3,11,14,21,32,34|16,17,25,28,29,30
1,2,6,29,38,39|3,8,12,21,31,35|11,13,15,26,30,32
1,2,8,9,14,21|3,6,11,32,34,39|16,17,25,28,29,30
1,2,8,9,15,16|3,6,11,32,34,39|17,20,21,25,29,30
1,6,9,16,25,30|2,8,17,28,29,39|3,11,14,21,32,34
1,6,9,20,30,39|2,8,17,21,25,29|3,11,15,16,32,34
1,6,26,29,30,39|2,11,13,14,22,34|3,8,12,21,31,35
1,9,11,21,30,31|2,6,13,14,20,34|3,8,12,22,35,39
1,9,11,22,30,39|2,6,13,14,20,34|3,8,12,21,31,35
1,9,14,15,25,30|2,6,11,13,31,34|3,8,12,22,35,39
1,9,14,16,28,30|2,6,11,13,31,34|3,8,12,22,35,39
1,9,14,20,21,30|2,6,11,13,31,34|3,8,12,22,35,39
1,9,15,16,20,30|2,6,11,13,31,34|3,8,12,22,35,39
1,14,21,26,29,30|2,6,11,13,31,34|3,8,12,22,35,39
1,15,16,26,29,30|2,6,11,13,31,34|3,8,12,22,35,39
1,17,21,30,31,32|2,6,13,14,20,34|3,8,12,22,35,39
2,6,11,13,31,34|3,8,12,22,35,39|16,17,25,28,29,30
2,6,13,14,20,34|3,8,12,21,31,35|10,22,29,30,32,39
2,6,13,31,32,38|3,8,12,22,35,39|16,17,25,28,29,30
2,6,16,25,34,40|3,8,12,21,31,35|10,22,29,30,32,39
2,6,20,34,39,40|3,8,12,21,31,35|11,13,15,26,30,32
2,6,21,28,34,40|3,8,12,22,35,39|11,13,15,26,30,32
2,11,13,14,22,34|3,8,12,21,31,35|16,17,25,28,29,30
2,11,13,15,32,38|3,8,12,21,31,35|6,9,10,14,16,30
2,11,21,31,34,40|3,8,12,22,35,39|6,9,10,14,16,30
2,11,22,34,39,40|3,8,12,21,31,35|6,9,10,14,16,30
2,13,14,22,32,38|3,8,12,21,31,35|16,17,25,28,29,30
2,14,15,25,34,40|3,8,12,21,31,35|10,22,29,30,32,39
2,14,16,28,34,40|3,8,12,21,31,35|10,22,29,30,32,39
2,14,20,21,34,40|3,8,12,22,35,39|6,13,26,30,31,32
2,15,16,20,34,40|3,8,12,21,31,35|10,22,29,30,32,39
2,21,31,32,38,40|3,8,12,22,35,39|6,9,10,14,16,30
2,22,32,38,39,40|3,8,12,21,31,35|6,9,10,14,16,30
1,2,22,29,38,39|3,6,16,25,32,34|9,10,11,14,21,30
1,9,11,21,25,30|2,6,13,20,31,34|3,8,12,28,35,39
1,9,11,28,30,39|2,6,13,20,31,34|3,8,12,21,25,35
1,9,16,22,25,30|2,6,13,20,31,34|3,8,12,28,35,39
1,9,20,21,30,31|2,6,11,13,25,34|3,8,12,28,35,39
1,17,21,25,30,32|2,6,13,20,31,34|3,8,12,28,35,39
1,21,26,29,30,31|2,6,11,13,25,34|3,8,12,28,35,39
2,6,11,13,25,34|3,8,12,28,35,39|9,10,14,15,30,31
2,6,13,20,31,34|3,8,12,21,25,35|9,10,11,15,16,30
2,6,13,22,28,34|3,8,12,21,25,35|9,10,11,15,16,30
2,6,13,25,32,38|3,8,12,28,35,39|9,10,11,14,21,30
2,11,13,14,28,34|3,8,12,21,25,35|6,9,10,16,30,31
2,11,13,15,20,34|3,8,12,21,25,35|6,9,10,16,30,31
2,11,13,22,31,34|3,8,12,21,25,35|6,10,17,30,32,39
2,11,21,25,34,40|3,8,12,28,35,39|6,9,10,16,30,31
2,11,28,34,39,40|3,8,12,21,25,35|6,9,10,16,30,31
2,13,14,20,22,34|3,8,12,21,25,35|6,9,10,11,30,39
2,13,14,28,32,38|3,8,12,21,25,35|6,9,10,11,30,39
2,13,15,20,32,38|3,8,12,21,25,35|6,9,10,11,30,39
2,13,22,31,32,38|3,8,12,21,25,35|6,9,10,11,30,39
2,15,25,31,34,40|3,8,12,28,35,39|6,9,10,21,22,30
2,16,22,25,34,40|3,8,12,28,35,39|9,10,11,14,21,30
2,16,28,31,34,40|3,8,12,21,25,35|6,9,10,11,30,39
2,20,21,31,34,40|3,8,12,28,35,39|6,13,25,26,30,32
2,20,22,34,39,40|3,8,12,21,25,35|6,9,10,16,30,31
2,21,25,32,38,40|3,8,12,28,35,39|6,9,10,16,30,31
2,28,32,38,39,40|3,8,12,21,25,35|6,9,10,16,30,31
1,3,13,16,26,30|6,17,21,27,33,38|8,10,18,31,34,39
1,2,18,30,31,39|6,8,9,21,27,33|10,13,16,17,23,29
1,2,19,25,30,39|6,8,9,21,27,33|10,13,16,17,23,29
1,8,18,31,34,39|2,7,12,13,16,32|3,21,22,27,29,30
1,8,19,25,34,39|2,7,12,13,16,32|3,21,22,27,29,30
1,11,13,16,33,34|2,10,14,19,30,39|9,18,21,22,23,25
1,13,14,31,33,34|2,10,15,19,21,30|9,11,18,23,25,39
1,13,15,22,33,34|2,10,14,19,30,39|9,16,18,23,25,31
1,13,16,32,33,38|2,10,14,19,30,39|9,18,21,22,23,25
1,31,33,34,39,40|2,3,8,13,16,17|9,18,21,22,23,25
2,3,8,13,16,17|6,21,27,29,33,38|9,11,18,23,25,39
2,3,29,31,33,39|6,9,13,22,23,27|8,10,15,19,21,34
2,7,12,13,16,32|3,11,27,29,30,39|8,10,15,19,21,34
2,10,13,16,30,40|6,8,9,21,27,33|14,17,19,23,26,39
2,10,14,19,30,39|6,8,9,21,27,33|13,16,17,23,26,40
2,10,15,19,21,30|6,9,13,22,23,27|8,17,18,31,38,39
3,11,27,29,30,39|8,9,13,25,31,33|15,17,19,21,23,26
3,13,14,17,25,30|6,8,9,21,27,33|18,23,26,29,31,39
3,13,15,17,28,30|6,8,9,21,27,33|18,23,26,29,31,39
3,13,16,17,20,30|6,8,9,21,27,33|18,23,26,29,31,39
3,16,27,29,30,31|8,10,14,19,34,39|9,18,21,22,23,25
3,21,22,27,29,30|8,9,13,25,31,33|14,17,19,23,26,39
6,21,27,29,33,38|8,10,13,16,34,40|9,11,18,23,25,39
8,10,14,19,34,39|9,16,18,23,25,31|13,15,17,22,33,38
8,10,15,19,21,34|9,11,13,14,23,27|17,31,33,38,39,40
1,2,13,14,27,30|8,10,15,18,21,34|17,19,23,26,31,39
1,2,18,25,30,39|6,9,13,23,27,28|10,15,21,33,34,40
1,2,27,30,39,40|6,10,13,15,33,34|9,18,21,23,25,28
1,8,13,14,27,34|2,3,15,17,21,33|9,18,20,23,25,39
1,8,18,25,34,39|2,3,15,17,21,33|6,9,13,23,27,28
1,13,14,25,33,34|2,3,8,27,29,39|15,17,18,21,23,26
1,13,16,20,33,34|2,3,8,27,29,39|9,18,21,23,25,28
1,25,33,34,39,40|2,10,15,18,21,30|6,9,13,23,27,28
2,3,8,27,29,39|6,10,13,15,33,34|9,18,21,23,25,28
2,3,14,17,33,39|6,9,13,23,27,28|8,10,15,18,21,34
2,3,15,17,21,33|6,9,13,23,27,28|8,10,14,18,34,39
2,3,25,29,33,39|6,9,13,23,27,28|8,10,15,18,21,34
2,10,15,18,21,30|6,9,13,23,27,28|17,25,33,38,39,40
3,10,13,16,30,32|8,9,11,27,33,39|15,17,18,21,23,26
3,14,16,17,27,30|6,10,13,15,33,34|9,18,20,23,25,39
3,16,25,27,29,30|6,10,13,15,33,34|14,17,18,23,26,39
3,20,27,29,30,39|6,10,13,15,33,34|9,18,21,23,25,28
3,21,27,28,29,30|6,10,13,15,33,34|8,17,18,25,38,39
6,10,13,15,33,34|8,17,18,25,38,39|9,21,23,27,28,40
8,10,15,18,21,34|9,11,13,23,27,31|17,25,33,38,39,40
8,13,14,17,27,38|9,18,20,23,25,39|10,15,21,33,34,40
8,13,25,27,29,38|10,14,33,34,39,40|15,17,18,21,23,26
8,17,18,25,38,39|9,11,13,23,27,31|10,15,21,33,34,40
1,2,13,16,30,40|6,9,18,21,23,31|8,14,17,19,38,39
1,2,14,19,30,39|6,9,18,21,23,31|8,13,16,17,32,33
1,2,15,19,21,30|6,9,18,22,23,39|8,13,16,17,32,33
1,8,15,19,21,34|3,13,14,25,29,30|6,9,18,22,23,39
3,13,15,28,29,30|6,9,18,21,23,31|8,14,17,19,38,39
3,13,16,20,29,30|6,9,18,21,23,31|8,14,17,19,38,39
3,14,17,30,39,40|6,9,18,21,23,31|11,13,16,29,33,38
3,15,17,21,30,40|6,9,18,22,23,39|11,13,16,29,33,38
3,25,29,30,39,40|6,9,18,21,23,31|8,13,16,17,32,33
1,2,14,18,30,39|6,9,21,23,27,40|8,13,16,26,29,33
1,2,15,18,21,30|8,9,13,14,25,33|19,23,26,29,31,39
1,2,19,30,31,39|6,9,18,21,23,25|8,13,14,27,29,38
1,3,13,16,30,32|6,9,18,21,23,25|8,17,19,31,38,39
1,6,13,15,33,34|3,14,16,27,29,30|8,17,19,31,38,39
1,8,14,18,34,39|2,3,15,21,29,33|9,13,23,25,31,40
1,8,15,18,21,34|2,3,14,29,33,39|9,13,23,25,31,40
1,8,19,31,34,39|2,3,15,21,29,33|9,14,16,18,23,25
1,14,33,34,39,40|3,6,21,27,29,30|9,15,16,18,23,28
1,15,21,33,34,40|3,11,13,16,17,30|6,9,18,23,28,39
3,6,21,27,29,30|8,9,13,14,25,33|17,18,23,31,32,39
3,11,13,16,17,30|6,9,18,21,23,25|8,27,29,32,33,39
3,13,14,17,30,31|6,9,18,21,23,25|8,27,29,32,33,39
3,13,15,17,22,30|6,9,18,21,23,25|8,27,29,32,33,39
3,13,25,29,30,31|6,9,18,23,28,39|15,17,21,33,38,40
3,14,16,27,29,30|6,9,18,21,23,25|8,17,19,31,38,39
3,17,30,31,39,40|6,9,18,21,23,25|8,13,14,27,29,38
3,13,16,17,23,26|6,7,12,21,27,34|10,18,30,31,38,39
1,2,13,16,33,38|3,6,9,21,23,27|7,12,25,34,39,40
1,3,14,33,34,39|2,13,23,25,27,29|10,15,18,21,30,38
1,3,15,21,33,34|2,13,14,17,23,27|10,19,30,31,38,39
2,13,14,17,23,27|3,8,9,25,33,39|10,15,18,21,30,38
2,17,23,27,39,40|7,12,13,14,25,34|10,15,18,21,30,38
3,6,9,21,23,27|7,12,13,14,25,34|10,19,30,31,38,39
3,9,14,16,23,27|7,12,13,15,28,34|10,19,30,31,38,39
1,3,8,13,16,34|2,17,18,23,31,39|10,15,19,21,30,38
2,8,27,29,33,39|3,9,13,14,23,25|10,15,19,21,30,38
2,17,18,23,31,39|7,11,12,13,16,34|10,15,19,21,30,38
2,17,19,23,25,39|7,11,12,13,16,34|21,27,28,29,30,33
3,8,9,31,33,39|7,11,12,13,16,34|10,15,19,21,30,38
3,8,13,16,17,38|7,12,31,34,39,40|21,27,28,29,30,33
3,9,13,14,23,25|6,17,21,27,30,33|7,12,31,34,39,40
3,9,13,15,23,28|6,17,21,27,30,33|7,12,31,34,39,40
3,9,13,16,20,23|6,17,21,27,30,33|7,12,31,34,39,40
3,9,23,25,39,40|6,17,21,27,30,33|7,11,12,13,16,34
3,13,16,23,26,29|6,17,21,27,30,33|7,12,31,34,39,40
3,23,27,29,32,39|7,11,12,13,16,34|10,15,19,21,30,38
1,14,18,30,38,39|2,8,13,16,17,33|7,12,15,21,34,40
1,15,18,21,30,38|2,8,13,16,17,33|3,9,23,31,39,40
1,19,30,31,38,39|2,8,13,16,17,33|7,12,15,21,34,40
3,9,11,13,16,23|7,12,14,34,39,40|21,22,27,29,30,33
3,9,13,14,23,31|7,12,15,21,34,40|8,17,18,25,30,39
3,9,13,15,22,23|7,12,14,34,39,40|16,27,29,30,31,33
3,9,23,31,39,40|6,7,12,13,15,34|21,22,27,29,30,33
3,13,16,17,23,32|7,12,14,34,39,40|21,22,27,29,30,33
2,3,8,13,16,38|7,12,17,30,31,39|18,21,22,23,25,34
6,8,21,27,33,34|7,12,17,30,31,39|10,13,16,23,29,38
2,3,15,21,33,38|6,13,23,27,28,34|7,12,17,25,30,39
7,12,17,25,30,39|8,13,16,26,33,38|21,23,27,28,34,40
6,19,21,23,25,34|7,12,29,30,31,39|8,13,16,32,33,38
7,12,29,30,31,39|8,11,13,16,33,34|15,18,21,23,32,38
7,12,15,17,21,30|8,13,14,25,33,34|18,23,31,32,38,39
1,11,13,21,30,32|2,6,29,31,33,39|3,8,9,14,15,16
1,13,15,30,31,32|2,8,16,17,21,40|3,6,14,29,38,39
2,6,14,17,33,39|3,8,9,11,16,21|13,25,28,29,30,31
2,6,15,17,21,33|3,8,9,14,22,39|13,25,28,29,30,31
2,6,25,29,33,39|3,8,9,11,16,21|10,13,14,15,30,32
2,14,21,25,29,33|3,6,8,9,31,39|11,13,16,17,28,30
2,14,28,29,33,39|3,8,9,11,16,21|6,13,17,25,30,31
2,15,16,25,29,33|3,6,8,9,31,39|11,13,17,20,21,30
2,15,20,29,33,39|3,8,9,11,16,21|6,13,17,25,30,31
2,15,21,28,29,33|3,6,8,9,31,39|13,14,17,22,25,30
2,16,20,21,29,33|3,6,8,9,31,39|10,13,14,15,30,32
2,22,29,31,33,39|3,8,9,11,16,21|10,13,14,15,30,32
1,2,6,13,16,38|3,8,9,14,21,25|11,27,28,29,30,39
1,2,13,14,15,38|3,6,8,9,25,39|16,27,28,29,30,31
1,2,15,32,33,39|3,8,9,14,21,25|6,16,17,27,30,31
1,2,15,38,39,40|3,8,9,14,21,25|6,16,17,27,30,31
1,2,16,21,32,33|3,6,8,9,25,39|14,15,17,27,30,31
1,2,16,21,38,40|3,6,8,9,25,39|10,13,15,30,31,32
1,3,6,14,34,39|2,8,13,15,17,25|16,27,28,29,30,31
1,3,6,15,21,34|2,8,13,16,17,28|20,22,27,29,30,39
1,3,14,15,16,34|2,6,17,31,33,39|10,11,13,21,30,32
1,6,27,30,32,39|2,8,13,15,17,25|3,16,20,21,29,38
1,13,14,15,26,30|2,6,17,31,33,39|3,8,9,16,20,21
1,14,21,27,30,32|2,6,17,31,33,39|3,8,9,15,16,25
1,15,16,27,30,32|2,6,17,31,33,39|3,8,9,14,21,25
1,15,26,30,39,40|2,8,13,16,17,28|3,14,21,25,29,38
2,6,17,31,33,39|3,8,9,14,21,25|10,13,16,22,30,32
2,8,21,27,29,31|3,6,14,17,38,39|10,13,16,22,30,32
2,11,15,17,33,39|3,8,9,14,21,25|10,13,16,22,30,32
2,11,16,17,21,33|3,6,8,9,25,39|10,13,15,30,31,32
2,14,17,21,31,33|3,6,8,9,25,39|10,13,16,22,30,32
2,14,17,22,33,39|3,8,9,15,16,25|10,11,13,21,30,32
2,15,16,17,31,33|3,6,8,9,25,39|10,11,13,21,30,32
2,15,17,21,22,33|3,6,8,9,25,39|16,27,28,29,30,31
2,21,25,29,31,33|3,6,14,17,38,39|10,13,16,22,30,32
2,28,29,31,33,39|3,6,15,17,21,38|10,13,16,22,30,32
1,2,11,13,21,38|3,8,9,22,25,39|14,16,17,27,28,30
1,2,13,15,31,38|3,8,9,22,25,39|6,17,21,27,28,30
1,2,13,16,22,38|3,8,9,21,25,31|6,17,20,27,30,39
1,3,6,31,34,39|2,8,10,13,21,32|14,15,17,25,27,30
1,3,11,15,34,39|2,8,10,13,21,32|6,16,17,25,27,30
1,3,11,16,21,34|2,6,8,17,27,39|10,13,15,25,30,32
1,3,14,21,31,34|2,6,8,17,27,39|10,13,15,25,30,32
1,3,14,22,34,39|2,8,10,13,21,32|6,16,17,25,27,30
1,3,15,16,31,34|2,6,8,17,27,39|10,13,20,21,30,32
1,3,15,21,22,34|2,6,8,17,27,39|10,13,16,28,30,32
1,13,16,22,26,30|2,6,8,17,27,39|3,21,25,29,31,38
2,6,8,17,27,39|3,21,25,29,31,38|10,13,16,28,30,32
2,8,10,13,21,32|3,6,17,31,38,39|16,25,27,28,29,30
2,8,14,17,21,27|3,22,25,29,38,39|10,13,16,28,30,32
2,8,21,25,27,29|3,6,17,31,38,39|10,13,16,28,30,32
2,8,27,28,29,39|3,11,16,17,21,38|10,13,15,25,30,32
2,15,16,17,25,33|3,8,9,28,31,39|10,13,20,21,30,32
2,15,17,20,33,39|3,8,9,21,25,31|10,13,16,28,30,32
1,2,8,13,21,26|3,6,10,14,34,39|15,17,25,27,30,31
1,2,13,15,25,38|3,6,10,14,34,39|7,12,16,21,26,32
1,2,13,16,28,38|3,6,10,14,34,39|11,17,21,25,27,30
1,2,13,20,21,38|3,6,10,14,34,39|15,17,25,27,30,31
1,3,6,25,34,39|2,8,17,21,27,31|10,13,14,15,26,30
1,3,14,21,25,34|2,6,10,13,16,38|7,12,15,26,32,39
1,3,14,28,34,39|2,6,10,13,16,38|11,17,21,25,27,30
1,3,15,20,34,39|2,6,10,13,16,38|11,17,21,25,27,30
1,3,15,21,28,34|2,6,10,13,16,38|17,20,22,27,30,39
1,3,16,20,21,34|2,8,17,22,27,39|10,13,14,15,26,30
1,3,22,31,34,39|2,6,10,13,16,38|11,17,21,25,27,30
1,13,15,25,26,30|2,8,17,21,27,31|3,6,10,14,34,39
1,13,16,26,28,30|2,8,17,21,27,31|3,6,10,14,34,39
1,13,20,21,26,30|2,8,17,22,27,39|3,10,14,15,16,34
1,21,25,27,30,32|2,6,10,13,16,38|3,8,15,17,26,39
2,6,10,13,16,38|3,8,9,25,28,39|17,20,21,27,30,31
2,10,13,14,15,38|3,8,9,25,28,39|7,12,16,21,26,32
3,6,10,14,34,39|7,12,16,21,26,32|15,17,25,27,30,31
1,3,21,25,31,34|2,8,17,27,28,39|10,13,16,22,26,30
1,3,28,31,34,39|2,8,17,21,25,27|10,13,16,22,26,30
2,9,12,19,28,33|3,6,8,10,18,35|7,17,22,26,29,40
1,3,6,9,17,33|2,10,19,22,34,40|7,11,18,20,28,35
1,6,7,10,35,40|2,9,11,18,28,33|3,17,19,20,22,34
2,18,22,26,29,33|3,6,10,19,32,34|7,9,12,17,28,40
1,7,10,22,35,40|2,6,17,18,26,33|3,9,19,20,28,38
1,6,14,34,39,40|8,9,11,13,15,31|16,20,21,29,32,33
1,6,15,21,34,40|8,9,11,13,16,22|14,28,29,32,33,39
6,9,11,14,33,39|8,13,15,17,31,32|16,20,21,29,38,40
6,9,11,15,21,33|8,13,16,17,22,32|14,28,29,38,39,40
6,9,14,16,31,33|8,11,13,17,21,32|15,20,29,38,39,40
6,9,15,16,22,33|8,11,13,17,21,32|14,28,29,38,39,40
6,14,17,32,33,39|8,9,11,13,15,31|16,20,21,29,38,40
6,14,17,38,39,40|8,9,11,13,15,31|16,20,21,29,32,33
6,15,17,21,32,33|8,9,11,13,16,22|14,28,29,38,39,40
6,15,17,21,38,40|8,9,11,13,16,22|14,28,29,32,33,39
1,6,11,13,16,34|2,3,14,21,29,31|8,9,22,25,39,40
1,6,13,15,22,34|2,3,11,16,21,29|8,9,28,31,39,40
1,6,13,16,32,38|2,3,11,15,29,39|8,9,21,25,31,40
1,6,31,34,39,40|2,3,11,16,21,29|8,9,13,14,22,25
1,11,15,34,39,40|2,3,14,21,29,31|8,9,13,16,20,22
1,11,16,21,34,40|2,3,6,29,31,39|8,9,13,14,22,25
1,14,21,31,34,40|2,3,11,15,29,39|8,9,13,16,20,22
1,14,22,34,39,40|2,3,11,16,21,29|6,8,9,13,25,31
1,15,16,31,34,40|2,3,14,22,29,39|8,9,11,13,20,21
1,15,21,22,34,40|2,3,6,29,31,39|8,9,11,13,16,28
1,15,32,38,39,40|2,3,11,16,21,29|6,8,9,13,25,31
1,16,21,32,38,40|2,3,6,29,31,39|8,9,11,13,15,25
2,3,11,16,21,29|6,8,9,13,25,31|14,17,22,32,33,39
2,3,14,22,29,39|6,8,9,13,25,31|11,16,17,21,32,33
6,9,14,20,33,39|8,11,13,21,26,29|15,16,17,31,38,40
6,9,15,16,28,33|8,11,13,21,26,29|14,17,22,38,39,40
6,9,15,20,21,33|8,13,16,17,28,32|22,25,29,38,39,40
6,15,21,26,29,33|8,9,11,13,16,28|14,17,22,38,39,40
8,9,11,13,16,28|14,17,21,31,32,33|22,25,29,38,39,40
8,9,13,15,20,31|11,16,17,21,32,33|22,25,29,38,39,40
8,9,13,16,20,22|11,15,17,32,33,39|21,25,29,31,38,40
8,13,16,17,28,32|9,11,14,21,31,33|22,25,29,38,39,40
1,6,13,14,25,34|2,3,15,20,29,39|8,16,17,21,26,40
1,6,13,15,28,34|2,3,14,21,25,29|9,11,22,31,33,39
1,6,13,16,20,34|2,3,14,21,25,29|8,15,17,26,39,40
1,6,25,34,39,40|2,3,14,15,16,17|8,13,20,21,26,29
1,11,13,15,31,34|2,3,6,14,17,39|8,21,25,27,29,32
1,11,13,16,22,34|2,3,6,14,17,39|8,21,25,27,29,32
1,11,13,21,32,38|2,3,6,14,17,39|9,15,16,20,31,33
1,13,14,15,20,34|2,3,6,25,29,39|8,16,17,21,26,40
1,13,14,22,31,34|2,3,6,15,17,21|8,9,25,28,39,40
1,13,15,31,32,38|2,3,6,14,17,39|9,11,16,20,21,33
1,13,16,22,32,38|2,3,6,14,17,39|9,11,15,21,28,33
1,14,21,25,34,40|2,3,15,20,29,39|6,8,9,16,27,31
1,14,28,34,39,40|2,3,6,15,17,21|8,9,13,22,25,31
1,15,16,25,34,40|2,3,6,14,17,39|8,13,20,21,26,29
1,15,20,34,39,40|2,3,14,21,25,29|6,8,9,16,27,31
1,15,21,28,34,40|2,3,6,14,17,39|8,9,13,22,25,31
1,16,20,21,34,40|2,3,6,14,17,39|8,9,13,22,25,31
1,22,31,34,39,40|2,3,6,15,17,21|8,9,13,14,25,28
2,3,6,14,17,39|8,9,11,15,16,27|13,22,25,29,31,38
2,3,14,15,16,17|6,8,9,11,27,39|13,22,25,29,31,38
2,3,15,16,25,29|6,8,9,11,27,39|13,14,17,22,31,38
2,3,15,20,29,39|6,8,9,16,27,31|14,17,21,25,32,33
2,3,15,21,28,29|6,8,9,11,27,39|13,14,17,22,31,38
2,3,16,20,21,29|6,8,9,11,27,39|13,14,17,22,31,38
2,3,22,29,31,39|6,8,13,16,17,26|9,11,14,21,25,33
6,8,9,11,27,39|10,14,15,16,34,40|13,22,25,29,31,38
6,8,9,16,27,31|11,15,26,29,33,39|14,17,21,25,38,40
6,8,9,21,22,27|10,14,15,16,34,40|25,28,29,32,33,39
6,8,17,27,32,39|9,11,14,21,25,33|13,16,20,28,29,38
6,10,14,34,39,40|8,9,11,15,16,27|13,22,25,29,31,38
6,10,15,21,34,40|8,9,13,14,25,28|17,22,31,32,33,39
6,11,27,29,38,39|8,9,13,14,25,28|16,17,20,21,32,33
6,13,16,17,20,38|8,9,11,14,21,27|25,28,29,32,33,39
6,16,27,29,31,38|8,9,13,14,25,28|15,17,20,32,33,39
6,17,25,32,33,39|8,9,11,14,21,27|13,16,20,28,29,38
6,17,25,38,39,40|8,9,11,14,21,27|15,16,26,29,31,33
6,21,22,27,29,38|8,9,13,14,25,28|15,17,20,32,33,39
6,26,29,31,33,39|8,9,11,14,21,27|15,16,17,25,38,40
8,9,11,14,21,27|13,15,20,25,29,38|17,22,31,32,33,39
8,9,11,15,16,27|13,14,17,22,31,38|25,28,29,32,33,39
8,9,13,14,25,28|11,15,16,27,29,38|17,22,31,32,33,39
8,9,13,15,20,25|11,14,21,27,29,38|17,22,31,32,33,39
8,9,13,16,20,28|11,14,21,27,29,38|17,22,31,32,33,39
8,9,14,15,27,31|11,13,16,17,22,38|25,28,29,32,33,39
8,9,14,16,22,27|11,13,15,17,31,38|25,28,29,32,33,39
8,13,14,15,17,26|9,11,16,20,21,33|25,28,29,38,39,40
8,13,15,25,26,29|9,11,14,28,33,39|16,17,20,21,38,40
8,13,16,26,28,29|9,11,14,21,25,33|15,17,20,38,39,40
8,13,20,21,26,29|9,11,14,28,33,39|15,16,17,25,38,40
8,15,17,26,39,40|9,11,14,21,25,33|13,16,20,28,29,38
8,16,17,21,26,40|9,11,14,28,33,39|13,15,20,25,29,38
1,2,3,15,32,39|6,8,9,16,25,27|10,14,21,31,34,40
1,2,3,16,21,32|6,8,9,20,27,39|10,11,13,14,15,34
1,6,13,25,31,34|2,3,11,15,17,39|8,9,14,16,27,28
1,6,14,16,27,34|2,3,11,15,17,39|8,9,13,25,28,31
1,8,13,21,26,32|2,3,6,17,31,39|9,14,16,25,28,33
1,11,13,15,25,34|2,3,6,17,31,39|8,9,14,16,27,28
1,11,13,16,28,34|2,3,6,17,31,39|8,9,14,15,25,27
1,11,13,20,21,34|2,3,6,17,31,39|8,9,14,15,25,27
1,13,14,22,25,34|2,3,6,17,31,39|8,9,15,16,20,27
1,13,14,28,31,34|2,3,11,15,17,39|6,8,9,16,25,27
1,13,15,20,31,34|2,3,11,16,17,21|6,8,26,27,29,39
1,13,15,22,28,34|2,3,6,17,31,39|8,9,14,20,21,27
1,13,15,25,32,38|2,3,6,17,31,39|8,9,14,16,27,28
1,13,16,20,22,34|2,3,6,17,31,39|8,9,14,15,25,27
1,13,16,28,32,38|2,3,6,17,31,39|8,9,14,15,25,27
1,13,20,21,32,38|2,3,6,17,31,39|8,9,14,15,25,27
1,21,25,31,34,40|2,3,11,15,17,39|6,10,13,16,32,38
1,22,25,34,39,40|2,3,11,16,17,21|10,13,14,15,32,38
1,28,31,34,39,40|2,3,11,16,17,21|8,9,14,15,25,27
2,3,6,17,31,39|8,9,14,15,25,27|10,11,16,21,34,40
2,3,11,15,17,39|6,8,9,16,25,27|10,14,21,31,34,40
2,3,11,16,17,21|6,8,9,20,27,39|10,13,14,15,32,38
2,3,14,17,21,31|6,8,9,16,25,27|10,11,15,34,39,40
2,3,14,17,22,39|6,8,9,16,25,27|15,21,26,28,29,33
2,3,15,16,17,31|6,8,9,20,27,39|14,21,25,26,29,33
2,3,15,17,21,22|6,8,9,16,25,27|14,26,28,29,33,39
2,3,21,25,29,31|6,8,9,20,27,39|10,11,13,14,15,34
2,3,22,25,29,39|6,8,9,21,27,28|10,11,13,14,15,34
2,3,28,29,31,39|6,8,9,16,25,27|10,11,13,14,15,34
6,8,9,16,25,27|10,11,13,14,15,34|17,28,31,32,33,39
6,8,9,20,27,39|10,11,13,14,15,34|17,21,25,31,32,33
6,8,9,21,27,28|10,11,13,14,15,34|17,22,25,32,33,39
6,8,26,27,29,39|9,11,21,25,31,33|10,13,14,15,32,38
6,9,20,25,33,39|8,11,13,17,21,26|10,15,16,31,34,40
6,9,21,25,28,33|8,13,15,17,26,31|10,14,22,34,39,40
6,10,11,13,16,34|8,9,14,15,25,27|17,28,31,32,33,39
6,10,13,14,31,34|8,9,11,22,27,39|15,16,25,26,29,33
6,10,13,15,22,34|8,9,11,21,27,31|14,26,28,29,33,39
6,10,13,16,32,38|8,9,11,21,27,31|14,26,28,29,33,39
6,10,31,34,39,40|8,9,14,15,25,27|11,13,16,17,28,38
6,13,17,25,31,38|8,9,11,22,27,39|15,21,26,28,29,33
6,14,16,17,27,38|8,9,13,25,28,31|10,11,15,34,39,40
6,15,17,21,26,33|8,9,11,22,27,39|13,25,28,29,31,38
6,16,25,27,29,38|8,11,13,17,21,26|9,14,20,28,33,39
6,20,27,29,38,39|8,9,13,25,28,31|10,11,16,21,34,40
6,21,27,28,29,38|8,13,15,17,26,31|9,11,22,25,33,39
6,25,26,29,33,39|8,9,11,21,27,31|10,13,14,15,32,38
8,9,11,22,27,39|10,13,14,15,32,38|16,20,21,26,29,33
8,9,13,25,28,31|10,11,15,34,39,40|14,20,21,27,29,38
8,9,14,15,25,27|10,11,16,21,34,40|17,28,31,32,33,39
8,9,14,16,27,28|10,11,15,34,39,40|17,21,25,31,32,33
8,9,14,20,21,27|10,11,15,34,39,40|13,25,28,29,31,38
8,9,15,16,20,27|10,14,21,31,34,40|17,22,25,32,33,39
8,11,13,17,21,26|9,14,16,25,28,33|10,15,32,38,39,40
8,13,15,17,26,31|9,11,22,25,33,39|10,16,21,32,38,40
8,13,16,17,22,26|9,11,21,25,31,33|10,15,32,38,39,40
8,14,21,26,27,29|9,11,22,25,33,39|10,15,16,31,34,40
8,15,16,26,27,29|9,11,21,25,31,33|10,14,22,34,39,40
9,14,20,21,25,33|10,11,15,34,39,40|16,22,27,29,31,38
9,15,16,20,25,33|10,14,21,31,34,40|11,22,27,29,38,39
10,11,13,14,15,34|16,20,21,26,29,33|17,22,25,38,39,40
10,11,15,34,39,40|13,14,17,22,25,38|16,20,21,26,29,33
10,11,16,21,34,40|13,14,17,22,25,38|15,20,26,29,33,39
10,14,22,34,39,40|11,13,15,17,25,38|16,20,21,26,29,33
10,15,16,31,34,40|11,13,17,20,21,38|14,26,28,29,33,39
1,6,20,27,34,39|2,3,10,16,21,32|13,17,25,28,31,38
1,11,13,21,26,38|2,3,10,15,32,39|8,9,16,25,27,28
1,11,22,27,34,39|2,3,10,16,21,32|13,17,25,28,31,38
1,13,15,26,31,38|2,3,10,16,21,32|8,9,20,27,28,39
1,13,16,22,26,38|2,3,10,15,32,39|8,9,20,21,25,27
1,13,25,28,31,34|2,3,10,15,32,39|8,14,17,21,26,27
1,14,15,25,27,34|2,3,10,16,21,32|17,22,26,31,33,39
1,14,20,21,27,34|2,3,10,15,32,39|13,17,25,28,31,38
1,16,22,27,31,34|2,3,10,15,32,39|14,17,21,25,26,33
1,21,27,31,32,38|2,3,17,22,25,39|10,11,13,16,28,34
1,22,27,32,38,39|2,3,17,21,25,31|10,11,13,16,28,34
8,9,16,25,27,28|10,11,13,20,21,34|17,22,26,31,33,39
8,9,20,21,25,27|10,11,13,16,28,34|17,22,26,31,33,39
8,10,13,21,26,32|9,20,25,28,33,39|16,17,22,27,31,38
10,13,16,20,22,34|11,17,21,27,31,38|25,26,28,29,33,39
1,6,11,27,34,39|2,3,14,17,21,25|10,13,15,31,32,38
1,6,13,16,26,38|2,3,14,17,21,25|8,9,11,27,28,39
1,6,21,22,27,34|2,3,14,17,28,39|10,13,15,31,32,38
1,6,27,32,38,39|2,3,14,17,21,25|10,11,13,15,31,34
1,8,9,10,15,39|2,3,14,17,21,25|16,27,28,29,31,38
1,10,15,29,38,39|2,3,14,17,21,25|8,9,16,27,28,31
1,11,14,21,27,34|2,3,6,17,25,39|10,13,15,31,32,38
1,13,14,15,26,38|2,3,6,17,25,39|8,9,16,27,28,31
1,13,14,25,28,34|2,3,15,17,20,39|8,21,26,27,29,31
1,13,15,20,25,34|2,3,14,17,28,39|8,21,26,27,29,31
1,13,16,20,28,34|2,3,6,17,25,39|8,21,26,27,29,31
1,14,15,27,31,34|2,3,6,17,25,39|10,11,13,21,32,38
1,14,16,22,27,34|2,3,6,17,25,39|10,11,13,21,32,38
1,14,21,27,32,38|2,3,6,17,25,39|10,11,13,15,31,34
1,15,16,27,32,38|2,3,6,17,25,39|10,13,14,22,31,34
1,15,26,32,33,39|2,3,14,17,21,25|6,10,13,16,20,34
1,15,26,38,39,40|2,3,14,17,21,25|6,10,13,16,20,34
1,16,21,26,32,33|2,3,6,17,25,39|10,11,13,15,31,34
1,16,21,26,38,40|2,3,6,17,25,39|10,11,13,15,31,34
1,25,28,34,39,40|2,3,16,17,20,21|10,13,15,31,32,38
2,3,6,17,25,39|8,9,16,27,28,31|10,11,13,21,32,38
2,3,14,17,21,25|6,10,13,15,28,34|8,9,20,22,27,39
2,3,14,17,28,39|6,10,13,16,20,34|8,9,11,21,25,27
2,3,15,16,17,25|8,9,11,27,28,39|10,13,14,22,31,34
2,3,15,17,20,39|6,10,13,14,25,34|8,9,16,27,28,31
2,3,15,17,21,28|6,10,13,14,25,34|8,9,20,22,27,39
2,3,16,17,20,21|6,10,13,14,25,34|8,9,11,27,28,39
2,3,25,28,29,39|6,10,13,16,20,34|11,14,17,21,27,38
6,10,13,14,25,34|8,9,11,27,28,39|15,16,17,26,31,33
6,10,13,15,28,34|8,9,11,21,25,27|14,17,22,26,33,39
6,10,13,16,20,34|8,9,11,21,25,27|14,17,22,26,33,39
6,10,25,34,39,40|8,9,16,27,28,31|15,17,21,22,26,33
6,11,17,27,38,39|9,16,25,28,31,33|10,13,14,15,20,34
6,16,17,27,31,38|9,11,25,28,33,39|10,13,14,15,20,34
6,17,21,22,27,38|9,11,25,28,33,39|10,13,14,15,20,34
6,17,26,31,33,39|8,9,11,21,25,27|10,13,14,15,20,34
8,9,11,21,25,27|10,13,14,15,20,34|26,28,29,31,33,39
8,9,11,27,28,39|10,13,14,15,20,34|21,25,26,29,31,33
8,9,16,27,28,31|10,11,13,21,32,38|14,17,22,26,33,39
8,9,20,21,27,31|10,11,13,16,22,34|17,25,28,32,33,39
8,17,21,25,27,32|9,20,28,31,33,39|10,11,13,16,22,34
8,17,27,28,32,39|9,20,21,25,31,33|10,11,13,16,22,34
8,21,26,27,29,31|9,11,25,28,33,39|10,13,14,15,20,34
8,22,26,27,29,39|9,16,25,28,31,33|10,11,13,21,32,38
10,14,21,25,34,40|11,15,16,17,27,38|26,28,29,31,33,39
10,14,28,34,39,40|11,15,16,17,27,38|21,25,26,29,31,33
10,15,16,25,34,40|11,14,17,21,27,38|26,28,29,31,33,39
1,13,20,21,26,38|2,3,17,25,28,39|6,10,16,27,31,34
1,20,21,27,31,34|2,3,17,25,28,39|6,10,13,16,26,38
1,8,19,28,33,35|2,7,17,22,29,40|3,6,9,12,18,30
1,9,18,23,28,29|3,6,7,20,35,40|11,17,19,22,33,34
1,6,7,12,16,30|2,3,8,14,15,33|11,13,23,28,38,40
1,7,12,14,15,30|2,3,6,8,16,33|11,13,23,28,38,40
1,2,7,8,12,21|3,14,25,28,30,33|15,20,23,27,38,40
1,7,12,15,25,30|2,3,6,14,23,27|8,13,20,28,33,38
2,3,8,15,25,33|6,7,10,12,16,30|14,23,27,28,38,40
2,3,8,16,28,33|6,23,25,27,38,40|7,10,12,14,15,30
2,3,8,20,21,33|6,7,10,12,16,30|14,18,23,25,28,38
2,3,11,13,23,28|6,7,10,12,16,30|8,14,22,27,33,38
2,3,13,20,22,23|6,7,10,12,16,30|8,11,15,27,33,38
1,2,14,19,32,33|3,6,8,9,18,22|7,12,17,29,31,40
1,2,19,31,32,33|3,6,8,9,18,28|7,12,17,25,29,40
1,7,9,12,14,40|2,6,17,18,22,33|3,8,19,26,29,31
1,2,14,18,26,33|3,6,10,19,28,34|7,12,17,20,27,29
1,2,19,26,31,33|3,6,10,18,22,34|7,12,17,20,27,29
1,3,14,19,26,38|2,8,17,18,20,27|7,9,10,12,31,40
2,17,20,27,33,40|3,6,10,18,22,34|7,12,19,25,26,32
1,7,9,11,12,27|2,10,14,19,26,33|3,17,18,20,25,38
1,7,9,12,31,40|2,6,17,18,28,33|3,8,19,25,26,29
1,10,14,17,19,30|2,8,18,20,27,29|3,9,11,25,33,40
1,10,18,29,30,31|2,8,11,17,19,27|3,9,22,28,33,40
1,10,19,25,29,30|2,6,17,18,28,33|3,8,9,11,27,40
2,6,17,18,28,33|3,8,9,11,27,40|7,12,14,19,26,32
2,20,27,29,33,40|3,6,17,18,22,38|7,12,14,19,26,32
1,2,18,25,32,33|3,6,10,19,22,34|7,11,12,17,27,29
1,2,18,25,38,40|3,6,10,19,22,34|7,11,12,17,27,29
1,3,6,18,28,34|2,8,17,19,20,27|7,9,10,12,14,40
1,3,11,18,31,34|2,8,17,19,20,27|7,9,10,12,14,40
1,3,14,18,20,34|2,10,19,31,32,33|7,11,12,17,27,29
1,3,17,25,29,33|2,10,14,18,38,40|7,12,19,26,31,32
1,3,18,31,32,38|2,8,17,19,20,27|7,9,10,12,14,40
1,3,19,20,31,34|2,8,11,17,18,27|7,9,10,12,14,40
1,3,19,22,28,34|2,8,11,17,18,27|7,9,10,12,14,40
1,3,19,25,32,38|2,8,11,17,18,27|7,9,10,12,14,40
1,7,9,12,25,40|2,8,11,17,18,27|3,6,10,19,22,34
1,7,12,27,29,32|2,10,14,18,38,40|3,8,17,19,26,31
1,10,14,17,18,30|3,8,9,20,27,40|7,12,19,26,31,32
1,10,27,29,30,40|2,11,17,18,25,33|7,12,19,26,31,32
2,10,19,31,38,40|3,8,9,18,20,25|7,11,12,17,27,29
2,11,17,27,33,40|3,6,10,19,22,34|7,12,14,18,26,32
2,17,18,22,28,33|3,8,9,20,27,40|7,12,19,26,31,32
3,8,9,18,20,25|7,11,12,17,27,29|10,19,26,30,31,40
2,3,13,20,23,28|6,8,25,27,33,38|7,10,11,12,21,30
1,2,11,13,16,30|6,8,9,21,25,33|23,26,29,31,39,40
1,2,13,14,30,31|6,8,9,21,25,33|11,23,27,29,32,39
1,2,13,15,22,30|6,8,9,21,25,33|11,23,27,29,32,39
1,2,30,31,39,40|6,8,9,21,25,33|11,13,16,23,26,29
1,3,14,30,32,39|6,8,9,21,25,33|11,13,16,23,26,29
1,3,15,21,30,32|6,8,9,28,33,39|11,13,16,23,26,29
1,6,14,21,33,34|2,3,8,29,31,39|9,11,13,15,23,28
1,6,15,16,33,34|2,3,8,29,31,39|9,11,13,14,23,25
1,8,11,13,16,34|3,6,17,21,30,31|9,22,23,28,39,40
1,8,13,14,31,34|3,6,17,22,30,39|15,16,28,29,33,38
1,8,13,15,22,34|3,6,17,21,30,31|9,11,23,25,39,40
1,8,13,16,32,38|3,6,17,21,30,31|9,11,23,25,39,40
1,8,31,34,39,40|3,11,15,17,21,30|6,9,13,22,23,25
3,6,17,21,30,31|8,9,14,16,25,33|11,23,27,29,32,39
3,11,14,17,30,39|6,8,9,21,25,33|13,15,22,23,26,29
3,11,15,17,21,30|6,8,9,28,33,39|13,14,23,26,29,31
3,14,16,17,30,31|6,8,9,21,25,33|11,23,27,29,32,39
3,14,17,21,22,30|6,8,9,28,33,39|11,13,16,23,26,29
3,15,16,17,22,30|6,8,9,21,25,33|11,23,27,29,32,39
3,20,29,30,31,39|6,8,9,21,25,33|13,15,17,23,28,32
3,21,22,25,29,30|6,8,9,28,33,39|13,16,17,20,23,32
3,22,28,29,30,39|6,8,9,21,25,33|13,16,17,20,23,32
1,2,14,30,39,40|6,8,9,21,31,33|11,13,16,17,23,32
1,2,15,21,30,40|6,8,9,22,33,39|11,13,16,17,23,32
1,6,8,13,15,34|3,11,29,30,31,39|9,14,16,23,25,40
1,8,14,34,39,40|3,6,15,16,17,30|13,23,25,29,31,32
1,8,15,21,34,40|3,6,28,29,30,39|9,11,13,14,23,31
3,6,14,17,21,30|8,9,15,16,22,33|13,23,25,29,31,32
3,6,15,16,17,30|8,9,11,14,33,39|13,23,25,29,31,32
3,6,21,25,29,30|8,9,11,14,33,39|13,15,17,22,23,32
3,6,28,29,30,39|8,9,11,15,21,33|13,14,17,23,31,32
3,11,29,30,31,39|6,8,13,15,17,38|9,14,16,23,25,40
3,14,16,25,29,30|6,8,9,21,31,33|13,15,17,22,23,32
3,14,20,29,30,39|6,8,9,21,31,33|11,13,16,17,23,32
3,14,21,28,29,30|6,8,9,22,33,39|11,13,16,17,23,32
3,15,20,21,29,30|6,8,9,22,33,39|11,13,16,17,23,32
3,21,22,29,30,31|6,8,13,15,17,38|9,14,16,23,25,40
1,2,6,21,27,30|8,9,20,25,33,39|11,13,16,17,23,26
1,2,14,16,27,30|6,17,21,25,33,38|8,10,13,15,22,34
1,6,8,21,27,34|2,7,12,31,32,39|9,13,22,23,25,28
1,6,21,25,33,34|2,3,8,17,31,39|9,14,15,23,27,28
