6,15,16,20,33,34|8,13,14,25,32,38|17,21,23,28,29,31
6,21,31,32,33,38|8,11,13,14,25,34|17,22,23,28,29,39
6,22,32,33,38,39|8,11,13,14,25,34|17,21,23,28,29,31
8,13,14,25,32,38|11,15,16,22,33,34|17,20,23,29,31,39
8,13,15,28,32,38|11,14,16,31,33,34|17,21,22,23,25,29
1,2,10,14,30,39|6,21,23,26,27,32|15,25,28,31,33,34
1,2,10,15,21,30|6,22,26,33,38,39|8,11,16,25,27,34
1,8,10,15,21,34|2,3,6,28,38,39|13,23,25,26,31,32
1,14,17,23,26,39|2,3,6,21,25,38|8,15,27,28,31,34
1,15,17,21,23,26|2,3,6,28,38,39|8,11,16,25,27,34
1,23,25,26,29,39|2,3,14,21,28,38|8,16,20,27,31,34
2,3,6,21,25,38|8,11,20,27,34,39|9,10,15,16,23,28
2,3,6,28,38,39|8,11,16,25,27,34|9,10,15,20,21,23
2,3,8,15,21,26|6,9,10,23,28,39|16,20,25,31,33,34
2,3,11,31,38,39|6,9,10,21,23,25|8,16,22,27,28,34
2,3,14,16,25,38|6,9,10,23,28,39|8,20,21,22,27,34
2,3,14,20,38,39|6,9,10,21,23,25|8,15,27,28,31,34
2,3,14,21,28,38|8,11,16,25,27,34|10,17,23,31,32,39
2,3,15,16,28,38|6,9,10,21,23,25|8,11,20,27,34,39
2,3,15,20,21,38|6,9,10,23,28,39|8,11,16,25,27,34
2,3,21,22,31,38|6,9,10,23,28,39|8,11,16,25,27,34
2,11,16,25,27,30|6,9,10,23,28,39|14,21,22,26,33,38
2,11,20,27,30,39|6,9,10,21,23,25|8,13,15,26,28,38
2,11,21,27,28,30|6,22,26,33,38,39|9,10,14,16,23,25
2,14,25,27,30,31|6,9,10,23,28,39|8,13,16,20,26,38
2,15,22,25,27,30|6,9,10,23,28,39|8,13,16,20,26,38
2,15,27,28,30,31|6,9,10,21,23,25|8,13,16,20,26,38
2,16,20,27,30,31|6,9,10,21,23,25|8,13,15,26,28,38
2,16,22,27,28,30|6,9,10,21,23,25|11,14,26,33,38,39
2,20,21,22,27,30|6,9,10,23,28,39|8,13,14,25,26,38
3,6,26,28,30,39|8,10,15,17,21,38|16,20,25,31,33,34
3,11,26,30,31,39|6,9,10,21,23,25|8,16,22,27,28,34
3,14,16,25,26,30|6,9,10,23,28,39|8,20,21,22,27,34
3,14,20,26,30,39|6,9,10,21,23,25|8,15,27,28,31,34
3,15,16,26,28,30|6,9,10,21,23,25|8,11,20,27,34,39
3,15,20,21,26,30|6,9,10,23,28,39|8,11,16,25,27,34
3,21,22,26,30,31|6,9,10,23,28,39|8,11,16,25,27,34
6,9,10,21,23,25|8,11,20,27,34,39|14,16,26,31,33,38
6,9,10,23,28,39|8,11,16,25,27,34|14,21,22,26,33,38
6,21,23,26,27,32|8,10,14,17,38,39|15,25,28,31,33,34
6,21,26,31,33,38|8,11,16,25,27,34|9,10,14,20,23,39
6,22,26,33,38,39|8,11,16,25,27,34|9,10,14,21,23,28
8,10,15,17,21,38|11,20,25,33,34,39|14,16,23,26,27,32
8,10,25,29,38,39|14,16,23,26,27,32|20,21,28,31,33,34
8,13,15,26,28,38|9,10,11,23,31,39|20,21,22,25,33,34
1,2,17,23,31,39|3,8,21,22,25,34|6,16,27,28,30,38
2,10,23,29,31,39|3,8,21,22,25,34|6,16,27,28,30,38
2,11,13,16,23,26|3,8,20,31,34,39|6,15,25,27,30,38
2,11,23,27,32,39|3,8,16,25,31,34|14,21,26,28,30,33
2,13,14,23,26,31|3,8,11,25,34,39|6,16,27,28,30,38
2,13,15,22,23,26|3,8,11,25,34,39|6,16,27,28,30,38
2,16,23,27,31,32|3,8,11,25,34,39|14,21,26,28,30,33
2,21,22,23,27,32|3,8,11,25,34,39|15,16,26,28,30,33
2,23,26,31,39,40|3,8,21,22,25,34|6,16,27,28,30,38
1,2,14,17,23,39|3,6,8,21,25,34|13,15,20,28,30,38
1,2,15,17,21,23|3,6,8,28,34,39|11,13,25,30,31,38
1,2,23,25,29,39|3,8,14,21,28,34|6,15,27,30,31,38
2,6,13,15,23,26|3,8,11,31,34,39|21,25,28,30,32,33
2,6,21,23,27,32|3,8,11,31,34,39|13,14,20,25,30,38
2,10,14,23,29,39|3,6,8,21,25,34|13,15,20,28,30,38
2,10,15,21,23,29|3,6,8,28,34,39|11,13,25,30,31,38
2,13,23,25,31,32|3,6,8,28,34,39|11,14,16,27,30,38
2,14,16,23,27,32|3,6,8,21,25,34|13,15,20,28,30,38
2,14,23,26,39,40|3,6,8,21,25,34|13,15,20,28,30,38
2,15,21,23,26,40|3,6,8,28,34,39|11,13,25,30,31,38
1,2,23,29,31,39|3,8,11,15,21,34|6,13,22,25,30,38
2,13,14,23,25,32|3,6,8,21,31,34|22,28,30,38,39,40
2,13,15,23,28,32|3,6,8,21,31,34|11,25,30,38,39,40
2,13,16,20,23,32|3,6,8,21,31,34|11,25,30,38,39,40
2,23,25,32,39,40|3,6,8,21,31,34|11,13,15,28,30,38
1,2,14,23,29,39|3,6,8,15,16,34|21,22,30,31,32,33
2,13,15,22,23,32|3,6,8,14,21,34|11,30,31,38,39,40
2,23,31,32,39,40|3,6,8,14,21,34|11,13,15,22,30,38
1,2,3,6,11,13|8,10,15,18,31,32|14,17,25,28,33,40
1,2,3,11,21,40|6,10,14,19,31,38|8,15,17,18,20,25
1,2,3,15,31,40|6,10,11,13,32,33|8,14,17,18,25,28
1,2,3,16,22,40|6,10,11,13,32,33|8,14,17,18,25,28
1,6,8,16,18,26|10,11,14,15,19,38|17,22,25,31,33,40
1,6,14,18,25,38|8,10,13,28,32,40|11,15,20,27,29,33
1,6,15,18,28,38|8,10,19,20,21,32|11,22,27,29,31,33
1,6,16,18,20,38|8,10,13,28,32,40|11,22,27,29,31,33
1,6,19,25,31,38|8,10,11,18,21,32|14,20,22,27,29,33
1,11,13,28,38,40|6,20,27,29,31,33|8,10,15,19,25,32
1,11,15,19,25,38|6,20,27,29,31,33|8,10,13,28,32,40
1,13,20,22,32,33|6,8,17,25,27,40|10,11,14,15,19,38
1,13,20,22,38,40|6,11,14,17,27,33|8,10,15,18,31,32
1,14,15,26,33,40|6,10,11,16,19,38|8,17,18,22,25,31
1,14,19,22,25,38|6,10,11,13,32,33|8,15,17,20,27,40
1,2,3,14,15,40|6,8,10,16,18,32|11,13,20,28,29,33
1,6,14,18,31,38|8,10,11,19,21,32|15,17,22,28,33,40
1,6,15,18,22,38|8,10,11,19,21,32|14,17,28,31,33,40
1,11,15,19,31,38|6,8,10,16,18,32|14,17,22,25,33,40
1,11,16,19,22,38|6,8,17,18,25,31|10,14,15,32,33,40
1,14,15,19,20,38|6,8,10,16,18,32|25,28,29,31,33,40
1,14,19,22,31,38|6,8,10,16,18,32|11,13,20,28,29,33
1,2,3,6,13,20|8,10,14,15,19,26|11,22,25,27,29,33
1,2,3,11,13,22|6,8,10,16,19,26|14,20,27,28,29,33
1,2,3,15,25,40|6,8,10,16,19,26|11,13,17,20,28,33
1,2,3,20,21,40|6,8,10,16,19,26|11,14,17,22,27,33
1,6,11,13,26,33|2,3,10,14,15,40|8,17,18,25,28,31
1,6,18,25,31,38|2,3,10,14,15,40|11,13,17,20,28,33
1,6,27,31,38,40|8,10,14,15,19,26|11,13,17,20,28,33
1,8,11,18,21,26|2,3,6,10,16,40|14,20,27,28,29,33
1,8,13,26,28,40|6,10,11,16,18,38|20,22,27,29,31,33
1,8,15,18,26,31|2,3,6,10,16,40|11,13,17,20,28,33
1,8,15,19,25,26|2,3,6,10,16,40|11,13,17,20,28,33
1,8,16,18,22,26|2,3,10,14,15,40|6,11,17,27,31,33
1,8,16,19,26,28|2,3,10,14,15,40|6,11,17,27,31,33
1,8,19,20,21,26|2,3,6,10,16,40|11,14,17,22,27,33
1,11,15,18,25,38|2,3,6,10,16,40|14,20,27,28,29,33
1,11,15,27,32,33|2,3,6,10,16,40|8,17,18,25,28,31
1,11,16,18,28,38|2,3,10,14,15,40|6,20,25,27,29,33
1,13,20,28,38,40|6,8,10,16,19,26|11,14,17,22,27,33
1,14,18,22,25,38|2,3,6,10,16,40|11,13,17,20,28,33
1,14,18,28,31,38|2,3,6,10,16,40|11,22,25,27,29,33
1,14,19,25,28,38|2,3,6,10,16,40|20,22,27,29,31,33
1,14,22,27,32,33|2,3,6,10,16,40|8,17,18,25,28,31
1,14,22,27,38,40|6,8,10,16,19,26|11,13,17,20,28,33
1,15,18,20,31,38|2,3,6,10,16,40|11,14,17,22,27,33
1,15,19,20,25,38|2,3,6,10,16,40|11,14,17,22,27,33
1,16,18,20,22,38|2,3,10,14,15,40|6,11,17,27,31,33
1,16,19,20,28,38|2,3,10,14,15,40|6,11,17,27,31,33
1,19,22,25,31,38|2,3,6,10,16,40|11,13,17,20,28,33
1,2,3,11,13,28|6,8,10,16,18,26|14,17,20,22,27,33
1,2,3,13,20,22|6,8,10,16,18,26|11,14,17,27,28,33
1,8,15,18,25,26|2,3,6,10,11,13|14,17,20,22,27,33
1,8,16,18,26,28|2,3,6,10,11,13|14,17,20,22,27,33
1,19,25,28,31,38|2,3,6,10,11,13|14,17,20,22,27,33
1,2,8,15,18,25|3,6,16,17,20,33|7,11,12,13,28,32
1,2,8,15,27,40|3,6,14,17,25,33|7,11,12,13,28,32|10,16,19,20,22,30
1,2,8,16,18,28|3,6,14,17,25,33|7,12,13,20,22,32
1,2,8,18,20,21|3,6,14,17,25,33|7,11,12,13,28,32
1,2,11,13,22,33|3,6,8,14,17,27|10,15,19,20,30,31
1,3,11,21,32,33|2,6,8,10,16,18|7,12,14,15,26,40
1,3,11,21,38,40|2,6,8,10,16,18|7,12,13,20,22,32
1,3,15,31,38,40|2,6,8,10,16,18|7,11,12,13,28,32
1,3,16,22,32,33|2,8,10,11,19,21|7,12,14,15,26,40
1,3,16,22,38,40|2,8,10,11,19,21|6,7,12,14,27,32
1,6,7,12,16,17|2,8,10,11,19,21|3,14,25,28,29,33
1,6,25,27,30,40|2,8,10,11,19,21|3,14,15,17,20,33
1,7,12,14,15,17|2,6,8,10,16,18|3,22,25,29,31,33
1,7,12,15,25,29|2,6,8,10,16,18|3,14,17,22,31,33
1,7,12,16,28,29|2,8,10,11,19,21|3,6,14,17,25,33
1,7,12,20,21,29|2,6,8,10,16,18|3,11,15,17,31,33
1,14,18,25,28,30|2,6,10,16,33,40|3,8,13,17,20,22
1,14,27,28,30,40|2,6,8,10,16,18|3,11,15,17,31,33|7,12,13,20,22,32
1,15,18,20,25,30|2,6,10,16,33,40|3,8,11,13,17,28
1,15,20,27,30,40|2,6,8,10,16,18|3,14,17,22,31,33|7,11,12,13,28,32
1,16,18,20,28,30|2,8,10,11,19,21|3,6,14,17,25,33
1,18,22,25,30,31|2,6,10,16,33,40|3,8,11,13,17,28
1,19,25,28,30,31|2,6,8,10,16,18|3,14,15,17,20,33
1,22,27,30,31,40|2,6,8,10,16,18|3,14,15,17,20,33|7,11,12,13,28,32
2,6,8,10,16,18|3,11,15,17,31,33|7,12,13,20,22,32
2,8,10,11,19,21|3,6,14,17,25,33|7,12,13,20,22,32
2,8,10,14,15,18|3,6,16,17,20,33|7,11,12,13,28,32
2,8,10,15,19,31|3,6,14,17,25,33|7,11,12,13,28,32
2,8,10,16,19,22|3,6,14,17,25,33|7,11,12,13,28,32
2,10,14,15,33,40|3,6,8,25,27,29|7,11,12,13,28,32
3,6,8,14,17,27|7,11,12,13,28,32|10,15,19,20,30,31
3,6,8,25,27,29|7,11,12,13,28,32|10,14,15,18,20,30
3,6,14,17,25,33|7,11,12,13,28,32|10,15,19,20,30,31
3,8,14,27,28,29|6,7,12,16,26,40|10,11,15,18,30,31
3,8,15,20,27,29|6,7,12,16,26,40|10,14,18,22,30,31
3,8,22,27,29,31|6,7,12,16,26,40|10,11,15,19,25,30
3,11,16,17,22,33|6,7,12,14,27,32|10,15,19,20,30,31
3,14,25,28,29,33|6,7,12,16,26,40|10,11,15,18,30,31
3,15,20,25,29,33|6,7,12,14,27,32|10,11,13,28,30,40
3,16,20,28,29,33|6,7,12,14,27,32|10,11,15,18,30,31
3,22,25,29,31,33|6,7,12,14,27,32|10,11,13,28,30,40
1,2,6,11,13,33|3,8,14,22,27,29|7,12,15,25,32,40
1,2,8,11,18,21|3,6,14,17,31,33|7,12,15,25,32,40
1,2,8,13,28,40|3,6,11,16,17,33|10,14,15,19,20,30
1,2,8,15,18,31|3,6,11,16,17,33|7,12,20,21,32,40
1,2,8,15,19,25|3,6,11,16,17,33|7,12,20,21,32,40
1,2,8,16,18,22|3,6,14,17,31,33|7,12,15,25,32,40
1,2,8,16,19,28|3,6,14,17,31,33|7,11,12,13,22,32
1,2,8,19,20,21|3,6,11,16,17,33|7,12,15,25,32,40
1,2,11,21,33,40|3,6,8,13,17,20|10,14,19,22,30,31
1,2,15,31,33,40|3,6,8,13,17,20|10,11,16,19,22,30
1,2,16,22,33,40|3,6,8,13,17,20|10,11,14,15,18,30
1,3,6,16,38,40|2,8,10,14,15,19|7,11,12,13,22,32
1,3,14,15,38,40|2,6,8,10,16,19|7,11,12,13,22,32
1,6,18,25,30,31|2,8,10,14,15,19|3,11,16,28,29,33|7,12,20,21,32,40
1,6,27,30,31,40|2,8,10,14,15,19|3,11,16,28,29,33
1,7,12,16,22,29|2,6,8,10,13,40|3,11,14,15,17,33
1,11,15,18,25,30|2,6,8,10,13,40|3,14,28,29,31,33
1,11,15,27,30,40|2,6,8,10,16,19|3,14,22,25,29,33
1,11,16,18,28,30|2,6,8,10,13,40|3,14,22,25,29,33
1,11,18,20,21,30|2,6,8,10,13,40|3,14,22,25,29,33
1,13,20,28,30,40|2,6,8,10,16,19|3,11,14,15,17,33
1,14,18,22,25,30|2,6,8,10,13,40|3,11,16,28,29,33
1,14,18,28,30,31|2,6,8,10,13,40|3,11,15,25,29,33
1,14,19,25,28,30|2,6,8,10,13,40|3,11,20,21,29,33
1,14,22,27,30,40|2,6,8,10,16,19|3,11,15,25,29,33
1,15,18,20,30,31|2,6,8,10,13,40|3,11,16,28,29,33
1,15,18,22,28,30|2,6,8,10,13,40|3,11,20,21,29,33
1,15,19,20,25,30|2,6,8,10,13,40|3,11,16,28,29,33
1,16,18,20,22,30|2,6,8,10,13,40|3,11,14,15,17,33
1,16,19,20,28,30|2,6,8,10,13,40|3,11,14,15,17,33
1,19,22,25,30,31|2,6,8,10,13,40|3,11,14,15,17,33
2,6,8,10,16,19|3,11,14,15,17,33|7,12,20,21,32,40
2,8,10,14,15,19|3,6,11,16,17,33|7,12,20,21,32,40
3,6,8,13,17,20|7,12,15,25,32,40|10,11,16,19,22,30
3,6,8,27,29,31|7,11,12,13,22,32|10,14,15,19,20,30
3,6,11,16,17,33|7,12,15,25,32,40|10,14,19,22,30,31
3,6,25,29,31,33|7,11,12,13,22,32|10,14,15,19,20,30
3,8,11,13,17,22|6,10,14,18,30,31|7,12,15,25,32,40
3,8,11,15,27,29|6,7,12,13,20,32|10,14,19,22,30,31
3,8,13,20,28,29|6,10,11,16,18,30|7,12,15,25,32,40
3,8,14,22,27,29|6,7,12,13,20,32|10,11,15,19,30,31
3,8,15,17,25,40|6,7,12,13,20,32|10,11,16,19,22,30
3,8,16,17,28,40|6,7,12,13,20,32|10,11,14,15,18,30
3,11,15,25,29,33|6,7,12,13,20,32|10,14,19,22,30,31
3,11,16,28,29,33|6,7,12,13,20,32|10,14,19,22,30,31
3,11,20,21,29,33|6,10,14,18,30,31|7,12,15,25,32,40
3,14,22,25,29,33|6,7,12,13,20,32|10,11,15,19,30,31
3,14,28,29,31,33|6,7,12,13,20,32|10,11,16,19,22,30
3,16,20,22,29,33|6,10,14,18,30,31|7,12,15,25,32,40
1,2,8,11,19,21|3,6,14,25,29,33|7,12,15,31,32,40
1,2,8,14,15,18|3,6,16,20,29,33|7,11,12,21,32,40
1,2,8,15,19,31|3,6,14,25,29,33|7,11,12,21,32,40
1,2,8,16,19,22|3,6,14,25,29,33|7,11,12,21,32,40
1,6,14,18,25,30|3,8,11,13,28,29|7,12,15,31,32,40
1,6,16,18,20,30|3,8,11,13,28,29|7,12,15,31,32,40
1,6,19,25,30,31|3,8,11,13,28,29|7,12,16,22,32,40
1,11,15,18,30,31|3,6,8,14,27,29|7,12,16,22,32,40
1,11,15,19,25,30|3,6,8,14,27,29|7,12,16,22,32,40
1,11,16,18,22,30|3,6,8,14,27,29|7,12,15,31,32,40
1,11,16,19,28,30|3,6,8,14,27,29|7,12,15,31,32,40
1,11,19,20,21,30|3,6,8,14,27,29|7,12,15,31,32,40
1,14,15,18,20,30|3,6,8,11,13,17|7,12,16,22,32,40
1,14,19,22,25,30|3,6,8,11,13,17|7,12,15,31,32,40
1,14,19,28,30,31|3,6,8,11,13,17|7,12,16,22,32,40
1,15,19,20,30,31|3,6,8,11,13,17|7,12,16,22,32,40
1,16,19,20,22,30|3,6,8,11,13,17|7,12,15,31,32,40
3,8,11,13,28,29|6,10,14,19,30,31|7,12,16,22,32,40
3,8,13,20,22,29|6,10,11,16,19,30|7,12,15,31,32,40
1,6,16,19,20,30|3,8,11,13,22,29|7,12,14,15,32,40
1,11,16,19,22,30|3,6,8,13,20,29|7,12,14,15,32,40
1,2,6,27,31,33|3,8,10,13,28,32|7,12,15,25,26,40
1,2,11,15,27,33|3,8,10,13,28,32|7,12,20,21,26,40
1,2,14,22,27,33|3,6,10,11,13,38|7,12,15,25,26,40
1,3,6,14,27,38|2,8,10,15,18,25|7,11,12,13,22,26
1,3,6,16,26,33|2,8,10,15,18,25|7,12,14,27,28,32
1,3,8,13,22,26|2,10,15,25,33,40|7,12,14,27,28,32
1,3,11,13,28,38|2,8,10,15,18,25|7,12,20,21,26,40
1,3,13,20,22,38|2,8,10,15,18,25|7,12,14,27,28,32
1,3,14,15,26,33|2,8,10,16,18,28|6,7,12,25,27,32
2,6,10,13,20,33|3,8,14,17,27,28|7,12,15,25,26,40
2,8,10,15,18,25|3,16,17,20,28,33|7,11,12,13,22,26
2,8,10,15,27,40|3,14,17,25,28,33|6,7,12,13,20,26
2,8,10,16,18,28|3,15,17,20,25,33|7,11,12,13,22,26
2,8,10,18,20,21|3,14,17,25,28,33|7,11,12,13,22,26
2,10,11,13,22,33|3,6,8,17,25,27|7,12,16,26,28,40
2,10,15,25,33,40|3,8,14,17,27,28|6,7,12,13,20,26
2,10,16,28,33,40|3,6,8,17,25,27|7,11,12,13,22,26
2,10,20,21,33,40|3,6,8,17,25,27|7,11,12,13,22,26
3,8,14,17,27,28|6,7,12,13,20,26|10,18,22,25,30,31
3,8,17,22,27,31|6,7,12,13,20,26|10,14,18,25,28,30
3,14,17,25,28,33|6,7,12,13,20,26|10,22,27,30,31,40
3,17,22,25,31,33|6,7,12,13,20,26|10,14,27,28,30,40
1,2,6,14,27,33|3,8,10,13,22,32|7,11,12,21,26,40
1,2,11,13,28,33|3,6,8,17,27,31|7,10,12,16,22,29
1,2,13,20,22,33|3,6,8,17,27,31|7,10,11,12,21,29
1,3,6,8,13,26|2,10,11,21,33,40|7,12,14,22,27,32
1,3,6,13,20,38|2,8,10,11,18,21|7,12,14,22,27,32
1,3,8,15,27,32|2,6,10,11,13,33|7,12,16,22,26,40
1,3,8,21,26,40|2,6,10,11,13,33|7,12,14,22,27,32
1,3,15,25,32,33|2,8,10,11,18,21|7,12,16,22,26,40
1,3,15,25,38,40|2,6,10,11,13,33|7,12,14,22,27,32
1,3,16,28,32,33|2,8,10,11,18,21|7,12,15,26,31,40
1,3,16,28,38,40|2,6,10,11,13,33|7,12,14,22,27,32
1,3,20,21,38,40|2,6,10,11,13,33|7,12,14,22,27,32
1,7,12,15,17,31|2,6,10,11,13,33|3,8,22,25,27,29
1,7,12,16,17,22|2,6,10,11,13,33|3,8,27,28,29,31
1,18,25,28,30,31|2,6,10,11,13,33|3,8,14,17,22,27
2,6,10,11,13,33|3,8,14,17,22,27|7,12,15,26,31,40
2,8,10,11,18,21|3,6,17,25,31,33|7,12,13,20,28,32
2,8,10,13,28,40|3,6,17,25,31,33|7,11,12,15,27,32
2,8,10,15,18,31|3,11,16,17,28,33|7,12,14,22,27,32
2,8,10,15,19,25|3,11,16,17,28,33|6,7,12,27,31,32
2,8,10,16,18,22|3,6,17,25,31,33|7,11,12,15,27,32
2,8,10,16,19,28|3,6,17,25,31,33|7,11,12,15,27,32
2,8,10,19,20,21|3,6,17,25,31,33|7,11,12,15,27,32
2,10,11,21,33,40|3,6,8,17,27,31|7,12,13,20,28,32
2,10,15,31,33,40|3,8,13,17,20,28|7,12,14,22,27,32
2,10,16,22,33,40|3,6,8,17,27,31|7,12,13,20,28,32
3,8,11,15,17,27|6,10,18,25,30,31|7,12,13,20,28,32
3,8,13,17,20,28|6,7,12,27,31,32|10,11,15,18,25,30
3,8,14,17,22,27|6,7,11,12,13,26|10,15,18,20,30,31
3,8,22,25,27,29|6,7,11,12,13,26|10,14,18,28,30,31
3,8,27,28,29,31|6,7,11,12,13,26|10,14,18,22,25,30
3,11,15,17,25,33|6,7,12,27,31,32|10,13,20,28,30,40
3,11,16,17,28,33|6,7,12,27,31,32|10,14,18,22,25,30
3,11,17,20,21,33|6,7,12,27,31,32|10,14,18,22,25,30
3,14,17,22,25,33|6,7,11,12,13,26|10,15,18,20,30,31
3,14,17,28,31,33|6,7,11,12,13,26|10,15,19,20,25,30
3,15,17,20,31,33|6,7,11,12,13,26|10,14,18,22,25,30
3,16,17,20,22,33|6,7,11,12,13,26|10,14,18,28,30,31
3,25,28,29,31,33|6,7,11,12,13,26|10,14,22,27,30,40
1,3,6,11,13,30|2,7,12,14,15,40|16,17,19,20,22,23
1,3,11,21,30,40|6,8,13,17,20,33|10,14,15,19,23,32
1,3,15,30,31,40|6,8,13,17,20,33|14,18,23,25,28,29
1,3,16,22,30,40|6,8,13,17,20,33|10,14,15,19,23,32
1,6,8,16,18,38|2,7,12,14,15,40|11,17,19,20,21,23
1,8,11,19,21,38|2,6,7,12,16,40|14,15,17,18,20,23
1,8,13,22,32,33|2,6,7,12,16,40|11,15,17,18,23,31
1,8,14,15,18,38|2,6,7,12,16,40|11,17,19,20,21,23
1,8,15,19,31,38|2,6,7,12,16,40|14,18,23,25,28,29
1,11,18,21,23,32|2,6,7,12,16,40|8,13,20,28,29,33
1,15,18,23,31,32|2,6,7,12,16,40|8,11,13,17,22,33
1,15,19,23,25,32|2,6,7,12,16,40|8,11,13,17,22,33
1,16,18,22,23,32|2,7,12,14,15,40|6,8,13,17,20,33
1,16,19,23,28,32|2,7,12,14,15,40|6,8,13,17,20,33
1,19,20,21,23,32|2,6,7,12,16,40|8,11,13,17,22,33
2,6,7,12,16,40|8,11,13,17,22,33|10,14,15,19,23,32
2,7,12,14,15,40|6,8,13,17,20,33|18,22,23,25,29,31
1,3,6,16,30,40|8,11,13,28,29,33|14,15,17,19,20,23
1,3,14,15,30,40|6,8,11,13,17,33|16,18,20,22,23,29
1,2,3,6,16,33|8,10,11,19,21,38|14,17,18,23,25,28
1,2,3,8,13,22|6,10,16,33,38,40|14,17,18,23,25,28
1,2,3,14,15,33|6,8,10,16,18,38|17,19,23,25,28,31
1,3,6,14,27,30|2,7,11,12,13,22|8,10,15,19,31,38|16,17,18,20,23,28
1,3,11,13,28,30|2,7,12,15,25,40|6,8,10,16,18,38
1,3,13,20,22,30|2,7,12,15,25,40|6,8,10,16,18,38
1,6,8,13,26,33|2,7,12,15,25,40|10,11,18,21,23,32
1,6,13,20,33,38|2,7,12,15,25,40|10,11,18,21,23,32
1,6,16,18,23,26|2,7,11,12,13,22|3,10,15,30,31,40
1,8,10,21,29,33|2,6,7,12,13,20|14,17,18,23,25,28
1,8,15,18,25,38|2,6,7,12,13,20|3,10,11,21,30,40
1,8,15,27,32,33|2,6,7,12,13,20|3,10,11,21,30,40|14,17,18,23,25,28
1,8,15,27,38,40|2,6,7,12,13,20|10,11,18,21,23,32
1,8,16,18,28,38|2,6,7,12,13,20|3,10,11,21,30,40
1,8,18,20,21,38|2,7,11,12,13,22|3,10,15,30,31,40
1,8,21,26,33,40|2,6,7,12,13,20|10,15,18,23,31,32
1,10,13,22,23,29|2,7,12,15,25,40|6,8,17,27,31,33
1,11,13,22,33,38|2,7,12,15,25,40|10,16,19,23,28,32
1,11,19,21,23,26|2,6,7,12,13,20|3,10,15,30,31,40|8,14,17,22,27,33
1,13,22,23,26,40|3,7,11,12,21,32|6,8,10,16,18,38
1,14,15,18,23,26|2,6,7,12,13,20|3,10,11,21,30,40|8,22,25,27,29,33
1,15,19,23,26,31|2,6,7,12,13,20|3,10,11,21,30,40|8,14,17,22,27,33
1,15,25,33,38,40|2,6,7,12,13,20|10,11,18,21,23,32
1,16,19,22,23,26|2,6,7,12,13,20|3,10,11,21,30,40|8,27,28,29,31,33
1,16,28,33,38,40|2,6,7,12,13,20|10,11,18,21,23,32
1,20,21,33,38,40|2,7,11,12,13,22|10,15,18,23,31,32
2,6,7,12,13,20|3,10,11,21,30,40|8,14,17,22,27,33
2,7,11,12,13,22|3,10,15,30,31,40|14,17,18,23,25,28
2,7,12,15,25,40|3,6,10,11,13,30|8,14,17,22,27,33
2,7,12,16,28,40|3,6,10,11,13,30|8,14,17,22,27,33
2,7,12,20,21,40|3,6,10,11,13,30|8,14,17,22,27,33
3,7,11,12,21,32|6,8,10,16,18,38|14,17,23,27,28,40
3,7,12,15,31,32|6,8,10,16,18,38|14,17,23,27,28,40
1,3,6,13,20,30|2,7,11,12,21,40|8,10,14,15,19,38|18,23,25,28,29,31
1,3,11,13,22,30|2,7,12,15,31,40|6,8,10,16,19,38
1,3,15,25,30,40|2,6,7,11,12,13|8,14,27,28,29,33|10,16,19,22,23,32
1,3,16,28,30,40|2,6,7,11,12,13|8,10,14,15,19,38
1,3,20,21,30,40|2,6,7,11,12,13|8,10,14,15,19,38|18,23,25,28,29,31
1,6,11,13,33,38|2,7,12,15,31,40|10,16,19,22,23,32
1,6,13,23,26,40|3,7,12,14,15,32|8,22,27,29,31,33
1,6,16,19,23,26|2,7,11,12,21,40|8,13,17,20,22,33
1,8,11,18,21,38|2,7,12,15,31,40|10,16,19,22,23,32
1,8,13,28,32,33|2,7,11,12,21,40|6,17,18,23,25,31
1,8,13,28,38,40|3,6,7,12,16,32|11,15,17,18,23,25
1,8,15,18,31,38|2,6,7,11,12,13|10,16,19,22,23,32
1,8,15,19,25,38|2,6,7,11,12,13|14,17,18,23,28,31
1,8,16,18,22,38|2,6,7,11,12,13|3,10,14,15,30,40
1,8,16,19,28,38|2,6,7,11,12,13|3,10,14,15,30,40
1,8,19,20,21,38|2,6,7,11,12,13|3,10,14,15,30,40|18,23,25,28,29,31
1,11,21,33,38,40|3,6,7,12,16,32|14,17,18,22,23,25
1,14,15,19,23,26|2,6,7,11,12,13|8,10,21,32,33,40
1,15,18,23,25,32|2,6,7,11,12,13|8,14,27,28,29,33
1,15,31,33,38,40|2,6,7,11,12,13|10,16,19,22,23,32
1,16,18,23,28,32|2,6,7,11,12,13|3,10,14,15,30,40|8,22,27,29,31,33
1,16,22,33,38,40|2,6,7,11,12,13|10,14,15,18,23,32
1,18,20,21,23,32|2,6,7,11,12,13|3,10,14,15,30,40|8,22,27,29,31,33
2,6,7,11,12,13|3,10,14,15,30,40|8,22,27,29,31,33|16,17,19,20,23,28
2,7,11,12,21,40|6,8,10,13,32,33|14,17,18,22,23,25
2,7,12,15,31,40|6,8,10,13,32,33|11,16,17,18,23,28
2,7,12,16,22,40|6,8,10,13,32,33|11,15,17,18,23,25
3,6,7,12,16,32|8,10,14,15,19,38|11,17,18,20,21,23
3,7,12,14,15,32|6,8,10,13,38,40|11,16,17,18,23,28
3,10,14,15,30,40|6,8,25,27,29,33|11,16,17,18,23,28
1,3,6,25,27,30|2,7,12,13,20,28|8,10,21,26,33,40
1,3,22,27,30,31|2,7,12,13,20,28|6,10,16,18,23,26
1,13,20,28,33,38|2,6,7,12,27,31|10,11,19,21,23,26
1,14,22,27,33,38|2,7,12,13,20,28|6,10,16,18,23,26
3,7,12,14,15,26|6,10,13,20,33,38|17,23,25,27,28,40
1,3,6,27,30,31|2,7,11,12,13,28|8,10,15,19,25,38
1,3,11,15,27,30|2,7,12,13,20,22|6,10,16,19,23,26
1,3,13,20,28,30|2,6,7,12,14,27|8,10,11,18,21,38
1,3,14,22,27,30|2,7,11,12,13,28|6,10,16,19,23,26
1,6,14,27,33,38|2,3,8,10,21,40|17,18,23,25,28,31
1,8,13,22,26,33|2,6,7,12,14,27|3,10,15,25,30,40
1,13,20,22,33,38|2,3,8,10,21,40|17,18,23,25,28,31
1,13,23,26,28,40|2,6,7,12,14,27|8,10,11,18,21,38
2,6,7,12,14,27|3,10,11,13,22,30|17,18,23,25,28,31
2,7,11,12,13,28|3,10,15,25,30,40|8,17,22,27,31,33
2,7,12,13,20,22|3,10,15,25,30,40|8,14,17,27,28,33
3,7,12,15,25,32|6,10,11,13,33,38|17,23,27,28,31,40
3,7,12,16,28,32|6,8,17,25,27,33|10,14,15,19,23,26
3,7,12,20,21,32|6,8,17,25,27,33|10,14,15,19,23,26
1,3,8,13,28,38|2,10,11,18,21,23|6,7,12,16,26,33
1,3,15,31,33,38|2,10,11,18,21,23|7,8,12,13,22,26
1,3,21,23,26,40|2,8,10,13,22,33|6,7,12,14,27,38
1,3,8,15,27,38|2,10,16,18,23,28|7,11,12,21,26,33
1,3,8,21,26,33|2,10,15,18,23,25|6,7,12,27,31,38
1,3,20,21,33,38|2,10,15,18,23,25|7,8,12,13,26,28
1,2,11,19,21,23|3,6,8,16,17,33|7,12,14,15,38,40
1,3,6,13,23,32|7,12,14,15,38,40|8,10,11,19,21,30
1,7,8,12,21,29|3,6,11,13,17,23|10,14,15,30,33,40
1,8,16,18,28,30|3,6,11,13,17,23|7,12,14,15,32,33
1,8,18,20,21,30|3,6,11,13,17,23|7,12,14,15,32,33
3,6,11,13,17,23|7,12,14,15,32,33|8,10,16,19,22,30
3,11,13,23,28,29|6,7,12,16,32,33|8,10,14,15,18,30
3,11,17,21,23,40|6,7,12,16,32,33|8,10,14,15,18,30
3,13,20,22,23,29|6,7,12,16,32,33|8,10,11,19,21,30
3,15,17,23,31,40|6,7,12,16,32,33|8,10,11,19,21,30
3,16,17,22,23,40|7,12,14,15,32,33|8,10,11,19,21,30
1,2,8,13,22,33|3,6,23,27,29,31|7,11,12,21,38,40
1,2,11,18,21,23|3,8,15,17,31,33|7,12,16,22,38,40
1,2,15,18,23,31|3,8,11,17,21,33|7,12,16,22,38,40
1,2,15,19,23,25|3,8,11,17,21,33|7,12,16,22,38,40
1,2,16,18,22,23|3,8,11,17,21,33|7,12,15,31,38,40
1,2,16,19,23,28|3,8,11,17,21,33|7,12,15,31,38,40
1,2,19,20,21,23|3,8,15,17,31,33|6,7,11,12,13,38
1,3,6,8,13,38|2,10,14,15,19,23|7,11,12,21,32,33
1,3,8,21,38,40|2,6,10,16,19,23|7,12,15,31,32,33
1,3,13,22,23,32|7,11,12,21,38,40|8,10,15,18,30,31
1,6,14,27,30,33|3,11,13,17,22,23|7,12,15,31,38,40
1,11,13,28,30,33|2,6,10,16,19,23|7,12,15,31,38,40
1,13,20,22,30,33|2,6,10,16,19,23|7,11,12,21,38,40
2,6,10,16,19,23|3,8,11,17,21,33|7,12,15,31,38,40
2,10,14,15,19,23|3,8,11,17,21,33|7,12,16,22,38,40
3,6,13,17,20,23|7,11,12,21,32,33|8,10,15,18,30,31
3,6,23,27,29,31|7,8,12,13,28,32|10,11,21,30,33,40
3,11,13,17,22,23|7,12,15,31,32,33|8,10,16,19,28,30
3,11,15,23,27,29|7,8,12,13,28,32|10,16,22,30,33,40
3,13,20,23,28,29|7,11,12,21,32,33|8,10,15,18,30,31
3,14,22,23,27,29|6,7,11,12,13,38|8,10,15,18,30,31
3,15,17,23,25,40|6,7,11,12,13,38|8,10,16,18,22,30
3,16,17,23,28,40|6,7,11,12,13,38|8,10,15,18,30,31
3,17,20,21,23,40|6,7,11,12,13,38|8,10,15,18,30,31
1,2,8,13,28,33|3,6,14,17,23,27|7,12,15,25,38,40
1,2,15,18,23,25|3,8,16,17,28,33|6,7,12,13,20,38
1,2,15,23,27,40|3,8,16,17,28,33|6,7,12,13,20,38
1,2,16,18,23,28|3,8,15,17,25,33|6,7,12,13,20,38
1,2,18,20,21,23|3,8,15,17,25,33|7,11,12,13,22,38
1,3,6,16,33,38|2,10,11,19,21,23|7,8,12,15,27,32
1,3,8,13,22,38|2,6,10,16,18,23|7,12,15,25,32,33
1,3,14,15,33,38|2,6,10,16,18,23|7,8,12,21,26,40
2,6,8,10,13,33|3,14,23,27,28,29|7,12,15,25,38,40
2,6,10,16,18,23|3,8,15,17,25,33|7,11,12,13,22,38
2,8,10,21,33,40|3,6,14,17,23,27|7,11,12,13,22,38
2,10,11,19,21,23|3,8,15,17,25,33|6,7,12,13,20,38
2,10,14,15,18,23|3,8,16,17,28,33|6,7,12,13,20,38
2,10,15,19,23,31|3,8,16,17,28,33|6,7,12,13,20,38
2,10,16,19,22,23|3,8,15,17,25,33|6,7,12,13,20,38
3,6,23,25,27,29|7,8,12,21,26,40|10,11,13,22,30,33
3,14,23,27,28,29|6,7,8,12,13,26|10,15,25,30,33,40
3,15,20,23,27,29|6,7,8,12,13,26|10,16,28,30,33,40
3,22,23,27,29,31|6,7,8,12,13,26|10,15,25,30,33,40
1,2,3,8,21,33|6,7,12,27,30,31|10,13,22,23,38,40
1,2,3,13,22,23|6,7,12,27,30,31|8,10,21,33,38,40
1,3,8,15,27,30|2,7,11,12,21,33|6,10,16,18,23,38
1,3,15,25,30,33|2,7,8,12,13,28|6,10,16,18,23,38
1,3,20,21,30,33|2,7,8,12,13,28|6,10,16,18,23,38
1,15,18,23,25,38|2,7,8,12,13,28|3,6,10,16,30,33
1,15,23,27,38,40|2,7,8,12,13,28|3,6,10,16,30,33
1,16,18,23,28,38|2,7,11,12,21,33|3,8,10,13,22,30
1,18,20,21,23,38|2,7,8,12,13,28|3,6,10,16,30,33
1,3,8,13,28,30|2,6,7,12,16,33|10,14,15,19,23,38
1,3,11,21,30,33|2,7,8,12,13,22|6,10,16,19,23,38
1,3,15,30,31,33|2,7,8,12,13,22|6,10,16,19,23,38
1,15,18,23,31,38|2,6,7,12,16,33|3,8,10,21,30,40
1,15,19,23,25,38|2,6,7,12,16,33|3,8,10,21,30,40
1,16,18,22,23,38|2,7,12,14,15,33|3,6,8,10,13,30
1,2,14,18,23,27|3,8,10,13,32,33|7,12,19,25,31,38
1,2,19,23,27,31|3,8,10,13,32,33|7,12,14,18,25,38
1,3,13,23,26,40|2,8,10,16,18,33|7,12,19,25,31,38
2,10,11,13,18,23|3,8,14,17,27,33|7,12,19,25,31,38
2,10,13,19,20,23|3,8,14,17,27,33|7,12,15,18,28,38
1,2,19,23,25,27|3,8,10,16,18,38|7,11,12,13,26,33
1,3,8,13,26,33|2,10,14,19,23,27|7,12,18,25,31,38
1,6,15,18,30,33|3,13,20,23,29,40|7,8,12,16,19,32
1,14,19,30,31,33|3,11,16,18,23,29|7,8,12,13,32,40
1,15,19,22,30,33|3,11,16,18,23,29|7,8,12,13,32,40
1,2,16,18,23,40|3,8,13,20,29,33|6,7,12,15,19,38
1,8,14,19,27,30|3,6,15,17,18,23|7,12,16,32,33,40
1,14,18,30,31,33|3,11,13,17,23,40|6,7,12,15,19,38
1,15,19,28,30,33|3,11,13,17,23,40|7,8,12,16,18,32
3,6,15,17,18,23|7,12,16,32,33,40|8,10,11,13,19,30
3,15,18,23,28,29|7,12,16,32,33,40|8,10,11,13,19,30
1,2,8,16,18,33|3,13,17,20,23,40|7,12,14,19,31,38
1,2,11,13,18,23|3,8,14,27,29,33|7,12,15,19,22,38
1,2,13,19,20,23|3,8,14,27,29,33|6,7,12,15,18,38
1,3,8,13,32,33|2,10,16,19,23,40|6,7,12,15,18,38
1,3,16,18,23,32|7,11,12,13,38,40|10,14,19,30,31,33
1,8,14,18,27,30|2,10,16,19,23,40|7,11,12,13,32,33
1,14,27,30,33,40|3,11,16,17,18,23|7,12,15,19,22,38
1,16,18,20,30,33|3,14,17,19,23,25|7,11,12,13,38,40
2,10,16,19,23,40|3,8,11,13,17,33|6,7,12,15,18,38
3,13,17,20,23,40|6,7,12,15,18,38|10,11,16,19,30,33
3,14,17,19,23,25|6,7,12,15,18,38|10,11,13,30,33,40
3,16,17,19,20,23|6,7,12,15,18,38|10,11,13,30,33,40
3,23,27,29,31,40|6,7,12,15,18,38|8,10,13,19,20,30
1,2,13,18,20,23|3,8,27,29,31,33|7,12,14,19,25,38
1,2,14,19,23,27|3,8,13,17,20,33|7,11,12,16,18,38
1,27,30,31,33,40|2,10,11,13,19,23|7,12,15,18,22,38
2,8,10,13,33,40|3,14,17,18,23,25|7,12,15,19,28,38
2,8,10,16,19,33|3,14,17,18,23,25|7,12,13,20,38,40
2,10,11,13,19,23|3,8,27,29,31,33|7,12,15,18,22,38
2,10,16,18,23,40|3,8,13,17,20,33|7,12,14,19,25,38
3,23,25,27,29,40|7,8,12,16,19,26|10,14,18,30,31,33
1,14,19,23,27,38|2,7,11,12,13,33|3,8,10,16,18,30
2,9,11,13,21,23|6,7,8,25,35,39|15,16,27,29,30,38
2,9,13,15,23,31|6,7,8,25,35,39|14,21,27,29,30,38
2,9,13,16,22,23|6,7,8,25,35,39|14,21,27,29,30,38
2,13,17,21,23,32|6,7,8,25,35,39|15,16,27,29,30,38
3,9,15,23,32,39|7,8,14,21,25,35|13,16,17,22,30,38
3,9,16,21,23,32|6,7,8,25,35,39|13,15,17,30,31,38
1,6,13,16,30,34|2,9,15,23,39,40|7,8,14,21,31,35
1,13,14,15,30,34|2,9,16,21,23,40|6,7,8,31,35,39
1,15,30,34,39,40|2,6,9,13,16,23|7,8,14,21,31,35
1,16,21,30,34,40|2,9,13,14,15,23|6,7,8,31,35,39
2,9,14,21,23,27|7,8,25,28,35,39|10,13,15,30,31,34
2,9,15,16,23,27|7,8,25,28,35,39|10,11,13,21,30,34
2,16,17,21,33,38|7,8,25,28,35,39|10,13,15,30,31,34
2,9,13,15,23,25|3,8,16,17,21,34|22,27,29,30,38,39
2,9,13,16,23,28|3,8,15,17,34,39|21,27,29,30,31,38
2,13,14,15,17,30|6,29,31,33,34,39|8,9,16,21,38,40
2,15,17,30,39,40|6,8,9,13,16,38|14,21,29,31,33,34
2,16,17,21,30,40|6,29,31,33,34,39|8,9,13,14,15,38
1,2,13,21,30,32|6,8,27,29,34,39|9,14,15,16,33,38
1,8,13,21,32,34|2,6,27,29,30,39|9,14,15,16,33,38
1,12,13,21,23,35|2,6,27,29,30,39|9,14,15,16,33,38
2,6,27,29,30,39|8,9,11,13,21,38|14,15,16,17,33,34
2,11,13,17,21,30|6,8,27,29,34,39|9,14,15,16,33,38
2,15,16,27,29,30|6,9,14,33,38,39|8,11,13,17,21,34
2,3,15,29,38,39|6,9,13,16,23,26|14,17,21,31,33,34
2,3,16,21,29,38|6,9,23,27,32,39|8,13,15,17,25,34
2,13,16,17,28,30|6,9,23,27,32,39|21,25,29,31,33,34
2,21,27,29,30,31|6,9,13,16,23,26|11,15,17,33,34,39
2,22,27,29,30,39|6,9,13,16,23,26|14,17,21,31,33,34
3,9,15,16,25,30|6,17,31,33,34,39|8,13,21,26,29,38
3,15,26,29,30,39|8,9,13,16,28,38|14,17,21,31,33,34
3,16,21,26,29,30|6,9,23,27,32,39|8,13,15,17,25,34
6,9,13,16,23,26|8,21,27,29,31,34|15,17,32,33,38,39
8,13,21,26,29,38|9,15,16,23,27,32|14,17,22,33,34,39
1,13,15,31,34,38|2,6,17,27,30,39|8,9,16,21,26,33
2,10,13,21,30,32|6,8,9,27,38,39|15,16,17,25,33,34
2,15,16,17,27,30|6,9,25,33,38,39|8,10,13,21,32,34
6,8,9,27,38,39|10,12,13,21,23,35|15,16,17,25,33,34
8,9,15,16,27,38|10,12,13,21,23,35|14,17,28,33,34,39
3,15,17,26,30,39|6,10,13,16,34,38|9,21,23,25,27,32
1,8,9,15,19,21|6,13,14,18,22,34|17,29,31,33,39,40
1,6,9,13,15,33|2,3,14,19,32,39|18,21,22,31,34,40
1,9,14,33,39,40|2,3,15,19,21,32|6,13,18,22,31,34
1,9,15,21,33,40|2,3,14,19,32,39|6,13,18,22,31,34
2,3,13,16,32,40|6,14,15,19,27,34|8,17,18,25,29,39
2,3,15,19,21,32|6,13,14,18,28,34|8,17,27,29,39,40
1,2,3,13,16,29|6,11,19,21,27,34|18,25,32,38,39,40
1,8,9,18,31,39|6,11,19,21,27,34|10,13,16,29,32,33
1,8,9,19,25,39|2,3,15,18,21,32|6,13,22,27,34,40
1,9,11,13,16,33|2,3,14,18,32,39|6,15,19,27,31,34
1,9,13,14,31,33|2,3,15,18,21,32|6,16,19,22,27,34
1,9,13,15,22,33|2,3,14,18,32,39|6,11,19,21,27,34
1,9,31,33,39,40|2,3,15,18,21,32|6,13,19,25,28,34
1,13,16,17,38,40|2,3,14,18,32,39|6,11,19,21,27,34
1,14,17,19,38,39|2,3,15,18,21,32|6,13,22,27,34,40
1,15,17,19,21,38|2,3,14,18,32,39|6,13,22,27,34,40
1,18,29,31,38,39|6,11,19,21,27,34|8,9,10,13,16,40
1,19,25,29,38,39|2,3,15,18,21,32|6,13,22,27,34,40
2,3,14,18,32,39|6,11,19,21,27,34|8,9,10,13,16,40
2,3,15,18,21,32|6,13,19,25,28,34|14,16,17,27,29,33
2,3,19,31,32,39|6,13,18,22,25,34|14,16,17,27,29,33
6,13,15,19,26,38|11,18,25,34,39,40|14,16,17,27,29,33
8,13,17,27,29,31|11,18,25,34,39,40|15,19,21,26,32,33
13,15,18,28,32,38|14,16,17,27,29,33|19,20,25,34,39,40
13,15,19,20,28,34|14,16,17,27,29,33|18,25,32,38,39,40
13,19,22,28,31,34|14,16,17,27,29,33|18,25,32,38,39,40
13,19,25,31,32,38|14,16,17,27,29,33|18,22,28,34,39,40
1,9,13,14,25,33|2,3,18,31,32,39|6,16,19,27,28,34
1,9,13,15,28,33|2,3,18,31,32,39|6,19,20,21,27,34
1,9,13,16,20,33|2,3,18,31,32,39|6,15,19,25,27,34
1,9,25,33,39,40|6,11,18,21,27,34|13,14,19,26,31,38
1,13,14,27,29,38|2,3,18,31,32,39|9,10,15,21,33,40
1,13,16,26,29,33|2,3,18,31,32,39|6,15,19,25,27,34
1,14,17,18,38,39|6,9,10,13,15,33|11,16,19,27,31,34
1,15,17,18,21,38|2,3,19,25,32,39|6,13,27,28,34,40
1,17,19,31,38,39|6,9,10,13,15,33|11,14,16,18,27,34
1,18,25,29,38,39|6,9,10,13,15,33|11,16,19,27,31,34
2,3,18,31,32,39|6,9,10,13,15,33|11,19,21,22,27,34
2,3,19,25,32,39|6,9,10,13,15,33|11,14,16,18,27,34
6,9,10,13,15,33|11,14,16,18,27,34|19,26,31,38,39,40
6,13,15,18,26,38|8,9,10,19,31,39|17,21,22,27,29,33
6,13,18,25,28,34|8,9,10,19,31,39|17,21,22,27,29,33
6,15,18,27,31,34|9,10,14,33,39,40|11,13,16,19,26,38
8,9,10,14,18,39|11,13,16,19,26,38|17,21,22,27,29,33
13,14,19,26,31,38|17,21,22,27,29,33|18,20,25,34,39,40
13,15,19,22,26,38|16,17,27,29,31,33|18,20,25,34,39,40
1,13,14,17,27,38|2,3,15,18,21,26|9,10,25,33,39,40
1,13,16,17,26,33|8,9,10,18,25,39|19,20,21,27,28,34
1,17,27,38,39,40|2,3,15,18,21,26|9,10,13,14,25,33
2,3,14,18,26,39|9,10,13,15,28,33|16,19,20,25,27,34
1,2,3,13,16,17|6,15,18,25,27,34|9,10,31,33,39,40
1,6,9,21,27,33|2,3,10,13,16,29|18,26,31,38,39,40
1,9,13,25,31,33|2,3,14,19,26,39|6,16,18,27,28,34
1,9,14,16,27,33|2,3,15,19,21,26|10,18,29,31,38,39
1,10,13,16,34,40|2,3,14,19,26,39|17,21,27,28,29,33
1,10,14,19,34,39|2,3,13,16,26,40|17,21,27,28,29,33
1,10,15,19,21,34|2,3,13,14,27,32|18,26,31,38,39,40
1,17,18,31,38,39|2,3,10,13,16,29|11,19,21,27,28,34
1,17,19,25,38,39|2,3,10,13,16,29|6,18,20,21,27,34
2,3,13,16,26,40|6,15,18,25,27,34|10,14,17,19,38,39
2,3,14,19,26,39|6,15,18,25,27,34|9,10,11,13,16,33
2,3,15,19,21,26|6,16,18,27,28,34|9,10,13,14,31,33
2,3,18,25,32,39|9,10,11,13,16,33|15,19,27,28,31,34
8,9,10,19,25,39|11,13,16,18,26,38|17,21,27,28,29,33
9,10,11,13,16,33|14,15,18,27,28,34|19,25,26,38,39,40
9,10,13,15,22,33|11,16,18,27,31,34|19,25,26,38,39,40
9,10,31,33,39,40|11,13,16,18,26,38|15,19,22,25,27,34
10,13,16,17,32,33|11,18,21,22,27,34|19,25,26,38,39,40
10,13,16,17,38,40|11,18,21,22,27,34|19,25,26,32,33,39
10,15,17,19,21,38|11,13,25,27,34,40|18,26,31,32,33,39
1,3,13,16,17,38|2,14,18,26,33,39|6,7,9,12,21,27
1,13,17,27,30,31|2,14,18,26,33,39|3,19,21,25,28,34
2,15,18,21,26,33|3,6,13,22,27,34|10,17,19,25,30,39
3,13,16,26,32,33|6,7,9,12,21,27|10,17,18,30,31,39
3,13,16,26,38,40|6,7,9,12,21,27|10,17,18,30,31,39
3,18,21,28,31,34|7,9,12,14,16,27|10,17,19,25,30,39
3,19,21,25,28,34|7,9,12,14,16,27|10,17,18,30,31,39
2,10,13,16,17,33|3,14,18,26,38,39|7,9,12,21,22,27
2,11,18,27,38,39|3,9,10,15,21,33|7,12,13,16,17,26
2,18,21,22,27,38|3,9,10,14,33,39|7,12,13,16,17,26
2,19,20,27,38,39|3,9,10,15,21,33|7,12,13,16,17,26
2,19,21,27,28,38|3,9,10,14,33,39|7,12,13,16,17,26
2,18,25,26,33,39|3,10,13,16,17,38|7,9,12,21,27,28
1,2,13,16,29,33|3,6,14,18,21,34|11,19,27,30,32,39
1,13,14,27,29,30|2,15,18,21,32,33|3,6,19,22,34,39
1,14,17,18,30,39|2,11,13,16,19,38|7,9,12,15,21,40
1,15,17,18,21,30|2,11,13,16,19,38|7,9,12,14,39,40
