1,9,11,15,22,38|6,8,12,27,28,35|20,25,31,32,34,40
1,11,14,17,31,34|6,8,12,27,28,35|10,15,22,29,32,38
1,11,15,17,22,34|6,8,12,27,28,35|10,14,29,31,32,38
1,11,25,29,31,34|6,8,12,27,28,35|15,22,26,32,38,40
1,14,17,31,32,38|6,8,12,27,28,35|10,11,15,22,29,34
1,14,20,25,29,34|6,8,12,27,28,35|11,16,26,32,38,40
1,15,17,22,32,38|6,8,12,27,28,35|10,11,14,29,31,34
1,22,28,29,31,34|8,9,10,11,16,32|12,14,20,25,33,35
1,25,29,31,32,38|6,8,12,27,28,35|11,15,22,26,34,40
6,8,9,17,25,28|10,11,14,29,31,34|15,22,26,32,38,40
6,8,12,27,28,35|10,11,14,29,31,34|15,22,26,32,38,40
6,10,14,28,29,34|8,9,11,17,25,31|15,22,26,32,38,40
6,10,22,29,31,34|8,9,14,17,20,25|11,16,26,32,38,40
6,15,20,26,34,40|8,9,10,11,16,32|12,22,28,31,33,35
6,22,26,31,34,40|8,9,10,11,16,32|12,14,20,25,33,35
8,9,10,11,16,32|12,14,20,25,33,35|17,22,28,29,31,38
8,9,17,22,28,31|10,11,16,29,32,38|12,14,20,25,33,35
1,8,9,11,16,26|6,10,14,17,22,34|12,20,25,31,33,35
1,8,9,14,26,31|6,10,11,15,17,34|12,22,25,28,33,35
1,8,10,12,16,35|2,3,6,15,26,32|17,20,25,29,31,38
1,8,16,17,26,32|6,9,10,11,15,38|12,20,25,31,33,35
1,9,11,14,25,38|2,3,6,15,26,32|8,12,20,27,31,35
1,9,11,15,28,38|6,10,14,17,22,34|8,12,20,27,31,35
1,9,11,16,20,38|2,3,6,15,26,32|8,12,22,27,28,35
1,9,14,20,31,38|2,3,6,15,26,32|8,11,12,25,27,35
1,9,14,22,28,38|2,3,6,15,26,32|8,11,12,25,27,35
1,9,15,20,22,38|6,10,28,29,31,34|8,11,12,25,27,35
1,11,14,17,25,34|2,3,6,15,26,32|8,12,20,27,31,35
1,11,15,17,28,34|6,9,10,14,22,38|8,12,20,27,31,35
1,11,16,17,20,34|2,3,6,15,26,32|8,12,22,27,28,35
1,11,16,26,29,38|6,10,14,17,22,34|8,12,20,27,31,35
1,14,17,20,31,34|2,3,6,15,26,32|8,11,12,25,27,35
1,14,17,22,28,34|2,3,6,15,26,32|8,11,12,25,27,35
1,14,26,29,31,38|6,10,11,15,17,34|8,12,22,27,28,35
1,15,17,28,32,38|6,10,22,25,29,34|8,12,20,27,31,35
1,15,22,26,29,38|6,11,27,28,32,34|8,9,17,20,25,31
1,20,25,29,31,34|2,3,6,15,26,32|8,12,22,27,28,35
1,22,25,28,29,34|2,3,6,15,26,32|8,12,20,27,31,35
2,3,6,15,26,32|8,9,17,20,25,31|10,14,22,28,29,34
6,9,10,11,15,38|8,12,20,27,31,35|14,22,26,28,34,40
6,10,11,15,17,34|8,12,20,27,31,35|14,25,26,32,38,40
6,10,14,17,22,34|8,11,12,25,27,35|15,26,28,32,38,40
6,10,15,17,32,38|8,11,12,25,27,35|14,20,26,31,34,40
6,10,22,25,29,34|8,12,20,27,31,35|15,26,28,32,38,40
6,10,28,29,31,34|8,11,12,25,27,35|16,20,26,32,38,40
8,11,12,25,27,35|10,14,20,29,31,34|15,26,28,32,38,40
8,12,20,27,31,35|10,11,14,25,29,34|15,26,28,32,38,40
8,12,22,27,28,35|10,11,14,25,29,34|16,20,26,32,38,40
1,3,6,8,9,34|2,12,18,23,28,35|17,22,26,29,30,33
1,7,8,28,32,35|2,6,11,18,34,38|9,17,20,22,30,33
2,9,17,23,28,40|3,6,12,33,35,38|11,19,22,26,30,34
2,12,18,23,28,35|3,6,8,9,17,38|11,19,22,26,30,34
2,12,19,28,34,38|3,6,10,17,23,35|7,8,9,22,26,32
1,2,6,9,33,38|7,8,10,22,32,35|11,19,26,28,30,34
1,6,7,8,26,35|2,11,18,22,34,38|3,9,17,23,28,32
1,6,7,20,35,38|2,8,9,17,28,33|11,18,22,26,30,34
1,6,9,26,30,33|2,11,18,22,34,38|7,8,17,20,28,35
1,7,11,22,35,38|2,6,8,18,26,34|3,9,17,23,28,32
1,2,17,22,33,34|3,9,23,26,28,29|6,7,10,11,35,38
2,18,20,22,34,38|3,6,9,17,23,26|7,8,10,28,32,35
2,6,9,17,23,40|7,8,11,28,29,35|19,20,22,30,32,34
2,9,23,28,29,40|6,7,8,11,17,35|19,20,22,30,32,34
3,6,23,26,35,40|7,11,28,29,32,34|9,12,17,22,30,33
1,7,8,22,32,35|2,6,11,19,34,38|9,20,28,29,30,33
1,9,22,30,32,33|2,6,11,19,34,38|7,8,20,28,29,35
2,9,17,22,23,40|6,11,19,26,30,34|7,8,20,28,29,35
2,12,18,22,23,35|3,6,32,34,38,40|9,20,28,29,30,33
2,12,19,23,28,35|3,6,32,34,38,40|9,11,17,22,30,33
3,6,32,34,38,40|7,8,11,17,22,35|9,20,28,29,30,33
2,7,9,11,28,32|6,12,19,26,34,38|8,10,17,22,33,35
2,7,9,20,22,32|6,12,19,26,34,38|10,17,23,28,35,40
1,2,6,7,20,35|3,9,11,17,28,30|8,18,22,26,32,34
1,2,7,11,22,35|3,6,9,10,30,32|17,20,28,29,33,34
1,6,9,20,33,34|2,3,17,22,29,38|12,19,23,26,28,35
3,6,9,10,30,32|12,18,22,23,26,35|17,20,28,29,33,34
2,6,7,26,29,32|3,9,12,17,22,30|8,18,20,28,35,38
1,2,3,6,29,34|8,9,17,28,32,33|12,19,22,23,26,35
1,2,6,7,11,35|3,9,20,28,29,30|8,19,22,26,32,34
1,6,9,11,33,34|2,19,22,26,30,32|8,12,18,28,35,38
1,6,17,32,33,34|2,3,8,9,28,29|12,19,22,23,26,35
1,6,17,34,38,40|2,3,8,9,28,29|12,19,22,23,26,35
1,9,17,23,28,29|2,3,6,12,33,35|8,19,22,26,32,34
1,28,29,32,33,34|2,3,6,8,9,17|12,19,22,23,26,35
1,28,29,34,38,40|2,3,6,8,9,17|12,19,22,23,26,35
2,3,8,9,28,29|6,12,18,23,26,35|19,20,22,32,34,38
2,3,22,32,34,40|6,9,10,17,23,29|8,12,18,28,35,38
2,6,9,10,30,40|8,12,18,28,35,38|17,20,22,29,33,34
3,9,11,17,22,30|6,8,18,26,32,34|12,28,33,35,38,40
6,8,9,10,34,40|12,19,22,23,26,35|17,28,29,32,33,38
6,10,29,32,33,34|8,9,17,28,38,40|12,19,22,23,26,35
6,10,29,34,38,40|8,9,17,28,32,33|12,19,22,23,26,35
1,2,7,11,28,35|3,9,10,22,30,32|6,19,20,26,34,38
1,2,7,20,22,35|3,17,26,28,29,30|6,9,10,11,33,34
1,9,17,22,23,29|2,3,6,32,34,40|8,12,19,28,35,38
1,22,29,32,33,34|3,6,9,11,17,30|8,12,19,28,35,38
3,9,11,28,29,30|6,8,19,26,32,34|12,22,33,35,38,40
3,12,28,30,35,40|6,8,9,26,29,33|11,19,22,32,34,38
2,6,7,9,11,32|3,20,28,30,35,40|12,17,22,29,33,34
1,2,22,29,34,40|3,6,8,9,17,32|11,12,18,28,30,35
1,3,6,29,32,34|2,8,9,17,22,40|11,12,18,28,30,35
1,9,28,30,32,40|2,8,12,18,22,35|3,6,11,17,29,34
1,9,10,22,29,30|2,6,11,19,26,34|3,12,28,32,33,35
1,2,6,9,32,33|3,11,17,22,29,34|12,18,20,28,30,35
1,2,6,9,38,40|3,11,17,22,29,34|12,18,20,28,30,35
1,2,6,17,34,40|3,9,11,22,29,38|12,18,20,28,30,35
1,3,22,29,32,34|2,6,9,11,17,33|12,18,20,28,30,35
1,6,9,26,30,40|2,8,12,18,28,35|3,11,17,22,29,34
2,6,10,29,34,40|3,8,9,17,22,32|12,18,20,28,30,35
1,6,9,20,34,40|2,3,17,22,29,32|11,12,19,28,35,38
1,8,9,17,28,29|2,3,12,22,35,40|6,11,19,26,32,34
1,17,22,32,34,40|2,3,6,9,20,29|11,12,19,28,35,38
1,12,17,22,33,35|2,3,9,11,28,29|6,19,20,26,32,34
1,22,26,29,34,40|2,3,6,9,11,17|12,19,20,28,35,38
2,3,6,9,11,17|8,12,18,22,26,35|10,28,29,32,34,40
2,3,9,11,28,29|6,10,17,32,34,40|8,12,18,22,26,35
2,3,9,20,22,29|6,10,17,32,34,40|8,12,19,26,28,35
2,3,17,28,29,32|6,9,10,11,34,40|8,12,18,22,26,35
6,11,18,26,32,34|8,9,10,17,22,29|12,19,20,28,35,38
6,19,20,26,32,34|8,9,10,17,22,29|11,12,18,28,35,38
2,3,6,17,26,29|9,10,11,22,34,40|12,18,20,28,35,38
2,3,9,11,17,22|6,10,26,29,34,40|12,18,20,28,35,38
2,3,9,20,28,29|6,10,12,17,33,35|11,18,22,26,32,34
1,3,6,23,28,35|2,8,9,12,31,33|7,11,14,20,32,34
1,3,11,23,31,35|6,7,20,22,32,34|12,17,25,30,38,40
1,3,14,20,23,35|2,8,9,12,31,33|6,7,11,28,32,34
1,2,8,31,34,40|3,6,9,23,28,32|14,20,26,29,30,33
1,2,17,23,29,31|3,6,8,9,22,38|7,11,12,14,32,34
1,3,12,14,23,35|2,6,8,9,28,33|11,17,25,30,38,40
1,11,25,30,34,40|2,6,8,9,28,33|3,14,23,26,29,32
1,20,30,31,34,40|2,6,8,9,28,33|3,14,23,26,29,32
1,22,28,30,34,40|2,8,9,11,31,33|3,14,23,26,29,32
2,6,8,9,28,33|3,14,23,26,29,32|11,17,25,30,38,40
2,8,9,11,31,33|3,14,23,26,29,32|6,10,22,30,34,40
2,8,9,14,20,33|6,7,12,22,32,34|11,17,25,30,38,40
2,8,14,26,29,33|3,6,9,23,28,32|11,17,25,30,38,40
2,8,17,31,38,40|3,6,9,23,28,32|14,20,26,29,30,33
2,9,11,23,25,40|3,6,8,17,22,34|14,20,26,29,30,33
2,17,23,25,32,40|3,6,8,9,22,38|11,26,29,30,31,33
2,23,26,29,31,40|3,6,8,9,22,38|7,11,12,14,32,34
3,14,23,26,29,32|6,7,8,20,28,35|11,17,25,30,38,40
2,6,9,23,28,40|3,8,11,29,31,34|14,17,20,30,32,33
2,9,11,23,31,40|3,6,8,28,29,34|14,17,20,30,32,33
2,9,14,20,23,40|3,6,8,28,29,34|11,17,30,31,32,33
2,17,23,31,32,40|3,6,8,28,29,34|9,11,14,20,30,33
1,2,12,31,33,34|3,6,10,23,28,35|7,11,14,26,32,38
1,3,20,23,25,35|2,12,17,31,33,38|6,7,11,22,26,34
2,12,17,31,33,38|3,6,10,23,28,35|7,11,20,25,32,34
1,2,11,31,33,34|3,6,9,22,23,26|10,25,30,32,38,40
1,2,14,20,33,34|3,6,9,22,23,26|10,25,30,32,38,40
1,2,31,32,33,38|3,6,9,22,23,26|10,11,25,30,34,40
1,3,12,23,25,35|2,6,17,28,33,38|8,20,26,27,29,30
1,8,9,10,30,31|2,6,17,28,33,38|3,23,25,26,29,32
1,10,29,30,31,38|2,8,9,20,25,33|3,14,17,23,26,32
1,11,27,30,32,38|2,8,9,20,25,33|3,10,12,14,23,35
1,26,30,31,32,33|2,8,20,27,29,38|3,10,12,14,23,35
1,26,30,31,38,40|2,8,9,20,25,33|3,10,12,14,23,35
2,8,14,17,26,33|3,9,20,23,25,32|10,22,28,30,34,40
2,8,20,27,29,38|3,6,9,22,23,26|7,11,12,25,32,34
2,10,17,23,29,31|3,8,9,11,25,38|7,12,22,28,32,34
2,11,17,23,27,32|3,8,9,20,31,38|10,22,28,30,34,40
2,14,17,20,33,38|3,6,9,22,23,26|7,11,12,25,32,34
2,17,23,26,31,40|3,8,9,11,25,38|7,12,22,28,32,34
3,8,9,11,25,38|6,17,26,28,30,33|7,12,20,31,32,34
3,8,9,20,31,38|6,17,26,28,30,33|7,11,12,25,32,34
3,8,9,22,28,38|7,11,12,25,32,34|14,17,20,26,30,33
1,3,11,23,25,35|2,8,12,27,29,38|6,7,20,28,32,34
1,3,20,23,31,35|2,8,9,12,25,33|7,11,22,28,32,34
1,3,22,23,28,35|2,8,9,12,25,33|7,11,20,31,32,34
2,8,9,12,25,33|3,6,10,22,23,35|7,11,20,31,32,34
2,8,12,27,29,38|3,6,10,22,23,35|7,11,20,31,32,34
2,12,14,17,33,38|3,6,10,22,23,35|7,11,20,31,32,34
2,12,25,29,33,38|3,6,10,22,23,35|7,11,20,31,32,34
3,6,10,22,23,35|7,11,20,31,32,34|8,12,26,27,29,30
3,10,11,14,23,35|6,7,20,28,32,34|8,12,26,27,29,30
1,2,8,25,34,40|3,9,20,23,31,32|6,17,22,26,30,33
1,2,17,23,25,29|3,6,8,9,28,38|7,11,12,31,32,34
1,3,12,23,31,35|2,6,17,22,33,38|8,9,11,20,27,30
1,8,9,10,14,30|2,6,17,22,33,38|3,23,26,29,31,32
1,10,14,29,30,38|2,8,9,11,25,33|6,7,12,28,32,34
1,14,26,30,38,40|2,8,9,11,25,33|6,7,12,28,32,34
1,20,25,30,34,40|2,6,17,22,33,38|3,23,26,29,31,32
2,8,9,11,25,33|3,23,26,29,31,32|6,10,28,30,34,40
2,8,9,22,28,33|3,23,26,29,31,32|10,14,20,30,34,40
2,8,10,14,34,40|3,9,11,23,25,32|6,17,22,26,30,33
2,8,11,27,29,38|3,9,20,23,31,32|6,10,28,30,34,40
2,8,17,25,38,40|3,9,20,23,31,32|22,26,28,29,30,33
2,8,26,29,31,33|3,9,11,23,25,32|6,10,28,30,34,40
2,10,14,17,23,29|3,6,8,9,28,38|7,11,12,31,32,34
2,14,17,23,26,40|3,6,8,9,28,38|7,11,12,31,32,34
2,20,23,27,29,32|3,6,8,9,28,38|10,11,30,31,34,40
2,23,25,26,29,40|3,6,8,9,28,38|7,11,12,31,32,34
3,8,9,14,20,38|6,7,12,28,32,34|11,25,26,29,30,33
3,8,14,26,29,38|6,7,12,28,32,34|9,11,20,25,30,33
3,23,26,29,31,32|6,10,28,30,34,40|7,8,11,20,25,35
1,2,8,12,27,34|3,10,11,23,25,35|6,7,26,28,32,38
1,2,12,25,33,34|3,10,20,23,31,35|6,7,26,28,32,38
1,12,20,27,30,34|3,10,11,23,25,35|6,7,26,28,32,38
2,8,12,17,27,38|3,10,11,23,25,35|6,7,20,22,26,34
2,12,17,25,33,38|3,10,20,23,31,35|6,7,11,26,28,34
1,2,8,27,32,38|3,6,9,23,26,28|10,20,25,30,34,40
1,10,14,17,30,38|2,9,11,20,23,27|6,7,12,22,26,34
1,20,27,30,32,38|2,6,10,22,33,34|3,9,11,23,26,31
1,25,26,30,32,33|2,8,11,17,27,38|3,10,12,23,31,35
2,8,10,25,34,40|3,6,9,23,26,28|11,17,20,27,30,38
2,8,11,17,27,38|3,6,9,23,26,28|7,12,20,25,32,34
2,9,11,20,23,27|3,8,10,31,32,34|17,22,26,28,30,33
1,2,14,26,30,40|6,9,10,23,28,29|11,17,31,32,33,38
1,8,10,14,29,34|2,17,20,25,30,40|6,9,11,28,33,38
1,8,12,25,33,35|2,3,6,28,29,38|9,11,23,26,31,40
1,9,11,17,23,31|2,3,6,28,29,38|8,10,12,14,33,35
1,9,14,17,20,23|2,3,6,28,29,38|8,10,31,32,34,40
1,14,20,32,33,34|2,3,6,8,9,28|10,12,23,31,35,40
1,14,20,34,38,40|2,3,6,8,9,28|10,17,23,29,31,32
2,3,6,8,9,28|10,12,23,31,35,40|11,14,17,20,33,34
2,3,6,28,29,38|8,9,11,14,26,33|10,12,23,31,35,40
2,3,8,9,14,20|6,11,17,28,33,34|10,12,23,31,35,40
2,3,8,14,26,29|6,9,11,28,33,38|10,12,23,31,35,40
2,3,14,20,29,38|6,8,9,22,26,33|10,12,23,31,35,40
2,11,20,27,29,30|6,8,9,22,26,33|10,12,23,31,35,40
3,6,9,20,28,30|8,10,12,14,33,35|17,23,26,31,32,40
3,6,26,28,29,30|8,9,20,25,32,33|10,12,23,31,35,40
3,9,11,22,28,30|8,10,12,14,33,35|17,23,26,31,32,40
3,11,17,25,30,32|6,8,9,22,26,33|10,12,23,31,35,40
3,14,20,26,29,30|6,9,11,28,33,38|8,10,31,32,34,40
3,17,22,28,30,32|8,9,11,14,26,33|10,12,23,31,35,40
6,17,28,32,33,38|8,11,20,27,29,34|10,12,23,31,35,40
1,9,12,17,23,25|2,6,7,22,26,32|8,10,20,31,33,35
1,12,25,34,38,40|2,6,7,22,26,32|8,10,20,31,33,35
2,7,11,14,26,32|3,9,12,20,25,30|8,10,22,28,33,35
1,2,3,6,22,34|8,9,11,26,31,33|10,12,23,25,35,40
1,2,3,11,14,34|6,8,9,26,28,33|10,12,23,25,35,40
1,2,3,14,32,38|6,8,9,26,28,33|10,12,23,25,35,40
1,2,11,27,30,32|6,8,9,26,28,33|10,12,23,25,35,40
1,8,10,29,31,34|2,3,6,17,22,38|9,11,20,23,27,32
1,8,11,27,32,34|2,3,6,17,22,38|9,10,20,23,29,31
1,8,26,31,34,40|2,3,6,17,22,38|9,10,11,23,25,29
1,9,11,17,23,25|2,3,8,26,29,31|6,10,22,32,33,34
1,9,17,20,23,31|2,3,11,25,29,38|6,10,22,32,33,34
1,9,17,22,23,28|2,3,8,26,29,31|10,11,14,32,33,34
1,11,12,23,27,35|2,3,6,17,22,38|8,9,14,20,26,33
1,11,25,32,33,34|2,3,6,17,22,38|9,10,20,23,29,31
1,17,23,26,29,31|2,3,8,9,11,25|6,10,22,32,33,34
1,20,31,32,33,34|2,3,6,17,22,38|9,10,11,23,25,29
2,3,6,17,22,38|8,9,11,26,31,33|10,12,23,25,35,40
2,3,11,14,17,38|6,8,9,26,28,33|10,12,23,25,35,40
2,3,20,29,31,38|6,8,9,26,28,33|10,12,23,25,35,40
2,3,22,28,29,38|8,9,11,26,31,33|10,12,23,25,35,40
3,6,17,22,26,30|8,10,12,31,33,35|9,11,20,23,27,32
3,9,11,20,25,30|6,10,22,32,33,34|8,17,26,31,38,40
3,9,20,22,28,30|8,10,12,31,33,35|11,23,26,27,29,32
3,11,14,17,26,30|6,9,20,28,33,38|8,10,25,32,34,40
3,17,20,25,30,32|6,8,9,26,28,33|10,11,14,34,38,40
3,22,26,28,29,30|8,10,12,31,33,35|9,11,20,23,27,32
1,2,3,6,28,34|8,9,11,20,27,38|10,14,17,23,26,29
1,2,3,14,20,34|6,9,10,17,23,28|8,11,26,27,29,38
1,2,20,27,30,32|6,9,10,17,23,28|11,25,26,29,33,38
1,9,17,20,23,25|2,7,12,14,26,32|6,10,28,34,38,40
1,11,14,26,33,34|2,3,6,17,28,38|9,10,20,23,25,29
1,12,20,23,27,35|2,3,6,17,28,38|8,9,11,25,26,33
1,17,23,25,26,29|6,10,28,32,33,34|8,9,11,20,27,38
2,3,11,17,31,38|6,10,28,32,33,34|9,20,23,25,26,40
1,2,3,20,31,34|6,17,26,28,33,38|10,11,12,23,27,35
1,2,3,22,28,34|8,9,20,25,26,33|10,11,12,23,27,35
2,3,17,22,28,38|8,9,20,25,26,33|10,11,12,23,27,35
1,12,23,31,35,40|3,6,9,11,22,30|8,14,26,29,32,33
1,8,12,31,33,35|2,3,6,22,29,38|9,11,14,23,26,40
1,12,23,25,35,40|2,3,6,8,9,22|11,14,17,32,33,38
2,3,6,8,9,22|10,12,14,23,35,40|11,20,29,31,33,34
2,3,6,22,29,38|8,9,11,25,32,33|10,12,14,23,35,40
2,3,8,25,29,32|6,9,11,22,33,38|10,12,14,23,35,40
3,6,22,26,29,30|8,9,11,25,32,33|10,12,14,23,35,40
3,20,25,29,30,32|6,9,11,22,33,38|10,12,14,23,35,40
6,9,10,16,21,38|8,12,25,27,35,39|13,14,15,26,28,34
6,13,16,26,28,34|8,12,25,27,35,39|9,10,14,15,21,38
8,12,25,27,35,39|9,10,14,15,21,38|11,13,16,26,31,34
1,6,9,16,21,38|8,12,14,27,35,39|13,15,22,25,32,34
1,3,11,25,30,34|2,7,12,31,32,38|6,9,23,26,28,33
1,3,22,28,30,34|2,7,12,31,32,38|9,14,20,23,26,33
1,3,25,30,32,38|2,6,7,12,28,34|8,9,10,17,23,31
1,6,28,33,34,38|2,3,9,11,23,25|7,12,26,30,31,32
1,14,20,33,34,38|2,3,9,11,23,25|7,12,26,30,31,32
2,3,9,22,23,28|7,12,26,30,31,32|8,17,20,25,33,34
2,7,11,12,31,34|3,10,14,30,32,38|6,9,23,26,28,33
2,7,12,31,32,38|3,6,10,22,30,34|9,14,20,23,26,33
1,3,12,25,30,34|2,7,8,26,31,32|10,22,23,28,33,35
2,6,7,20,28,34|3,12,17,25,30,38|8,10,11,23,27,35
2,7,11,20,31,34|3,12,17,25,30,38|10,22,23,28,33,35
2,7,11,22,28,34|3,12,17,25,30,38|10,20,23,31,33,35
1,3,6,28,30,34|2,7,12,14,32,38|8,9,10,23,25,29
1,3,11,30,31,34|2,7,12,14,32,38|6,9,22,23,26,33
1,3,30,31,32,38|2,6,7,12,22,34|8,9,10,14,17,23
1,6,22,33,34,38|2,3,9,11,23,31|7,12,14,26,30,32
1,8,25,34,38,40|2,3,6,9,23,28|7,12,14,26,30,32
2,3,6,9,23,28|7,12,14,26,30,32|8,11,17,25,33,34
2,3,9,11,23,31|7,12,14,26,30,32|8,17,22,28,33,34
2,6,7,12,22,34|3,8,9,20,25,30|10,14,17,23,29,38
2,7,11,12,14,34|3,6,17,28,30,38|8,9,10,23,25,29
1,3,12,30,31,34|2,6,7,28,32,38|10,14,20,23,33,35
1,8,20,23,27,35|2,6,7,11,28,34|3,12,17,30,31,38
1,20,23,25,33,35|2,6,7,11,28,34|3,12,17,30,31,38
2,6,7,11,28,34|3,12,17,30,31,38|10,14,20,23,33,35
2,7,8,14,26,32|3,12,17,30,31,38|6,10,23,28,33,35
2,7,11,14,20,34|3,12,17,30,31,38|6,10,23,28,33,35
2,3,8,10,14,34|7,12,25,26,30,32|9,11,20,23,27,38
2,7,11,12,25,34|3,10,30,31,32,38|9,22,23,26,28,33
2,7,12,22,28,34|3,8,17,25,26,30|9,11,20,23,27,38
2,7,12,25,32,38|3,6,10,28,30,34|8,9,11,23,26,27
1,3,12,14,30,34|2,6,7,22,32,38|8,10,23,25,35,40
1,20,23,31,33,35|2,6,7,11,22,34|3,8,9,12,25,30
1,22,23,28,33,35|2,7,11,14,32,38|3,8,9,12,25,30
2,6,7,22,32,38|3,8,9,12,25,30|10,11,14,23,33,35
2,7,11,14,32,38|3,8,9,12,25,30|6,10,22,23,33,35
2,15,21,27,30,32|6,13,16,28,34,38|9,14,17,23,25,39
2,13,21,22,26,30|6,15,16,27,34,38|9,17,23,25,31,39
1,3,8,12,14,35|2,6,9,11,22,33|17,20,25,30,32,40
1,6,9,10,28,30|2,8,11,26,27,29|3,17,20,31,32,38
1,10,14,26,29,30|2,8,9,11,20,27|3,17,22,28,32,38
1,10,17,30,31,32|2,8,9,11,20,27|3,6,26,28,29,38
1,2,11,25,34,40|3,6,8,9,22,26|10,17,20,29,30,31
1,2,20,31,34,40|3,6,8,9,22,26|10,11,17,25,29,30
1,2,22,28,34,40|3,8,9,11,14,26|10,17,20,29,30,31
1,2,25,32,38,40|3,6,8,9,22,26|10,17,20,29,30,31
1,3,8,12,25,35|2,6,9,20,28,33|10,14,26,30,32,40
1,25,26,30,32,40|2,6,9,20,28,33|3,8,10,12,14,35
2,6,9,20,28,33|3,8,10,12,14,35|11,17,25,26,30,40
2,9,11,22,28,33|3,8,10,12,14,35|17,20,26,30,31,40
1,2,6,28,34,40|3,8,9,11,25,32|10,14,17,20,29,30
1,3,6,22,32,34|2,8,9,20,25,40|10,11,17,29,30,31
1,3,8,12,31,35|2,6,9,11,28,33|10,14,17,20,29,30
1,8,9,17,20,25|2,3,6,26,28,29|10,11,12,31,33,35
1,8,12,20,27,35|2,3,6,26,28,29|10,11,25,32,34,40
1,8,17,25,26,29|2,3,6,9,20,28|10,11,12,31,33,35
1,12,20,25,33,35|2,3,6,26,28,29|8,9,10,11,17,31
1,25,26,32,38,40|2,3,9,20,22,28|8,10,11,12,27,35
1,11,12,31,33,35|2,3,6,17,22,32|8,9,10,14,20,29
1,12,14,20,33,35|2,3,6,9,11,22|8,10,17,29,31,32
1,14,17,20,29,38|2,3,6,9,11,22|8,10,12,31,35,40
2,3,6,9,11,22|8,10,12,31,35,40|14,20,26,29,32,33
1,6,10,22,29,34|2,3,9,11,14,20|8,17,25,26,32,40
1,6,22,26,34,40|2,3,9,11,14,20|8,10,17,25,29,32
1,8,9,10,14,32|2,3,6,22,26,29|11,17,20,25,34,40
1,8,9,11,17,25|2,3,6,22,26,29|10,14,20,32,34,40
1,8,9,17,20,31|2,3,6,22,26,29|10,11,12,14,33,35
1,8,17,26,29,31|2,3,6,9,11,28|10,14,20,32,34,40
1,10,11,14,29,34|2,3,6,9,20,22|8,17,25,26,32,40
1,11,14,26,34,40|2,3,6,9,20,22|8,10,17,25,29,32
1,12,20,31,33,35|2,3,6,9,11,28|8,10,17,25,29,32
1,12,22,28,33,35|2,3,9,11,14,20|8,10,17,25,29,32
1,17,20,29,31,38|2,3,6,9,11,28|8,10,12,25,35,40
1,17,22,28,29,38|2,3,9,11,14,20|8,10,12,25,35,40
2,3,6,9,11,28|8,10,12,25,35,40|20,26,29,31,32,33
2,3,6,9,20,22|8,10,12,25,35,40|11,14,17,26,32,33
2,3,9,11,14,20|6,10,12,22,33,35|8,17,25,26,32,40
2,3,14,17,20,32|6,9,11,22,26,33|8,10,12,25,35,40
1,2,3,21,33,38|7,12,13,26,28,30|10,15,18,23,25,34
1,3,21,26,30,33|2,7,12,13,28,38|10,15,18,23,25,34
1,18,21,23,26,38|2,10,13,28,30,33|3,7,12,15,25,34
1,19,21,23,26,38|2,10,13,22,30,33|3,7,12,15,31,34
7,12,13,22,26,30|8,15,17,27,33,38|10,11,18,21,23,34
2,3,17,21,23,40|7,12,13,28,30,32|8,15,27,29,33,38
6,10,16,19,23,34|7,12,13,28,30,32|8,15,27,29,33,38
1,2,13,28,30,33|3,6,7,12,16,34|8,17,18,21,23,26
1,3,13,22,30,38|2,7,12,21,32,33|6,10,16,18,23,34
1,7,12,17,21,30|2,3,15,23,27,29|6,8,10,13,33,34
1,8,13,28,33,34|2,3,15,23,27,29|7,12,21,26,30,40
1,15,18,23,25,34|2,3,8,17,21,33|6,7,12,13,26,30
1,15,23,27,34,40|2,3,8,17,21,33|6,7,12,13,26,30
1,16,18,23,28,34|2,3,8,17,21,33|6,7,12,13,26,30
1,18,20,21,23,34|2,6,7,12,13,38|3,8,15,17,27,30
2,3,8,17,21,33|6,7,12,13,26,30|10,14,15,18,23,34
2,3,15,23,27,29|6,7,12,13,26,30|8,10,21,33,34,40
2,6,7,12,13,38|3,8,15,17,27,30|10,11,19,21,23,34
2,6,10,13,30,33|3,7,12,14,15,34|8,17,18,21,23,26
2,7,12,21,32,33|3,8,15,17,27,30|6,10,16,18,23,34
2,7,12,21,38,40|3,8,15,17,27,30|6,10,16,18,23,34
2,8,10,18,21,30|3,6,7,12,16,34|9,11,15,23,27,33
2,10,21,30,33,40|3,6,7,12,16,34|15,17,18,23,25,38
6,7,12,13,26,30|8,10,21,33,34,40|15,17,18,23,25,38
6,8,10,13,33,34|7,12,15,27,30,32|16,17,18,23,28,38
6,10,16,18,23,34|7,12,15,27,30,32|8,13,17,28,33,38
7,12,15,27,30,32|8,10,21,33,34,40|16,17,18,23,28,38
7,12,21,26,30,40|8,13,17,28,33,38|10,14,15,18,23,34
1,6,16,18,23,34|2,3,8,21,29,33|7,12,13,22,30,32
1,14,15,18,23,34|2,3,8,21,29,33|7,12,13,22,30,32
1,15,19,23,31,34|2,3,8,21,29,33|7,12,13,22,30,32
2,3,8,21,29,33|6,16,17,18,23,38|7,12,13,22,30,32
1,2,13,28,33,38|3,6,9,23,25,27|8,10,18,21,26,30
1,2,18,21,23,26|3,6,10,16,33,34|7,12,15,27,32,38
1,10,17,21,30,33|3,6,9,23,25,27|7,12,13,20,28,34
1,13,26,28,30,33|2,8,10,18,21,38|3,6,9,23,25,27
2,8,10,18,21,38|3,6,9,23,25,27|7,12,13,20,28,34
2,10,21,33,38,40|3,6,9,23,25,27|7,12,13,20,28,34
3,8,17,21,26,33|6,7,12,27,31,34|10,15,18,25,30,38
3,13,17,22,23,26|6,7,12,27,31,34|10,15,18,25,30,38
3,15,17,25,33,38|6,7,12,27,31,34|8,10,18,21,26,30
3,16,17,28,33,38|6,7,12,27,31,34|8,10,18,21,26,30
1,2,13,22,33,38|3,6,9,23,27,31|8,10,19,21,26,30
1,2,19,21,23,26|3,6,8,10,13,34|14,17,27,28,30,33
1,3,8,13,28,34|2,10,18,21,23,32|6,17,25,27,30,33
2,8,10,19,21,38|3,6,9,23,27,31|7,11,12,13,28,34
2,8,15,17,27,33|3,9,13,20,23,28|10,11,18,21,30,38
2,10,18,21,23,32|3,8,13,17,28,38|6,7,12,14,27,34
3,6,9,23,27,31|7,11,12,13,28,34|8,10,19,21,26,30
3,8,10,21,34,40|6,17,25,27,30,33|7,12,13,28,32,38
3,9,11,15,23,27|7,12,13,20,22,34|8,10,19,21,26,30
3,9,13,20,23,28|6,7,12,14,27,34|8,10,19,21,26,30
3,9,14,22,23,27|7,11,12,13,28,34|8,10,19,21,26,30
3,13,23,26,28,29|6,7,12,14,27,34|10,11,18,21,30,38
3,15,17,23,27,32|7,11,12,13,28,34|8,10,19,21,26,30
3,15,17,31,33,38|6,7,12,14,27,34|8,10,19,21,26,30
3,16,17,22,33,38|6,7,12,14,27,34|8,10,19,21,26,30
3,17,21,23,26,40|6,7,12,14,27,34|10,13,28,30,32,33
1,2,19,21,23,32|3,6,8,9,16,33|7,12,14,15,34,40
1,6,16,18,30,38|2,8,13,28,29,33|3,9,11,21,23,40
1,11,19,21,30,38|2,6,8,13,17,33|3,9,15,23,31,40
1,13,22,30,32,33|2,6,16,17,18,23|7,12,14,15,34,40
1,13,22,30,38,40|2,6,16,17,18,23|3,8,9,14,15,33
1,14,15,18,30,38|2,6,8,13,17,33|3,9,11,21,23,40
1,15,19,30,31,38|2,6,8,13,17,33|3,9,11,21,23,40
1,16,19,22,30,38|2,6,8,13,17,33|3,9,11,21,23,40
2,11,17,19,21,23|3,6,8,9,16,33|7,12,14,15,34,40
2,18,20,21,23,29|3,6,8,9,16,33|7,12,14,15,34,40
3,6,16,29,33,38|7,12,14,15,34,40|8,10,19,21,30,32
3,13,23,28,29,32|6,7,12,16,34,40|8,15,17,18,25,30
3,14,15,29,33,38|6,7,12,16,34,40|8,10,19,21,30,32
1,6,16,19,30,38|2,8,13,22,29,33|3,9,14,15,23,40
1,14,15,19,30,38|2,6,13,17,23,40|3,8,21,29,32,33
1,2,8,18,21,38|3,6,9,14,23,27|7,11,12,13,22,34
1,2,21,33,38,40|3,6,9,14,23,27|7,11,12,13,22,34
1,3,8,13,22,34|2,10,19,21,23,32|6,17,27,30,31,33
1,6,13,26,30,33|2,10,19,21,23,32|3,8,15,27,29,38|7,12,16,28,34,40
1,7,8,9,12,21|2,15,17,18,23,25|3,16,28,29,33,38
1,7,12,21,29,38|2,8,13,17,28,33|3,6,9,14,23,27
1,8,18,21,26,30|2,15,17,23,27,40|3,16,28,29,33,38|6,7,12,13,20,34
1,10,21,29,30,33|2,15,17,18,23,25|6,7,12,13,20,34
1,15,18,25,30,38|2,8,13,17,28,33|3,6,9,14,23,27|7,12,20,21,34,40
1,15,27,30,32,33|2,16,17,18,23,28|6,7,12,13,20,34
1,16,18,28,30,38|2,10,19,21,23,32|3,8,9,15,25,33|6,7,12,13,20,34
1,18,20,21,30,38|2,8,13,17,28,33|3,6,9,14,23,27|7,12,15,25,34,40
1,21,26,30,33,40|2,15,17,18,23,25|6,7,12,13,20,34
2,8,13,17,28,33|3,6,9,14,23,27|7,12,15,25,34,40|10,11,19,21,30,38
2,10,19,21,23,32|3,6,16,17,33,38|7,11,12,13,22,34
2,15,17,18,23,25|3,8,9,16,28,33|6,7,12,13,20,34|10,11,19,21,30,38
2,15,17,23,27,40|3,8,9,16,28,33|6,7,12,13,20,34|10,11,19,21,30,38
2,16,17,18,23,28|3,8,9,15,25,33|6,7,12,13,20,34|10,11,19,21,30,38
2,17,18,20,21,23|3,8,9,15,25,33|7,11,12,13,22,34
3,6,9,14,23,27|7,11,12,13,22,34|10,15,19,30,31,38
3,8,9,15,25,33|6,7,12,13,20,34|10,11,19,21,30,38
3,8,9,16,28,33|6,7,12,13,20,34|10,11,19,21,30,38
3,8,9,20,21,33|6,10,16,18,30,38|7,11,12,13,22,34
3,8,13,17,22,38|7,12,15,25,34,40|27,28,29,30,31,33
3,8,21,26,29,33|6,7,12,13,20,34|10,14,15,18,30,38
3,9,11,13,23,28|6,10,16,18,30,38|7,12,15,25,34,40
3,9,13,20,22,23|6,10,16,18,30,38|7,12,15,25,34,40
3,13,17,23,28,32|6,10,16,18,30,38|7,12,15,25,34,40
3,13,22,23,26,29|6,10,16,18,30,38|7,12,15,25,34,40
1,2,8,19,21,38|3,6,9,13,20,23|7,12,15,31,34,40|14,27,28,29,30,33
1,2,18,21,23,32|3,6,8,13,17,38|7,12,15,31,34,40|14,27,28,29,30,33
1,3,6,8,13,34|2,11,17,18,21,23|10,14,15,19,30,38
1,3,8,21,34,40|2,15,17,18,23,31|6,7,12,13,32,38|14,27,28,29,30,33
1,3,17,21,23,29|6,7,11,12,13,34|10,14,15,19,30,38
1,8,19,21,26,30|2,13,17,23,28,40|3,15,29,31,33,38
1,11,18,21,30,38|2,8,13,17,22,33|3,9,15,23,25,40
1,13,28,30,32,33|2,11,17,18,21,23|7,12,15,31,34,40
1,15,18,30,31,38|2,8,13,17,22,33|3,9,16,23,28,40
1,15,19,25,30,38|2,8,13,17,22,33|3,9,16,23,28,40
1,16,18,22,30,38|2,8,15,27,29,33|3,6,9,13,20,23|7,11,12,21,34,40
1,16,19,28,30,38|2,8,13,17,22,33|3,9,15,23,25,40
1,19,20,21,30,38|2,8,13,17,22,33|3,9,15,23,25,40
2,8,13,17,22,33|3,9,15,23,25,40|6,10,16,19,30,38
2,8,15,27,29,33|3,6,9,13,20,23|7,11,12,21,34,40
2,11,17,18,21,23|3,8,9,15,31,33|6,7,12,13,32,38
2,13,17,23,28,40|3,8,9,11,21,33|6,10,16,19,30,38
2,15,17,18,23,31|3,8,9,11,21,33|6,7,12,13,32,38
2,15,17,19,23,25|3,8,9,11,21,33|6,7,12,13,32,38
2,16,17,18,22,23|3,8,9,11,21,33|6,7,12,13,32,38
2,16,17,19,23,28|3,8,9,11,21,33|6,7,12,13,32,38
2,17,19,20,21,23|3,8,9,15,31,33|6,7,11,12,13,34
3,6,8,13,17,38|7,11,12,21,34,40|14,27,28,29,30,33
3,6,9,13,20,23|7,11,12,21,34,40|10,14,15,19,30,38
3,6,13,23,26,29|7,11,12,21,34,40|10,14,15,19,30,38
3,8,9,16,22,33|6,7,11,12,13,34|10,14,15,19,30,38
3,8,13,28,29,38|6,14,17,27,30,33|7,11,12,21,34,40
3,8,17,21,32,33|6,7,11,12,13,34|10,14,15,19,30,38
3,8,17,21,38,40|6,7,11,12,13,34|14,27,28,29,30,33
3,9,11,13,22,23|6,10,16,19,30,38|7,12,15,31,34,40
3,9,15,23,25,40|6,7,11,12,13,34|8,10,18,21,30,32
3,9,16,23,28,40|6,7,11,12,13,34|8,10,18,21,30,32
3,9,20,21,23,40|6,7,11,12,13,34|10,14,15,19,30,38
3,13,17,22,23,32|6,10,16,19,30,38|7,11,12,21,34,40
3,15,29,31,33,38|6,7,11,12,13,34|8,10,18,21,30,32
3,16,22,29,33,38|6,7,11,12,13,34|8,10,18,21,30,32
3,21,23,26,29,40|6,7,11,12,13,34|10,14,15,19,30,38
1,2,6,13,30,40|8,11,18,21,29,38|9,14,15,19,20,23
1,2,6,16,19,30|8,9,11,21,33,40|14,15,17,18,23,32
1,2,14,15,19,30|6,8,9,11,13,33|16,18,23,28,29,32
1,6,8,16,19,34|3,11,13,22,29,30|14,15,17,18,23,32
3,6,13,20,29,30|8,9,11,21,33,40|14,15,17,18,23,32
3,6,16,17,30,40|8,11,18,21,29,38|9,14,15,19,20,23
3,14,15,17,30,40|6,8,9,11,13,33|16,18,23,28,29,32
3,15,25,29,30,40|6,8,9,11,13,33|16,17,19,22,23,32
3,16,28,29,30,40|6,8,9,11,13,33|14,15,17,18,23,32
3,20,21,29,30,40|6,8,9,11,13,33|14,15,17,18,23,32
1,2,6,16,18,30|8,9,11,13,22,33|15,17,19,23,25,32
1,2,11,19,21,30|6,8,9,13,20,33|14,15,18,23,26,29
1,2,13,22,30,40|6,8,16,17,18,38|9,11,15,19,23,25
1,2,14,15,18,30|6,8,9,13,20,33|11,19,21,23,26,29
1,2,15,19,30,31|6,8,9,13,20,33|11,17,18,21,23,32
1,2,16,19,22,30|6,8,9,13,20,33|11,17,18,21,23,32
1,3,6,13,30,32|8,9,15,25,33,40|11,19,21,23,26,29
1,3,21,30,32,40|6,8,9,13,20,33|14,15,18,23,26,29
1,6,8,16,18,34|2,3,14,15,29,33|9,11,13,23,28,40
1,6,16,33,34,40|2,3,8,13,22,29|9,11,15,18,23,31
1,8,11,19,21,34|2,3,6,16,29,33|9,13,20,22,23,40
1,8,13,22,34,40|2,3,6,16,29,33|9,11,15,18,23,31
1,8,14,15,18,34|2,3,6,16,29,33|9,11,13,23,28,40
1,8,15,19,31,34|2,3,6,16,29,33|9,11,13,23,28,40
1,8,16,19,22,34|2,3,14,15,29,33|9,11,13,23,28,40
1,8,19,21,32,38|2,3,6,16,29,33|9,11,13,23,28,40
1,14,15,33,34,40|2,3,8,13,22,29|6,9,16,18,20,23
2,3,6,16,29,33|8,11,17,19,21,38|9,13,20,22,23,40
2,3,14,15,29,33|6,8,16,17,18,38|9,11,13,23,28,40
3,6,11,13,17,30|8,9,15,25,33,40|16,19,22,23,26,29
3,6,14,27,29,30|8,9,11,13,22,33|15,17,18,23,31,32
3,11,13,28,29,30|6,8,16,17,18,38|9,14,19,22,23,25
3,11,17,21,30,40|6,8,9,13,20,33|14,15,18,23,26,29
3,13,20,22,29,30|6,8,16,17,18,38|9,11,15,19,23,25
3,15,17,30,31,40|6,8,9,13,20,33|11,19,21,23,26,29
3,16,17,22,30,40|6,8,9,13,20,33|11,19,21,23,26,29
1,2,11,18,21,30|6,8,9,14,27,33|13,23,26,28,29,40
1,2,13,28,30,40|6,8,9,14,27,33|11,18,21,23,26,29
1,2,15,18,30,31|6,8,9,14,27,33|10,17,21,23,29,40
1,2,15,19,25,30|6,8,9,14,27,33|10,17,21,23,29,40
1,2,16,18,22,30|6,8,9,14,27,33|10,17,21,23,29,40
1,2,16,19,28,30|6,8,9,14,27,33|10,17,21,23,29,40
1,2,19,20,21,30|6,8,9,14,27,33|13,23,26,28,29,40
1,3,13,22,30,32|6,8,9,14,27,33|10,17,21,23,29,40
1,6,11,13,33,34|2,3,8,17,21,40|9,14,18,22,23,25
1,6,13,32,33,38|2,3,8,17,21,40|9,11,15,18,23,25
1,8,11,18,21,34|2,3,15,29,31,33|6,13,17,23,26,40
1,8,13,28,34,40|2,3,11,21,29,33|6,9,18,23,25,31
1,8,15,18,31,34|2,3,11,21,29,33|6,13,17,23,26,40
1,8,15,19,25,34|2,3,11,21,29,33|6,9,23,27,31,40
1,8,16,18,22,34|2,3,11,21,29,33|6,9,23,27,31,40
1,8,16,19,28,34|2,3,11,21,29,33|6,9,18,23,25,31
1,8,18,21,32,38|2,3,15,29,31,33|6,13,17,23,26,40
1,8,19,20,21,34|2,3,15,29,31,33|6,13,17,23,26,40
1,11,21,33,34,40|2,3,6,8,13,17|9,14,18,22,23,25
1,15,31,33,34,40|2,3,6,8,13,17|9,11,16,18,23,28
1,16,22,33,34,40|2,3,6,8,13,17|9,11,15,18,23,25
1,21,32,33,38,40|2,3,6,8,13,17|9,11,15,18,23,25
2,3,8,13,28,29|6,9,18,23,25,31|11,17,21,33,38,40
2,3,8,17,21,40|6,9,18,23,25,31|11,13,28,29,33,38
2,3,11,21,29,33|6,8,10,13,34,40|9,14,18,22,23,25
2,3,15,29,31,33|6,8,10,13,34,40|9,11,16,18,23,28
2,3,16,22,29,33|6,8,10,13,34,40|9,11,15,18,23,25
2,6,7,12,13,32|3,11,15,27,29,30|8,16,17,18,22,38|9,14,19,23,25,28
2,6,10,13,30,40|8,11,17,18,21,38|9,14,19,23,25,28
2,6,10,16,19,30|8,9,11,13,28,33|15,17,18,23,25,32
2,7,12,21,32,40|3,6,13,17,20,30|8,10,14,15,19,34|9,11,16,18,23,28
2,10,14,15,19,30|6,9,18,23,25,31|8,13,17,28,32,33
3,6,13,17,20,30|8,10,14,15,19,34|9,11,16,18,23,28
3,6,27,29,30,31|8,9,11,13,28,33|14,15,17,19,23,26
3,11,13,17,22,30|6,8,9,14,27,33|15,18,23,26,29,31
3,11,15,27,29,30|6,8,10,13,34,40|9,14,18,22,23,25
3,13,20,28,29,30|6,8,9,14,27,33|15,17,18,23,25,32
3,14,22,27,29,30|6,8,10,13,34,40|9,11,15,18,23,25
3,15,17,25,30,40|6,8,9,14,27,33|11,18,21,23,26,29
3,16,17,28,30,40|6,8,9,14,27,33|11,18,21,23,26,29
3,17,20,21,30,40|6,8,9,14,27,33|15,18,23,26,29,31
6,8,10,16,19,34|9,11,15,18,23,25|13,20,22,29,33,38
6,9,18,23,25,31|8,10,14,15,19,34|11,13,28,29,33,38
6,9,23,27,31,40|8,10,14,15,19,34|11,13,28,29,33,38
6,11,13,17,33,38|8,10,14,15,19,34|9,16,18,20,22,23
8,10,14,15,19,34|9,11,16,18,23,28|13,20,22,29,33,38
1,2,7,12,21,29|3,6,10,13,30,32|8,9,11,15,27,33|16,17,19,22,23,26
1,2,15,18,25,30|6,8,9,27,31,33|10,13,17,22,23,29
1,2,15,27,30,40|6,8,10,16,18,34|9,19,23,25,28,31|11,13,17,22,33,38
1,2,16,18,28,30|6,8,9,27,31,33|10,13,17,22,23,29
1,2,18,20,21,30|6,8,9,27,31,33|10,13,17,22,23,29
1,3,13,28,30,32|6,8,9,27,31,33|11,17,19,21,23,26
1,6,13,20,33,34|2,3,8,15,27,29|9,14,18,23,25,28
1,8,15,18,25,34|2,3,6,16,17,33|9,14,23,27,28,40
1,8,15,27,34,40|2,3,6,16,17,33|9,14,18,23,25,28
1,8,16,18,28,34|2,3,14,15,17,33|6,9,23,25,27,40
1,8,18,20,21,34|2,3,6,16,17,33|9,14,23,27,28,40
1,11,13,22,33,34|2,3,8,15,27,29|6,16,17,18,23,26
1,13,22,32,33,38|2,3,8,15,27,29|6,16,17,18,23,26
1,15,17,23,27,29|2,6,10,16,18,30|8,9,13,20,28,33
1,15,25,33,34,40|2,3,8,13,17,22|9,16,18,20,23,28
1,16,28,33,34,40|2,3,8,13,17,22|9,15,18,20,23,25
1,19,21,23,26,32|2,3,6,16,17,33|8,10,13,22,34,40
1,20,21,33,34,40|2,3,8,13,17,22|9,14,18,23,25,28
2,3,6,16,17,33|8,10,11,19,21,34|9,14,18,23,25,28
2,3,8,15,27,29|6,10,16,33,34,40|9,14,18,23,25,28
2,3,14,15,17,33|6,8,10,16,18,34|9,19,23,25,28,31
2,3,15,25,29,33|6,8,10,16,18,34|9,14,23,27,28,40
2,3,16,28,29,33|6,9,23,25,27,40|8,10,11,19,21,34
2,3,20,21,29,33|6,8,10,16,18,34|9,14,23,27,28,40
2,6,10,16,18,30|8,9,11,15,27,33|13,17,22,23,26,40
2,7,12,13,22,32|3,6,14,17,27,30|8,10,11,19,21,34|9,15,18,20,23,25
2,10,11,19,21,30|6,8,9,27,31,33|13,17,22,23,26,40
2,10,13,22,30,40|6,8,9,27,31,33|11,17,19,21,23,26
2,10,14,15,18,30|6,8,9,27,31,33|11,17,19,21,23,26
2,10,15,19,30,31|6,8,13,17,26,33|9,14,18,23,25,28
2,10,16,19,22,30|6,8,9,27,31,33|14,15,17,18,23,26
3,6,10,13,30,32|8,9,11,15,27,33|16,17,19,22,23,26
3,6,14,17,27,30|8,9,13,20,28,33|15,18,23,25,26,29
3,6,25,27,29,30|8,9,13,20,28,33|11,17,19,21,23,26
3,10,21,30,32,40|6,8,9,27,31,33|14,15,17,18,23,26
3,11,13,17,28,30|6,8,9,27,31,33|15,18,23,25,26,29
3,13,17,20,22,30|6,8,9,27,31,33|15,18,23,25,26,29
3,14,27,28,29,30|6,8,10,16,18,34|11,13,17,22,33,38
3,15,20,27,29,30|6,8,10,16,18,34|9,19,23,25,28,31|11,13,17,22,33,38
3,22,27,29,30,31|6,8,10,16,18,34|11,17,19,21,23,26
6,8,10,16,18,34|9,14,23,27,28,40|11,13,17,22,33,38
6,9,23,25,27,40|8,10,11,19,21,34|13,20,28,29,33,38
6,13,17,20,33,38|8,10,11,19,21,34|9,14,18,23,25,28
6,27,29,31,33,38|8,10,11,19,21,34|9,14,18,23,25,28
8,10,13,22,34,40|9,14,18,23,25,28|11,15,27,29,33,38
8,10,14,15,18,34|9,19,23,25,28,31|11,13,17,22,33,38
8,10,15,19,31,34|9,14,18,23,25,28|11,13,17,22,33,38
8,10,16,19,22,34|9,14,18,23,25,28|11,15,27,29,33,38
1,2,3,6,13,38|8,9,14,27,28,33|11,17,18,21,23,26
1,2,3,21,32,33|8,10,13,28,34,40|15,17,18,23,26,31
1,2,3,21,38,40|6,8,9,25,27,33|10,13,17,23,28,29
1,3,10,21,29,30|2,7,12,13,28,32|6,8,9,25,27,33|15,17,18,23,26,31
1,3,15,27,30,32|6,10,11,13,33,34|9,18,23,25,28,31
1,3,21,26,30,40|2,7,12,13,28,32|6,8,9,25,27,33
1,8,19,21,26,38|2,3,15,17,31,33|9,22,23,25,27,40
1,9,10,21,23,40|2,3,8,13,17,28|6,25,27,29,33,38
1,11,13,28,33,34|2,10,15,18,30,31|9,22,23,25,27,40
1,13,20,22,33,34|2,10,11,18,21,30|9,23,27,28,31,40
1,13,28,32,33,38|2,10,11,18,21,30|9,22,23,25,27,40
1,18,21,23,26,32|2,3,8,13,17,28|6,25,27,29,33,38
2,3,15,17,31,33|8,10,11,18,21,34|9,22,23,25,27,40
2,3,16,17,22,33|8,10,11,18,21,34|9,23,27,28,31,40
2,7,12,13,28,32|3,6,17,27,30,31|8,10,11,18,21,34
2,10,11,18,21,30|6,8,9,25,27,33|13,17,23,26,28,40
2,10,13,28,30,40|6,8,9,25,27,33|11,17,18,21,23,26
2,10,15,18,30,31|6,8,9,25,27,33|13,17,23,26,28,40
2,10,16,18,22,30|6,8,9,25,27,33|13,17,23,26,28,40
2,10,16,19,28,30|6,8,9,25,27,33|11,17,18,21,23,26
2,10,19,20,21,30|6,8,9,25,27,33|13,17,23,26,28,40
3,10,13,22,30,32|6,8,9,25,27,33|11,17,18,21,23,26
3,11,15,17,27,30|6,10,13,32,33,38|9,18,23,25,28,31
