6,21,28,31,33,34|8,10,15,29,38,39|13,16,22,23,26,32
6,22,28,33,34,39|8,10,16,21,29,38|13,15,23,26,31,32
8,10,15,29,38,39|11,13,21,23,26,32|14,16,22,25,33,34
8,10,16,21,29,38|11,14,28,33,34,39|13,15,23,26,31,32
8,13,14,15,26,38|11,16,20,21,33,34|17,23,25,28,29,39
2,18,28,29,33,39|3,8,9,19,21,25|13,17,22,27,30,40
2,21,27,29,33,40|3,6,17,19,38,39|10,13,15,18,30,32
1,7,9,12,13,15|2,8,17,19,21,27|3,18,28,29,38,39
1,13,15,18,26,30|2,8,17,19,21,27|3,9,28,33,39,40
2,6,17,19,33,39|3,8,9,14,18,21|13,27,28,29,30,40
2,8,13,15,17,18|3,6,9,33,39,40|16,19,27,28,29,30
2,8,19,21,27,29|3,6,9,13,14,33|17,18,28,30,39,40
2,13,15,17,33,40|3,6,8,9,18,39|16,19,27,28,29,30
2,14,17,19,21,33|3,6,8,9,18,39|13,27,28,29,30,40
2,15,16,17,19,33|3,6,8,9,18,39|13,27,28,29,30,40
2,18,21,29,31,33|3,8,9,19,22,39|6,13,17,27,30,40
2,18,22,29,33,39|3,8,9,19,21,31|6,13,17,27,30,40
2,19,28,29,33,39|3,8,9,14,18,21|6,13,17,27,30,40
1,6,10,14,34,39|2,3,21,25,31,32|11,13,16,22,26,38
1,8,9,25,28,39|2,3,6,15,21,26|11,16,22,27,31,34
1,8,15,17,26,39|2,3,21,25,31,32|6,16,22,27,28,34
1,8,16,17,21,26|2,3,22,25,32,39|6,15,27,28,31,34
1,14,17,21,25,38|2,3,28,31,32,39|11,15,16,20,27,34
1,14,17,28,38,39|2,3,6,15,21,26|11,16,22,27,31,34
1,15,17,20,38,39|2,3,21,25,31,32|6,16,22,27,28,34
1,15,17,21,28,38|2,3,6,14,26,39|11,16,22,27,31,34
1,16,17,20,21,38|2,3,6,14,26,39|11,13,25,28,31,34
1,17,22,31,38,39|2,3,6,15,21,26|11,14,16,27,28,34
1,25,28,29,38,39|2,3,6,15,21,26|11,16,22,27,31,34
2,3,6,14,26,39|8,9,10,15,16,25|11,21,27,31,32,38
2,3,6,15,21,26|8,9,10,14,28,39|11,16,22,27,31,34
2,3,14,15,16,26|6,8,9,10,25,39|11,21,27,31,32,38
2,3,21,25,31,32|6,10,14,17,38,39|11,15,16,20,27,34
2,3,22,25,32,39|6,10,15,17,21,38|11,14,16,27,28,34
2,3,28,31,32,39|6,10,15,17,21,38|14,16,20,22,27,34
6,8,9,10,25,39|11,13,15,26,31,38|14,16,20,22,27,34
6,8,26,27,32,39|10,14,15,16,17,38|11,13,25,28,31,34
6,10,14,17,38,39|8,15,16,26,27,32|11,13,25,28,31,34
6,11,21,27,28,34|8,9,10,15,16,25|13,14,22,26,31,38
6,13,14,25,26,38|8,9,10,15,20,39|11,16,22,27,31,34
6,13,15,26,28,38|8,9,10,14,21,25|11,16,22,27,31,34
6,14,25,27,31,34|8,9,10,15,20,39|11,13,16,22,26,38
6,15,22,25,27,34|8,9,10,14,28,39|16,20,21,26,32,33
6,15,27,28,31,34|8,9,10,14,21,25|11,13,16,22,26,38
6,16,22,27,28,34|8,9,10,14,21,25|11,13,15,26,31,38
6,20,21,22,27,34|8,9,10,14,28,39|11,13,15,26,31,38
6,25,26,32,33,39|8,9,10,15,21,28|11,16,22,27,31,34
6,25,26,38,39,40|8,9,10,15,21,28|11,16,22,27,31,34
8,9,10,15,16,25|11,14,20,21,27,34|22,26,31,32,33,39
8,9,10,22,31,39|11,14,15,25,27,34|16,20,21,26,32,33
8,10,15,26,29,39|11,13,25,28,31,34|14,20,21,27,32,38
10,14,21,25,29,38|11,15,16,20,27,34|22,26,31,32,33,39
10,15,16,25,29,38|11,14,20,21,27,34|22,26,31,32,33,39
10,22,29,31,38,39|11,14,15,25,27,34|16,20,21,26,32,33
1,10,11,15,34,39|2,3,14,21,26,31|16,22,25,27,32,38
1,10,14,21,31,34|2,3,11,15,26,39|16,22,25,27,32,38
1,10,14,22,34,39|2,3,11,16,21,26|15,25,27,31,32,38
1,10,15,16,31,34|2,3,14,22,26,39|11,21,25,27,32,38
1,10,15,32,38,39|2,3,11,16,21,26|13,20,25,28,31,34
1,10,16,21,32,38|2,3,6,26,31,39|14,15,20,25,27,34
1,17,21,25,31,38|2,3,11,15,26,39|14,16,20,27,28,34
1,17,28,31,38,39|2,3,11,16,21,26|14,15,20,25,27,34
2,3,6,26,31,39|10,11,16,17,21,38|14,15,20,25,27,34
2,3,11,15,26,39|6,16,20,25,27,34|10,14,17,21,31,38
2,3,11,16,21,26|6,10,17,31,38,39|14,15,20,25,27,34
2,3,14,22,26,39|6,15,25,27,28,34|10,11,16,17,21,38
2,3,15,16,26,31|6,20,21,27,28,34|8,9,10,22,25,39
2,3,15,21,22,26|6,10,17,31,38,39|14,16,20,27,28,34
8,22,26,27,32,39|10,11,16,17,21,38|13,20,25,28,31,34
1,11,15,29,38,39|6,8,13,16,26,32|14,20,21,31,34,40
1,14,21,29,31,38|6,8,13,16,26,32|11,15,20,34,39,40
2,3,6,14,32,39|8,17,21,25,29,31|15,16,22,28,34,40
2,3,6,15,21,32|8,17,22,25,29,39|14,16,28,31,34,40
6,13,14,25,32,38|8,17,28,29,31,39|11,16,20,21,34,40
6,13,15,28,32,38|8,17,21,25,29,31|14,20,22,34,39,40
6,13,16,20,32,38|8,17,21,25,29,31|11,14,28,34,39,40
1,6,17,31,38,39|2,3,14,21,25,32|11,13,16,20,28,34
1,8,9,21,25,31|2,3,14,28,32,39|6,11,13,16,26,38
1,8,9,22,25,39|2,3,15,21,28,32|6,11,13,16,26,38
1,8,9,28,31,39|2,3,14,21,25,32|6,11,13,16,26,38
1,11,16,17,21,38|2,3,6,25,32,39|13,14,20,28,31,34
1,14,17,21,31,38|2,3,6,25,32,39|11,13,16,20,28,34
1,15,17,21,22,38|2,3,6,25,32,39|11,13,16,20,28,34
1,22,25,29,38,39|2,3,15,21,28,32|6,11,16,27,31,34
2,3,6,25,32,39|8,9,10,11,16,21|13,14,20,28,31,34
2,3,14,21,25,32|6,8,9,10,31,39|11,13,16,20,28,34
2,3,14,28,32,39|6,11,13,16,26,38|8,9,10,15,21,22
2,3,15,20,32,39|6,11,13,16,26,38|8,9,10,14,21,31
2,3,15,21,28,32|6,8,9,10,31,39|11,14,16,22,27,34
2,3,16,20,21,32|6,8,9,10,31,39|11,13,14,15,26,38
6,8,9,10,31,39|11,13,14,15,26,38|21,22,25,28,34,40
6,10,29,31,38,39|8,13,15,25,26,32|11,14,16,22,27,34
6,11,13,16,26,38|8,9,10,14,21,31|20,22,25,34,39,40
6,11,16,27,31,34|8,9,10,14,22,39|13,15,20,25,32,38
6,11,21,22,27,34|8,9,10,15,16,31|13,14,25,28,32,38
6,11,27,32,38,39|8,9,10,14,21,31|13,15,20,22,28,34
6,13,14,26,31,38|8,9,10,11,15,39|21,22,25,28,34,40
6,13,15,22,26,38|8,9,10,11,16,21|20,28,31,34,39,40
6,13,20,25,31,34|8,9,10,11,15,39|14,16,22,27,32,38
6,13,22,25,28,34|8,9,10,11,15,39|14,21,26,31,32,33
6,14,15,27,28,34|8,9,10,11,16,21|13,22,25,31,32,38
6,14,16,20,27,34|8,9,10,11,15,39|13,22,25,31,32,38
6,15,22,27,31,34|8,9,10,11,16,21|13,14,25,28,32,38
6,16,27,31,32,38|8,9,10,11,15,39|13,14,20,22,25,34
6,21,22,27,32,38|8,9,10,11,15,39|13,14,20,28,31,34
6,26,31,32,33,39|8,9,10,11,16,21|13,14,20,22,25,34
6,26,31,38,39,40|8,9,10,11,16,21|13,14,20,22,25,34
8,10,16,17,21,32|11,13,14,15,26,38|20,22,25,34,39,40
8,13,15,25,26,32|10,11,16,21,29,38|20,28,31,34,39,40
8,13,16,26,28,32|10,11,15,29,38,39|20,21,25,31,34,40
8,13,20,21,26,32|10,11,15,29,38,39|16,25,28,31,34,40
1,6,8,9,25,39|2,3,11,16,21,32|13,14,20,22,31,34
1,6,25,29,38,39|2,3,11,16,21,32|13,14,20,22,31,34
1,8,9,14,21,25|2,3,6,31,32,39|11,13,15,22,28,34
1,8,9,15,20,39|2,3,11,16,21,32|6,13,22,28,31,34
1,8,9,15,21,28|2,3,6,31,32,39|11,13,14,22,25,34
1,8,9,16,20,21|2,3,6,31,32,39|11,13,14,22,25,34
1,8,9,22,31,39|2,3,11,16,21,32|6,13,14,20,25,34
1,8,15,26,29,39|2,3,11,16,21,32|6,13,14,20,25,34
1,8,16,21,26,29|2,3,6,31,32,39|11,13,14,22,25,34
1,14,21,25,29,38|2,3,6,31,32,39|11,13,15,22,28,34
1,15,20,29,38,39|2,3,11,16,21,32|6,13,22,28,31,34
1,15,21,28,29,38|2,3,6,31,32,39|11,13,14,22,25,34
1,16,20,21,29,38|2,3,6,31,32,39|11,13,14,22,25,34
1,22,29,31,38,39|2,3,11,16,21,32|6,13,14,20,25,34
6,8,9,10,15,21|11,13,14,22,25,34|28,31,32,38,39,40
6,10,14,29,38,39|8,11,13,21,26,32|15,16,20,25,34,40
6,10,15,21,29,38|8,13,16,22,26,32|11,28,31,34,39,40
6,14,16,27,32,38|8,17,25,28,29,39|11,13,15,20,31,34
6,15,21,26,32,33|8,17,25,28,29,39|11,13,16,20,22,34
6,15,21,26,38,40|8,17,25,28,29,39|11,13,16,20,22,34
8,11,13,21,26,32|10,14,15,16,29,38|20,22,31,34,39,40
2,10,13,15,19,34|3,9,18,21,31,38|7,16,27,28,35,40
1,2,13,15,18,34|3,9,19,21,31,38|7,16,22,27,35,40
2,8,9,19,21,27|3,6,17,18,34,39|7,13,25,28,35,40
2,9,18,21,31,33|3,6,13,27,29,34|7,16,19,25,28,35
2,9,18,22,33,39|3,6,13,27,29,34|7,16,19,25,28,35
2,9,19,21,25,33|3,6,13,27,29,34|7,11,18,28,35,39
2,9,19,28,33,39|3,6,13,27,29,34|7,11,18,21,25,35
2,13,15,17,18,38|3,21,27,29,34,40|7,16,19,25,28,35
2,19,21,27,29,38|3,6,17,18,34,39|7,13,25,28,35,40
2,6,9,18,33,39|3,13,15,17,34,40|7,11,19,21,25,35
2,9,14,18,21,33|3,6,17,19,34,39|7,13,22,25,35,40
2,9,15,16,18,33|3,6,17,19,34,39|7,13,22,25,35,40
2,9,19,21,31,33|3,13,15,17,34,40|6,7,16,18,25,35
2,9,19,22,33,39|3,13,15,17,34,40|6,7,16,18,25,35
2,13,15,17,19,38|3,18,21,29,31,34|6,7,16,27,35,40
3,6,17,19,34,39|7,11,18,21,31,35|9,13,22,27,30,40
3,9,13,15,38,40|6,7,16,18,25,35|17,19,21,27,30,32
3,13,15,17,34,40|6,7,16,18,25,35|9,11,19,21,27,30
3,14,17,19,21,34|6,7,16,18,25,35|9,13,22,27,30,40
3,15,16,17,19,34|6,7,18,20,35,39|9,13,22,27,30,40
3,18,21,29,31,34|6,7,16,27,35,40|9,13,19,25,28,30
3,18,22,29,34,39|6,7,16,27,35,40|9,13,19,25,28,30
3,19,21,25,29,34|6,7,16,27,35,40|9,13,18,28,30,31
3,19,28,29,34,39|6,7,16,18,25,35|9,13,22,27,30,40
2,6,9,19,33,39|3,14,18,21,29,34|7,13,15,20,35,40
2,9,13,15,33,40|3,6,18,29,34,39|7,11,19,21,31,35
2,9,14,19,21,33|3,6,18,29,34,39|7,13,15,20,35,40
2,9,15,16,19,33|3,6,18,29,34,39|7,13,14,28,35,40
1,13,15,33,34,40|3,6,17,18,30,39|8,19,21,27,29,38
1,14,19,21,33,34|3,6,13,27,29,30|9,18,23,28,39,40
1,15,16,19,33,34|3,6,13,27,29,30|9,18,21,23,25,40
3,14,17,18,21,30|6,9,13,23,27,40|19,28,29,33,38,39
3,15,16,17,18,30|6,9,13,23,27,40|19,21,25,29,33,38
3,18,21,25,29,30|6,9,13,23,27,40|15,16,17,19,33,38
3,18,28,29,30,39|6,9,13,23,27,40|14,17,19,21,33,38
3,21,27,29,30,40|6,9,13,18,23,25|15,16,17,19,33,38
3,13,15,17,30,40|6,8,9,18,33,39|19,21,23,27,29,32
3,17,18,21,25,30|6,10,19,33,34,39|9,13,23,27,28,40
3,17,21,27,30,40|6,10,19,33,34,39|9,13,18,23,25,28
1,6,13,18,25,34|2,3,17,19,21,31|9,16,22,27,33,40
1,6,13,27,34,40|2,3,14,17,18,21|9,16,19,25,28,33
1,6,16,19,27,34|2,3,14,17,18,21|9,13,25,28,33,40
1,13,14,18,28,34|2,3,17,19,21,31|9,16,22,27,33,40
1,13,15,18,20,34|2,3,17,19,21,31|9,16,22,27,33,40
1,13,18,22,31,34|2,3,21,27,29,40|6,17,19,26,33,39
1,13,19,22,25,34|2,3,6,17,18,39|9,11,21,27,33,40
1,13,19,28,31,34|2,3,6,17,18,39|9,11,21,27,33,40
1,14,15,19,27,34|2,3,6,17,18,39|9,13,25,28,33,40
1,18,21,25,34,40|2,3,6,13,27,29|9,19,20,28,33,39
1,18,28,34,39,40|2,3,6,13,27,29|9,19,20,21,25,33
2,3,6,13,27,29|9,11,18,21,25,33|10,19,22,34,39,40
2,3,6,17,18,39|8,9,13,27,28,40|19,21,25,26,29,33
2,3,14,17,18,21|6,9,11,13,27,33|10,19,22,34,39,40
2,3,15,16,17,18|6,9,11,13,27,33|10,19,21,31,34,40
2,3,17,19,21,31|6,9,11,13,27,33|10,15,16,18,34,40
2,3,17,19,22,39|6,9,11,13,27,33|10,14,18,21,34,40
2,3,18,21,25,29|6,9,11,13,27,33|10,19,22,34,39,40
2,3,18,28,29,39|6,9,11,13,27,33|10,19,21,31,34,40
2,3,21,27,29,40|6,10,13,14,18,34|9,16,19,25,28,33
1,6,13,19,25,34|2,3,18,21,29,31|9,14,15,27,33,40
1,13,14,19,28,34|2,3,18,21,29,31|6,9,16,27,33,40
1,13,15,19,20,34|2,3,18,21,29,31|6,9,16,27,33,40
1,18,21,31,34,40|2,3,6,17,19,39|13,22,27,29,32,33
2,3,13,15,17,40|6,8,9,16,18,27|19,21,26,29,31,33
2,3,15,16,17,19|6,9,18,20,33,39|13,22,27,29,38,40
2,3,18,21,29,31|6,9,16,27,33,40|8,13,15,17,19,26
2,3,18,22,29,39|6,9,16,27,33,40|8,13,15,17,19,26
2,3,14,18,21,29|6,8,9,13,27,40|17,19,22,32,33,39
2,3,15,16,18,29|6,8,9,13,27,40|17,19,21,31,32,33
1,13,15,19,26,38|2,3,17,18,21,31|9,16,27,28,33,40
1,13,18,22,25,34|2,3,17,19,28,39|9,20,21,27,33,40
2,3,13,22,27,29|6,17,18,26,33,39|10,19,21,25,34,40
2,3,17,18,21,31|6,9,13,20,27,33|10,19,28,34,39,40
2,3,17,18,22,39|6,9,13,20,27,33|10,19,21,25,34,40
2,3,17,19,21,25|6,9,13,20,27,33|10,18,22,34,39,40
2,3,17,19,28,39|6,9,13,20,27,33|10,18,21,31,34,40
1,2,3,11,13,17|6,18,20,22,27,34|8,9,10,19,25,31
1,2,3,14,27,29|6,10,15,17,18,38|19,25,26,31,32,33
1,6,9,22,27,33|2,3,10,11,13,29|14,18,25,26,38,40
1,6,10,15,18,34|2,3,11,13,26,40|17,20,27,29,31,33
1,8,9,25,27,40|2,3,6,15,18,26|10,11,13,17,32,33
1,8,16,17,18,26|2,3,10,11,13,29|6,19,20,27,28,34
1,9,11,14,27,33|2,3,6,15,18,26|10,19,25,29,31,38
1,10,11,13,34,40|2,3,6,15,18,26|17,20,27,29,31,33
1,10,11,16,19,34|2,3,6,15,18,26|17,20,27,29,31,33
1,10,13,32,38,40|2,3,6,15,18,26|11,17,25,27,29,33
1,10,14,19,31,34|2,3,6,15,18,26|11,17,25,27,29,33
1,10,15,19,22,34|2,3,11,13,26,40|6,18,27,28,32,38
1,10,16,17,29,33|2,3,6,15,18,26|11,19,20,27,31,34
1,10,16,19,32,38|2,3,6,15,18,26|11,17,25,27,29,33
1,13,20,26,29,33|2,3,18,25,31,32|8,9,10,14,27,40
1,14,17,18,25,38|2,3,10,11,13,29|6,19,20,27,28,34
1,14,17,27,32,33|2,3,6,15,18,26|8,9,10,19,25,31
1,14,17,27,38,40|2,3,6,15,18,26|8,9,10,19,25,31
1,15,17,18,28,38|2,3,10,11,13,29|8,19,26,27,31,32
1,16,17,18,20,38|2,3,10,11,13,29|8,19,26,27,31,32
1,16,17,26,33,40|2,3,10,11,13,29|6,18,20,22,27,34
1,17,19,25,31,38|2,3,6,15,18,26|8,9,10,14,27,40
1,25,27,29,32,33|2,3,6,15,18,26|10,11,13,17,38,40
1,25,27,29,38,40|2,3,6,15,18,26|10,11,13,17,32,33
2,3,10,11,13,29|6,18,20,22,27,34|19,25,26,31,32,33
2,3,15,19,22,26|6,11,18,27,28,34|9,10,14,25,33,40
2,3,18,25,31,32|6,19,20,27,28,34|10,11,13,17,38,40
8,9,10,14,18,25|11,13,19,20,26,38|17,22,27,28,29,33
1,2,3,13,20,29|6,10,15,17,19,38|11,16,18,26,32,33
1,2,3,16,17,40|6,11,18,22,27,34|8,9,10,14,19,25
1,6,10,15,19,34|2,3,14,18,25,32|11,17,27,29,31,33
1,8,9,18,25,31|2,3,6,15,19,26|10,13,20,29,32,33
1,8,9,27,31,40|2,3,6,15,19,26|10,11,16,18,29,38
1,8,10,13,17,29|2,3,6,15,19,26|11,14,18,27,32,38
1,8,13,17,26,40|2,3,14,18,25,32|6,11,19,27,28,34
1,8,16,17,19,26|2,3,14,18,25,32|9,10,15,22,33,40
1,9,11,13,20,33|2,3,6,15,19,26|8,10,16,17,18,32
1,9,25,31,33,40|2,3,6,15,19,26|8,10,16,17,18,32
1,11,13,26,29,33|2,3,14,18,25,32|6,10,15,17,19,38
1,11,16,17,18,38|2,3,6,15,19,26|8,9,10,13,20,40
1,13,17,20,32,33|2,3,6,15,19,26|8,9,10,11,16,18
1,13,17,20,38,40|2,3,6,15,19,26|8,9,10,11,16,18
1,14,17,18,31,38|2,3,6,15,19,26|8,9,10,13,20,40
1,14,17,19,25,38|2,3,10,16,29,40|6,11,18,22,27,34
1,15,17,18,22,38|2,3,10,16,29,40|6,11,19,27,28,34
1,15,17,19,28,38|2,3,10,16,29,40|6,11,18,22,27,34
1,16,17,19,20,38|2,3,14,18,25,32|8,10,13,26,29,40
1,18,25,29,31,38|2,3,6,15,19,26|8,9,10,13,20,40
1,27,29,31,32,33|2,3,6,15,19,26|8,9,10,11,16,18
1,27,29,31,38,40|2,3,6,15,19,26|8,9,10,11,16,18
2,3,6,15,19,26|8,9,10,11,16,18|14,17,20,27,29,33
2,3,10,16,29,40|6,11,18,22,27,34|14,19,25,26,32,33
2,3,15,18,28,32|6,19,20,22,27,34|8,10,13,26,29,40
2,3,19,25,31,32|6,11,18,22,27,34|8,9,10,13,20,40
6,11,18,22,27,34|8,9,10,13,20,40|14,19,25,26,32,33
6,11,19,27,28,34|8,9,10,13,20,40|14,18,26,31,32,33
6,17,27,28,29,33|8,9,10,11,16,18|14,19,25,26,38,40
1,2,3,13,17,20|6,19,22,26,27,38|8,9,10,18,25,31
1,6,9,27,28,33|2,3,10,13,20,29|18,25,26,31,38,40
1,10,15,19,28,34|2,3,11,16,18,26|17,20,25,27,29,33
1,8,9,14,18,31|2,3,11,13,32,40|6,10,15,19,29,38
1,8,9,14,19,25|2,3,6,15,18,32|11,13,17,20,29,33
1,8,9,16,19,20|2,3,6,15,18,32|17,25,29,31,33,40
1,9,15,22,33,40|2,3,11,16,19,32|8,17,18,25,29,31
1,13,20,29,32,33|6,8,9,10,15,19|11,14,18,25,34,40
1,14,18,29,31,38|2,3,11,13,32,40|6,8,9,10,15,19
2,3,14,19,31,32|6,18,22,25,34,40|11,13,17,20,29,33
2,3,15,19,22,32|6,18,28,31,34,40|11,13,17,20,29,33
6,8,9,10,15,19|11,13,17,20,29,33|14,18,22,28,34,40
1,2,3,11,13,29|6,8,9,10,15,18|14,19,26,31,32,33
1,6,15,17,18,38|2,3,13,20,32,40|8,9,10,11,16,19
1,8,9,14,18,25|2,3,13,20,32,40|6,11,19,22,27,34
1,8,9,14,27,40|2,3,11,16,18,32|10,15,19,22,29,38
1,8,9,15,18,28|2,3,13,20,32,40|6,11,19,22,27,34
1,8,9,16,18,20|2,3,14,19,25,32|6,17,22,27,29,33
1,8,9,19,25,31|2,3,11,16,18,32|6,17,22,27,29,33
1,8,16,18,26,29|2,3,13,20,32,40|6,11,19,22,27,34
1,9,14,25,33,40|2,3,11,16,18,32|10,15,19,22,29,38
1,9,15,28,33,40|2,3,11,16,18,32|10,14,19,29,31,38
1,9,16,20,33,40|2,3,14,18,31,32|6,11,19,22,27,34
1,11,13,17,32,33|6,8,9,10,15,18|14,19,26,31,38,40
1,11,13,17,38,40|2,3,14,18,31,32|8,9,10,15,19,22
1,11,16,17,19,38|2,3,13,20,32,40|6,8,9,10,15,18
1,14,17,19,31,38|2,3,11,16,18,32|6,9,10,15,33,40
1,14,18,25,29,38|2,3,13,20,32,40|6,11,19,22,27,34
1,14,27,29,32,33|6,8,9,10,15,18|11,16,19,26,38,40
1,14,27,29,38,40|2,3,11,16,18,32|8,9,10,15,19,22
1,15,18,28,29,38|2,3,13,20,32,40|6,11,19,22,27,34
1,16,18,20,29,38|2,3,14,19,25,32|6,9,10,15,33,40
1,16,26,29,33,40|2,3,14,18,31,32|6,11,19,22,27,34
1,19,25,29,31,38|2,3,11,16,18,32|6,9,10,15,33,40
2,3,13,20,32,40|6,8,9,10,15,18|11,14,17,27,29,33
2,3,15,19,28,32|6,17,22,27,29,33|8,9,10,11,13,40
2,3,16,19,20,32|6,8,9,10,15,18|11,14,17,27,29,33
8,13,19,20,26,32|11,14,17,27,29,33|18,22,28,31,34,40
1,2,15,17,23,28|3,8,11,25,31,34|6,20,22,27,30,38
2,6,10,15,17,23|3,8,11,25,31,34|14,22,26,28,30,33
2,6,23,27,28,32|3,8,11,25,31,34|15,20,22,26,30,33
2,10,15,23,28,29|3,8,11,25,31,34|6,20,22,27,30,38
2,15,23,26,28,40|3,8,11,25,31,34|6,20,22,27,30,38
1,2,14,23,25,29|3,6,8,15,20,34|22,28,30,31,32,33
1,2,15,23,28,29|3,6,8,22,31,34|14,20,25,30,32,33
1,2,16,20,23,29|3,6,8,14,28,34|11,25,30,31,32,33
1,2,3,16,29,33|6,8,18,22,27,34|9,10,11,13,23,40
1,3,11,13,17,30|6,8,18,22,27,34|9,10,14,19,23,31
1,3,14,27,29,30|2,7,12,16,17,40|6,9,10,15,18,23|8,11,13,19,26,38
1,8,9,13,20,33|2,3,6,15,18,38|10,16,17,19,23,32
1,8,13,26,29,33|2,3,6,15,18,38|9,10,11,16,19,23
1,8,16,17,18,38|2,3,11,13,32,33|9,10,14,19,23,31
1,9,14,18,23,25|2,3,11,13,32,33|6,8,19,27,28,34
1,9,14,23,27,40|2,3,6,15,18,38|11,19,25,31,33,34
1,9,15,18,23,28|2,3,11,13,32,33|8,14,19,20,27,34
1,9,16,18,20,23|2,3,11,13,32,33|6,8,19,27,28,34
1,9,19,23,25,31|2,3,6,15,18,38|11,14,27,33,34,40
1,13,20,29,33,38|2,6,18,22,27,30|9,10,11,16,19,23
1,16,17,33,38,40|2,6,18,22,27,30|9,10,14,19,23,31
1,16,18,23,26,29|2,3,11,13,32,33|6,8,19,27,28,34
2,3,6,15,18,38|8,9,10,16,33,40|13,19,20,23,26,32
2,3,11,13,32,33|6,8,18,22,27,34|9,10,14,19,23,31
2,3,11,13,38,40|6,8,18,22,27,34|9,10,14,19,23,31
2,3,11,16,19,38|6,8,18,22,27,34|10,13,17,23,32,40
2,3,14,19,31,38|6,8,18,22,27,34|9,10,11,13,23,40
2,3,15,19,22,38|6,18,28,31,33,34|9,10,11,13,23,40
2,6,18,22,27,30|8,9,10,16,33,40|13,19,20,23,26,32
2,6,19,27,28,30|8,9,10,16,33,40|11,13,18,23,26,32
2,7,12,13,20,29|3,6,15,18,26,30|8,9,10,16,33,40
2,7,12,16,17,40|3,6,15,18,26,30|8,11,19,27,31,34
2,11,14,18,27,30|3,6,7,9,12,15|10,13,17,23,32,40|19,22,28,31,33,34
2,11,19,27,30,31|3,6,7,9,12,15|8,10,16,18,29,38
2,14,19,20,27,30|3,6,7,9,12,15|8,10,16,18,29,38
3,6,7,9,12,15|8,10,16,18,29,38|11,14,27,33,34,40|13,19,20,23,26,32
3,10,11,13,29,30|6,8,18,22,27,34|19,25,31,32,33,38
3,11,13,26,30,40|6,8,18,22,27,34|9,10,14,19,23,31
3,11,16,19,26,30|6,8,18,22,27,34|10,13,17,23,32,40
3,14,19,26,30,31|6,8,18,22,27,34|9,10,11,13,23,40
3,15,19,22,26,30|6,18,28,31,33,34|9,10,11,13,23,40
3,18,25,30,31,32|6,8,19,27,28,34|9,10,11,13,23,40
3,27,30,31,32,40|6,9,10,15,18,23|8,11,13,19,26,38
6,8,18,22,27,34|9,10,11,13,23,40|19,25,31,32,33,38
6,8,19,27,28,34|9,10,11,13,23,40|14,18,25,32,33,38
6,15,19,26,33,38|8,11,14,18,27,34|10,13,17,23,32,40
6,18,28,31,33,34|8,11,13,19,26,38|17,23,25,27,29,40
6,22,27,33,34,40|8,10,16,18,29,38|13,19,20,23,26,32
8,10,16,18,29,38|11,14,27,33,34,40|13,19,20,23,26,32
8,11,13,19,26,38|14,18,20,31,33,34|17,23,25,27,29,40
8,14,18,27,32,38|9,10,11,13,23,40|15,19,20,28,33,34
8,14,19,20,27,34|9,10,11,13,23,40|15,18,28,32,33,38
8,19,27,31,32,38|9,10,11,13,23,40|14,18,22,28,33,34
1,2,3,8,13,29|6,9,10,15,19,23|11,14,18,31,33,34
1,3,13,20,29,30|6,8,19,22,27,34|11,16,18,32,33,38
1,3,16,17,30,40|2,7,11,12,13,29|6,8,19,22,27,34|14,18,31,32,33,38
1,8,9,11,13,33|2,3,6,15,19,38|10,16,18,23,29,32
1,8,13,17,38,40|2,6,19,22,27,30|3,7,12,16,29,32|11,14,18,31,33,34
1,8,16,17,19,38|2,7,11,12,13,29|3,14,18,25,30,32
1,9,11,16,18,23|2,3,6,15,19,38|8,10,13,29,32,33
1,9,13,20,23,40|2,3,6,15,19,38|8,14,17,27,29,33
1,9,14,18,23,31|2,3,6,15,19,38|8,10,13,29,32,33
1,9,14,19,23,25|2,3,8,16,18,32|11,13,20,33,34,40
1,9,15,18,22,23|2,3,16,32,33,40|8,11,14,19,27,34
1,9,15,19,23,28|2,3,8,16,18,32|11,13,20,33,34,40
1,9,16,19,20,23|2,7,11,12,13,29|3,14,18,25,30,32
1,11,13,29,33,38|2,3,8,16,18,32|6,9,10,15,19,23
1,13,23,26,29,40|2,3,6,15,19,38|11,14,18,31,33,34
1,16,17,18,23,32|2,3,6,15,19,38|11,13,20,33,34,40
2,3,8,16,18,32|6,9,10,15,19,23|11,13,20,33,34,40
2,3,16,32,33,40|6,8,19,22,27,34|17,18,23,25,29,31
2,6,19,22,27,30|3,7,12,16,29,32|8,11,13,18,20,34
2,7,11,12,13,29|3,6,15,19,26,30|8,18,25,31,34,40
2,11,13,18,20,30|3,7,12,16,29,32|6,8,19,22,27,34
2,11,14,19,27,30|3,7,12,16,29,32|6,15,18,20,33,34
2,18,25,30,31,40|3,7,12,16,29,32|6,8,19,22,27,34
3,10,16,29,30,40|6,8,19,22,27,34|14,18,31,32,33,38
3,14,27,30,32,40|6,9,10,15,19,23|8,11,13,18,20,34
3,19,25,30,31,32|6,14,18,28,33,34|8,10,13,29,38,40
8,11,13,18,20,34|14,19,25,32,33,38|17,23,27,29,31,40
8,13,18,20,32,38|11,14,19,25,33,34|17,23,27,29,31,40
8,14,19,27,32,38|11,13,20,33,34,40|17,18,23,25,29,31
1,3,11,13,29,30|6,14,18,22,33,34|16,19,23,26,32,40
1,6,9,15,18,23|2,3,8,13,32,40|11,14,19,31,33,34
1,8,9,16,33,40|2,11,13,19,20,30|14,17,18,23,25,29
1,9,11,13,23,40|2,3,8,16,19,32|6,14,18,22,33,34
1,9,11,16,19,23|2,3,8,13,32,40|6,14,18,22,33,34
1,9,14,19,23,31|2,3,8,13,32,40|6,11,15,18,33,34
2,3,8,13,32,40|6,11,15,18,33,34|17,19,23,25,29,31
2,3,8,16,19,32|6,11,15,18,33,34|14,17,23,27,29,40
2,7,12,16,29,40|3,14,18,30,31,32|6,15,19,20,33,34
3,13,20,30,32,40|6,11,15,18,33,34|17,19,23,25,29,31
3,16,19,20,30,32|6,11,15,18,33,34|14,17,23,27,29,40
6,11,15,18,33,34|8,13,19,20,32,38|14,17,23,27,29,40
6,15,18,32,33,38|8,11,13,19,20,34|14,17,23,27,29,40
6,15,19,20,33,34|8,11,13,18,32,38|14,17,23,27,29,40
6,19,22,31,33,34|8,11,13,18,32,38|14,17,23,27,29,40
1,3,17,27,30,31|2,7,10,12,13,32|14,18,25,26,33,38
1,10,13,32,33,38|2,7,12,14,17,27|3,18,25,26,30,31
1,14,17,27,33,38|2,7,10,12,13,32|3,18,25,26,30,31
2,7,12,25,27,29|3,10,13,17,20,30|15,18,26,28,33,38
1,2,10,16,18,30|3,7,9,12,14,25|13,20,26,33,38,40
1,3,10,13,30,32|2,7,12,27,29,31|11,16,18,26,33,38
1,3,25,27,29,30|2,7,12,13,17,20|9,10,15,18,23,28
1,9,23,25,27,40|2,3,8,16,18,26|10,13,20,29,33,38
1,10,16,33,34,40|2,3,14,18,25,38|19,23,26,27,31,32
1,13,17,20,33,38|2,3,8,16,18,26|9,10,14,23,27,40
2,3,14,18,25,38|8,9,10,13,20,33|19,23,26,27,31,32
2,3,15,18,28,38|8,9,10,13,20,33|19,23,26,27,31,32
2,3,19,25,31,38|8,9,10,13,20,33|14,18,23,26,27,32
2,7,12,13,17,20|3,10,14,27,29,30|11,16,18,26,33,38
2,7,12,27,29,31|3,10,11,13,17,30|14,19,25,26,33,38
2,11,18,25,27,30|3,7,9,12,15,28|8,10,13,26,29,33
2,18,20,27,30,31|3,7,9,12,14,25|8,10,13,26,29,33
2,18,22,27,28,30|3,7,9,12,14,25|8,10,13,26,29,33
2,19,20,25,27,30|3,7,9,12,15,28|8,10,13,26,29,33
3,10,11,13,17,30|8,14,19,26,27,38|18,20,25,31,33,34
8,18,22,27,28,34|9,10,19,23,25,31|13,20,26,33,38,40
1,2,3,8,13,17|6,15,18,26,33,38|9,10,14,19,23,25
1,2,7,12,13,32|3,10,16,17,30,40|6,8,18,27,28,34|14,19,26,31,33,38
1,2,10,13,30,40|3,7,9,11,12,16|6,8,18,27,28,34|14,19,26,31,33,38
1,2,10,16,19,30|3,7,9,12,14,31|6,8,18,27,28,34|11,13,26,33,38,40
1,3,13,17,20,30|2,7,12,14,27,29|6,15,18,26,33,38
1,3,27,29,30,31|2,7,11,12,13,17|6,15,18,26,33,38|9,10,14,19,23,25
1,8,9,14,27,33|2,3,11,16,18,38|10,13,23,26,29,40
1,8,10,13,34,40|2,3,11,16,18,38|14,19,23,26,27,32
1,9,18,23,25,31|2,3,8,10,13,29|6,27,28,33,34,40
1,9,23,27,31,40|2,3,8,10,13,29|6,15,18,26,33,38
1,10,13,17,23,29|2,3,8,16,19,26|6,18,25,28,33,34
1,11,13,17,33,38|2,3,8,16,19,26|9,10,14,18,23,31
1,13,17,23,26,40|2,3,11,16,18,38|8,19,20,27,31,34
1,14,27,29,33,38|2,3,8,13,26,40|9,10,11,16,18,23
1,16,17,19,23,26|2,3,8,10,13,29|6,18,25,28,33,34
2,3,8,13,26,40|6,18,25,28,33,34|9,10,16,19,20,23
2,3,8,16,19,26|6,18,25,28,33,34|9,10,13,20,23,40
2,3,11,16,18,38|6,27,28,33,34,40|9,10,14,19,23,25
2,3,13,20,32,33|6,8,18,27,28,34|9,10,14,19,23,25
2,3,13,20,38,40|6,8,18,27,28,34|9,10,14,19,23,25
2,3,14,18,31,38|6,27,28,33,34,40|9,10,16,19,20,23
2,3,14,19,25,38|6,8,18,27,28,34|9,10,13,20,23,40
2,3,15,18,22,38|6,27,28,33,34,40|9,10,14,19,23,25
2,3,16,19,20,38|6,8,18,27,28,34|10,13,23,26,29,40
2,6,18,27,28,30|3,7,9,11,12,16|8,10,13,17,32,33
2,7,11,12,13,17|3,14,18,26,30,31|6,27,28,33,34,40|9,10,16,19,20,23
2,7,12,14,27,29|3,10,16,17,30,40|6,15,18,26,33,38
2,11,18,27,30,31|3,7,9,12,15,22|8,10,13,17,32,33
2,11,19,25,27,30|3,7,9,12,14,31|6,15,18,26,33,38
2,14,18,20,27,30|3,7,9,11,12,16|8,10,13,17,32,33
2,19,20,27,30,31|3,7,9,11,12,16|6,15,18,26,33,38
2,19,22,27,28,30|3,7,9,11,12,16|6,15,18,26,33,38
3,7,9,11,12,16|6,8,18,27,28,34|10,13,23,26,29,40
3,7,9,12,14,31|6,8,18,27,28,34|10,11,13,29,33,38
3,7,9,12,15,22|6,8,18,27,28,34|10,11,13,29,33,38
3,7,12,16,17,32|6,8,18,27,28,34|9,10,13,20,23,40|14,19,26,31,33,38
3,10,13,20,29,30|6,8,18,27,28,34|11,16,19,26,33,38
3,10,16,17,30,40|6,8,18,27,28,34|14,19,26,31,33,38
3,11,16,18,26,30|6,27,28,33,34,40|9,10,14,19,23,25
3,13,20,26,30,40|6,8,18,27,28,34|9,10,14,19,23,25
3,14,18,26,30,31|6,27,28,33,34,40|8,10,16,17,19,38
3,14,19,25,26,30|6,8,18,27,28,34|9,10,13,20,23,40
3,15,18,22,26,30|6,27,28,33,34,40|8,10,16,17,19,38
3,16,19,20,26,30|6,8,18,27,28,34|10,11,13,29,33,38
3,25,27,30,32,40|6,15,18,26,33,38|9,10,16,19,20,23
6,8,18,27,28,34|9,10,13,20,23,40|11,16,19,26,33,38
6,15,18,26,33,38|8,11,19,25,27,34|9,10,13,20,23,40
6,18,25,28,33,34|8,10,13,17,38,40|14,19,23,26,27,32
6,27,28,33,34,40|8,10,16,17,19,38|13,18,20,23,26,32
8,10,13,17,38,40|11,18,25,31,33,34|14,19,23,26,27,32
8,11,18,27,31,34|9,10,13,20,23,40|15,19,22,26,33,38
8,14,18,20,27,34|9,10,15,19,23,28|11,13,26,33,38,40
8,18,27,31,32,38|9,10,13,20,23,40|19,22,25,28,33,34
1,8,10,14,25,34|2,3,15,20,28,38|11,23,26,27,31,32
1,8,10,15,28,34|2,3,11,25,31,38|14,20,23,26,27,32
1,8,10,16,20,34|2,3,6,25,28,38|11,23,26,27,31,32
2,3,11,25,31,38|6,10,15,17,23,26|8,20,22,27,28,34
2,3,22,28,31,38|6,10,15,17,23,26|8,11,20,25,27,34
1,2,10,14,30,31|6,8,20,27,28,34|11,15,22,26,33,38
1,2,10,15,22,30|6,8,20,27,28,34|11,14,26,31,33,38
1,8,10,15,22,34|2,3,6,28,31,38|11,14,23,26,27,32
1,8,17,25,31,38|2,6,20,27,28,30|10,11,16,23,26,29
2,3,6,22,25,38|8,11,20,27,31,34|10,15,17,23,28,32
2,3,11,14,25,38|6,8,20,27,28,34|10,15,22,23,26,29
2,11,22,27,28,30|6,15,20,26,33,38|10,14,17,23,25,32
3,11,15,26,28,30|6,9,10,22,23,25|8,20,27,31,32,38
3,15,20,22,26,30|6,9,10,23,28,31|8,11,25,27,32,38
6,15,20,26,33,38|8,11,22,27,28,34|10,14,17,23,25,32
1,2,6,10,15,30|8,11,14,20,27,34|22,28,31,32,33,38
1,6,9,23,25,28|2,3,11,14,31,38|8,16,20,26,32,33
1,6,15,17,23,26|2,3,8,25,31,32|14,20,22,28,33,34
1,8,15,17,28,38|2,6,20,22,27,30|9,10,11,14,23,31
1,8,16,17,20,38|2,6,11,27,28,30|10,23,25,29,31,32
1,9,11,23,25,31|2,3,6,8,15,26|14,20,22,28,33,34
1,9,14,20,23,25|2,3,6,8,15,26|11,22,28,31,33,34
1,9,15,20,23,28|2,3,6,22,31,38|8,14,25,26,32,33
1,9,22,23,28,31|2,3,6,8,15,26|11,14,20,25,33,34
1,14,23,25,26,29|2,3,6,15,20,38|11,22,28,31,33,34
1,15,23,26,28,29|2,3,6,22,31,38|8,11,14,20,27,34
1,17,23,25,31,32|2,3,6,8,15,26|14,20,22,28,33,34
2,3,6,14,28,38|8,16,20,26,32,33|9,10,11,15,22,23
2,3,11,15,22,38|6,9,10,14,23,28|8,16,20,26,32,33
2,11,14,20,27,30|6,8,10,15,17,38|23,25,26,31,32,40
3,6,15,20,26,30|8,10,14,25,29,38|11,22,28,31,33,34
3,6,22,26,30,31|8,10,14,25,29,38|11,15,20,28,33,34
6,10,15,23,26,29|8,11,14,20,27,34|22,28,31,32,33,38
1,6,9,22,23,25|2,3,8,15,28,32|11,14,20,31,33,34
1,6,9,23,28,31|2,3,8,14,25,32|11,15,20,22,33,34
1,8,11,16,17,38|2,20,25,30,31,40|6,9,10,14,22,23
1,8,14,17,31,38|2,6,11,22,27,30|10,15,23,28,29,32
1,8,25,29,31,38|2,6,11,22,27,30|15,23,26,28,32,40
1,9,11,14,23,25|2,3,8,15,28,32|6,20,22,31,33,34
1,9,11,15,23,28|2,3,6,14,22,38|8,20,25,31,34,40
1,9,14,20,23,31|2,3,6,11,15,38|8,22,25,28,34,40
1,9,14,22,23,28|2,3,6,11,15,38|8,20,25,31,34,40
1,9,15,20,22,23|2,3,8,14,25,32|6,11,28,31,33,34
1,11,16,23,26,29|2,3,6,14,22,38|8,20,25,31,34,40
1,14,23,26,29,31|2,3,6,11,15,38|8,22,25,28,34,40
1,15,17,23,28,32|2,3,6,14,22,38|8,20,25,31,34,40
1,15,22,23,26,29|2,3,8,14,25,32|6,11,28,31,33,34
1,16,17,20,23,32|2,3,6,11,15,38|8,22,25,28,34,40
2,3,6,11,15,38|8,14,26,31,32,33|17,22,23,25,28,29
2,3,6,14,22,38|8,11,16,26,32,33|17,20,23,25,29,31
2,6,11,22,27,30|8,10,14,29,31,38|15,23,26,28,32,40
2,20,25,30,31,40|6,8,11,22,27,34|10,15,23,28,29,32
2,22,25,28,30,40|6,9,10,11,15,23|8,14,26,31,32,33
6,11,22,25,33,34|8,10,14,29,31,38|15,23,26,28,32,40
6,11,28,31,33,34|8,10,15,22,29,38|14,23,25,26,32,40
6,20,22,31,33,34|8,10,11,16,29,38|14,23,25,26,32,40
1,8,14,25,29,38|2,15,20,28,30,40|6,11,22,31,33,34
1,8,15,28,29,38|2,11,25,30,31,40|6,14,20,22,33,34
1,14,18,25,29,30|2,8,13,19,20,32|6,7,9,12,15,40
1,16,18,20,29,30|2,11,13,32,33,40|3,6,14,19,22,34
2,6,15,18,32,33|3,8,11,13,17,29|14,19,26,30,31,40
2,14,19,31,32,33|3,8,11,13,17,29|6,7,9,12,15,40
2,14,19,31,38,40|3,6,15,17,29,33|11,13,18,20,30,32
1,2,8,13,17,40|3,6,11,15,18,34|10,14,19,25,29,30
1,2,8,16,17,19|3,6,11,15,18,34|7,9,12,14,31,40
1,2,11,13,29,33|3,6,14,18,22,34|7,12,16,17,32,40
1,3,8,9,16,40|2,14,18,31,32,33|6,10,15,17,19,30
1,3,16,29,32,33|2,14,18,31,38,40|6,10,15,17,19,30
1,3,16,29,38,40|2,8,13,18,20,32|6,10,15,17,19,30
1,11,16,17,18,30|2,8,10,13,29,40|3,6,14,19,28,34
1,13,17,20,30,40|2,8,10,16,19,29|3,6,11,15,18,34
1,14,17,18,30,31|2,8,10,13,29,40|3,6,15,19,20,34
1,14,17,19,25,30|2,8,10,13,29,40|3,6,11,15,18,34
1,15,17,18,22,30|2,8,10,13,29,40|3,6,14,19,28,34
1,15,17,19,28,30|2,8,10,13,29,40|3,6,14,18,22,34
1,16,17,19,20,30|2,8,10,13,29,40|3,6,11,15,18,34
1,18,25,29,30,31|2,8,14,19,27,32|7,9,11,12,16,40
1,27,29,30,31,40|2,8,13,18,20,32|3,6,14,19,28,34
2,8,10,13,29,40|3,6,11,15,18,34|14,19,20,27,30,32
2,8,10,16,19,29|3,6,11,15,18,34|7,9,12,14,31,40
2,8,13,18,20,32|3,6,14,19,28,34|7,9,11,12,16,40
2,8,14,19,27,32|3,6,11,15,18,34|10,13,20,29,30,40
2,8,16,19,26,40|3,6,11,15,18,34|7,12,13,20,29,32
2,11,16,18,32,33|3,6,14,19,28,34|7,9,12,15,22,40
2,11,16,18,38,40|3,6,14,19,28,34|7,12,13,20,29,32
2,13,20,32,33,40|3,6,11,15,18,34|10,14,19,25,29,30
2,14,18,31,32,33|3,6,15,19,20,34|7,9,11,12,16,40
2,14,19,25,32,33|3,6,11,15,18,34|10,13,20,29,30,40
2,14,19,25,38,40|3,6,11,15,18,34|7,12,13,20,29,32
2,15,18,22,32,33|3,6,14,19,28,34|7,9,11,12,16,40
2,15,18,22,38,40|3,6,14,19,28,34|7,12,13,20,29,32
2,15,19,28,32,33|3,6,14,18,22,34|7,9,11,12,16,40
2,15,19,28,38,40|3,6,14,18,22,34|7,12,13,20,29,32
2,16,19,20,32,33|3,6,11,15,18,34|7,9,12,14,31,40
3,6,11,15,18,34|7,9,12,14,31,40|10,16,19,20,29,30
3,6,14,18,22,34|7,9,11,12,16,40|10,15,19,28,29,30
3,6,14,19,28,34|7,9,11,12,16,40|10,15,18,22,29,30
3,6,15,18,32,38|7,9,11,12,16,40|10,14,19,25,29,30
3,6,15,19,20,34|7,9,11,12,16,40|10,14,18,29,30,31
3,8,13,17,20,29|6,18,22,27,30,32|7,9,11,12,16,40
3,11,16,17,29,33|6,18,22,27,30,32|7,9,12,14,31,40
3,11,16,19,32,38|7,9,12,14,31,40|10,15,18,22,29,30
3,14,17,29,31,33|6,18,22,27,30,32|7,9,11,12,16,40
3,14,19,31,32,38|7,9,11,12,16,40|10,15,18,22,29,30
3,15,17,22,29,33|6,19,27,28,30,32|7,9,11,12,16,40
3,15,19,22,32,38|7,9,11,12,16,40|10,14,18,29,30,31
1,2,8,16,17,18|3,6,19,22,25,34|7,9,12,15,28,40
1,2,13,20,29,33|3,6,14,18,28,34|10,11,16,17,19,30
1,2,16,17,33,40|3,6,14,18,28,34|10,19,25,29,30,31
1,3,6,9,15,33|2,8,10,16,18,29|7,11,12,13,17,32|19,25,26,30,31,40
1,3,8,9,11,13|2,6,15,19,26,33|7,12,14,27,29,32
1,3,8,13,17,32|2,6,15,19,26,33|7,9,12,14,25,40|10,16,18,20,29,30
1,3,11,13,29,38|2,6,15,19,26,33|7,9,12,14,25,40
1,7,12,16,17,29|2,6,15,19,26,33|3,11,13,20,34,40
1,10,13,30,32,40|2,6,15,19,26,33|3,8,14,17,27,29
1,10,16,19,30,32|2,14,18,25,38,40|3,15,17,28,29,33
1,14,17,18,25,30|2,6,15,19,26,33|3,8,10,13,29,32|7,9,12,16,20,40
1,14,17,27,30,40|2,6,15,19,26,33|3,8,10,13,29,32
1,15,17,18,28,30|2,8,11,13,19,26|7,9,12,14,25,40
1,16,17,18,20,30|2,6,15,19,26,33|3,8,10,13,29,32|7,9,12,14,25,40
1,17,19,25,30,31|2,8,10,16,18,29|3,11,13,20,34,40
1,25,27,29,30,40|2,6,15,19,26,33|3,11,14,18,31,34
2,6,15,19,26,33|3,8,10,13,29,32|7,9,12,14,25,40
2,8,10,16,18,29|3,6,19,22,25,34|7,9,12,15,28,40
2,8,11,13,19,26|3,6,14,18,28,34|7,9,12,16,20,40
2,8,14,18,27,32|3,6,19,22,25,34|7,9,12,15,28,40
2,8,16,18,26,40|3,6,19,22,25,34|7,11,12,13,17,32
2,8,19,27,31,32|3,6,14,18,28,34|7,9,12,16,20,40
2,10,16,29,33,40|3,6,14,18,28,34|7,11,12,13,17,32
2,11,13,19,20,38|3,6,14,18,28,34|7,12,16,26,29,40
2,14,18,25,32,33|3,6,19,28,31,34|7,9,12,16,20,40
2,14,18,25,38,40|3,6,19,28,31,34|7,11,12,13,17,32
2,14,27,32,33,40|3,6,15,18,20,34|10,11,16,17,19,30
2,15,18,28,32,33|3,6,19,22,25,34|7,9,12,16,20,40
2,15,18,28,38,40|3,6,19,22,25,34|7,11,12,13,17,32
2,16,18,20,32,33|3,6,19,22,25,34|7,9,12,15,28,40
2,16,18,20,38,40|3,6,19,22,25,34|7,11,12,13,17,32
2,19,25,31,32,33|3,6,14,18,28,34|7,9,12,16,20,40
2,19,25,31,38,40|3,6,14,18,28,34|7,11,12,13,17,32
3,6,14,18,28,34|7,9,12,16,20,40|10,15,17,19,22,30
3,6,15,18,20,34|7,9,12,14,25,40|10,11,16,17,19,30
3,6,18,22,31,34|7,9,12,14,25,40|10,11,16,17,19,30
3,6,19,22,25,34|7,9,12,15,28,40|10,16,18,20,29,30
3,6,19,28,31,34|7,9,12,14,25,40|10,16,18,20,29,30
3,8,14,17,27,29|7,9,12,15,28,40|11,13,19,20,26,30
3,8,16,19,26,32|6,10,15,17,18,30|7,9,12,14,25,40
3,11,13,20,34,40|6,10,15,17,18,30|7,12,14,27,29,32
3,11,14,19,25,34|6,10,15,17,18,30|7,9,12,16,20,40
3,11,15,18,22,34|7,9,12,14,25,40|19,20,27,30,31,32
3,11,15,19,28,34|7,9,12,14,25,40|10,16,18,20,29,30
3,11,16,18,32,38|7,9,12,14,25,40|10,15,17,19,22,30
3,11,16,19,20,34|6,10,15,17,18,30|7,9,12,14,25,40
3,14,17,25,29,33|6,18,27,28,30,32|7,9,12,16,20,40
3,14,18,31,32,38|7,9,12,15,28,40|10,11,16,17,19,30
3,14,19,20,31,34|6,10,15,17,18,30|7,12,16,26,29,40
3,14,19,22,28,34|6,10,15,17,18,30|7,9,12,16,20,40
3,14,19,25,32,38|6,10,15,17,18,30|7,9,12,16,20,40
3,15,17,28,29,33|7,9,12,14,25,40|11,13,19,20,26,30
3,15,18,22,32,38|7,9,12,14,25,40|10,11,16,17,19,30
3,15,19,20,22,34|6,18,27,28,30,32|7,9,12,14,25,40
3,15,19,28,32,38|7,9,12,14,25,40|10,16,18,20,29,30
3,16,17,20,29,33|6,18,27,28,30,32|7,9,12,14,25,40
3,16,19,20,32,38|6,10,15,17,18,30|7,9,12,14,25,40
1,2,11,13,17,33|3,6,15,19,26,38|7,9,12,25,31,40|18,22,27,28,30,32
1,2,14,27,29,33|3,6,15,19,26,38|7,9,11,12,13,20
1,3,8,9,13,20|2,6,15,18,26,33|7,12,27,29,31,32|10,14,17,19,25,30
