2,3,6,16,17,26|8,9,25,27,28,32|10,12,20,21,33,35
2,3,9,14,25,28|6,10,16,26,34,40|15,17,20,27,32,38
2,3,9,15,20,25|6,10,14,27,32,34|11,13,17,22,26,38
2,3,9,16,20,28|6,10,14,27,32,34|11,13,17,22,26,38
2,3,9,22,25,31|6,10,14,27,32,34|13,20,26,28,29,38
2,3,14,15,17,26|6,9,11,25,27,38|10,12,16,28,33,35
2,3,15,25,26,29|6,9,20,27,31,38|10,11,13,28,32,34
2,3,16,26,28,29|6,9,11,25,27,38|10,12,20,21,33,35
2,3,20,21,26,29|6,9,11,25,27,38|10,12,16,28,33,35
8,9,13,20,26,28|10,12,15,25,33,35|11,17,22,27,31,34
8,9,25,27,28,32|10,12,20,21,33,35|11,13,17,22,26,38
10,12,15,25,33,35|11,13,17,22,26,38|20,27,28,29,31,34
1,9,10,11,21,38|2,3,15,17,26,31|20,25,27,28,29,34
1,9,10,15,31,38|2,3,11,17,21,26|20,25,27,28,29,34
1,9,10,16,22,38|2,3,11,17,21,26|20,25,27,28,29,34
1,10,11,17,21,34|2,3,9,25,28,31|15,20,26,27,29,38
1,10,16,17,22,34|2,3,9,25,28,31|15,20,26,27,29,38
1,2,15,17,19,30|6,8,9,27,29,33|14,18,22,34,38,40
1,2,15,17,18,30|6,14,19,26,33,34|9,23,27,28,29,40
1,3,6,7,14,35|2,10,15,18,29,30|8,19,22,27,32,34
1,9,15,33,38,40|2,3,6,14,18,34|12,19,22,23,27,35
2,6,18,27,30,32|9,17,19,22,23,25|10,15,29,33,34,40
2,7,9,12,15,40|3,6,17,27,29,30|14,18,28,32,33,34
2,10,15,18,29,30|6,9,17,23,27,40|19,22,25,32,33,34
2,19,22,27,30,32|6,9,17,18,23,25|10,15,29,33,34,40
1,3,12,16,30,35|6,9,14,28,33,34|8,13,26,29,32,38
1,16,32,34,38,40|2,6,7,14,28,35|9,17,23,25,29,31
2,3,8,9,16,32|6,15,26,29,33,34|12,13,17,20,23,35
2,3,16,29,32,38|6,9,14,28,33,34|12,13,17,20,23,35
2,6,7,14,28,35|3,9,16,20,30,32|8,11,13,26,29,34
2,6,7,15,20,35|3,9,14,25,30,32|8,11,13,26,29,34
2,6,7,22,31,35|3,9,14,25,30,32|8,11,13,26,29,34
2,9,25,30,31,40|6,15,26,29,33,34|12,13,17,20,23,35
2,13,17,20,30,32|6,9,14,28,33,34|12,23,27,29,31,35
2,27,29,30,31,32|6,9,14,28,33,34|12,13,17,20,23,35
3,9,14,25,30,32|6,15,26,29,33,34|12,13,17,20,23,35
3,16,26,29,30,32|6,9,14,28,33,34|12,13,17,20,23,35
1,8,16,17,29,34|2,6,7,11,15,35|3,9,14,30,31,32
2,6,7,11,15,35|3,9,14,30,31,32|8,16,26,29,34,40
2,6,7,14,22,35|3,9,11,16,30,32|15,28,29,34,38,40
2,9,15,28,30,40|8,11,13,17,32,34|12,14,23,27,29,35
2,9,16,20,30,40|6,15,17,32,33,34|12,14,23,27,29,35
3,9,11,16,30,32|6,15,17,34,38,40|12,14,23,27,29,35
3,9,15,22,30,32|8,12,16,17,33,35|14,25,29,34,38,40
6,9,15,32,33,38|8,16,26,29,34,40|11,12,13,17,23,35
1,9,16,17,23,26|2,7,20,25,31,35|10,11,13,32,34,38
1,10,16,29,34,38|2,7,20,25,31,35|3,9,15,26,28,30
2,7,20,25,31,35|3,9,15,26,28,30|6,17,22,27,34,38
2,7,22,25,28,35|3,9,16,20,26,30|10,11,13,32,34,38
2,9,11,25,27,30|8,13,17,20,26,34|10,12,16,33,35,38
2,9,22,27,28,30|8,13,17,20,26,34|10,12,16,33,35,38
2,13,17,20,26,30|8,9,11,25,27,34|10,12,16,33,35,38
1,2,3,16,32,34|6,9,15,26,33,38|12,17,23,27,31,35
1,8,13,26,32,34|2,3,9,11,16,38|12,17,23,27,31,35
1,12,13,23,26,35|2,3,9,11,16,38|8,17,27,31,32,34
1,13,20,32,34,38|2,6,7,25,28,35|3,9,11,16,26,30
2,6,7,25,28,35|3,9,11,16,26,30|8,17,27,31,32,34
2,6,9,27,28,30|8,10,12,13,35,38|14,25,26,29,33,34
2,7,11,25,31,35|3,9,15,22,26,30|6,27,28,29,34,38
2,7,14,20,25,35|3,9,11,16,26,30|6,27,28,29,34,38
2,7,15,20,28,35|3,9,11,16,26,30|8,17,27,31,32,34
2,7,22,28,31,35|3,9,11,16,26,30|14,20,27,29,34,38
2,9,11,27,30,31|6,15,17,26,33,34|8,10,12,13,35,38
2,9,14,20,27,30|6,15,17,26,33,34|8,10,12,13,35,38
2,14,26,27,29,30|6,9,25,28,33,34|8,10,12,13,35,38
1,8,9,16,17,38|2,3,14,25,29,34|10,12,13,23,32,35
1,12,16,33,35,38|2,3,6,15,17,34|9,11,13,23,26,32
2,6,7,22,25,35|8,9,10,16,29,38|15,17,28,32,33,34
2,6,7,28,31,35|8,9,10,16,29,38|14,17,25,32,33,34
2,7,11,14,25,35|3,6,9,15,26,30|8,10,16,17,29,34
2,7,11,15,28,35|3,9,25,30,31,32|6,22,27,29,34,38
2,7,11,16,20,35|3,6,9,15,26,30|8,14,17,27,32,34
2,7,14,20,31,35|3,6,9,15,26,30|8,10,16,17,29,34
2,7,14,22,28,35|3,6,9,15,26,30|8,10,16,17,29,34
2,7,15,20,22,35|3,9,25,30,31,32|8,10,16,17,29,34
2,16,17,26,30,40|6,8,9,22,27,34|10,12,13,23,32,35
1,10,15,18,23,35|2,7,9,22,25,40|6,12,19,27,34,38
3,6,7,9,25,32|11,18,23,27,28,35|12,15,19,26,33,34
1,3,6,7,31,35|2,10,15,17,19,30|8,9,27,28,29,33|18,22,25,34,38,40
1,3,7,11,15,35|2,18,22,27,30,32|6,19,26,31,33,34
1,3,7,14,22,35|2,10,15,17,19,30|8,9,27,28,29,33
1,6,27,29,33,34|2,3,15,18,32,38|9,17,19,23,25,28
3,15,18,26,30,32|6,8,9,17,27,33|19,25,28,34,38,40
3,17,22,27,29,30|6,14,18,26,33,34|8,9,10,15,19,38
1,3,6,7,25,35|2,10,15,17,18,30|11,19,22,27,34,38
1,3,7,14,28,35|2,6,19,26,27,30|8,9,10,15,18,38
1,3,7,15,20,35|2,6,19,26,27,30|9,17,18,23,25,28
1,3,7,22,31,35|2,6,19,26,27,30|8,9,10,15,18,38
2,18,27,28,30,32|3,6,7,10,14,35|15,19,20,26,33,34
3,6,7,10,14,35|8,9,17,22,27,33|18,25,28,34,38,40
1,2,8,9,16,17|3,6,15,26,29,34|7,11,25,31,32,35
1,2,11,13,32,34|6,7,14,22,26,35|9,10,15,28,29,30
1,2,12,16,33,35|3,6,9,14,28,34|11,13,17,26,30,32
1,2,16,17,29,38|3,6,9,14,28,34|7,11,25,31,32,35
1,9,14,17,25,30|2,6,22,27,29,34|7,15,20,28,32,35
1,9,15,17,28,30|2,6,22,27,29,34|7,11,25,31,32,35
1,9,16,17,20,30|2,6,22,27,29,34|7,11,25,31,32,35
1,12,14,27,30,35|2,8,9,10,16,29|3,15,17,22,32,34
2,8,9,10,16,29|3,14,17,31,32,34|6,7,11,15,26,35
2,8,9,14,27,32|3,6,15,26,29,34|10,11,12,13,30,35
2,8,9,16,26,40|3,14,17,31,32,34|10,11,12,13,30,35
2,9,14,25,32,33|3,6,15,26,29,34|10,11,12,13,30,35
2,9,14,25,38,40|3,6,15,26,29,34|7,22,28,31,32,35
2,9,15,28,38,40|3,11,16,17,32,34|6,7,14,22,26,35
2,9,16,20,32,33|3,6,15,26,29,34|10,11,12,13,30,35
2,9,16,20,38,40|3,6,15,26,29,34|7,11,25,31,32,35
2,14,27,29,32,38|3,6,9,15,20,34|10,11,12,13,30,35
2,15,17,28,34,40|3,9,11,16,32,38|6,7,14,22,26,35
2,16,17,20,34,40|3,9,14,31,32,38|6,7,11,15,26,35
2,16,26,29,32,33|3,6,9,14,28,34|10,11,12,13,30,35
2,16,26,29,38,40|3,6,9,14,28,34|7,11,25,31,32,35
3,11,16,17,32,34|6,7,14,22,26,35|9,10,15,28,29,30
3,14,17,31,32,34|6,7,11,15,26,35|9,10,16,20,29,30
1,2,13,20,32,34|6,7,14,26,28,35|9,10,11,16,17,30
1,9,10,16,30,32|2,6,27,28,29,34|7,11,14,26,31,35
1,9,17,25,30,31|2,6,27,28,29,34|7,11,15,22,26,35
1,12,27,30,31,35|2,6,9,15,26,33|3,14,17,25,32,34
2,6,9,15,26,33|3,14,17,25,32,34|10,12,13,20,30,35
2,6,27,28,29,34|3,8,9,16,26,32|10,12,13,20,30,35
2,8,9,27,31,32|3,11,16,26,29,34|10,12,13,20,30,35
2,8,10,12,13,35|3,6,9,22,25,34|26,27,29,30,31,32
2,9,11,13,20,38|3,14,17,25,32,34|6,7,22,26,31,35
2,9,25,31,32,33|3,11,16,26,29,34|10,12,13,20,30,35
2,9,25,31,38,40|3,11,16,26,29,34|10,12,13,20,30,35
2,11,27,29,31,34|3,8,9,16,26,32|10,12,13,20,30,35
2,13,17,20,32,38|3,6,9,22,25,34|7,11,14,26,31,35
2,17,25,31,34,40|3,8,9,16,26,32|10,12,13,20,30,35
2,27,29,31,32,38|3,6,9,22,25,34|10,12,13,20,30,35
3,11,16,26,29,34|7,20,25,31,32,35|9,10,15,17,22,30
3,14,26,29,31,34|7,22,25,28,32,35|9,10,11,16,17,30
3,15,22,26,29,34|7,20,25,31,32,35|9,10,11,16,17,30
3,16,17,20,32,34|6,7,14,26,28,35|9,10,25,29,30,31
1,2,16,26,34,40|3,9,25,31,32,38|10,12,14,27,30,35
1,12,25,27,30,35|2,8,9,10,16,17|3,15,26,28,29,34
2,6,17,22,27,34|3,9,25,31,32,38|7,11,15,26,28,35
2,8,9,13,20,26|3,17,25,31,32,34|10,12,14,27,30,35
2,9,11,16,26,33|3,17,25,31,32,34|10,12,14,27,30,35
2,9,15,22,26,33|3,17,25,31,32,34|10,12,14,27,30,35
2,10,16,17,29,38|3,6,9,25,28,34|7,14,20,26,31,35
2,13,20,26,29,38|3,6,9,25,28,34|10,12,14,27,30,35
2,14,17,27,32,38|3,6,9,25,28,34|7,11,16,20,26,35
2,16,17,26,32,33|3,6,9,25,28,34|10,12,14,27,30,35
2,16,17,26,38,40|3,6,9,25,28,34|10,12,14,27,30,35
1,9,16,20,29,30|2,6,15,17,34,40|7,11,14,31,32,35
1,2,8,12,13,35|3,6,9,11,15,34|10,16,17,29,30,32
1,9,25,29,30,31|2,11,16,17,34,40|7,14,22,28,32,35
2,8,13,26,29,32|3,6,9,11,15,34|10,12,16,30,35,40
2,9,15,22,38,40|3,8,12,16,17,35|13,20,26,29,30,32
2,11,13,20,29,34|3,6,9,15,32,38|10,12,16,30,35,40
2,13,20,29,32,38|3,6,9,11,15,34|10,12,16,30,35,40
2,15,17,22,34,40|6,7,28,31,32,35|9,10,11,16,29,30
2,12,15,18,33,34|3,19,23,25,28,35|6,7,8,9,27,32
1,2,9,15,18,23|3,6,19,31,34,38|17,22,27,29,30,33
1,7,14,22,33,35|2,6,8,19,27,34|10,15,18,29,30,38
2,6,18,31,33,34|7,8,10,15,35,40|19,22,27,30,32,38
2,14,18,22,33,34|3,6,9,23,27,29|7,8,10,15,35,40
2,14,19,28,33,34|3,6,9,23,27,29|7,8,10,15,35,40
2,19,22,31,33,34|3,6,9,23,27,29|7,8,10,15,35,40
3,6,14,18,34,38|7,8,10,15,35,40|17,22,27,29,30,33
3,6,19,31,34,38|7,8,10,15,35,40|17,22,27,29,30,33
2,12,15,19,33,34|3,6,18,23,25,35|7,9,14,22,38,40
3,18,22,23,31,35|6,12,19,27,30,34|7,9,11,15,32,33
2,6,18,25,33,34|3,9,22,23,27,29|10,15,17,19,30,38
2,9,10,15,19,23|3,6,18,31,34,38|17,27,28,29,30,33
2,14,18,28,33,34|3,9,22,23,27,29|10,15,17,19,30,38
3,8,15,19,26,34|6,7,10,14,33,35|18,22,27,30,32,38
2,3,8,9,16,38|7,20,25,30,31,35|14,17,23,27,32,34
2,3,8,16,17,34|7,20,25,30,31,35|9,14,23,27,32,38
2,7,8,25,31,35|3,9,15,28,30,38|10,16,17,23,29,34
7,22,25,28,30,35|8,13,17,20,34,38|9,16,23,26,32,33
2,6,7,9,14,33|3,12,15,18,30,34|8,19,23,27,28,35
7,9,28,30,31,40|8,18,22,23,27,35|12,15,19,33,34,38
2,3,9,16,23,32|6,7,25,28,30,35|8,11,13,17,34,38
2,7,8,14,25,35|3,9,11,16,30,38|13,17,20,23,32,34
2,7,8,15,28,35|3,9,11,16,30,38|13,17,20,23,32,34
2,7,8,16,20,35|3,9,14,30,31,38|11,13,23,26,29,34
6,7,25,28,30,35|8,9,13,23,26,32|16,20,29,33,34,38
6,15,17,33,34,38|7,11,25,30,31,35|8,9,13,23,26,32
7,11,25,30,31,35|8,9,13,23,26,32|15,28,29,33,34,38
7,14,20,25,30,35|8,9,13,23,26,32|15,28,29,33,34,38
7,15,20,28,30,35|8,9,13,23,26,32|14,25,29,33,34,38
7,22,28,30,31,35|8,9,13,23,26,32|14,25,29,33,34,38
1,9,16,23,29,38|2,7,8,14,31,35|3,6,15,17,30,34
1,16,17,23,29,34|2,7,8,14,31,35|3,6,9,15,30,38
2,3,8,16,29,34|6,7,22,25,30,35|9,11,13,23,32,38
2,7,8,11,16,35|3,6,9,15,30,38|14,23,27,29,32,34
2,7,8,14,31,35|3,6,9,15,30,38|11,13,17,23,32,34
2,7,8,15,22,35|3,14,25,29,30,34|9,11,13,23,32,38
2,10,16,32,33,34|7,8,25,26,31,35|9,22,27,28,30,38
1,8,25,27,30,35|2,9,12,16,33,38|6,7,15,26,32,34
2,8,10,16,33,35|6,7,15,26,32,34|9,12,14,27,30,38
2,9,12,16,33,38|3,17,23,25,31,35|6,7,15,26,32,34
2,10,11,13,23,35|6,7,15,26,32,34|9,12,14,27,30,38
3,17,23,25,31,35|6,7,15,26,32,34|9,12,14,27,30,38
1,2,9,16,17,23|3,14,25,29,34,38|7,8,15,22,26,35
1,2,16,32,33,34|6,7,22,25,35,38|8,9,13,20,26,30
2,8,13,17,20,34|6,7,22,25,35,38|9,11,16,26,30,33
2,8,27,29,31,34|6,7,22,25,35,38|9,11,16,26,30,33
2,9,10,16,23,29|3,6,15,17,34,38|7,8,14,26,31,35
2,9,11,16,33,38|6,17,22,27,30,34|7,8,14,26,31,35
2,9,14,23,27,32|3,6,15,17,34,38|7,8,11,16,26,35
2,11,16,17,33,34|6,7,22,25,35,38|8,9,13,20,26,30
2,14,17,31,33,34|6,7,22,25,35,38|8,9,13,20,26,30
2,15,17,22,33,34|6,7,28,31,35,38|8,9,13,20,26,30
2,25,29,31,33,34|6,9,22,27,30,38|7,8,11,16,26,35
3,8,9,14,25,34|6,7,28,31,35,38|16,17,26,30,32,33
3,8,9,15,28,34|6,7,22,25,35,38|16,17,26,30,32,33
1,27,30,31,32,34|2,8,9,16,26,33|6,7,25,28,35,38
2,8,10,13,32,34|6,7,25,28,35,38|9,16,20,26,30,33
2,8,14,17,27,34|3,9,16,23,26,32|6,7,25,28,35,38
2,8,25,27,29,34|3,9,16,23,26,32|7,15,20,28,35,38
2,9,14,25,33,38|6,17,27,28,30,34|7,8,16,20,26,35
2,9,15,28,33,38|7,8,14,25,26,35|10,13,20,30,32,34
2,9,16,20,33,38|6,17,27,28,30,34|7,8,14,25,26,35
2,9,23,27,31,32|3,11,16,17,34,38|7,8,14,25,26,35
2,10,12,13,23,35|3,8,9,25,31,34|14,26,27,29,30,38
2,13,17,23,26,32|3,8,9,25,31,34|7,15,20,28,35,38
2,14,17,25,33,34|3,9,16,23,26,32|7,15,20,28,35,38
2,15,17,28,33,34|3,9,16,23,26,32|7,11,25,31,35,38
2,16,17,20,33,34|6,7,25,28,35,38|8,9,14,26,27,30
3,9,16,23,26,32|6,7,25,28,35,38|11,17,27,30,31,34
1,2,9,16,23,29|6,7,11,15,35,38|14,17,25,30,34,40
1,8,9,16,17,30|2,14,29,31,33,34|6,7,11,15,35,38
2,8,13,20,29,34|6,7,11,15,35,38|9,14,25,30,32,33
2,8,16,17,34,40|6,7,11,15,35,38|9,14,25,30,32,33
2,14,29,31,33,34|6,7,11,15,35,38|8,9,16,26,30,40
2,15,22,29,33,34|7,8,14,25,32,35|9,16,20,30,38,40
1,2,8,13,32,34|3,12,16,17,23,35|6,9,15,26,30,33
1,2,12,13,23,35|3,8,9,11,16,34|27,29,30,31,32,38
1,13,20,30,32,34|2,6,9,15,33,38|3,12,16,17,23,35
2,8,9,11,13,38|3,12,16,17,23,35|6,27,28,29,30,34
2,8,11,13,17,34|6,7,14,28,35,38|9,25,30,31,32,33
2,8,14,27,29,34|3,12,16,17,23,35|6,9,15,26,30,33
2,9,13,20,23,32|3,11,16,29,34,38|6,7,8,15,26,35
2,13,23,26,29,32|3,8,9,11,16,34|6,7,14,28,35,38
2,16,20,29,33,34|6,7,8,15,26,35|9,25,30,31,38,40
3,11,16,29,34,38|6,7,8,15,26,35|9,25,30,31,32,33
2,6,15,29,33,34|7,8,11,16,32,35|9,14,30,31,38,40
2,3,17,27,29,39|9,10,15,18,21,38|13,19,25,26,31,34
8,9,13,14,27,29|12,15,18,21,33,35|19,25,32,34,39,40
1,9,15,18,21,38|10,19,29,31,34,39|12,13,14,27,33,35
8,9,17,27,39,40|10,15,18,21,29,34|13,16,19,26,32,38
9,17,25,33,39,40|10,15,18,21,29,34|13,16,19,26,32,38
1,9,13,16,38,40|6,19,21,27,32,34|12,18,31,33,35,39
1,9,15,19,21,38|2,3,13,16,17,29|12,18,31,33,35,39
2,3,13,16,17,29|6,19,21,27,32,34|12,18,31,33,35,39
1,7,9,15,21,29|2,12,13,16,19,34|3,8,18,31,35,39
1,7,15,21,35,40|2,11,13,16,19,34|3,9,14,29,33,39
2,14,18,34,39,40|3,9,15,21,29,33|13,16,19,26,30,32
2,15,18,21,34,40|3,9,14,29,33,39|13,16,19,26,30,32
1,2,9,13,16,33|3,18,31,32,34,39|7,10,15,21,35,40
1,7,13,15,28,35|2,6,19,21,27,34|3,9,14,17,33,39
1,7,13,16,20,35|2,6,19,21,27,34|3,9,14,17,33,39
2,13,14,18,25,34|3,8,9,27,29,39|7,10,15,21,35,40
2,13,16,18,20,34|3,8,9,27,29,39|7,10,15,21,35,40
2,13,19,25,31,34|3,8,9,27,29,39|7,10,15,21,35,40
1,7,11,13,16,35|2,18,31,34,39,40|9,10,15,19,21,30
1,7,31,35,39,40|2,11,13,16,18,34|9,10,15,19,21,30
1,7,11,27,35,39|2,9,10,13,16,33|3,15,18,21,26,34
1,7,21,22,27,35|2,9,10,13,16,33|3,14,18,26,34,39
2,16,18,27,31,34|3,9,17,25,33,39|7,10,13,15,28,35
2,18,21,22,27,34|3,9,17,25,33,39|7,10,13,15,28,35
2,19,21,27,28,34|3,9,17,25,33,39|7,10,13,16,20,35
1,3,9,13,16,38|2,6,18,21,27,34|7,10,31,35,39,40
1,6,7,21,27,35|2,13,16,19,26,38|3,9,17,31,33,39
2,6,18,21,27,34|3,9,17,31,33,39|7,10,11,13,16,35
2,14,16,18,27,34|3,9,17,31,33,39|7,10,13,15,22,35
2,19,21,22,27,34|3,9,17,31,33,39|7,10,11,13,16,35
2,7,9,31,39,40|12,13,16,18,34,38|19,21,23,27,28,35
1,3,7,14,35,39|2,13,16,18,26,30|6,19,21,27,34,38
1,3,7,15,21,35|2,13,16,18,26,30|9,17,23,27,39,40
2,7,9,12,13,16|3,17,27,29,30,39|15,19,21,26,33,34
2,7,9,14,39,40|6,18,21,23,27,35|12,13,16,19,34,38
1,3,21,30,32,38|2,6,7,12,16,34|8,9,13,22,23,26
2,6,7,12,16,34|3,11,17,21,30,38|8,9,13,22,23,26
2,7,12,14,15,34|3,11,17,21,30,38|6,9,16,23,26,33
1,3,12,21,30,34|2,7,15,31,32,38|8,10,13,23,28,35
2,6,7,14,25,34|3,12,17,21,30,38|8,10,13,23,28,35
2,6,7,15,28,34|3,12,17,21,30,38|10,16,22,23,33,35
2,6,7,16,20,34|3,12,17,21,30,38|8,10,13,23,28,35
2,7,11,15,31,34|3,12,17,21,30,38|8,10,13,23,28,35
2,7,11,16,22,34|3,12,17,21,30,38|8,10,13,23,28,35
2,7,14,15,20,34|3,12,17,21,30,38|8,10,13,23,28,35
2,7,14,22,31,34|3,12,17,21,30,38|8,10,13,23,28,35
2,7,12,15,25,34|3,10,21,30,32,38|9,16,23,26,28,33
2,7,12,16,28,34|3,10,21,30,32,38|8,9,15,23,26,27
1,3,15,25,30,34|2,7,12,21,32,38|8,9,13,23,26,28
1,3,16,28,30,34|2,7,12,21,32,38|9,15,23,26,31,33
1,8,13,28,34,38|2,3,9,15,23,25|7,12,21,26,30,32
1,15,31,33,34,38|2,3,9,16,23,28|7,12,21,26,30,32
1,16,22,33,34,38|2,3,9,15,23,25|7,12,21,26,30,32
2,3,9,15,23,25|6,8,10,13,34,38|7,12,21,26,30,32
2,3,9,16,23,28|6,8,10,13,34,38|7,12,21,26,30,32
2,7,11,12,21,34|3,15,17,25,30,38|8,9,13,23,26,28
2,7,12,15,31,34|3,8,17,21,26,30|9,13,20,23,28,38
2,7,12,16,22,34|3,8,17,21,26,30|6,9,23,27,31,38
2,7,12,21,32,38|3,6,10,16,30,34|8,9,13,23,26,28
1,6,27,29,32,34|8,9,15,17,26,40|12,14,18,28,35,38
1,9,14,28,34,40|6,12,18,25,35,38|15,17,26,29,32,33
1,9,22,31,34,40|6,12,18,25,35,38|15,17,26,29,32,33
1,12,15,17,33,35|2,3,6,9,25,29|14,19,22,26,32,34
1,15,26,29,34,40|2,3,6,9,14,17|12,18,22,31,35,38
2,3,9,14,28,29|6,12,18,25,35,38|11,15,19,26,32,34
2,3,9,15,20,29|6,12,18,25,35,38|14,19,22,26,32,34
2,3,9,22,29,31|6,12,18,25,35,38|11,15,19,26,32,34
6,12,18,25,35,38|8,9,10,15,17,29|14,19,22,26,32,34
6,12,27,35,38,40|8,9,10,15,17,29|14,19,22,26,32,34
6,14,18,26,32,34|8,9,10,15,17,29|12,19,22,25,35,38
6,19,26,31,32,34|8,9,10,15,17,29|12,14,18,28,35,38
1,2,3,9,15,32|6,17,20,27,29,34|12,18,22,25,35,38
1,22,27,29,32,34|2,3,6,9,17,31|12,19,25,28,35,38
2,3,6,9,17,31|11,15,18,26,32,34|12,19,25,28,35,38
2,3,9,11,15,17|6,18,26,31,32,34|12,19,25,28,35,38
2,3,9,14,17,22|6,18,26,31,32,34|12,19,25,28,35,38
2,3,9,28,29,31|6,19,25,26,32,34|12,22,27,35,38,40
6,8,9,26,27,29|10,15,17,32,34,40|12,18,22,25,35,38
6,9,25,26,29,33|10,15,17,32,34,40|12,18,28,31,35,38
9,14,26,28,29,33|10,15,17,32,34,40|12,18,22,25,35,38
9,22,26,29,31,33|10,15,17,32,34,40|12,19,25,28,35,38
1,6,9,11,27,34|2,3,15,17,26,29|12,18,25,28,35,38
1,9,10,15,29,38|2,3,6,12,27,35|14,18,26,28,32,34
2,3,6,9,17,25|10,15,26,29,34,40|12,27,28,32,33,35
2,3,9,15,17,20|6,10,27,29,32,34|12,18,25,28,35,38
2,3,9,17,22,31|6,10,27,29,32,34|12,18,25,28,35,38
2,3,9,25,28,29|6,26,27,32,34,40|10,12,15,17,33,35
2,3,15,17,26,29|6,9,10,25,34,40|12,27,28,32,33,35
6,10,27,29,32,34|9,11,15,17,26,33|12,18,25,28,35,38
6,18,25,26,32,34|9,11,27,28,29,38|10,12,15,17,33,35
9,11,27,28,29,38|10,12,15,17,33,35|18,22,26,31,32,34
9,20,22,27,29,38|10,12,15,17,33,35|14,18,26,28,32,34
1,6,9,31,34,40|2,3,15,17,29,32|12,14,18,22,35,38
1,9,14,22,34,40|2,3,15,17,29,32|6,12,18,31,35,38
1,15,17,32,34,40|2,3,6,9,29,31|12,14,18,22,35,38
1,7,14,33,35,39|3,9,13,16,17,23|6,18,21,27,30,34
1,7,15,21,33,35|3,9,13,16,17,23|11,19,27,30,34,39
2,15,18,21,33,34|3,9,13,16,17,23|19,27,30,32,38,39
2,7,9,25,28,32|6,10,17,23,27,35|12,15,18,26,34,38
1,3,9,15,26,30|2,6,7,10,31,35|18,25,28,32,34,38
1,22,27,29,34,38|2,6,7,10,31,35|3,9,17,25,28,30
2,6,7,10,31,35|3,9,17,25,28,30|11,15,18,26,34,38
2,7,10,11,15,35|3,9,17,25,28,30|6,18,26,31,34,38
2,7,10,14,22,35|3,9,17,25,28,30|6,18,26,31,34,38
1,2,6,7,31,35|3,9,14,17,28,30|8,15,18,26,32,34
1,2,7,11,15,35|3,6,9,17,25,30|14,18,28,32,34,38
1,2,7,14,22,35|3,6,9,17,25,30|8,15,18,26,32,34
2,7,9,22,25,32|3,11,27,28,30,35|12,15,19,26,34,38
2,7,9,28,31,32|3,20,22,27,30,35|12,15,19,26,34,38
1,2,6,7,25,35|3,9,10,15,30,32|8,17,27,28,29,34
1,2,7,14,28,35|3,9,10,15,30,32|6,19,26,31,34,38
1,2,7,15,20,35|3,9,17,22,25,30|6,14,18,26,34,38
1,2,7,22,31,35|3,9,10,15,30,32|6,14,18,26,34,38
1,15,26,29,33,34|2,6,7,10,14,35|3,9,17,22,25,30
2,6,7,10,14,35|3,9,17,22,25,30|11,15,19,26,34,38
2,6,7,9,14,32|3,22,25,30,35,40|12,15,17,29,33,34
1,2,6,7,14,35|3,9,11,15,17,30|19,22,31,32,34,38
3,9,14,17,22,30|6,18,31,32,34,38|12,15,19,23,26,35
3,9,22,25,29,30|6,18,31,32,34,38|12,15,19,23,26,35
1,3,15,29,32,34|2,6,9,14,17,33|12,18,22,25,30,35
2,6,18,31,32,34|3,9,11,15,29,38|12,19,25,28,30,35
2,6,19,25,32,34|3,9,11,15,29,38|12,18,28,30,31,35
2,11,15,18,32,34|3,6,9,29,31,38|12,19,25,28,30,35
2,14,18,22,32,34|3,6,9,29,31,38|12,19,25,28,30,35
2,14,19,28,32,34|3,6,9,29,31,38|12,18,22,25,30,35
2,15,19,20,32,34|3,6,9,29,31,38|7,11,14,17,22,35
2,19,22,31,32,34|3,9,11,15,29,38|6,7,14,17,20,35
2,6,14,18,32,34|7,11,15,20,29,35|9,17,22,30,31,40
2,6,19,31,32,34|7,11,14,28,29,35|9,15,17,20,30,40
2,11,15,19,32,34|3,6,9,14,29,38|12,18,22,30,31,35
2,14,19,22,32,34|6,7,11,25,29,35|9,15,17,20,30,40
1,2,6,27,29,34|3,9,11,15,17,38|7,10,14,22,32,35
1,3,6,9,31,34|2,15,17,26,29,33|7,10,14,22,32,35
1,9,22,27,30,32|2,6,14,18,26,34|7,11,17,28,31,35
2,6,14,18,26,34|3,9,11,15,17,38|7,20,25,28,29,35
2,6,19,26,31,34|3,9,11,15,17,38|7,10,14,22,32,35
2,8,9,27,28,29|3,15,26,32,34,40|6,7,17,20,25,35
2,9,25,28,29,33|3,15,26,32,34,40|7,17,20,22,31,35
2,11,15,19,26,34|3,6,9,17,31,38|7,10,14,22,32,35
2,14,19,22,26,34|3,6,9,17,31,38|7,10,11,15,32,35
2,22,27,32,34,40|3,6,9,17,31,38|7,20,25,28,29,35
1,2,9,15,32,33|3,6,17,25,29,34|12,27,28,30,35,40
1,6,9,27,30,32|2,10,15,29,34,40|7,11,14,17,28,35
1,7,22,31,32,35|2,6,14,19,26,34|3,9,15,20,29,38
1,9,10,15,29,30|2,6,14,19,26,34|7,11,17,22,31,35
1,9,15,26,30,40|2,6,18,25,32,34|7,11,14,17,28,35
2,6,14,19,26,34|3,9,15,20,29,38|7,11,17,22,31,35
2,6,18,25,32,34|3,8,9,15,26,29|7,11,14,17,28,35
2,6,27,32,34,40|3,8,9,15,26,29|7,11,14,17,28,35
2,10,15,29,34,40|3,6,9,14,17,38|12,18,25,28,30,35
2,14,18,28,32,34|3,6,9,25,29,38|7,11,15,17,20,35
2,15,18,20,32,34|3,6,9,14,17,38|7,11,25,28,29,35
2,18,22,31,32,34|3,6,9,14,17,38|7,11,25,28,29,35
2,19,22,25,32,34|3,6,9,14,17,38|7,20,28,29,31,35
2,19,28,31,32,34|3,6,9,14,17,38|7,20,22,25,29,35
1,7,14,26,28,35|2,6,10,27,29,34|3,9,17,22,25,38
1,7,15,20,26,35|2,6,10,27,29,34|3,9,17,22,25,38
2,6,26,27,34,40|3,9,10,15,32,38|7,17,20,25,28,35
2,15,18,20,26,34|3,9,17,22,25,38|7,10,28,31,32,35
2,18,22,26,31,34|3,9,10,15,32,38|7,17,20,25,28,35
1,2,22,27,29,34|3,6,9,17,25,38|7,10,14,28,32,35
1,3,9,22,31,34|2,15,18,26,32,38|7,11,17,25,28,35
1,3,15,26,29,34|2,8,9,17,22,27|6,7,10,25,32,35
1,7,14,22,26,35|2,9,10,15,32,33|3,17,25,28,29,34
1,7,25,28,32,35|2,6,18,26,31,34|3,9,15,17,20,38
1,9,27,28,30,32|2,6,18,26,31,34|7,17,20,22,25,35
2,6,18,26,31,34|3,9,14,17,28,38|7,10,15,20,32,35
2,6,19,25,26,34|3,9,14,17,28,38|7,10,15,20,32,35
2,11,15,18,26,34|3,6,9,17,25,38|7,10,14,28,32,35
2,14,18,22,26,34|3,6,9,17,25,38|7,10,15,20,32,35
2,14,19,26,28,34|3,6,9,17,25,38|7,10,15,20,32,35
2,15,18,26,32,38|3,6,9,10,14,34|7,11,17,25,28,35
2,15,19,20,26,34|3,6,9,17,25,38|7,10,14,28,32,35
2,18,25,28,32,34|3,6,12,27,35,38|9,10,15,26,30,40
2,19,22,26,31,34|3,6,9,17,25,38|7,10,14,28,32,35
1,8,10,29,31,33|2,7,11,12,25,40|17,18,20,22,23,28
1,8,11,18,25,38|2,7,12,20,31,40|10,19,22,23,28,32
1,8,18,20,31,38|2,7,11,12,25,40|10,19,22,23,28,32
1,8,18,22,28,38|2,7,11,12,25,40|10,19,20,23,31,32
1,8,19,20,25,38|2,7,12,22,28,40|10,11,18,23,31,32
1,8,26,31,33,40|3,6,7,12,28,32|11,17,18,20,23,25
1,11,14,18,23,26|2,7,12,20,31,40|6,8,10,19,28,38
1,14,19,20,23,26|2,7,11,12,25,40|6,8,10,18,22,38
1,8,18,20,25,38|3,7,12,22,28,32|10,11,14,19,23,26
1,8,20,27,38,40|3,7,11,12,25,32|6,10,19,22,23,26
1,11,18,23,26,31|2,7,12,20,25,40|8,10,19,22,28,38
1,19,20,23,26,31|3,7,11,12,25,32|6,8,10,18,28,38
1,20,25,33,38,40|3,7,12,22,28,32|10,11,14,19,23,26
1,6,8,18,28,38|2,7,11,12,31,40|10,14,19,20,23,32
1,8,10,14,29,33|2,6,7,12,28,40|11,17,18,20,23,31
1,8,11,18,31,38|2,6,7,12,28,40|10,14,19,20,23,32
1,8,14,18,20,38|2,6,7,12,28,40|10,11,19,23,31,32
1,8,14,26,33,40|3,6,7,12,22,32|11,17,18,20,23,31
1,8,19,20,31,38|2,6,7,12,28,40|10,11,14,18,23,32
1,18,20,23,31,32|2,6,7,12,28,40|8,10,11,14,19,38
1,2,18,21,23,29|3,6,16,33,34,40|8,13,19,22,26,30
2,8,18,21,32,33|3,13,17,22,23,29|6,14,19,27,30,38
2,8,18,21,38,40|3,13,17,22,23,29|6,16,19,26,30,33
2,13,19,23,28,32|3,6,8,16,18,34|7,12,21,29,38,40
3,6,8,16,18,34|7,12,21,29,32,33|11,13,19,28,30,38
3,8,11,19,21,34|6,7,12,13,29,38|15,18,25,30,32,33
3,8,13,22,34,40|6,14,19,27,30,38|7,12,21,29,32,33
3,8,15,19,31,34|6,7,12,13,29,38|16,18,28,30,32,33
3,8,16,19,22,34|6,7,12,13,29,38|15,18,25,30,32,33
3,13,17,22,23,29|6,14,19,27,30,38|7,8,9,12,21,40
1,2,19,21,23,29|3,6,8,13,34,40|15,18,30,31,32,33
2,6,8,13,19,38|3,17,21,23,29,40|15,18,30,31,32,33
2,8,19,21,32,33|3,6,13,17,23,29|15,18,30,31,38,40
2,8,19,21,38,40|3,6,13,17,23,29|15,18,30,31,32,33
1,2,17,18,21,23|3,6,13,20,33,34|8,15,19,26,27,30
1,3,8,9,21,33|2,6,13,18,23,26|14,19,27,28,30,38
1,3,9,13,22,23|2,8,15,19,27,38|7,12,17,21,32,33
2,6,13,18,23,26|3,8,15,27,34,40|7,9,11,12,21,33
2,8,13,18,28,38|3,15,17,23,27,29|7,9,11,12,21,33
2,8,19,21,26,33|3,15,17,23,27,29|13,18,20,28,30,38
2,10,18,21,23,29|3,6,13,20,33,34|8,15,19,26,27,30
2,13,19,22,23,26|3,8,15,18,25,34|7,9,11,12,21,33
2,15,18,23,27,32|3,6,13,20,33,34|7,12,17,21,38,40
2,15,18,31,33,38|3,19,21,23,26,32|7,8,9,12,13,28
2,18,21,23,26,40|3,6,13,20,33,34|14,19,27,28,30,38
3,6,13,20,33,34|7,12,17,21,38,40|8,15,19,26,27,30
3,8,15,18,25,34|6,7,12,13,17,38|16,19,26,28,30,33
3,8,15,27,34,40|6,7,12,13,17,38|11,18,21,26,30,33
3,8,16,18,28,34|6,7,12,13,17,38|15,19,25,26,30,33
3,8,18,20,21,34|6,7,12,13,17,38|15,19,25,26,30,33
3,15,17,23,27,29|7,8,9,12,13,28|11,18,21,26,30,33
3,16,28,33,34,40|6,7,12,13,17,38|8,15,19,26,27,30
3,20,21,33,34,40|6,7,12,13,17,38|8,15,19,26,27,30
1,3,9,21,23,40|2,6,16,18,33,38|8,13,19,26,28,30
1,13,17,22,30,33|2,10,19,21,23,29|3,8,15,18,31,34
1,15,27,29,30,33|2,6,13,19,23,26|3,8,11,18,21,34
2,6,13,19,23,26|3,8,11,18,21,34|7,9,12,14,15,33
2,13,18,23,28,32|3,8,15,19,25,34|6,7,9,12,16,33
3,8,11,18,21,34|6,7,9,12,16,33|13,19,20,28,30,38
3,8,13,28,34,40|6,7,9,12,16,33|11,15,19,27,30,38
3,8,15,18,31,34|6,7,9,12,16,33|13,19,20,28,30,38
3,8,15,19,25,34|6,7,9,12,16,33|11,13,18,28,30,38
3,8,16,18,22,34|6,19,27,30,31,38|7,9,12,14,15,33
3,8,19,20,21,34|6,7,9,12,16,33|11,13,18,28,30,38
3,11,21,33,34,40|6,14,18,27,30,38|7,8,9,12,13,22
3,13,17,23,28,29|6,7,9,12,16,33|11,15,19,27,30,38
3,15,31,33,34,40|6,14,18,27,30,38|7,8,9,12,13,22
1,7,12,13,28,34|2,10,17,18,21,23|3,15,27,32,33,38
1,10,18,21,30,38|2,15,19,23,26,27|3,13,20,28,33,34
2,15,19,23,26,27|3,8,9,10,21,33|7,12,13,17,28,38
1,3,9,13,23,28|2,8,15,18,27,38|7,12,21,26,29,33
1,7,12,13,22,34|2,8,15,18,27,38|3,9,10,21,23,40
1,10,19,21,30,38|2,13,18,22,23,26|3,6,14,27,33,34
2,8,15,18,27,38|3,6,9,10,13,23|7,12,21,26,29,33
2,8,18,21,26,33|3,6,9,10,13,23|7,12,15,27,29,38
3,6,9,10,13,23|7,12,15,27,29,38|16,18,26,28,30,33
3,18,21,23,26,32|7,8,9,12,15,27|10,13,17,22,30,33
1,10,19,21,23,34|2,3,13,22,33,38|7,12,15,17,27,30
1,9,13,22,23,33|2,3,8,19,21,38|7,12,15,27,29,30
2,3,8,19,21,38|6,14,18,23,27,34|7,12,13,17,22,30
2,3,18,21,23,32|7,12,13,17,22,30|8,15,27,33,34,40
2,7,12,21,29,33|3,13,28,30,38,40|6,14,18,23,27,34
6,13,19,23,26,38|7,12,15,27,29,30|8,16,18,28,33,34
2,3,21,33,38,40|6,18,23,27,31,34|7,12,13,17,28,30
6,18,23,27,31,34|7,12,13,17,28,30|8,19,21,26,33,38
2,3,19,21,23,32|6,7,12,13,17,30|8,15,18,31,33,34
6,14,19,23,27,34|7,12,13,28,29,30|8,18,21,32,33,38
7,12,17,21,30,40|8,15,18,31,33,34|13,19,23,28,32,38
1,2,8,18,20,25|3,6,10,22,32,33|7,11,12,26,31,40
1,3,11,25,32,33|2,6,8,10,18,28|7,12,14,20,26,40
1,3,22,28,32,33|2,8,10,11,18,31|7,12,14,20,26,40
1,2,3,8,14,33|6,10,19,22,23,38|7,12,20,25,30,40
1,3,6,28,30,33|2,7,8,12,25,40|10,11,14,19,23,38
1,3,11,30,31,33|2,7,8,12,25,40|6,10,19,22,23,38
1,3,14,20,30,33|2,7,8,12,25,40|6,10,19,22,23,38
1,11,19,23,25,38|2,6,7,12,22,33|3,8,10,30,31,40
1,14,18,20,23,38|2,6,7,12,22,33|3,8,10,30,31,40
1,2,3,8,25,33|6,10,18,23,28,38|7,11,12,20,27,30
1,3,8,20,27,30|2,7,11,12,25,33|6,10,18,23,28,38
1,3,20,25,30,33|2,7,8,11,12,27|6,10,18,23,28,38
1,3,8,11,27,30|2,6,7,12,28,33|10,14,19,20,23,38
1,18,20,23,31,38|2,6,7,12,28,33|3,8,10,25,30,40
1,18,22,23,28,38|2,7,11,12,31,33|3,8,10,25,30,40
1,2,10,19,21,38|3,13,26,28,32,33|6,7,9,12,25,27
1,3,10,21,34,40|2,6,18,25,27,38|7,12,13,17,22,26
2,10,13,17,22,33|3,11,18,21,26,38|6,7,9,12,25,27
2,14,18,27,28,38|3,9,10,11,21,33|7,12,13,17,22,26
2,15,18,25,26,33|3,6,10,13,17,38|7,9,12,14,27,28
2,16,18,26,28,33|3,6,10,13,17,38|7,9,12,15,20,27
2,18,20,21,26,33|3,6,10,13,17,38|7,9,12,14,27,28
2,19,27,28,31,38|3,9,10,11,21,33|7,12,13,17,22,26
1,2,13,17,22,33|3,6,16,19,26,38|18,27,28,30,31,32
1,3,6,13,17,38|2,11,19,21,26,33|18,22,25,27,30,32
1,3,8,9,13,28|2,6,14,18,27,38|10,15,17,19,25,30
1,3,9,11,21,33|2,6,14,18,27,38|7,12,13,17,28,32
1,3,9,15,31,33|2,6,14,18,27,38|7,12,13,17,28,32
1,3,9,16,22,33|2,6,14,18,27,38|7,12,13,17,28,32
1,3,13,28,29,38|2,6,16,18,26,33|10,15,17,19,25,30
1,3,17,21,32,33|2,6,14,18,27,38|7,9,11,12,13,28
1,3,17,21,38,40|2,6,16,18,26,33|7,9,11,12,13,28
1,10,18,21,30,32|2,6,19,27,31,38|3,13,20,28,34,40
2,6,14,18,27,38|3,8,9,10,21,40|7,12,13,17,28,32
2,6,16,18,26,33|3,8,9,10,21,40|7,12,13,17,28,32
2,6,19,27,31,38|3,8,9,10,21,40|7,12,13,17,28,32
2,8,13,18,22,26|3,6,27,31,34,40|10,15,17,19,25,30
2,10,13,22,29,33|3,6,16,19,26,38|18,27,28,30,31,32
2,11,13,18,28,38|3,6,27,31,34,40|10,15,17,19,25,30
2,11,19,21,26,33|3,6,8,9,10,13|18,22,25,27,30,32
2,13,18,20,22,38|3,6,27,31,34,40|10,15,17,19,25,30
2,13,22,26,33,40|3,6,18,25,31,34|10,16,17,19,28,30
2,14,15,18,26,33|3,6,8,9,10,13|19,25,27,28,30,32
2,15,19,26,31,33|3,6,8,9,10,13|18,22,25,27,30,32
2,16,19,22,26,33|3,6,8,9,10,13|18,27,28,30,31,32
3,6,16,19,26,38|7,9,11,12,13,28|10,15,17,18,30,31
3,6,18,25,31,34|7,9,11,12,13,28|10,17,19,20,21,30
3,6,27,31,34,40|7,9,11,12,13,28|10,15,17,19,25,30
3,8,9,10,21,40|6,14,18,26,27,30|7,12,13,17,28,32
3,8,18,21,26,32|6,7,9,12,14,27|10,13,17,28,30,40
3,10,21,29,32,33|6,7,9,12,14,27|11,13,18,26,28,30
3,10,21,29,38,40|6,7,9,12,14,27|11,13,18,26,28,30
3,11,15,18,25,34|6,7,9,12,14,27|10,13,17,28,30,40
3,11,15,27,34,40|7,9,12,13,20,22|10,16,17,19,28,30
3,11,16,18,28,34|6,7,9,12,14,27|10,15,17,19,25,30
3,11,18,20,21,34|6,7,9,12,14,27|10,13,17,28,30,40
3,13,20,28,34,40|6,7,9,12,14,27|10,11,17,18,21,30
3,14,15,19,26,38|7,9,11,12,13,28|10,16,17,18,22,30
3,14,18,22,25,34|6,19,26,27,30,31|7,9,11,12,13,28
3,14,18,28,31,34|7,9,12,13,20,22|10,15,17,19,25,30
3,14,19,25,28,34|7,9,12,13,20,22|10,11,17,18,21,30
3,14,22,27,34,40|7,9,11,12,13,28|10,15,17,18,30,31
3,15,18,20,31,34|6,7,9,12,14,27|10,13,17,28,30,40
3,15,18,22,28,34|6,7,9,12,14,27|10,17,19,20,21,30
3,15,18,25,32,38|6,7,9,12,14,27|10,13,17,28,30,40
3,15,19,20,25,34|6,7,9,12,14,27|10,11,17,18,21,30
3,15,27,32,38,40|7,9,11,12,13,28|10,16,17,18,22,30
3,16,18,20,22,34|6,7,9,12,14,27|10,13,17,28,30,40
3,16,18,28,32,38|6,7,9,12,14,27|10,15,17,19,25,30
3,16,19,20,28,34|6,7,9,12,14,27|10,11,17,18,21,30
3,18,20,21,32,38|6,7,9,12,14,27|10,13,17,28,30,40
3,19,22,25,31,34|6,7,9,12,14,27|10,11,17,18,21,30
3,21,26,32,33,40|6,7,9,12,14,27|10,15,17,18,30,31
1,2,13,17,28,33|3,6,16,18,26,38|7,9,11,12,15,27
1,3,9,15,25,33|2,6,18,27,31,38|7,10,12,17,21,29
1,3,9,16,28,33|2,6,18,27,31,38|7,10,12,17,21,29
1,3,9,20,21,33|2,6,18,27,31,38|7,12,13,26,28,29
1,3,21,26,29,33|2,6,18,27,31,38|7,9,12,13,20,28
2,6,10,13,17,33|3,11,19,21,26,38|7,9,12,14,22,27
2,6,18,27,31,38|3,8,9,10,13,22|7,12,17,21,26,40
2,6,19,25,27,38|3,8,9,10,13,22|7,12,17,21,26,40
2,8,10,17,18,21|3,6,25,27,34,40|7,9,12,13,20,28
2,8,13,18,26,28|3,6,9,10,16,33|7,12,15,17,27,32
2,10,13,28,29,33|3,6,16,18,26,38|7,9,11,12,15,27
2,10,17,21,33,40|3,6,16,18,26,38|7,9,11,12,15,27
2,11,15,18,27,38|3,6,9,10,16,33|7,12,13,26,28,29
2,11,18,21,26,33|3,6,25,27,34,40|7,9,12,13,20,28
2,13,18,20,28,38|3,6,9,10,16,33|7,12,15,17,27,32
2,13,26,28,33,40|3,15,18,20,25,34|6,7,9,12,27,31
2,14,18,22,27,38|3,6,9,10,16,33|7,12,13,26,28,29
2,14,19,27,28,38|3,6,9,10,16,33|7,12,17,21,26,40
2,15,18,26,31,33|3,6,25,27,34,40|7,9,12,13,20,28
2,15,19,20,27,38|3,6,9,10,16,33|7,12,13,26,28,29
2,16,18,22,26,33|3,6,25,27,34,40|7,9,12,13,20,28
2,16,19,26,28,33|3,6,25,27,34,40|7,10,12,17,21,29
2,19,20,21,26,33|3,6,25,27,34,40|10,16,17,18,28,30
2,19,22,27,31,38|3,6,9,10,16,33|7,12,13,26,28,29
3,9,10,14,15,33|6,7,12,13,17,26|18,25,27,28,30,32
3,11,19,21,26,38|6,7,9,12,27,31|10,15,17,18,25,30
3,13,22,26,32,33|6,7,9,12,27,31|10,15,17,18,25,30
3,13,22,26,38,40|6,7,9,12,27,31|10,15,17,18,25,30
3,16,19,22,26,38|6,7,9,12,27,31|10,15,17,18,25,30
1,2,8,17,19,21|3,6,11,16,18,34|7,9,12,15,31,40
1,2,13,22,29,33|3,6,11,16,18,34|7,9,12,15,31,40|14,19,27,28,30,32
1,3,6,8,9,13|2,11,18,21,32,33|10,14,15,17,19,30
1,3,6,13,29,38|2,8,15,19,27,32|7,9,11,12,21,40
1,3,8,9,21,40|2,6,11,13,18,38|10,14,15,17,19,30
1,3,21,29,32,33|2,6,8,13,19,26|7,9,12,15,31,40
1,3,21,29,38,40|2,6,8,13,19,26|11,15,18,27,30,32
1,11,17,18,21,30|2,6,8,13,19,26|7,9,12,15,31,40
1,13,17,28,30,40|2,8,10,19,21,29|3,6,11,16,18,34
1,15,17,18,30,31|2,6,8,13,19,26|7,9,11,12,21,40
1,15,17,19,25,30|2,6,11,13,18,38|7,9,12,16,22,40
1,16,17,18,22,30|2,6,8,13,19,26|7,9,11,12,21,40
1,16,17,19,28,30|2,6,11,13,18,38|7,9,12,15,31,40
1,17,19,20,21,30|2,6,11,13,18,38|7,9,12,15,31,40
2,6,8,13,19,26|3,11,14,15,18,34|7,9,12,16,22,40
2,6,11,13,18,38|3,14,15,19,20,34|7,9,12,16,22,40
2,6,13,19,20,38|3,11,14,15,18,34|7,9,12,16,22,40
2,8,10,19,21,29|3,6,11,16,18,34|7,9,12,15,31,40
2,8,13,18,28,32|3,6,14,19,25,34|7,9,11,12,21,40
2,8,15,19,27,32|3,6,11,16,18,34|10,13,28,29,30,40
2,8,19,21,26,40|3,6,11,16,18,34|7,12,13,28,29,32
2,11,13,19,22,38|3,6,14,18,31,34|7,12,17,21,32,40
2,11,18,21,32,33|3,6,13,20,34,40|10,14,15,17,19,30
2,11,18,21,38,40|3,6,14,19,25,34|7,12,13,28,29,32
2,13,28,32,33,40|3,6,11,16,18,34|10,14,15,17,19,30
2,15,18,31,32,33|3,6,13,20,34,40|10,16,19,28,29,30
2,15,18,31,38,40|3,6,14,19,25,34|7,12,13,28,29,32
2,15,19,25,32,33|3,6,11,16,18,34|10,13,28,29,30,40
2,15,19,25,38,40|3,6,11,16,18,34|7,12,13,28,29,32
2,16,18,22,32,33|3,6,13,20,34,40|10,14,15,17,19,30
2,16,18,22,38,40|3,6,14,19,25,34|7,12,13,28,29,32
2,16,19,28,32,33|3,6,13,20,34,40|10,11,18,21,29,30
2,19,20,21,32,33|3,6,11,16,18,34|7,9,12,15,31,40
2,19,20,21,38,40|3,6,11,16,18,34|7,12,13,28,29,32
3,6,11,16,18,34|7,9,12,15,31,40|10,19,20,21,29,30
3,6,14,18,31,34|7,9,11,12,21,40|10,15,19,25,29,30
3,6,14,19,25,34|7,9,11,12,21,40|10,15,18,29,30,31
3,6,15,18,22,34|7,9,11,12,21,40|10,16,19,28,29,30
3,6,15,19,28,34|7,9,11,12,21,40|10,16,18,22,29,30
3,6,16,18,32,38|7,9,11,12,21,40|10,14,15,17,19,30
3,6,16,19,20,34|7,9,11,12,21,40|10,15,18,29,30,31
3,8,13,17,28,29|6,18,27,30,31,32|7,9,11,12,21,40
3,11,14,15,18,34|6,7,12,13,17,32|10,16,19,28,29,30
3,11,15,19,31,34|6,7,12,13,17,32|10,16,18,22,29,30
3,11,16,19,22,34|6,7,12,13,17,32|10,15,18,29,30,31
3,11,17,21,29,33|6,13,19,20,26,30|7,9,12,15,31,40
3,14,15,18,32,38|6,7,9,11,12,13|10,16,19,28,29,30
