1,10,30,31,32,33|2,6,18,23,26,28|7,8,9,12,20,25
1,10,30,31,38,40|2,6,18,23,26,28|7,8,9,12,20,25
1,17,20,25,30,33|2,6,18,23,26,28|3,8,10,29,31,38
2,8,20,27,32,33|3,6,9,10,22,23|7,11,12,17,31,38
2,8,25,26,33,40|3,6,9,10,22,23|7,11,12,17,31,38
2,10,17,23,31,40|3,6,20,28,33,34|7,8,12,25,26,29
2,19,20,23,26,31|3,8,11,27,32,38|6,10,17,28,30,33
2,20,25,33,38,40|3,6,9,10,22,23|7,8,12,14,17,26
3,9,10,11,14,23|6,7,12,17,28,38|8,18,20,25,26,30
3,10,23,25,29,32|6,7,12,17,28,38|8,20,26,27,30,40
3,23,25,26,32,40|6,7,12,17,28,38|8,10,20,27,29,30
1,2,14,17,23,40|6,7,8,9,12,22|11,19,20,30,31,38
1,2,23,25,29,40|6,7,8,9,12,22|11,14,18,20,30,38
1,3,23,29,31,32|2,6,8,18,22,38|11,14,26,30,33,40
1,8,17,25,30,40|2,6,18,23,28,32|7,11,12,14,29,38
2,6,8,18,22,38|3,11,17,23,29,31|20,25,30,32,33,40
2,6,8,19,28,38|3,11,17,23,29,31|20,25,30,32,33,40
2,6,22,33,38,40|3,11,17,23,29,31|8,14,19,20,26,30
2,8,11,14,18,38|3,6,17,23,28,29|20,25,30,32,33,40
2,8,11,19,31,38|3,6,17,23,28,29|20,25,30,32,33,40
2,8,25,32,33,40|3,6,17,23,28,29|11,14,18,20,30,38
2,10,14,23,29,40|6,7,8,9,12,22|11,19,20,30,31,38
2,11,14,33,38,40|3,6,17,23,28,29|8,18,20,25,30,32
2,19,20,23,31,32|3,6,8,28,34,40|7,11,12,14,29,38
3,6,17,23,28,29|7,8,9,11,12,14|20,25,30,32,33,40
3,11,17,23,29,31|6,7,8,9,12,22|20,25,30,32,33,40
1,2,8,25,29,33|3,14,23,26,32,40|6,18,20,28,30,38
1,2,17,23,31,40|3,6,11,22,33,34|7,8,9,12,14,20
1,3,6,9,22,23|2,8,10,14,29,33|11,18,20,30,31,38
1,3,14,17,23,32|2,6,8,18,28,38|10,11,29,30,31,33
1,3,23,25,29,32|2,6,8,18,28,38|11,26,30,31,33,40
1,6,17,28,30,33|2,8,11,18,31,38|3,10,14,23,29,32
1,8,20,27,29,30|2,6,19,22,23,26|3,11,14,32,33,38
1,11,17,30,31,33|2,6,8,18,28,38|3,10,14,23,29,32
1,20,25,29,30,33|2,6,8,18,28,38|3,14,23,26,32,40
2,6,8,18,28,38|3,10,14,23,29,32|11,26,30,31,33,40
2,6,19,22,23,26|3,8,11,25,34,40|7,12,14,20,29,38
2,6,28,33,38,40|3,10,14,23,29,32|7,8,9,11,12,31
2,8,11,18,31,38|3,10,14,23,29,32|6,26,28,30,33,40
2,8,11,19,25,38|3,10,14,23,29,32|6,26,28,30,33,40
2,8,14,26,33,40|3,11,17,23,25,29|6,18,20,28,30,38
2,8,19,22,28,38|3,10,14,23,29,32|11,26,30,31,33,40
2,10,23,29,31,40|3,6,11,22,33,34|7,8,9,12,14,20
2,11,14,19,23,26|3,6,22,32,33,38|8,10,17,30,31,40
2,11,18,23,25,32|3,8,20,31,34,40|6,7,12,28,29,38
2,11,23,27,32,40|6,7,8,9,12,28|10,14,20,29,30,33
2,11,31,33,38,40|3,10,14,23,29,32|6,7,8,9,12,28
2,14,20,33,38,40|3,11,17,23,25,29|6,7,8,9,12,28
2,18,20,23,31,32|3,6,11,22,33,34|7,8,12,14,26,29
2,18,22,23,28,32|3,8,11,25,34,40|7,12,14,20,29,38
2,19,20,23,25,32|3,6,11,22,33,34|7,8,12,14,26,29
3,10,14,23,29,32|6,7,8,9,12,28|11,18,20,30,31,38
3,11,17,23,25,29|6,7,8,9,12,28|14,20,26,30,33,40
3,14,23,26,32,40|6,7,8,9,12,28|10,11,29,30,31,33
3,17,22,23,28,29|7,8,9,11,12,31|14,20,26,30,33,40
2,6,8,19,22,38|3,11,14,17,23,29|20,30,31,32,33,40
2,8,11,14,19,38|3,6,17,22,23,29|20,30,31,32,33,40
2,8,31,32,33,40|3,6,17,22,23,29|11,14,19,20,30,38
1,2,7,12,31,38|3,8,10,17,25,30|11,23,26,27,32,33
1,7,12,26,30,31|2,3,8,11,27,38|9,10,22,23,28,33
1,11,17,23,27,38|2,3,8,26,31,33|7,10,12,25,30,32
1,17,23,26,31,33|2,3,8,11,27,38|7,10,12,25,30,32
1,2,3,23,25,29|7,10,12,14,30,32|8,26,31,33,38,40
1,7,12,25,30,32|2,3,6,22,33,38|11,20,23,27,34,40
1,8,9,11,23,27|2,3,6,22,33,38|7,10,12,14,30,32
1,9,20,23,31,33|2,3,8,25,38,40|7,10,12,14,30,32
1,9,22,23,28,33|2,3,8,25,38,40|7,10,12,14,30,32
1,10,14,23,34,40|2,3,6,22,33,38|7,11,12,17,25,30
1,11,23,27,29,38|2,3,8,25,32,33|7,12,17,20,30,31
1,23,26,29,31,33|2,3,8,25,38,40|7,10,12,14,30,32
2,3,6,22,33,38|7,10,12,14,30,32|11,18,20,23,25,34
2,3,8,25,32,33|6,18,22,23,26,38|7,12,17,20,30,31
2,3,8,25,38,40|6,9,10,22,23,33|7,12,17,20,30,31
2,3,10,14,23,29|7,11,12,17,25,30|8,26,31,33,38,40
2,3,11,14,33,38|7,12,17,20,30,31|8,9,10,23,25,40
2,3,14,23,26,40|7,11,12,17,25,30|8,10,29,31,33,38
2,7,8,12,17,31|3,6,22,26,30,33|10,23,25,29,38,40
7,10,12,14,30,32|8,26,31,33,38,40|11,18,20,23,25,34
1,8,9,20,23,27|2,3,6,28,33,38|7,10,12,30,31,32
1,8,10,14,33,34|2,3,11,23,27,32|7,12,17,20,25,30
1,8,23,26,27,29|2,3,6,28,33,38|7,10,12,30,31,32
1,10,23,31,34,40|2,3,6,28,33,38|7,12,17,20,25,30
1,20,23,27,29,38|2,3,8,14,26,33|7,10,12,30,31,32
6,18,23,26,28,38|7,10,12,30,31,32|8,11,20,27,33,34
7,10,12,30,31,32|8,11,20,27,33,34|19,22,23,26,28,38
1,2,17,23,27,28|3,6,25,26,33,38|7,10,12,15,20,34
1,7,12,25,28,34|2,6,10,17,23,27|3,15,20,26,33,38
1,2,17,22,23,27|3,6,26,31,33,38|7,10,11,12,15,34
1,3,9,23,25,28|2,6,8,26,27,33|7,10,11,12,15,34
1,3,15,17,23,26|2,6,20,27,33,38|7,10,12,14,22,34
2,6,8,26,27,33|3,9,10,14,23,28|7,12,17,22,25,38
3,6,9,10,23,25|7,12,17,28,31,38|11,22,26,27,30,33
3,9,10,14,23,28|6,20,26,27,30,33|7,12,17,22,25,38
1,3,9,22,23,25|2,6,11,27,33,38|7,8,12,15,17,26
1,3,9,23,28,31|2,6,11,27,33,38|7,8,12,15,17,26
1,8,17,27,28,30|2,6,18,23,25,26|3,20,22,31,33,34
2,6,10,23,27,29|3,11,22,25,33,34|7,8,12,15,17,26
2,6,11,27,33,38|3,9,10,14,22,23|7,8,12,15,17,26
2,6,18,23,25,26|3,8,11,22,27,34|7,12,14,17,28,38
2,6,23,26,27,40|3,11,22,25,33,34|7,12,14,17,28,38
2,8,27,28,32,33|3,6,9,10,23,31|7,12,15,17,20,38
2,14,18,23,26,28|3,6,8,20,27,34|7,12,17,22,31,38
2,15,18,20,23,26|3,8,11,22,27,34|6,7,12,17,25,38
2,18,22,23,26,31|3,6,8,20,27,34|7,12,14,17,28,38
2,19,22,23,25,26|3,6,8,20,27,34|7,12,14,17,28,38
3,6,9,10,23,31|7,8,12,15,17,26|18,20,25,28,30,38
3,8,22,27,32,38|6,7,10,12,14,34|25,26,28,30,33,40
3,9,10,11,15,23|6,7,12,17,25,38|8,26,27,28,30,40
3,9,10,14,22,23|6,7,12,17,25,38|8,26,27,28,30,40
3,10,15,17,23,32|6,11,26,27,30,33|7,8,9,12,25,28
3,20,22,31,33,34|6,7,12,17,25,38|8,10,27,28,29,30
3,22,25,32,33,38|6,7,10,12,14,34|8,26,27,28,30,40
1,2,22,23,27,29|3,6,11,25,33,34|7,8,9,12,28,31
1,3,6,9,23,25|2,8,18,28,31,38|10,11,15,17,30,33
1,3,8,15,17,38|2,6,18,23,26,31|10,22,25,29,30,33
1,3,9,14,23,28|2,8,18,22,25,38|6,10,17,30,31,33
1,3,9,15,20,23|2,8,18,22,25,38|6,10,17,30,31,33
1,3,9,22,23,31|2,8,19,25,28,38|10,11,15,17,30,33
1,3,15,23,26,29|2,8,18,22,25,38|6,10,17,30,31,33
1,8,17,22,27,30|2,6,18,23,26,31|3,11,14,28,33,34
1,10,15,30,32,33|2,6,18,23,26,31|3,8,25,28,34,40|7,12,14,17,22,38
1,10,15,30,38,40|2,6,18,23,26,31|3,11,14,28,33,34|7,8,9,12,22,25
1,17,22,25,30,33|2,6,18,23,26,31|3,8,10,15,29,38
1,17,28,30,31,33|2,6,19,23,25,26|3,8,10,15,29,38
2,6,18,23,26,31|3,8,10,15,29,38|11,27,28,30,32,33
2,6,19,23,25,26|3,8,10,15,29,38|11,27,28,30,32,33
2,8,18,22,25,38|3,6,9,10,14,23|11,27,28,30,32,33
2,8,18,28,31,38|3,6,9,10,14,23|20,22,27,30,32,33
2,8,19,25,28,38|3,6,9,10,14,23|20,22,27,30,32,33
2,8,22,27,32,33|3,6,9,10,14,23|7,11,12,15,17,38
2,10,15,17,23,40|3,6,8,11,27,34|7,12,22,25,29,38
2,11,15,18,23,26|3,6,8,27,32,38|10,14,17,22,30,33
2,14,18,22,23,26|3,6,8,11,27,34|7,12,28,29,31,38
2,14,19,23,26,28|3,6,8,11,27,34|7,12,22,25,29,38
2,15,19,20,23,26|3,6,8,11,27,34|7,12,14,17,22,38|10,28,29,30,31,33
2,18,23,25,28,32|3,6,8,11,27,34|7,12,14,17,22,38
2,23,27,28,32,40|3,6,11,25,33,34|7,12,14,17,22,38
3,6,8,11,27,34|7,12,14,17,22,38|10,28,29,30,31,33
3,6,9,10,14,23|7,11,12,15,17,38|8,18,22,25,26,30
3,6,11,25,33,34|7,8,9,12,28,31|20,22,27,30,38,40
3,6,20,31,33,34|7,8,9,12,22,25|11,27,28,30,38,40
3,8,25,28,34,40|6,7,12,17,31,38|20,22,27,30,32,33
3,11,14,28,33,34|6,7,12,17,31,38|8,10,22,27,29,30
3,11,15,20,33,34|6,7,12,17,31,38|8,10,22,27,29,30
3,14,20,22,33,34|6,7,12,17,31,38|8,19,25,26,28,30
1,2,6,23,27,29|3,8,22,25,34,40|11,18,28,30,31,38
1,3,6,9,23,31|2,8,10,15,29,33|11,18,22,25,30,38
1,3,9,11,15,23|2,6,8,18,25,38|10,14,28,29,30,33
1,3,9,14,22,23|2,6,8,18,25,38|10,15,20,29,30,33
1,3,15,17,23,32|2,6,8,18,25,38|10,14,28,29,30,33
1,6,8,17,27,30|2,11,15,19,23,26|3,14,22,32,33,38
1,6,17,25,30,33|2,8,14,18,28,38|3,10,15,23,29,32
1,8,27,28,29,30|2,6,14,18,23,26|3,11,15,32,33,38
1,14,17,28,30,33|2,6,8,18,25,38|3,10,15,23,29,32
1,17,22,30,31,33|2,6,8,18,25,38|3,10,15,23,29,32
2,6,8,18,25,38|3,10,15,23,29,32|14,26,28,30,33,40
2,6,8,27,32,33|3,17,22,23,25,29|11,18,28,30,31,38
2,6,14,18,23,26|3,8,22,25,34,40|7,12,15,20,29,38
2,6,19,23,26,31|3,8,22,25,34,40|7,12,14,28,29,38
2,6,25,33,38,40|3,10,15,23,29,32|7,8,9,12,14,28
2,8,15,26,33,40|3,17,22,23,25,29|11,18,28,30,31,38
2,11,15,19,23,26|3,6,14,20,33,34|7,8,9,12,22,31
2,14,19,22,23,26|3,6,11,31,33,34|7,8,9,12,15,20
2,14,28,33,38,40|3,10,15,23,29,32|6,7,8,9,12,25
2,15,20,33,38,40|3,17,22,23,25,29|7,8,9,12,14,28
2,18,22,23,25,32|3,6,11,31,33,34|7,8,9,12,14,28
2,18,23,28,31,32|3,6,14,20,33,34|7,8,12,15,26,29|11,22,27,30,38,40
2,19,23,25,28,32|3,6,11,31,33,34|7,8,9,12,15,20
2,22,23,27,32,40|3,6,11,31,33,34|7,8,9,12,14,28
2,22,31,33,38,40|3,10,15,23,29,32|6,7,8,9,12,25
3,6,11,31,33,34|7,8,9,12,14,28|19,20,22,25,30,38
3,6,14,20,33,34|7,8,9,12,22,31|11,19,25,28,30,38
3,8,22,25,34,40|6,7,12,14,17,38|10,15,20,29,30,33
3,8,28,31,34,40|6,7,12,14,17,38|10,15,20,29,30,33
3,10,15,23,29,32|6,7,8,9,12,25|11,18,28,30,31,38
3,11,14,22,33,34|6,7,8,9,12,25|19,20,28,30,31,38
3,15,23,26,32,40|6,7,8,9,12,25|10,14,28,29,30,33
3,17,23,28,29,31|6,7,8,9,12,25|11,22,27,30,32,33
1,2,15,17,23,40|3,6,11,14,33,34|8,18,25,28,30,32
1,3,6,9,14,23|2,8,11,15,18,38|25,28,30,32,33,40
1,3,8,15,29,38|2,6,14,19,23,26|25,28,30,32,33,40
2,6,8,18,31,38|3,14,17,23,28,29|11,15,26,30,33,40
2,6,8,19,25,38|3,14,17,23,28,29|11,15,26,30,33,40
2,6,14,19,23,26|3,8,15,20,34,40|11,18,22,30,31,38
2,6,18,23,25,32|3,8,14,28,34,40|7,11,12,15,29,38
2,6,23,27,32,40|7,8,9,11,12,15|10,14,22,29,30,33
2,6,31,33,38,40|3,14,17,23,28,29|7,8,9,11,12,15
2,8,11,15,18,38|3,6,17,23,25,29|14,22,26,30,33,40
2,8,14,18,22,38|3,6,17,23,25,29|11,15,26,30,33,40
2,8,14,19,28,38|3,6,17,23,25,29|11,15,26,30,33,40
2,10,15,23,29,40|3,6,11,14,33,34|8,18,25,28,30,32
2,11,15,33,38,40|3,6,17,23,25,29|7,8,9,12,14,22
2,14,18,23,28,32|3,6,8,25,34,40|7,11,12,15,29,38
2,14,22,33,38,40|3,6,17,23,25,29|7,8,9,11,12,15
2,15,18,20,23,32|3,6,8,25,34,40|7,12,14,22,29,38
2,18,22,23,31,32|3,6,8,25,34,40|7,11,12,15,29,38
2,19,22,23,25,32|3,6,11,14,33,34|8,10,15,17,30,40
2,19,23,28,31,32|3,6,8,25,34,40|7,11,12,15,29,38
3,6,11,14,33,34|7,8,12,15,17,32|19,20,22,30,31,38
3,6,17,23,25,29|7,8,9,11,12,15|14,18,20,22,30,38
3,14,17,23,28,29|6,7,8,9,12,31|11,15,18,20,30,38
3,15,17,20,23,29|6,7,8,9,12,31|11,14,18,28,30,38
2,6,8,14,18,38|3,11,15,17,23,29|22,25,30,32,33,40
2,6,8,19,31,38|3,11,15,17,23,29|22,25,30,32,33,40
2,6,14,33,38,40|3,11,15,17,23,29|8,18,22,25,30,32
2,6,18,23,31,32|3,8,11,15,34,40|14,19,20,22,30,38
2,8,11,15,19,38|3,6,17,23,29,31|22,25,30,32,33,40
2,11,15,18,23,32|3,6,8,31,34,40|14,19,20,22,30,38
2,14,18,22,23,32|3,6,8,31,34,40|11,15,19,20,30,38
2,15,19,20,23,32|3,6,8,31,34,40|11,14,18,22,30,38
2,19,22,23,31,32|3,8,11,15,34,40|6,7,12,14,29,38
3,11,15,17,23,29|6,7,8,9,12,14|22,25,30,32,33,40
1,2,7,12,15,38|3,6,8,26,27,30|9,10,14,23,28,33
1,7,12,15,26,30|2,3,6,8,27,38|9,10,14,23,28,33
1,8,10,15,33,34|2,3,22,23,27,32|7,12,17,25,28,30
2,3,6,8,27,38|7,12,17,25,28,30|9,10,15,20,23,33
2,3,8,15,26,33|6,10,23,27,29,38|7,12,17,25,28,30
2,3,15,20,33,38|6,8,9,10,23,27|7,12,17,25,28,30
2,3,22,31,33,38|6,8,9,10,23,27|7,12,17,25,28,30
1,8,9,22,23,27|2,3,6,31,33,38|7,10,12,15,30,32
1,10,15,23,34,40|2,3,6,31,33,38|7,12,17,22,25,30
2,3,6,31,33,38|7,10,12,15,30,32|11,18,23,25,28,34
2,3,10,15,23,29|6,8,20,27,33,34|7,12,17,22,25,30
2,3,11,15,33,38|7,12,17,22,25,30|18,20,23,28,31,34
2,3,14,22,33,38|7,10,12,15,30,32|11,18,23,25,28,34
2,3,15,23,26,40|6,8,20,27,33,34|7,12,17,22,25,30
6,8,20,27,33,34|7,10,12,15,30,32|14,18,22,23,26,38
6,18,23,26,31,38|7,10,12,15,30,32|8,11,22,27,33,34
6,19,23,25,26,38|7,10,12,15,30,32|8,11,22,27,33,34
7,10,12,15,30,32|8,11,22,27,33,34|14,19,23,26,28,38
7,12,17,28,30,31|8,11,22,27,33,34|15,19,20,23,26,38
6,7,12,29,30,31|8,11,15,33,34,40|14,19,22,23,32,38
6,8,31,33,34,40|7,11,12,15,29,30|14,19,22,23,32,38
6,11,19,23,31,34|7,12,14,22,29,30|8,15,32,33,38,40
6,19,23,31,32,38|7,11,12,15,29,30|8,14,22,33,34,40
1,8,15,29,33,38|6,7,12,14,17,30|11,19,22,23,31,34
2,7,8,12,15,29|3,6,30,31,32,33|11,14,18,22,23,34
6,7,12,25,29,30|8,14,28,33,34,40|11,15,18,23,32,38
6,8,25,33,34,40|7,12,14,28,29,30|11,15,18,23,32,38
6,18,23,31,32,38|7,12,14,28,29,30|8,15,20,33,34,40
6,19,23,25,32,38|7,12,14,28,29,30|8,15,20,33,34,40
7,12,15,20,29,30|8,14,28,33,34,40|19,22,23,31,32,38
7,12,22,29,30,31|8,14,28,33,34,40|11,15,18,23,32,38
1,2,3,15,23,29|6,7,12,17,30,31|8,22,25,33,34,40
1,6,9,23,31,33|2,3,8,15,38,40|7,12,14,17,22,30
1,9,14,22,23,33|2,3,8,15,38,40|6,7,12,17,30,31
2,3,8,15,32,33|6,7,12,17,30,31|11,14,18,23,28,34
2,3,8,15,38,40|6,7,12,17,30,31|11,14,18,23,28,34
6,14,19,23,26,38|7,11,12,15,17,30|8,22,25,33,34,40
6,18,23,25,32,38|7,11,12,15,17,30|8,28,31,33,34,40
7,11,12,15,17,30|8,22,25,33,34,40|14,18,23,28,32,38
1,6,9,23,25,33|2,7,8,12,15,17|3,28,30,31,38,40
1,6,23,27,29,38|2,7,8,12,15,17|3,22,25,30,32,33
1,9,14,23,28,33|2,7,8,12,15,17|3,22,25,30,38,40
2,3,6,14,33,38|7,12,15,17,20,30|11,18,22,23,25,34
2,7,8,12,15,17|3,6,14,26,30,33|11,18,22,23,25,34
6,7,12,17,25,30|8,10,15,29,33,38|11,18,23,28,31,34
6,8,11,27,33,34|7,12,14,17,28,30|18,22,23,25,32,38
6,8,27,32,33,38|7,12,14,17,28,30|11,18,22,23,25,34
6,14,18,23,26,38|7,12,15,17,20,30|8,25,28,33,34,40
6,18,20,23,25,34|7,12,14,17,28,30|8,10,15,29,33,38
6,20,23,27,34,40|7,12,14,17,28,30|8,10,15,29,33,38
7,12,14,17,28,30|8,10,15,29,33,38|11,18,22,23,25,34
7,12,15,17,20,30|8,25,28,33,34,40|14,19,22,23,26,38
7,12,17,22,30,31|8,10,15,29,33,38|11,19,23,25,28,34
7,12,25,28,29,30|8,15,26,33,38,40|18,20,22,23,31,34
1,2,3,6,15,17|8,9,10,14,25,40|11,18,22,28,31,34
1,2,3,14,25,29|6,9,10,11,15,33|8,16,18,20,26,32
1,2,3,15,28,29|6,9,10,14,22,33|8,16,18,20,26,32
1,2,3,16,20,29|6,9,10,11,15,33|8,14,18,25,26,32
1,6,8,9,22,27|2,3,11,13,20,32|10,14,25,29,38,40
1,6,9,22,25,33|2,3,11,13,20,32|8,10,16,26,29,40
1,6,9,28,31,33|2,3,11,13,20,32|8,10,16,26,29,40
1,6,10,15,34,40|2,3,11,13,20,32|8,17,22,27,28,29
1,6,22,27,29,38|2,3,11,13,20,32|8,9,10,14,25,40
1,8,9,11,14,27|2,3,6,10,15,29|16,20,26,32,33,40
1,8,10,16,17,29|2,3,6,15,26,40|11,14,18,20,25,34
1,8,13,20,26,29|2,3,25,31,32,40|6,9,10,11,15,33
1,8,14,17,27,32|2,3,6,10,15,29|11,18,22,28,31,34
1,8,16,17,26,40|2,3,6,10,15,29|11,14,18,20,25,34
1,8,25,27,29,32|2,3,6,15,26,40|11,18,22,28,31,34
1,9,11,14,25,33|2,3,6,10,15,29|8,16,18,20,26,32
1,9,11,15,28,33|2,3,25,31,32,40|6,14,18,22,26,38
1,9,11,16,20,33|2,3,6,10,15,29|8,14,18,25,26,32
1,9,14,20,31,33|2,3,6,10,15,29|11,19,22,25,28,34
1,9,14,22,28,33|2,3,6,10,15,29|8,16,18,20,26,32
1,9,15,20,22,33|2,3,25,31,32,40|6,14,19,26,28,38
1,11,14,27,29,38|2,3,6,15,26,40|19,20,22,28,31,34
1,11,16,26,29,33|2,3,25,31,32,40|14,18,20,22,28,34
1,14,17,25,32,33|2,3,6,10,15,29|11,18,22,28,31,34
1,14,17,25,38,40|2,3,6,10,15,29|8,16,18,20,26,32
1,14,26,29,31,33|2,3,11,13,20,32|6,10,15,17,38,40
1,15,17,28,32,33|6,14,18,22,26,38|8,9,10,16,20,40
1,15,17,28,38,40|2,3,11,13,20,32|6,9,10,14,22,33
1,15,22,26,29,33|2,3,11,13,20,32|8,9,10,14,25,40
1,16,17,20,32,33|2,3,6,10,15,29|11,14,19,26,31,38
1,16,17,20,38,40|2,3,6,10,15,29|8,14,18,25,26,32
2,3,6,10,15,29|8,14,18,25,26,32|19,20,22,28,31,34
2,3,6,15,26,40|8,10,11,13,17,32|14,18,20,22,28,34
2,3,25,31,32,40|6,9,10,11,15,33|8,17,22,27,28,29
6,9,10,11,15,33|8,14,18,25,26,32|19,20,22,28,31,34
6,9,10,14,22,33|8,11,17,25,27,29|15,18,20,28,32,38
6,10,15,17,38,40|8,14,18,25,26,32|19,20,22,28,31,34
6,11,15,18,26,38|8,9,10,14,25,40|19,20,22,28,31,34
6,14,18,22,26,38|8,9,10,15,28,40|11,19,20,25,31,34
6,15,19,20,26,38|8,9,10,14,25,40|11,18,22,28,31,34
6,18,20,22,25,34|8,9,10,15,28,40|11,14,19,26,31,38
6,18,20,28,31,34|8,9,10,14,25,40|11,15,19,22,26,38
6,19,22,26,31,38|8,9,10,14,25,40|11,15,18,20,28,34
8,9,10,16,20,40|11,14,19,26,31,38|17,22,25,28,29,33
1,2,3,11,16,17|6,9,10,14,28,33|8,18,25,26,31,32
1,2,3,14,17,31|6,9,10,15,20,33|11,18,22,25,28,34
1,2,3,15,17,22|6,9,10,14,28,33|8,18,25,26,31,32
1,2,3,25,29,31|6,9,10,14,28,33|11,13,20,26,38,40
1,6,8,9,27,28|2,3,10,11,16,29|14,19,20,26,31,38
1,6,9,25,28,33|2,3,10,11,16,29|8,26,27,31,32,40
1,6,15,17,26,33|2,3,10,11,16,29|18,20,22,28,31,34
1,6,27,28,29,38|2,3,11,16,26,40|8,10,13,17,20,32
1,8,9,11,27,31|2,3,10,15,22,29|6,14,18,26,28,38
1,8,9,14,20,27|2,3,10,11,16,29|6,18,22,26,31,38
1,8,11,13,17,26|2,3,6,22,27,32|10,25,29,31,38,40
1,8,14,26,27,29|6,9,10,15,20,33|11,18,22,25,28,34
1,8,17,27,31,32|2,3,10,11,16,29|6,14,18,26,28,38
1,9,14,20,25,33|2,3,6,22,27,32|8,10,11,13,26,29
1,9,15,20,28,33|2,3,6,22,27,32|8,10,11,13,26,29
1,9,22,28,31,33|2,3,10,11,16,29|6,15,18,20,26,38
1,10,11,16,34,40|2,3,6,22,27,32|14,19,20,26,31,38
1,10,14,31,34,40|2,3,6,22,27,32|11,15,19,26,28,38
1,10,15,22,34,40|2,3,11,14,27,32|6,19,26,28,31,38
1,11,13,17,20,38|2,3,6,22,27,32|8,9,10,25,31,40
1,11,27,29,31,38|2,3,15,22,26,40|6,9,10,14,28,33
1,14,20,27,29,38|2,3,11,16,26,40|6,9,10,22,31,33
1,14,25,26,29,33|2,3,6,22,27,32|8,9,10,11,13,20
1,15,26,28,29,33|2,3,6,22,27,32|8,9,10,11,13,20
1,16,20,26,29,33|2,3,6,22,27,32|8,9,10,25,31,40
1,17,25,31,32,33|2,3,10,11,16,29|6,14,18,26,28,38
1,17,25,31,38,40|2,3,6,22,27,32|8,9,10,11,13,20
2,3,10,14,29,31|6,15,18,20,26,38|11,22,27,28,34,40
2,3,10,15,22,29|6,14,18,26,28,38|11,20,27,31,34,40
2,3,11,16,26,40|6,9,10,14,28,33|8,17,20,25,27,29
2,3,14,26,31,40|6,9,10,15,20,33|11,18,22,25,28,34
2,3,15,22,26,40|6,9,10,14,28,33|8,17,20,25,27,29
6,9,10,14,28,33|8,17,20,25,27,29|11,15,18,22,26,38
6,9,10,15,20,33|8,18,25,26,31,32|11,22,27,28,34,40
6,9,10,22,31,33|8,17,20,25,27,29|11,15,19,26,28,38
6,10,15,26,29,33|11,18,20,25,31,34|22,27,28,32,38,40
1,2,3,14,17,25|6,8,9,10,22,27|11,15,18,26,28,38
1,2,3,15,17,28|6,8,9,10,22,27|11,14,18,25,26,38
1,2,3,16,17,20|6,8,9,10,22,27|11,14,18,25,26,38
1,8,9,11,25,27|2,3,6,10,15,17|14,18,20,26,31,38
1,8,9,20,27,31|2,3,6,10,15,17|11,14,18,25,26,38
1,8,9,22,27,28|2,3,6,10,15,17|11,14,18,25,26,38
1,8,13,17,20,26|2,3,6,27,28,32|9,10,11,14,25,33
1,8,17,25,27,32|2,3,10,15,28,29|11,16,18,20,26,38
1,8,26,27,29,31|2,3,6,10,15,17|18,20,22,25,28,34
1,9,20,25,31,33|2,3,6,10,15,17|11,14,26,27,38,40
1,9,22,25,28,33|2,3,6,10,15,17|11,14,26,27,38,40
1,10,14,25,34,40|2,3,6,27,28,32|11,16,18,20,26,38
1,10,15,28,34,40|2,3,11,27,31,32|6,18,22,25,26,38
1,10,16,20,34,40|2,3,6,27,28,32|11,14,18,25,26,38
1,25,26,29,31,33|2,3,6,10,15,17|20,22,27,28,34,40
2,3,11,27,31,32|6,9,10,22,25,33|15,19,20,26,28,38
2,3,14,20,27,32|6,9,10,22,25,33|11,15,18,26,28,38
1,8,9,20,25,27|2,3,10,11,16,17|18,22,26,28,31,38
1,2,3,11,16,29|6,14,18,20,28,34|8,9,10,15,22,40
1,2,3,14,29,31|6,11,15,19,26,38|8,10,16,17,32,40
1,2,3,15,22,29|6,11,18,28,31,34|8,10,16,17,32,40
1,6,9,14,28,33|2,3,16,20,32,40|8,11,17,27,29,31
1,6,9,15,20,33|2,3,14,25,32,40|8,11,17,27,29,31
1,6,9,22,31,33|2,3,14,25,32,40|11,15,19,20,28,34
1,6,15,26,29,33|2,3,14,25,32,40|11,19,22,28,31,34
1,8,9,11,13,20|2,3,14,25,32,40|17,22,28,29,31,33
1,8,11,13,26,29|2,3,14,25,32,40|6,18,20,22,31,34
1,9,11,14,31,33|2,3,15,28,32,40|6,19,20,22,25,34
1,9,11,15,22,33|2,3,14,25,32,40|6,8,17,27,28,29
1,11,16,17,32,33|6,14,18,20,28,34|8,9,10,15,22,40
1,11,16,17,38,40|6,14,18,20,28,34|10,15,22,29,32,33
1,14,17,31,38,40|6,11,18,22,25,34|8,10,13,20,29,32
1,15,17,22,38,40|6,11,18,28,31,34|8,10,13,20,29,32
2,3,14,25,32,40|6,8,17,27,28,29|11,15,18,20,22,34
2,3,15,28,32,40|6,11,18,22,25,34|8,14,17,20,27,29
6,8,17,27,28,29|11,14,18,20,31,34|15,22,26,32,33,40
6,11,18,22,25,34|8,9,10,14,31,40|15,17,20,28,29,33
6,11,18,28,31,34|8,9,10,15,22,40|14,17,20,25,29,33
6,11,19,25,28,34|8,9,10,14,31,40|15,18,20,22,32,38
6,14,19,22,26,38|8,9,10,11,16,40|15,17,20,28,29,33
6,17,25,28,29,33|8,9,10,11,16,40|14,18,20,31,32,38
6,18,22,25,32,38|8,9,10,11,16,40|15,17,20,28,29,33
6,18,28,31,32,38|8,9,10,11,16,40|14,17,20,25,29,33
8,9,10,11,16,40|14,17,20,25,29,33|19,22,28,31,32,38
1,8,9,16,20,40|6,10,15,29,32,33|11,14,19,22,28,34
1,8,16,26,29,40|6,11,14,18,28,34|15,19,20,22,32,38
1,16,20,29,32,33|6,8,9,10,15,40|11,14,19,22,28,34
1,16,20,29,38,40|6,8,15,18,26,32|11,14,19,22,28,34
1,2,8,10,13,32|3,6,11,22,27,34|7,9,12,14,20,25
1,2,8,14,17,27|3,10,11,16,29,38|6,7,9,12,25,28
1,2,8,25,27,29|3,11,16,26,32,33|7,9,12,15,20,28
1,2,14,17,25,33|3,6,11,22,27,34|7,9,12,15,20,28
1,2,15,17,28,33|3,6,11,22,27,34|7,9,12,14,20,25
1,2,16,17,20,33|3,6,11,22,27,34|7,12,14,25,26,29
1,3,8,9,25,31|2,6,10,15,17,33|7,12,16,20,26,29
1,3,11,16,17,38|2,6,27,28,32,33|7,9,12,14,20,25
1,3,14,17,31,38|2,6,27,28,32,33|7,12,16,20,26,29
1,3,15,17,22,38|2,6,27,28,32,33|7,9,11,12,25,31
1,3,25,29,31,38|2,6,10,15,17,33|14,20,26,27,30,40
1,6,17,27,28,30|2,8,14,18,25,26|3,10,11,16,29,38
1,11,17,27,30,31|2,6,18,25,28,38|3,8,9,10,15,22|7,12,16,20,26,29
1,14,17,20,27,30|2,6,18,25,28,38|3,8,9,10,11,16
1,20,25,27,29,30|2,6,10,15,17,33|3,11,16,26,38,40|7,9,12,22,28,31
2,6,10,15,17,33|3,8,13,20,26,32|7,9,11,12,25,31
2,6,18,25,28,38|3,8,9,10,11,16|14,20,26,27,30,40
2,6,27,28,32,33|3,8,9,10,11,16|7,12,14,25,26,29
2,6,27,28,38,40|3,8,9,10,11,16|7,12,14,25,26,29
2,8,10,11,13,17|3,6,22,27,32,38|7,9,12,14,20,25
2,8,10,14,27,29|3,11,16,26,32,33|6,7,9,12,25,28
2,8,14,18,25,26|3,6,11,22,27,34|7,9,12,15,20,28
2,8,14,26,27,40|3,10,11,16,29,38|6,7,9,12,25,28
2,8,15,18,26,28|3,6,11,22,27,34|7,9,12,14,20,25
2,8,16,18,20,26|3,6,11,22,27,34|7,12,17,25,31,32
2,8,19,25,26,31|3,6,11,22,27,34|7,9,12,15,20,28
2,10,14,25,29,33|3,6,11,22,27,34|7,9,12,15,20,28
2,10,15,28,29,33|3,6,11,22,27,34|7,9,12,14,20,25
2,10,16,20,29,33|3,6,11,22,27,34|7,12,17,25,31,32
2,11,18,25,31,38|3,8,9,10,15,22|6,26,27,28,30,40
2,11,27,31,32,33|3,8,9,10,15,22|6,18,25,26,28,30
2,11,27,31,38,40|3,8,9,10,15,22|6,18,25,26,28,30
2,14,18,20,25,38|3,6,11,22,27,34|7,12,15,26,28,29
2,14,20,27,32,33|3,8,9,10,11,16|6,7,12,15,17,26
2,14,20,27,38,40|3,8,9,10,11,16|6,7,12,15,17,26
2,14,25,26,33,40|3,6,11,22,27,34|7,9,12,15,20,28
2,15,18,20,28,38|3,6,11,22,27,34|7,12,14,25,26,29
2,15,26,28,33,40|3,6,11,22,27,34|7,9,12,14,20,25
2,16,20,26,33,40|3,6,11,22,27,34|7,12,17,25,31,32
2,18,22,28,31,38|3,8,9,10,11,16|6,7,12,15,17,26
2,19,20,25,31,38|3,6,11,22,27,34|7,12,15,26,28,29
2,19,22,25,28,38|3,8,9,10,11,16|6,7,12,15,17,26
3,6,22,27,32,38|7,9,11,12,25,31|15,18,20,26,28,30
3,8,10,16,17,32|6,7,9,12,25,28|11,26,27,30,31,40
3,8,13,20,26,32|6,7,9,12,25,28|10,11,27,29,30,31
3,10,11,16,29,38|6,7,9,12,25,28|14,20,26,27,30,40
3,10,15,22,29,38|6,7,9,12,25,28|11,26,27,30,31,40
3,11,16,26,32,33|6,7,9,12,25,28|10,14,20,27,29,30
3,11,16,26,38,40|6,7,9,12,25,28|10,14,20,27,29,30
3,14,26,31,32,33|6,7,9,12,25,28|10,11,13,17,20,30
3,14,26,31,38,40|6,7,9,12,25,28|10,11,13,17,20,30
3,15,22,26,32,33|6,7,9,12,25,28|10,11,13,17,20,30
3,15,22,26,38,40|6,7,9,12,25,28|10,11,13,17,20,30
3,22,25,28,34,40|6,7,12,15,17,26|10,11,27,29,30,31
1,2,8,13,17,20|3,6,10,15,29,38|7,9,11,12,14,25|19,22,26,28,30,31
1,2,8,27,29,31|3,6,15,26,32,33|7,9,11,12,14,25|10,16,17,20,30,40
1,2,11,16,17,33|3,6,8,9,10,15|7,12,14,26,29,31|20,25,27,30,32,40
1,2,14,17,31,33|3,6,8,9,10,15|7,11,12,16,26,29|20,25,27,30,32,40
1,2,15,17,22,33|3,6,25,28,34,40|7,9,11,12,16,20
1,2,25,29,31,33|3,6,8,9,10,15|7,12,16,17,20,32|11,14,26,27,30,40
1,3,6,15,17,38|2,8,10,13,20,29|7,9,11,12,14,25|19,22,26,28,30,31
1,3,8,9,14,25|2,6,18,28,31,38|7,11,12,16,26,29
1,3,8,9,15,28|2,6,18,22,25,38|7,11,12,16,26,29
1,3,8,9,16,20|2,6,18,22,25,38|7,12,14,26,29,31|10,15,17,28,30,40
1,3,8,16,26,29|2,6,18,22,25,38|7,9,11,12,15,28
1,3,14,25,29,38|2,6,22,27,32,33|7,9,11,12,15,28|10,16,17,20,30,40
1,3,15,28,29,38|2,6,22,27,32,33|7,9,11,12,14,25|10,16,17,20,30,40
1,3,16,20,29,38|2,6,22,27,32,33|7,9,11,12,14,25|10,15,17,28,30,40
1,6,17,22,27,30|2,8,10,13,20,29|3,11,25,31,34,40
1,10,11,13,30,32|2,6,18,22,25,38|3,15,20,28,34,40|7,12,14,26,29,31
1,11,14,17,27,30|2,6,18,22,25,38|3,15,20,28,34,40
1,11,25,27,29,30|2,6,18,28,31,38|7,9,12,15,20,22
1,20,27,29,30,31|2,6,18,22,25,38|3,8,11,13,26,32
1,22,27,28,29,30|2,8,10,16,17,40|3,6,15,26,32,33|7,9,11,12,14,25
2,6,18,22,25,38|3,8,11,13,26,32|7,9,12,14,20,31|10,15,17,28,30,40
2,6,18,28,31,38|3,8,11,13,26,32|7,9,12,15,20,22|10,14,17,25,30,40
2,6,19,25,28,38|3,8,11,13,26,32|7,9,12,14,20,31
2,6,22,27,32,33|3,11,25,31,34,40|15,19,20,26,28,30
2,6,22,27,38,40|3,8,11,13,26,32|7,9,12,14,20,31
2,8,10,13,20,29|3,6,15,26,32,33|7,9,11,12,14,25
2,8,10,16,17,40|3,6,15,26,32,33|7,9,11,12,14,25
2,8,11,16,18,26|3,6,10,15,29,38|7,9,12,14,20,31
2,8,13,20,26,40|3,6,10,15,29,38|7,9,11,12,14,25
2,8,14,18,26,31|3,6,10,15,29,38|7,9,11,12,16,20
2,8,14,19,25,26|3,6,10,15,29,38|7,9,11,12,16,20
2,8,15,18,22,26|3,6,25,28,34,40|7,9,11,12,16,20
2,8,15,19,26,28|3,11,13,20,32,38|6,7,9,12,22,25
2,8,16,19,20,26|3,6,10,15,29,38|7,9,11,12,14,25
2,8,25,27,32,40|3,6,10,15,29,38|7,9,11,12,16,20|14,18,22,26,28,30
2,10,11,16,29,33|3,6,15,26,38,40|7,9,12,14,20,31
2,10,14,29,31,33|3,6,15,26,38,40|7,9,11,12,16,20
2,10,15,22,29,33|3,6,25,28,34,40|7,9,11,12,16,20
2,11,14,18,25,38|3,6,8,9,10,15|7,12,16,17,20,32|19,22,26,28,30,31
2,11,14,27,32,33|3,6,8,9,10,15|19,22,26,28,30,31
2,11,14,27,38,40|3,6,8,9,10,15|7,12,16,17,20,32|19,22,26,28,30,31
2,11,15,18,28,38|3,14,20,25,34,40|6,10,22,27,29,30
2,11,16,18,20,38|3,6,8,9,10,15|7,12,14,17,25,32|19,22,26,28,30,31
2,11,16,26,33,40|3,6,8,9,10,15|7,12,14,17,25,32
2,11,19,25,31,38|3,6,8,9,10,15|7,12,16,17,20,32|14,18,22,26,28,30
2,14,18,20,31,38|3,6,8,9,10,15|7,11,12,16,26,29
2,14,18,22,28,38|3,6,8,9,10,15|7,11,12,16,26,29|20,25,27,30,32,40
2,14,19,20,25,38|3,6,8,9,10,15|7,11,12,16,26,29
2,14,26,31,33,40|3,6,8,9,10,15|7,12,16,17,20,32
2,15,18,20,22,38|3,6,25,28,34,40|7,11,12,16,26,29
2,15,19,20,28,38|3,8,11,13,26,32|6,7,9,12,22,25
2,15,22,26,33,40|3,11,13,20,32,38|6,7,9,12,28,31
2,19,22,28,31,38|3,6,8,9,10,15|7,11,12,16,26,29|20,25,27,30,32,40
3,6,8,9,10,15|7,11,12,16,26,29|20,25,27,30,32,40
3,6,10,15,29,38|7,9,11,12,14,25|19,22,26,28,30,31
3,6,15,26,32,33|7,9,11,12,14,25|10,16,17,20,30,40
3,8,11,13,26,32|6,7,9,12,22,25|10,15,17,28,30,40
3,11,13,20,32,38|6,7,9,12,22,25|10,15,17,28,30,40
3,11,25,31,34,40|6,10,22,27,29,30|7,12,15,17,28,32
3,15,20,28,34,40|6,7,9,12,22,25|10,11,14,27,29,30
3,25,31,32,38,40|6,10,22,27,29,30|7,9,11,12,15,28
1,2,10,11,13,38|3,6,20,27,28,34|7,12,14,17,25,26
1,2,10,16,32,33|3,6,11,27,28,34|7,9,12,20,25,31
1,2,10,16,38,40|3,6,11,27,28,34|7,9,12,20,25,31
1,3,16,17,20,38|2,8,10,27,29,31|7,9,12,22,25,28
1,7,12,16,26,32|2,8,10,13,17,20|3,6,11,27,28,34
1,17,20,27,30,31|2,18,22,25,28,38|3,8,10,16,26,29
1,17,22,27,28,30|2,8,18,25,26,31|3,10,16,20,29,38
2,8,10,13,17,20|3,6,11,27,28,34|7,12,25,26,29,31
2,8,26,27,31,40|3,6,10,15,17,38|7,9,12,22,25,28
2,10,11,16,17,33|3,6,20,22,27,34|7,12,25,26,29,31
2,10,15,17,22,33|3,6,11,27,28,34|7,9,12,20,25,31
2,10,25,29,31,33|3,6,11,27,28,34|7,12,15,17,22,26
2,11,13,20,26,33|3,6,10,15,17,38|7,9,12,22,25,28
2,11,25,27,38,40|3,8,9,10,15,28|7,12,14,17,26,31
2,18,20,25,31,38|3,6,11,27,28,34|7,12,15,17,22,26
2,18,22,25,28,38|3,8,9,10,16,20|7,12,14,17,26,31
2,20,27,31,32,33|3,6,10,15,17,38|7,9,12,22,25,28
2,20,27,31,38,40|3,8,9,10,14,25|7,11,12,16,17,26
2,22,27,28,32,33|3,6,10,15,17,38|7,9,12,20,25,31
2,22,27,28,38,40|3,8,9,10,14,25|7,11,12,16,17,26
3,6,10,15,17,38|7,9,12,20,25,31|22,26,27,28,30,40
3,15,26,28,32,33|6,10,17,22,27,30|7,9,12,20,25,31
3,15,26,28,38,40|6,10,17,22,27,30|7,9,12,20,25,31
1,2,8,11,13,29|3,6,14,22,34,40|15,19,20,28,30,32
1,2,6,15,17,33|3,8,10,16,29,32|7,9,11,12,14,31
1,2,8,11,13,17|3,6,22,25,34,40|14,19,20,26,30,31
1,2,8,14,27,29|3,6,22,25,34,40|7,11,12,16,17,32
1,2,14,25,29,33|3,6,28,31,34,40|7,9,11,12,15,22
1,2,15,28,29,33|3,6,22,25,34,40|7,9,11,12,14,31
1,2,16,20,29,33|3,6,22,25,34,40|7,9,11,12,14,31
1,3,8,9,11,16|2,6,10,15,29,33|7,12,14,17,31,32
1,3,8,9,14,31|2,6,10,15,29,33|7,11,12,16,17,32
1,3,8,9,15,22|2,6,14,18,28,38|7,11,12,16,17,32|10,25,29,30,31,40
1,3,8,16,17,32|2,6,10,15,29,33|7,9,11,12,14,31
1,3,11,16,29,38|2,6,8,15,18,26|7,12,14,17,31,32
1,3,14,29,31,38|2,6,8,15,18,26|7,11,12,16,17,32
1,3,15,22,29,38|2,8,11,13,26,40|6,7,9,12,14,28|18,20,25,30,31,32
1,6,27,28,29,30|2,8,11,13,26,40|7,12,14,17,31,32
1,10,16,30,32,40|2,6,8,15,18,26|7,9,11,12,14,31
1,11,13,17,20,30|2,6,8,15,18,26|3,14,22,28,34,40|7,12,25,29,31,32
1,11,27,29,30,31|2,6,8,15,18,26|3,14,22,28,34,40
1,14,20,27,29,30|2,6,8,15,18,26|7,11,12,16,17,32
2,6,10,15,29,33|3,8,16,26,32,40|7,9,11,12,14,31
2,6,14,18,28,38|3,8,10,16,29,32|7,9,11,12,15,22
2,6,15,18,20,38|3,8,10,16,29,32|7,9,11,12,14,31
2,6,15,26,33,40|3,8,10,16,29,32|7,9,11,12,14,31
2,6,18,22,31,38|3,8,10,16,29,32|11,13,20,26,30,40
2,6,19,22,25,38|3,8,10,16,29,32|7,9,11,12,14,31
2,6,19,28,31,38|3,8,10,16,29,32|7,9,11,12,15,22
2,8,10,11,13,29|3,6,22,25,34,40|7,12,14,17,31,32
2,8,11,13,26,40|6,7,9,12,14,28|18,20,25,30,31,32
2,8,11,16,19,26|3,6,22,25,34,40|7,12,14,17,31,32
2,8,14,19,26,31|3,6,22,25,34,40|7,11,12,16,17,32
2,8,15,19,22,26|3,6,28,31,34,40|7,11,12,16,17,32
2,8,27,31,32,40|6,7,9,12,14,28|10,11,13,20,29,30
2,11,13,20,38,40|3,8,10,16,29,32|6,7,9,12,14,28
2,11,14,19,25,38|3,6,28,31,34,40|7,12,15,17,22,32
2,11,15,19,28,38|3,6,22,25,34,40|7,12,14,17,31,32
2,11,16,19,20,38|3,6,22,25,34,40|7,12,14,17,31,32
2,14,19,20,31,38|3,6,22,25,34,40|7,11,12,16,17,32
2,14,19,22,28,38|3,8,10,16,29,32|6,7,9,12,15,20
2,15,19,20,22,38|3,6,28,31,34,40|7,11,12,16,17,32
2,25,31,32,33,40|6,7,9,12,14,28|10,11,13,20,29,30
3,8,10,16,29,32|6,7,9,12,14,28|11,13,20,26,30,40
3,8,16,26,32,40|6,7,9,12,14,28|10,11,13,20,29,30
3,8,17,25,29,31|6,7,9,12,14,28|11,13,20,26,30,40
3,14,20,31,34,40|6,7,12,15,26,29|18,22,25,28,30,32
3,15,28,32,38,40|6,7,9,12,22,31|10,11,13,20,29,30
3,16,20,32,38,40|6,7,9,12,14,28|11,15,18,22,26,30
1,2,8,13,20,29|3,6,14,28,34,40|11,15,19,22,26,30
1,2,8,16,17,40|6,7,9,11,12,15|14,18,20,25,30,32
1,2,11,16,29,33|3,6,14,28,34,40|19,20,25,30,31,32
1,2,14,29,31,33|3,6,15,20,34,40|19,22,25,28,30,32
1,2,15,22,29,33|3,6,14,28,34,40|11,18,25,30,31,32
1,3,6,8,9,15|2,11,14,19,31,38|7,12,16,20,29,32
1,14,17,25,30,40|2,6,8,15,19,26|7,12,16,20,29,32
1,15,17,28,30,40|2,6,14,18,22,38|7,12,16,20,29,32
1,16,17,20,30,40|2,6,8,15,19,26|7,12,14,25,29,32
2,6,8,15,19,26|3,11,14,31,34,40|7,12,16,20,29,32
2,6,14,18,22,38|3,8,15,17,28,29|11,27,30,31,32,40
2,6,14,19,28,38|3,8,16,17,20,29|11,18,25,30,31,32
2,6,15,19,20,38|3,8,14,17,25,29|11,27,30,31,32,40
2,6,19,22,31,38|3,8,14,17,25,29|15,18,20,28,30,32
2,8,10,16,29,40|6,7,9,11,12,15|14,18,20,25,30,32
2,8,16,18,20,32|3,6,14,28,34,40|11,15,19,22,26,30
2,11,15,19,22,38|3,6,14,28,34,40|7,12,16,20,29,32
2,14,25,32,33,40|3,8,15,17,28,29|6,19,22,26,30,31
2,15,28,32,33,40|3,8,14,17,25,29|6,19,22,26,30,31
2,16,20,32,33,40|3,8,14,17,25,29|6,7,9,11,12,15
3,6,14,28,34,40|7,12,16,20,29,32|11,15,19,22,26,30
3,8,14,17,25,29|6,7,9,11,12,15|18,22,28,30,31,32
3,8,15,17,28,29|6,7,9,12,14,22|11,18,25,30,31,32
3,8,16,17,20,29|6,7,9,11,12,15|18,22,28,30,31,32
3,11,15,22,34,40|6,14,19,26,28,30|7,12,16,20,29,32
2,6,11,31,33,39|3,8,14,21,25,32|13,15,20,22,28,30
2,6,15,20,21,33|3,8,14,28,32,39|11,13,22,25,30,31
2,6,21,22,31,33|3,8,14,28,32,39|11,13,15,20,25,30
2,8,13,14,22,25|3,6,11,15,21,38|20,28,30,31,39,40
2,8,13,14,28,31|3,6,11,15,21,38|20,22,25,30,39,40
2,8,13,15,20,31|3,6,11,14,38,39|21,22,25,28,30,40
2,8,13,15,22,28|3,6,11,14,38,39|20,21,25,30,31,40
2,8,21,25,31,40|3,6,11,14,38,39|13,15,20,22,28,30
2,8,22,25,39,40|3,6,11,15,21,38|13,14,20,28,30,31
2,8,28,31,39,40|3,6,11,15,21,38|13,14,20,22,25,30
2,11,14,21,31,33|3,6,8,25,32,39|13,15,20,22,28,30
2,11,15,21,22,33|3,6,8,25,32,39|13,14,20,28,30,31
2,6,8,21,22,27|3,11,15,16,31,38|13,14,20,25,28,30
2,8,11,14,21,27|3,6,15,16,28,38|13,20,22,25,30,31
2,8,25,28,39,40|3,6,15,20,21,38|11,16,22,27,30,31
2,11,14,28,33,39|3,6,8,15,21,26|13,20,22,25,30,31
2,11,15,21,28,33|3,6,8,14,26,39|13,20,22,25,30,31
2,11,22,31,33,39|3,6,8,15,21,26|13,14,20,25,28,30
2,14,20,22,33,39|3,6,8,15,21,26|11,13,25,28,30,31
2,15,20,21,22,33|3,6,8,14,26,39|11,13,25,28,30,31
1,6,10,30,31,39|2,8,14,15,25,27|3,11,16,20,21,38
1,10,11,15,30,39|2,6,8,16,25,27|3,14,20,21,31,38
1,10,11,16,21,30|2,6,8,20,27,39|3,14,15,25,31,38
1,10,14,21,30,31|2,6,8,16,25,27|3,11,15,20,38,39
1,10,14,22,30,39|2,6,8,16,25,27|3,11,15,21,28,38
1,10,15,16,30,31|2,6,8,20,27,39|3,11,14,21,25,38
1,10,15,21,22,30|2,6,8,16,25,27|3,11,14,28,38,39
2,6,20,25,33,39|3,8,11,16,21,26|15,22,27,28,30,31
2,6,21,25,28,33|3,8,11,15,26,39|16,20,22,27,30,31
2,15,16,20,25,33|3,6,8,26,31,39|11,21,22,27,28,30
2,15,20,21,28,33|3,6,8,26,31,39|11,16,22,25,27,30
2,16,22,25,31,33|3,8,11,15,26,39|6,20,21,27,28,30
2,20,22,31,33,39|3,8,11,16,21,26|6,15,25,27,28,30
1,8,10,16,21,38|3,20,25,28,30,39|14,15,23,26,27,31
3,6,14,21,28,30|8,11,13,15,31,38|22,23,25,32,39,40
3,6,15,20,21,30|8,11,13,16,22,38|23,28,31,32,39,40
3,11,14,21,30,31|6,8,13,15,28,38|22,23,25,32,39,40
3,11,14,22,30,39|6,8,13,15,28,38|21,23,25,31,32,40
3,11,15,21,22,30|6,8,13,14,25,38|23,28,31,32,39,40
3,6,11,25,30,39|8,13,14,28,31,38|10,15,21,22,23,29
