1,6,13,16,22,38|8,11,27,29,31,39|14,15,17,20,21,33
1,14,31,38,39,40|6,8,10,13,21,32|15,16,25,28,29,33
1,2,3,6,15,39|8,10,13,16,31,32|14,17,21,22,25,33
1,8,16,26,39,40|6,10,13,14,15,38|21,25,28,29,31,33
1,11,13,16,31,38|6,8,17,22,27,39|10,14,15,21,32,33
1,11,13,21,22,38|6,10,15,32,33,39|8,14,16,17,27,31
1,13,14,16,20,38|6,8,17,21,27,31|22,25,28,29,33,39
1,13,15,22,31,38|6,10,16,21,32,33|8,11,14,17,27,39
6,10,13,14,15,38|8,11,25,27,29,39|16,17,20,21,22,33
1,2,3,11,16,39|6,8,17,21,25,27|10,13,14,15,22,38
1,2,3,15,21,31|6,8,17,27,28,39|10,11,13,14,16,38
1,2,3,15,22,39|6,8,17,21,25,27|10,11,13,14,16,38
1,6,14,21,27,38|8,10,13,16,25,32|15,17,20,28,33,39
1,6,15,16,27,38|8,10,13,20,32,39|14,17,21,25,28,33
1,8,27,31,32,39|6,10,11,13,21,38|15,16,17,25,28,33
1,11,13,16,25,38|6,8,17,27,28,39|10,15,21,31,32,33
1,11,13,21,28,38|8,14,16,17,25,27|10,15,22,32,33,39
1,13,14,25,31,38|6,8,17,27,28,39|10,16,21,22,32,33
1,13,15,28,31,38|6,8,17,21,25,27|10,11,16,32,33,39
1,13,16,20,31,38|6,8,17,21,25,27|10,15,22,32,33,39
1,13,16,22,28,38|6,8,17,21,25,27|10,14,31,32,33,39
1,25,31,32,33,39|6,10,11,13,21,38|8,15,16,17,27,28
1,6,18,21,23,34|2,3,8,29,33,39|7,12,13,30,31,32
1,14,16,18,23,34|2,3,8,29,33,39|7,12,13,30,31,32
1,19,21,22,23,34|2,3,8,29,33,39|7,12,13,30,31,32
2,3,8,29,33,39|6,17,18,21,23,38|7,12,13,30,31,32
2,3,17,23,39,40|7,12,13,25,30,32|8,16,27,29,33,38
6,10,19,21,23,34|7,12,13,25,30,32|8,16,27,29,33,38
1,2,8,13,27,30|3,6,7,12,21,34|10,17,23,29,33,39
1,2,13,25,30,33|3,6,7,12,21,34|8,17,18,23,26,39
1,3,13,30,31,38|2,7,12,32,33,39|6,10,18,21,23,34
1,7,12,17,30,39|2,3,16,23,27,29|8,10,13,14,33,34
1,8,13,25,33,34|2,3,16,23,27,29|7,12,26,30,39,40
1,16,18,23,25,34|2,3,8,17,33,39|7,12,13,14,26,30
1,16,23,27,34,40|2,3,8,17,33,39|7,12,13,14,26,30
1,18,20,23,34,39|2,7,12,13,14,38|3,8,16,17,27,30
1,18,21,23,28,34|2,3,8,17,33,39|7,12,13,14,26,30
2,3,8,17,33,39|6,10,18,21,23,34|7,12,13,14,26,30
2,3,16,23,27,29|7,12,13,14,26,30|8,10,33,34,39,40
2,7,12,13,14,38|3,8,16,17,27,30|6,10,18,21,23,34
2,7,12,32,33,39|3,8,16,17,27,30|6,10,18,21,23,34
2,7,12,38,39,40|3,8,16,17,27,30|6,10,18,21,23,34
2,8,10,18,30,39|3,6,7,12,21,34|9,11,16,23,27,33
2,10,13,14,30,33|3,6,7,12,21,34|8,17,18,23,26,39
2,10,30,33,39,40|3,6,7,12,21,34|8,9,13,20,23,27
7,12,13,14,26,30|8,10,33,34,39,40|16,17,18,23,25,38
7,12,16,27,30,32|8,10,13,14,33,34|17,18,20,23,38,39
1,7,12,30,31,39|2,3,13,14,23,25|6,8,21,27,33,38
2,3,8,25,33,39|6,13,23,27,28,38|7,10,12,15,21,30
2,3,13,23,25,31|7,10,12,14,30,39|8,21,22,27,33,38
1,7,12,14,30,39|2,3,8,15,21,33|13,23,25,31,38,40
1,7,12,15,21,30|2,3,8,14,33,39|13,23,25,31,38,40
1,19,23,26,38,39|2,10,13,30,31,33|3,7,12,21,22,34
7,12,13,26,30,31|8,16,17,27,33,38|10,11,18,23,34,39
1,2,3,33,38,39|7,12,13,25,26,30|10,16,23,27,34,40
1,3,26,30,33,39|2,7,12,13,25,38|10,16,23,27,34,40
1,18,23,26,38,39|2,8,10,13,27,30|3,7,12,16,25,34
1,2,8,19,38,39|3,6,9,13,23,28|7,12,16,31,34,40|14,25,27,29,30,33
1,2,18,23,32,39|3,8,9,16,31,33|6,7,12,13,22,34
1,3,8,13,14,34|2,11,17,18,23,39|6,10,19,21,30,38
1,3,8,34,39,40|2,11,13,23,27,29|6,10,19,21,30,38
1,3,17,23,29,39|6,7,12,13,22,34|10,14,16,19,30,38
1,8,13,27,30,32|2,11,17,18,23,39|3,16,29,31,33,38|7,12,21,22,34,40
1,8,19,26,30,39|2,11,13,23,27,29|7,12,16,31,34,40
1,11,18,30,38,39|2,8,13,17,31,33|3,9,16,23,25,40
1,13,25,30,32,33|2,11,17,18,23,39|7,12,16,31,34,40
1,16,18,30,31,38|2,11,13,23,27,29|3,8,9,21,22,33
1,16,19,25,30,38|2,8,13,17,31,33|3,9,20,23,39,40
1,18,21,22,30,38|2,8,13,17,31,33|3,9,16,23,25,40
1,19,20,30,38,39|2,8,13,17,31,33|3,9,16,23,25,40
1,19,21,28,30,38|2,8,13,17,31,33|3,9,16,23,25,40
2,8,13,17,31,33|3,9,16,23,25,40|6,10,19,21,30,38
2,8,16,27,29,33|3,6,9,13,23,28|7,11,12,34,39,40
2,11,13,23,27,29|3,8,9,16,31,33|6,10,19,21,30,38
2,11,17,18,23,39|3,8,9,16,31,33|6,7,12,13,22,34
2,13,17,23,25,40|3,8,9,11,33,39|6,10,19,21,30,38
2,16,17,18,23,31|3,8,9,11,33,39|6,7,12,13,22,34
2,16,17,19,23,25|3,8,9,11,33,39|6,7,12,13,22,34
2,17,18,21,22,23|3,8,9,11,33,39|7,12,13,14,32,38
2,17,19,20,23,39|3,8,9,16,31,33|6,7,12,13,22,34
2,17,19,21,23,28|3,8,9,11,33,39|6,7,12,13,22,34
3,6,9,13,23,28|7,11,12,34,39,40|10,14,16,19,30,38
3,8,9,11,33,39|6,7,12,13,22,34|10,14,16,19,30,38
3,8,13,14,17,38|7,11,12,34,39,40|15,27,28,29,30,33
3,8,13,25,29,38|6,15,17,27,30,33|7,11,12,34,39,40
3,8,17,32,33,39|6,7,12,13,22,34|10,14,16,19,30,38
3,8,17,38,39,40|6,7,12,13,22,34|14,25,27,29,30,33
3,9,13,14,20,23|6,10,19,21,30,38|7,11,12,34,39,40
3,9,16,23,25,40|6,7,12,13,22,34|8,10,18,30,32,39
3,9,20,23,39,40|6,7,12,13,22,34|10,14,16,19,30,38
3,9,21,23,28,40|6,7,12,13,22,34|8,10,18,30,32,39
3,13,14,23,26,29|6,10,19,21,30,38|7,11,12,34,39,40
3,13,17,23,31,32|6,10,19,21,30,38|7,11,12,34,39,40
3,16,29,31,33,38|6,7,12,13,22,34|8,10,18,30,32,39
3,21,22,29,33,38|7,11,12,13,14,34|8,10,18,30,32,39
3,23,26,29,39,40|6,7,12,13,22,34|10,14,16,19,30,38
1,2,8,18,38,39|3,6,9,15,23,27|7,11,12,13,31,34
1,2,13,14,33,38|3,6,9,15,23,27|7,12,16,25,34,40
1,2,33,38,39,40|3,6,9,15,23,27|7,11,12,13,31,34
1,3,6,21,33,34|2,10,19,23,32,39|8,13,17,20,27,30
1,3,8,13,31,34|2,10,19,23,32,39|11,16,17,27,30,33
1,3,14,16,33,34|2,10,19,23,32,39|8,13,17,20,27,30
1,7,8,9,12,39|2,13,20,23,27,29|3,6,17,21,33,38
1,7,12,29,38,39|2,8,13,17,25,33|3,6,9,15,23,27
1,8,18,26,30,39|2,13,20,23,27,29|3,6,17,21,33,38|7,12,16,25,34,40
1,10,29,30,33,39|2,16,17,18,23,25|6,7,12,13,28,34
1,13,14,26,30,33|2,10,19,23,32,39|3,8,16,27,29,38|7,12,21,28,34,40
1,16,18,25,30,38|2,10,19,23,32,39|3,8,9,21,28,33|7,11,12,13,31,34
1,16,27,30,32,33|2,17,18,20,23,39|6,7,12,13,28,34
1,18,20,30,38,39|2,8,13,17,25,33|3,6,9,15,23,27|7,12,21,28,34,40
1,18,21,28,30,38|2,8,13,17,25,33|3,6,9,15,23,27|7,12,20,34,39,40
2,8,13,17,25,33|3,6,9,15,23,27|7,12,20,34,39,40|10,14,16,18,30,38
2,10,19,23,32,39|3,6,17,21,33,38|7,11,12,13,31,34
2,13,20,23,27,29|3,6,17,21,33,38|7,12,16,25,34,40
2,16,17,18,23,25|3,8,9,20,33,39|6,7,12,13,28,34|10,19,21,22,30,38
2,16,17,23,27,40|3,8,9,20,33,39|6,7,12,13,28,34|10,19,21,22,30,38
2,17,18,20,23,39|3,8,9,16,25,33|6,7,12,13,28,34|10,19,21,22,30,38
2,17,18,21,23,28|3,8,9,16,25,33|7,11,12,13,31,34
3,6,9,15,23,27|7,11,12,13,31,34|10,14,16,18,30,38
3,8,9,16,25,33|6,7,12,13,28,34|10,11,19,30,38,39
3,8,9,20,33,39|6,7,12,13,28,34|10,14,16,18,30,38
3,8,9,21,28,33|7,11,12,13,31,34|10,14,16,18,30,38
3,8,26,29,33,39|6,7,12,13,28,34|10,14,16,18,30,38
3,9,11,13,23,25|6,10,18,21,30,38|7,12,20,34,39,40
3,9,13,20,23,31|6,10,18,21,30,38|7,12,16,25,34,40
3,9,13,22,23,28|6,10,18,21,30,38|7,12,16,25,34,40
3,13,17,23,25,32|6,10,18,21,30,38|7,12,20,34,39,40
3,13,23,26,29,31|6,10,18,21,30,38|7,12,16,25,34,40
1,6,19,21,30,38|2,8,13,29,31,33|3,9,14,16,23,40
1,13,14,30,32,33|2,6,17,19,21,23|3,8,29,38,39,40
1,13,14,30,38,40|2,6,17,19,21,23|3,8,29,32,33,39
1,14,16,19,30,38|2,8,13,29,31,33|3,6,9,21,23,40
1,30,32,33,39,40|2,6,17,19,21,23|3,8,13,14,29,38
1,2,19,23,32,39|3,6,8,9,21,33|7,12,14,16,34,40
1,6,18,21,30,38|2,8,13,14,17,33|3,9,11,23,39,40
1,11,19,30,38,39|2,6,17,18,21,23|3,8,9,14,16,33
1,13,30,31,32,33|2,6,17,18,21,23|7,12,14,16,34,40
1,13,30,31,38,40|2,6,17,18,21,23|3,8,9,14,16,33
1,14,16,18,30,38|2,8,13,25,29,33|3,9,11,23,39,40
1,19,21,22,30,38|2,8,13,14,17,33|3,9,11,23,39,40
2,11,17,19,23,39|3,6,8,9,21,33|7,12,14,16,34,40
2,18,20,23,29,39|3,6,8,9,21,33|7,12,14,16,34,40
3,6,21,29,33,38|7,12,14,16,34,40|8,10,19,30,32,39
3,9,11,13,14,23|6,7,12,21,34,40|8,10,19,30,32,39
3,13,14,17,23,32|6,7,12,21,34,40|11,16,27,29,30,33
3,13,23,25,29,32|6,7,12,21,34,40|8,17,18,20,30,39
3,14,16,29,33,38|6,7,12,21,34,40|8,10,19,30,32,39
1,2,19,23,26,39|3,8,10,13,14,34|15,17,27,28,30,33
1,3,8,13,25,34|2,10,18,23,32,39|15,17,27,28,30,33
2,8,10,19,38,39|3,9,11,16,23,27|7,12,13,20,31,34
2,8,16,17,27,33|3,9,13,20,23,25|10,11,18,30,38,39
2,10,18,23,32,39|3,8,13,17,25,38|6,7,12,15,27,34
3,8,10,34,39,40|7,12,13,25,32,38|15,17,27,28,30,33
3,9,11,16,23,27|7,12,13,20,31,34|8,10,19,26,30,39
3,9,13,20,23,25|6,7,12,15,27,34|8,10,19,26,30,39
3,9,14,23,27,31|7,11,12,13,25,34|8,10,19,26,30,39
3,9,15,22,23,27|7,11,12,13,25,34|8,10,19,26,30,39
3,13,14,17,23,26|6,7,12,15,27,34|10,11,18,30,38,39
3,13,23,25,26,29|6,7,12,15,27,34|10,11,18,30,38,39
3,16,17,23,27,32|7,11,12,13,25,34|8,10,19,26,30,39
3,16,17,31,33,38|6,7,12,15,27,34|8,10,19,26,30,39
3,17,21,22,33,38|6,7,12,15,27,34|8,10,19,26,30,39
3,17,23,26,39,40|6,7,12,15,27,34|10,13,25,30,32,33
1,2,13,25,33,38|3,9,15,23,27,28|8,10,18,26,30,39
1,2,18,23,26,39|3,6,10,21,33,34|7,12,16,27,32,38
1,13,25,26,30,33|2,8,10,18,38,39|3,9,15,23,27,28
2,13,17,20,23,27|3,6,10,21,33,34|7,12,26,38,39,40
3,8,16,17,27,38|7,12,13,20,25,34|10,26,30,33,39,40
3,8,17,26,33,39|7,11,12,16,27,34|10,18,21,28,30,38
1,8,13,16,25,38|2,7,12,14,31,39|11,15,17,21,23,27
1,14,31,33,38,39|2,7,12,16,21,22|13,15,17,23,25,28
1,16,21,22,33,38|2,7,12,14,31,39|13,15,17,23,25,28
2,7,12,14,31,39|3,6,10,16,21,30|13,15,17,23,25,28
2,7,12,15,21,31|6,17,22,23,27,39|8,10,13,14,16,38
1,3,6,16,21,30|8,14,17,31,33,39|13,15,23,25,28,29
1,3,14,15,21,30|6,13,16,17,23,28|8,25,29,31,33,39
1,3,14,30,31,39|2,6,7,12,16,21|13,15,17,22,23,25
1,3,15,22,30,39|2,6,7,12,16,21|13,14,17,23,25,31
1,3,16,21,22,30|2,6,7,12,15,39|13,14,17,23,25,31
1,8,13,16,31,38|2,6,7,12,15,39|14,21,23,27,28,29
1,8,13,21,22,38|2,6,7,12,15,39|14,16,23,25,27,29
1,2,8,14,27,39|6,7,12,16,21,26|10,13,15,22,25,30
1,2,8,15,21,27|7,12,25,31,32,39|10,13,16,22,28,30
1,2,14,25,33,39|6,7,12,16,21,26|10,13,15,28,30,31
1,2,15,28,33,39|6,7,12,16,21,26|10,13,14,25,30,31
1,6,27,28,30,39|2,8,10,13,16,31|7,12,14,15,21,26
1,2,14,31,33,39|3,8,15,17,21,25|6,10,13,16,28,30
1,2,15,21,31,33|3,8,14,17,25,39|6,10,13,16,28,30
1,3,6,16,21,38|7,12,14,25,32,39|10,13,15,22,30,31
1,6,21,27,30,31|2,8,10,13,14,16|7,12,15,28,32,39
1,6,22,27,30,39|2,8,10,13,14,16|7,12,15,21,25,32
1,14,16,27,30,31|2,6,8,10,13,21|7,12,15,28,32,39
1,15,16,22,27,30|2,6,8,10,13,21|7,12,14,25,32,39
1,21,27,28,30,31|2,8,10,13,16,25|7,12,15,22,26,39
1,22,27,28,30,39|2,8,10,13,16,25|7,12,15,21,26,31
2,6,14,33,34,39|3,12,16,21,23,35|13,15,25,30,32,38
2,8,13,21,32,38|3,12,15,23,35,39|6,14,16,27,30,34
1,14,17,21,25,34|8,12,27,28,35,39|13,15,26,31,32,38
1,15,17,20,34,39|8,12,21,25,27,35|13,16,22,26,32,38
6,9,10,14,38,39|8,12,21,25,27,35|11,13,15,26,31,34
6,9,10,15,21,38|8,12,27,28,35,39|11,13,16,22,26,34
6,10,14,17,34,39|8,12,21,25,27,35|13,15,26,31,32,38
6,10,15,17,21,34|8,12,27,28,35,39|13,16,22,26,32,38
8,9,17,25,28,39|10,16,20,21,29,34|13,15,26,31,32,38
8,12,21,25,27,35|9,10,14,15,16,38|22,26,31,34,39,40
9,10,14,15,16,38|11,21,27,31,32,34|12,25,28,33,35,39
10,14,15,16,17,34|11,13,21,26,32,38|12,25,28,33,35,39
10,16,20,21,29,34|12,25,28,33,35,39|13,15,26,31,32,38
1,9,14,21,31,38|6,11,13,16,26,34|8,12,22,27,35,39
1,9,14,22,38,39|6,11,13,16,26,34|8,12,21,27,31,35
1,11,15,17,34,39|6,13,16,26,32,38|8,12,21,27,31,35
1,14,17,21,31,34|6,13,16,26,32,38|8,12,22,27,35,39
1,14,17,22,34,39|6,13,16,26,32,38|8,12,21,27,31,35
1,15,17,21,22,34|6,13,16,26,32,38|12,28,31,33,35,39
1,15,17,32,38,39|6,11,13,16,26,34|8,12,21,27,31,35
1,21,25,29,31,34|6,13,16,26,32,38|8,12,22,27,35,39
1,22,25,29,34,39|6,13,16,26,32,38|8,12,21,27,31,35
6,11,13,16,26,34|8,9,10,15,32,39|12,21,25,31,33,35
6,13,15,22,26,34|8,9,10,16,21,32|12,28,31,33,35,39
6,13,16,26,32,38|8,9,17,21,25,31|10,11,15,29,34,39
8,9,10,16,21,32|11,13,14,15,26,34|12,22,25,33,35,39
8,9,17,22,25,39|10,11,16,21,29,34|13,14,15,26,32,38
8,9,17,28,31,39|10,11,16,21,29,34|13,14,15,26,32,38
8,12,22,27,35,39|10,11,16,21,29,34|13,14,15,26,32,38
10,11,16,21,29,34|12,22,25,33,35,39|13,14,15,26,32,38
10,16,21,29,32,38|11,13,14,15,26,34|12,22,25,33,35,39
1,6,9,14,38,39|8,12,15,16,27,35|11,13,20,21,32,34
1,6,9,15,21,38|11,13,16,28,32,34|12,22,31,33,35,39
1,9,14,15,16,38|6,8,12,27,35,39|11,13,20,21,32,34
6,12,25,33,35,39|8,9,15,17,21,28|13,16,20,22,32,34
6,13,25,31,32,34|8,9,14,17,28,39|12,16,20,21,33,35
6,17,25,29,38,39|8,12,14,21,27,35|11,13,16,28,32,34
8,9,14,17,21,25|11,13,16,28,32,34|12,15,20,33,35,39
8,9,14,17,28,39|11,13,15,25,32,34|12,16,20,21,33,35
8,9,15,16,17,25|11,13,20,21,32,34|12,14,28,33,35,39
8,9,15,17,20,39|11,13,16,28,32,34|12,14,21,25,33,35
8,9,16,17,20,21|11,13,15,25,32,34|12,14,28,33,35,39
8,12,14,21,27,35|11,13,15,25,32,34|17,22,29,31,38,39
8,12,15,16,27,35|11,13,20,21,32,34|14,17,28,29,38,39
8,15,17,26,29,39|11,13,16,28,32,34|12,14,21,25,33,35
8,16,17,21,26,29|11,13,15,25,32,34|12,14,28,33,35,39
11,13,15,25,32,34|12,14,28,33,35,39|16,17,20,21,29,38
11,13,16,28,32,34|12,14,21,25,33,35|15,17,20,29,38,39
11,13,20,21,32,34|12,14,28,33,35,39|15,16,17,25,29,38
6,8,9,17,31,39|11,12,16,21,33,35|13,14,15,20,32,34
6,12,31,33,35,39|8,9,11,16,17,21|13,14,15,20,32,34
6,13,15,28,32,34|8,9,11,16,17,21|12,14,22,33,35,39
6,13,16,20,32,34|8,9,11,15,17,39|12,14,21,31,33,35
6,17,29,31,38,39|8,12,13,15,25,35|16,20,21,32,34,40
8,9,22,25,29,39|11,12,16,21,33,35|13,14,15,20,32,34
8,9,28,29,31,39|11,12,16,21,33,35|13,14,15,20,32,34
8,12,13,15,25,35|11,16,17,21,29,38|14,28,32,34,39,40
8,12,13,16,28,35|11,15,17,29,38,39|14,21,25,32,34,40
6,14,17,29,38,39|8,11,12,13,21,35|15,16,31,32,34,40
2,14,15,25,27,34|3,16,21,26,32,38|9,10,28,30,31,39
2,14,16,27,28,34|3,15,26,32,38,39|9,10,21,25,30,31
2,6,13,16,26,38|3,21,25,31,32,34|9,10,14,28,30,39
1,6,9,30,31,39|2,11,13,14,15,34|3,8,12,16,21,35
1,9,11,15,30,39|2,6,13,14,31,34|3,8,12,16,21,35
1,9,11,16,21,30|2,6,13,14,31,34|3,8,12,15,35,39
1,9,14,21,30,31|2,6,11,13,16,34|3,8,12,15,35,39
1,16,17,21,30,32|2,6,13,14,31,34|3,8,12,15,35,39
2,6,11,13,16,34|3,8,12,15,35,39|17,21,25,29,30,31
2,6,13,14,31,34|3,8,12,15,35,39|10,16,21,29,30,32
2,6,13,15,22,34|3,8,12,16,21,35|17,28,29,30,31,39
2,6,13,16,32,38|3,8,12,15,35,39|17,21,25,29,30,31
2,6,31,34,39,40|3,8,12,16,21,35|13,14,15,26,30,32
2,11,13,14,15,34|3,8,12,16,21,35|17,22,25,29,30,39
2,13,14,15,32,38|3,8,12,16,21,35|17,22,25,29,30,39
2,14,21,31,34,40|3,8,12,15,35,39|6,13,16,26,30,32
2,3,15,16,31,34|8,13,21,26,32,38|9,17,22,23,25,39
2,11,13,21,26,30|6,14,16,27,34,38|9,10,15,23,32,39
2,13,15,26,30,31|6,14,16,27,34,38|9,17,22,23,25,39
3,16,21,26,30,32|6,13,25,31,34,38|12,22,23,27,35,39
1,2,15,17,30,39|6,8,13,16,26,34|12,14,21,23,27,35
1,8,9,15,38,39|2,6,13,16,26,30|12,14,21,23,27,35
1,8,15,17,34,39|2,6,13,16,26,30|12,14,21,23,27,35
2,6,13,16,26,30|8,10,15,29,34,39|9,14,17,21,23,25
2,10,15,29,30,39|6,8,13,16,26,34|9,14,17,21,23,25
2,13,14,15,26,30|6,8,27,32,34,39|9,16,17,20,21,23
2,14,21,27,30,32|6,8,13,16,26,34|9,15,17,20,23,39
2,15,16,27,30,32|6,9,17,23,25,39|13,14,22,31,34,38
2,15,26,30,39,40|6,13,14,25,34,38|9,16,17,20,21,23
2,13,15,25,30,32|6,9,17,23,31,39|11,16,21,34,38,40
2,13,16,28,30,32|6,9,17,23,31,39|15,21,22,34,38,40
1,2,16,21,29,30|6,9,14,17,23,39|8,13,15,31,32,34
1,8,16,21,29,34|2,13,15,30,31,32|6,9,14,17,23,39
2,13,15,30,31,32|6,9,14,17,23,39|8,12,16,21,33,35
6,14,32,33,34,39|8,16,17,21,29,38|12,13,15,23,31,35
1,2,21,27,34,40|3,6,9,26,33,39|7,13,20,25,28,35
1,6,7,10,35,39|2,8,9,13,27,28|17,18,21,25,26,30
1,7,10,14,21,35|2,6,13,17,27,38|3,9,15,16,26,33
1,7,10,15,16,35|2,6,13,17,27,38|3,9,14,21,26,33
2,6,10,18,34,39|3,9,13,22,25,38|7,11,16,27,28,35
2,9,11,21,27,33|3,10,13,15,32,34|17,18,26,28,30,39
2,9,16,22,27,33|3,10,13,15,32,34|17,18,21,25,26,30
2,10,14,18,21,34|3,6,9,16,27,38|7,13,20,25,28,35
2,10,15,16,18,34|3,6,9,26,33,39|7,11,20,21,27,35
2,10,19,21,31,34|3,6,9,16,27,38|7,13,20,25,28,35
2,10,19,22,34,39|3,6,9,16,27,38|7,13,20,25,28,35
2,17,18,21,25,38|3,6,9,26,33,39|7,11,16,27,28,35
2,17,18,28,38,39|3,9,14,21,26,33|6,7,25,27,31,35
2,17,21,27,38,40|3,6,9,26,33,39|7,13,20,25,28,35
3,10,13,15,32,34|6,7,25,27,31,35|17,18,26,28,30,39
1,2,18,21,31,34|3,6,9,13,25,38|7,11,16,22,27,35|17,19,26,28,30,39
1,2,18,22,34,39|3,6,9,13,25,38|7,11,15,27,31,35
1,2,19,21,25,34|3,8,9,13,15,26|6,7,16,20,27,35
1,2,19,28,34,39|3,6,9,13,25,38|7,11,15,27,31,35
1,9,10,13,15,30|2,17,18,21,31,38|3,16,22,27,29,34
2,6,10,19,34,39|3,8,9,13,15,26|7,11,16,22,27,35
2,9,13,22,25,33|3,11,21,27,29,34|17,19,26,28,30,39
2,9,13,28,31,33|3,11,21,27,29,34|17,18,22,26,30,39
2,10,13,15,34,40|3,8,9,21,27,32|17,18,22,26,30,39
2,10,14,19,21,34|3,6,9,13,25,38|7,11,15,27,31,35|17,18,22,26,30,39
2,10,15,16,19,34|3,6,9,13,25,38|7,14,22,27,31,35
2,13,22,27,29,38|3,9,21,25,32,33|17,19,26,28,30,39
2,17,18,21,31,38|3,8,9,13,15,26|6,7,14,25,27,35
2,17,18,22,38,39|3,8,9,13,15,26|6,7,14,25,27,35
2,17,19,21,25,38|3,8,9,13,15,26|6,7,16,20,27,35
2,17,19,28,38,39|3,8,9,13,15,26|6,7,14,25,27,35
3,6,9,13,25,38|7,11,15,27,31,35|17,18,22,26,30,39
3,8,9,21,27,32|7,11,13,25,28,35|17,18,22,26,30,39
3,9,13,14,28,38|6,7,16,20,27,35|17,18,21,26,30,31
3,9,13,15,20,38|6,7,14,25,27,35|17,18,21,26,30,31
3,9,13,22,31,38|6,7,14,25,27,35|17,19,26,28,30,39
3,9,21,25,32,33|6,7,15,27,28,35|17,18,22,26,30,39
3,9,21,25,38,40|6,7,15,27,28,35|17,18,22,26,30,39
3,9,28,32,33,39|6,7,14,25,27,35|17,18,21,26,30,31
3,9,28,38,39,40|6,7,14,25,27,35|17,18,21,26,30,31
3,13,25,28,29,34|6,7,16,20,27,35|17,18,21,26,30,31
2,6,8,9,18,39|3,11,13,15,29,34|7,14,16,28,35,40|17,19,21,25,30,32
2,6,9,13,14,33|3,21,29,31,34,40|17,18,22,30,32,39
2,6,9,33,39,40|3,11,13,15,29,34|17,18,21,30,31,32
2,6,18,29,38,39|3,8,9,13,15,32|7,11,21,31,35,40
2,8,9,14,18,21|3,6,13,29,31,34|7,11,22,35,39,40
2,8,9,15,16,18|3,6,13,29,31,34|7,11,22,35,39,40|17,19,21,25,30,32
2,8,9,19,21,31|3,11,13,15,29,34|6,7,16,25,35,40|17,18,22,30,32,39
2,8,9,19,22,39|3,6,13,29,31,34|7,14,15,25,35,40
2,9,14,21,33,40|3,6,13,29,31,34|17,18,22,30,32,39
2,9,15,16,33,40|3,6,13,29,31,34|17,18,22,30,32,39
2,14,18,21,29,38|3,8,9,13,15,32|6,7,16,25,35,40
2,15,16,18,29,38|6,7,11,13,31,35|9,19,20,22,30,39
2,19,21,29,31,38|3,8,9,13,15,32|6,7,16,25,35,40
2,19,22,29,38,39|3,8,9,13,15,32|6,7,16,25,35,40
3,6,13,29,31,34|7,11,22,35,39,40|9,14,15,18,25,30
3,8,9,13,15,32|6,7,16,25,35,40|14,18,21,26,29,30
3,11,13,15,29,34|6,7,16,25,35,40|9,14,18,20,21,30
3,13,14,22,29,34|6,7,16,25,35,40|9,11,18,21,30,31
3,13,15,29,32,38|6,7,16,25,35,40|9,11,18,21,30,31
3,21,29,31,34,40|6,7,13,14,20,35|9,11,18,22,30,39
3,22,29,34,39,40|6,7,11,13,31,35|9,14,15,18,25,30
1,13,15,17,29,30|2,6,8,9,19,39|7,11,14,21,35,40
2,6,8,9,19,39|3,14,21,29,34,40|15,16,17,18,30,32
2,6,19,29,38,39|7,11,14,21,35,40|15,16,17,18,30,32
2,8,9,14,19,21|3,6,29,34,39,40|15,16,17,18,30,32
2,13,15,29,32,33|6,7,11,35,39,40|9,14,16,18,22,30
2,14,19,21,29,38|6,7,11,35,39,40|15,16,17,18,30,32
3,6,13,14,29,34|7,11,15,16,35,40|17,19,21,30,31,32
3,15,16,29,34,40|6,7,11,13,14,35|17,19,21,30,31,32
1,2,6,18,34,39|3,9,11,13,15,38|7,16,25,28,35,40|17,19,21,26,30,31
1,2,14,18,21,34|3,6,9,13,31,38|7,16,25,28,35,40|17,19,22,26,30,39
1,2,15,16,18,34|3,6,9,13,31,38|7,20,21,25,35,40|17,19,22,26,30,39
1,2,19,21,31,34|3,9,11,13,15,38|6,17,18,26,30,39|7,16,25,28,35,40
1,2,19,22,34,39|3,6,9,13,31,38|7,11,14,15,27,35|18,21,25,26,29,30
1,3,13,15,32,34|2,6,17,18,38,39|7,9,12,21,25,29
1,17,21,27,29,30|2,6,9,13,25,33|7,20,28,35,39,40
2,6,8,9,13,27|3,17,21,31,34,40|18,26,28,29,30,39
2,6,9,13,25,33|3,14,15,27,29,34|7,20,28,35,39,40|17,19,21,26,30,31
2,6,13,27,29,38|3,9,21,31,32,33|7,16,25,28,35,40|17,19,22,26,30,39
2,6,17,18,38,39|3,9,21,31,32,33|7,11,13,22,25,35
2,8,9,18,21,25|3,6,13,17,31,34|7,11,14,15,27,35
2,8,9,18,28,39|3,6,13,17,31,34|7,11,14,15,27,35
2,8,9,21,27,40|3,6,13,17,31,34|18,26,28,29,30,39
2,9,13,14,28,33|3,6,16,27,29,34|7,20,21,25,35,40|17,19,22,26,30,39
2,9,13,15,20,33|3,6,16,27,29,34|14,17,18,21,26,30
2,9,13,22,31,33|3,6,16,27,29,34|7,20,21,25,35,40
2,9,21,25,33,40|3,6,13,17,31,34|7,11,14,15,27,35|18,26,28,29,30,39
2,9,28,33,39,40|3,6,13,17,31,34|7,11,14,15,27,35|18,21,25,26,29,30
2,13,15,26,29,33|3,9,21,31,38,40|6,7,11,16,27,35
2,14,17,18,21,38|3,6,16,27,29,34|7,11,13,22,25,35
2,15,16,17,18,38|3,9,21,31,32,33|6,7,13,20,25,35
2,17,19,21,31,38|3,6,16,27,29,34|7,11,13,22,25,35|9,18,20,28,30,39
2,17,19,22,38,39|3,6,16,27,29,34|7,11,13,28,31,35|9,18,20,21,25,30
2,18,21,25,29,38|3,6,13,17,31,34|7,11,14,15,27,35
2,18,28,29,38,39|3,6,13,17,31,34|7,11,14,15,27,35
2,21,27,29,32,33|3,6,9,13,31,38|7,16,25,28,35,40|17,19,22,26,30,39
2,21,27,29,38,40|3,6,13,17,31,34|9,16,18,25,28,30
3,6,9,13,31,38|7,11,14,15,27,35|17,19,22,26,30,39
3,9,11,13,15,38|6,7,14,27,31,35|17,19,22,26,30,39
3,9,13,14,22,38|6,7,11,16,27,35|17,19,21,26,30,31
3,9,21,31,32,33|6,7,11,16,27,35|17,19,22,26,30,39
3,9,21,31,38,40|6,7,11,16,27,35|17,19,22,26,30,39
3,9,22,32,33,39|6,7,11,16,27,35|14,17,18,21,26,30
3,9,22,38,39,40|6,7,11,16,27,35|14,17,18,21,26,30
3,11,13,15,17,34|6,7,14,27,31,35|9,16,18,25,28,30
3,13,14,17,22,34|6,7,11,16,27,35|9,18,20,21,25,30
3,13,15,17,32,38|6,7,11,16,27,35|9,18,20,21,25,30
3,17,21,31,34,40|6,7,11,16,27,35|9,18,20,28,30,39
3,17,22,34,39,40|6,7,11,16,27,35|9,18,20,21,25,30
1,2,6,19,34,39|3,9,14,21,32,33|7,11,13,15,20,35
1,2,13,15,34,40|3,6,9,32,33,39|14,17,19,21,26,30
1,2,14,19,21,34|3,6,9,32,33,39|7,11,13,15,20,35
1,2,15,16,19,34|3,6,9,13,14,38|7,11,21,25,35,40|17,18,28,30,32,39
2,6,9,13,31,33|3,14,17,21,34,40|18,22,26,29,30,39
2,6,17,19,38,39|3,9,14,21,32,33|7,11,13,15,20,35
2,8,9,18,21,31|3,6,13,14,17,34|7,11,28,35,39,40
2,8,9,18,22,39|3,6,13,14,17,34|7,11,21,25,35,40
2,8,9,19,21,25|3,6,13,14,17,34|7,11,28,35,39,40
2,8,9,19,28,39|3,6,13,14,17,34|7,11,21,25,35,40
2,9,11,13,15,33|3,6,17,34,39,40|18,21,26,29,30,31
2,9,13,14,22,33|3,6,17,34,39,40|18,21,26,29,30,31
2,9,21,31,33,40|3,6,13,14,17,34|18,22,26,29,30,39
2,9,22,33,39,40|3,6,13,14,17,34|18,21,26,29,30,31
2,13,15,17,32,33|3,6,9,38,39,40|18,21,26,29,30,31
2,13,15,17,38,40|3,6,9,32,33,39|18,21,26,29,30,31
2,14,17,19,21,38|3,6,9,32,33,39|7,11,13,15,20,35
2,15,16,17,19,38|3,6,9,32,33,39|7,11,13,14,28,35|18,21,26,29,30,31
2,18,21,29,31,38|3,6,9,32,33,39|7,11,13,14,28,35|15,16,17,19,26,30
2,18,22,29,38,39|3,6,13,14,17,34|7,11,21,25,35,40
2,19,21,25,29,38|3,6,9,32,33,39|7,11,13,14,28,35
2,19,28,29,38,39|3,6,13,14,17,34|7,11,21,25,35,40
3,6,9,13,14,38|7,11,21,25,35,40|15,16,17,19,26,30
3,6,9,32,33,39|7,11,13,14,28,35|15,16,17,19,26,30
3,6,9,38,39,40|7,11,13,14,28,35|15,16,17,19,26,30
3,6,13,25,29,34|7,11,28,35,39,40|9,18,20,21,30,31
3,9,14,21,32,33|6,7,11,13,25,35|15,16,17,19,26,30
3,9,14,21,38,40|6,7,11,13,25,35|15,16,17,19,26,30
3,9,15,16,32,33|6,7,11,13,25,35|14,17,19,21,26,30
3,9,15,16,38,40|6,7,11,13,25,35|14,17,19,21,26,30
3,13,14,28,29,34|6,17,19,26,30,39|7,11,21,25,35,40
3,13,15,20,29,34|6,17,19,26,30,39|7,11,21,25,35,40
3,13,22,29,31,34|6,17,19,26,30,39|7,11,21,25,35,40
3,14,17,21,34,40|6,7,11,13,25,35|9,16,18,28,30,31
3,15,16,17,34,40|6,7,11,13,25,35|9,18,20,21,30,31
3,21,25,29,34,40|6,7,13,20,31,35|9,11,18,28,30,39
3,28,29,34,39,40|6,7,11,13,25,35|9,18,20,21,30,31
1,3,6,25,30,39|2,7,11,12,16,21|8,10,13,14,15,38
1,3,14,21,25,30|2,6,7,12,31,39|10,13,16,22,23,32
1,3,14,28,30,39|2,7,11,12,16,21|10,13,15,23,31,32
1,3,15,16,25,30|2,6,7,12,31,39|10,11,13,21,23,32
1,3,15,20,30,39|2,7,11,12,16,21|13,14,17,23,25,28
1,3,15,21,28,30|2,6,7,12,31,39|10,13,16,22,23,32
1,3,16,20,21,30|2,6,7,12,31,39|8,10,13,14,15,38
1,3,22,30,31,39|2,7,11,12,16,21|8,10,13,14,15,38
1,6,13,16,23,26|2,7,11,12,15,39|8,17,21,25,31,33
1,6,23,27,32,39|2,7,11,12,16,21|8,10,13,14,15,38
1,6,31,33,38,39|2,7,11,12,16,21|13,14,17,23,25,28
1,8,13,15,25,38|2,6,7,12,31,39|11,14,17,21,23,27
1,8,13,16,28,38|2,6,7,12,31,39|11,14,17,21,23,27
1,8,13,20,21,38|2,6,7,12,31,39|3,10,14,15,16,30
1,11,15,33,38,39|2,7,12,14,21,31|10,13,16,22,23,32
1,11,16,21,33,38|2,6,7,12,31,39|13,14,17,23,25,28
1,13,14,15,23,26|2,6,7,12,31,39|8,10,16,21,32,33
1,14,21,31,33,38|2,7,11,12,15,39|10,13,16,22,23,32
1,14,22,33,38,39|2,7,11,12,16,21|10,13,15,23,31,32
1,15,16,31,33,38|2,7,12,14,22,39|10,11,13,21,23,32
1,15,21,22,33,38|2,6,7,12,31,39|13,14,17,23,25,28
1,16,21,23,26,40|2,6,7,12,31,39|8,10,13,14,15,38
2,6,7,12,31,39|3,10,14,15,16,30|11,21,23,25,27,29
2,7,11,12,15,39|6,8,10,13,16,38|20,21,23,27,29,31
2,7,11,12,16,21|3,6,10,14,30,39|13,15,17,20,23,25
2,7,12,14,21,31|6,8,10,13,16,38|11,23,27,28,29,39
2,7,12,14,22,39|3,6,10,15,21,30|13,16,17,20,23,28
2,7,12,15,16,31|3,6,10,14,30,39|11,21,23,25,27,29
2,7,12,15,21,22|3,6,10,14,30,39|13,16,17,20,23,28
3,6,10,15,21,30|8,17,22,25,33,39|16,23,27,28,29,31
1,3,21,25,30,31|2,7,12,14,28,39|8,10,13,16,22,38
1,3,28,30,31,39|2,7,12,14,21,25|8,10,13,16,22,38
1,6,8,27,38,39|2,7,12,14,21,25|3,10,15,16,30,31
1,6,25,33,38,39|2,7,12,15,21,28|16,17,22,23,27,31
1,8,14,21,27,38|2,6,7,12,25,39|3,10,15,16,30,31
1,8,15,16,27,38|2,6,7,12,25,39|3,10,14,21,30,31
1,8,15,26,33,39|2,7,12,14,21,25|10,13,16,23,28,32
1,11,13,21,23,26|2,6,7,12,25,39|3,10,15,16,30,31
1,13,15,23,26,31|2,6,7,12,25,39|3,10,11,16,21,30
1,13,16,22,23,26|2,6,7,12,25,39|3,10,14,21,30,31
1,14,21,25,33,38|2,7,12,15,20,39|10,13,16,23,28,32
1,14,28,33,38,39|2,7,12,15,16,25|10,13,20,21,23,32
1,15,16,25,33,38|2,7,12,14,28,39|10,13,20,21,23,32
1,15,20,33,38,39|2,7,12,14,21,25|10,13,16,23,28,32
1,15,21,28,33,38|2,6,7,12,25,39|16,17,22,23,27,31
1,21,23,27,31,32|2,6,7,12,25,39|8,10,13,16,22,38
1,22,23,27,32,39|2,7,12,14,21,25|3,10,15,16,30,31
1,22,31,33,38,39|2,7,12,14,21,25|10,13,16,23,28,32
2,7,12,14,21,25|3,6,10,30,31,39|15,16,17,20,23,27
2,7,12,15,16,25|3,6,10,30,31,39|14,17,20,21,23,27
2,7,12,15,20,39|3,10,11,16,21,30|13,17,23,25,28,31
2,7,12,16,20,21|3,6,10,30,31,39|14,15,17,23,25,27
2,7,12,22,31,39|3,10,11,16,21,30|14,15,17,23,25,27
1,3,6,14,30,39|8,11,16,17,21,33|13,15,20,23,25,29
1,3,6,15,21,30|8,14,17,22,33,39|13,16,20,23,28,29
1,3,6,30,31,39|2,7,12,14,15,16|11,13,17,20,21,23
1,3,11,15,30,39|6,10,13,16,23,32|8,14,17,21,25,33
1,3,11,16,21,30|2,6,7,12,14,39|13,15,17,20,23,31
1,3,14,21,30,31|6,8,17,25,33,39|15,16,20,23,27,29
1,3,14,22,30,39|2,6,7,12,15,21|11,13,16,17,23,28
1,3,15,16,30,31|2,6,7,12,14,39|11,13,17,20,21,23
1,3,15,21,22,30|2,6,7,12,14,39|11,13,16,17,23,28
1,8,11,13,21,38|2,6,7,12,14,39|15,16,20,23,27,29
1,8,13,15,31,38|2,6,7,12,14,39|10,16,21,23,32,40
1,8,13,16,22,38|2,6,7,12,14,39|11,21,23,27,29,31
1,13,15,23,25,32|2,6,7,12,14,39|8,16,17,20,21,33
1,13,20,21,23,32|2,6,7,12,14,39|8,15,16,17,25,33
2,6,7,12,14,39|8,15,16,17,25,33|11,21,23,27,29,31
2,6,7,12,15,21|8,14,17,28,33,39|16,22,23,27,29,31
2,7,12,14,15,16|6,8,17,25,33,39|11,21,23,27,29,31
1,8,21,27,31,38|2,7,12,22,25,39|6,10,13,16,23,26
1,8,22,27,38,39|2,7,12,21,25,31|6,10,13,16,23,26
1,2,6,8,19,34|3,9,22,23,32,40|11,18,28,29,30,38
1,19,22,30,32,38|2,6,9,11,18,23|3,8,28,29,34,40
1,3,22,23,35,40|6,7,8,9,11,17|12,18,28,29,30,38
1,2,6,8,18,34|3,9,23,28,32,40|17,19,20,22,30,38
1,2,6,33,34,40|7,8,9,12,28,29|11,17,18,22,30,38
1,2,8,19,22,34|3,9,23,28,32,40|6,7,11,20,33,35
1,11,18,22,30,34|2,6,17,33,38,40|7,8,9,12,28,29
1,17,28,29,30,33|2,6,9,18,20,23|7,12,22,32,34,40
1,19,20,22,30,34|2,6,8,17,18,38|3,9,23,28,32,40
1,19,28,30,32,38|2,6,9,18,20,23|3,8,17,22,34,40
2,6,18,23,26,29|3,8,9,22,32,33|11,17,19,28,30,38
3,9,23,28,32,40|6,7,11,20,33,35|8,17,19,22,26,30
1,3,8,22,33,35|2,9,12,19,23,28|6,7,17,20,29,38
1,7,8,9,22,32|3,6,10,23,35,40|12,17,19,28,30,38
1,12,18,22,30,34|3,6,10,23,35,40|7,8,9,20,28,29
1,12,19,28,30,34|3,6,10,23,35,40|7,8,9,11,17,22
1,2,8,18,22,34|3,6,9,10,23,29|17,19,20,28,30,38
1,2,8,19,28,34|3,6,9,10,23,29|7,11,20,22,33,35
1,2,22,33,34,40|3,6,9,10,23,29|8,17,19,26,28,30
1,3,6,34,38,40|2,9,11,18,23,28|10,17,22,29,30,33
1,3,9,23,28,29|2,6,8,10,19,34|7,11,20,22,33,35
1,6,19,26,30,38|2,9,11,18,23,28|3,20,22,29,33,34
1,18,20,22,30,34|2,6,17,19,23,26|3,8,9,28,32,33
1,18,28,30,32,38|2,6,8,10,19,34|7,11,20,22,33,35
1,19,20,28,30,34|2,8,17,18,22,38|3,6,9,10,23,29
2,8,17,18,22,38|3,6,9,10,23,29|7,12,28,32,34,40
2,8,17,19,28,38|3,6,9,10,23,29|7,11,20,22,33,35
2,18,22,23,26,29|3,6,9,11,33,38|7,12,28,32,34,40
3,6,9,10,23,29|7,11,20,22,33,35|8,17,19,26,28,30
3,6,9,11,33,38|7,12,28,32,34,40|8,17,18,22,26,30
3,8,9,28,32,33|6,10,11,18,30,34|7,12,17,22,29,38
3,8,17,28,34,40|6,10,18,30,32,38|7,11,20,22,33,35
3,11,28,29,33,34|6,10,18,30,32,38|7,8,9,12,17,22
3,28,29,32,33,38|6,10,11,18,30,34|7,8,9,12,17,22
1,7,20,22,29,34|2,9,12,18,23,28|3,6,8,10,33,35
1,12,18,28,30,34|3,6,8,10,33,35|7,17,20,22,29,38
2,9,12,18,23,28|3,6,8,10,33,35|7,17,20,22,29,38
1,3,9,17,22,23|2,6,8,10,18,34|7,11,20,28,33,35
1,3,22,34,38,40|2,6,17,18,23,26|7,11,20,28,33,35
1,6,7,8,10,35|2,9,18,20,23,28|3,11,17,22,33,34
1,6,7,9,12,38|2,8,10,19,22,34|17,26,28,30,33,40
1,6,18,26,30,38|2,8,10,19,22,34|7,11,20,28,33,35
1,7,12,28,29,34|2,6,17,18,23,26|3,9,11,22,33,38
1,19,22,26,30,38|2,6,8,10,18,34|7,11,20,28,33,35
2,8,17,18,28,38|3,9,10,22,23,29|6,7,12,26,34,40
3,6,8,9,26,33|7,12,17,28,29,38|10,11,18,22,30,34
3,6,26,29,33,38|7,8,9,12,17,28|10,11,18,22,30,34
3,9,10,22,23,29|6,7,12,26,34,40|17,18,20,28,30,38
3,9,11,22,33,38|6,7,10,12,29,34|8,17,18,26,28,30
3,9,22,23,26,40|6,7,10,12,29,34|17,18,20,28,30,38
1,6,9,17,33,39|10,13,15,32,34,40|14,18,21,26,29,38
1,9,14,17,21,33|6,10,19,32,34,39|15,16,18,26,29,38
1,9,15,16,17,33|6,10,19,32,34,39|14,18,21,26,29,38
1,18,21,31,32,34|2,3,9,11,13,15|19,22,26,29,38,39
1,19,21,25,32,34|2,3,6,9,13,31|15,16,18,26,29,38
1,19,28,32,34,39|2,3,6,9,13,31|14,18,21,26,29,38
2,3,6,9,13,31|10,14,19,21,32,34|15,16,18,26,29,38
2,3,9,11,13,15|6,10,19,32,34,39|14,18,21,26,29,38
2,3,9,13,14,22|6,10,19,32,34,39|15,16,18,26,29,38
2,3,9,21,31,40|6,10,19,32,34,39|15,16,18,26,29,38
2,3,9,22,39,40|6,13,20,27,29,34|17,18,21,31,32,38
2,3,13,15,17,32|6,8,9,18,26,39|16,27,28,29,34,40
6,9,16,27,32,33|11,17,18,21,31,34|19,22,26,29,38,39
6,13,20,27,29,34|8,9,14,18,21,26|17,19,28,32,38,39
6,16,17,18,25,34|8,9,13,22,27,32|19,21,26,29,31,38
6,17,18,20,34,39|8,9,13,22,27,32|19,21,26,29,31,38
6,18,26,29,38,39|8,9,13,22,27,32|11,17,19,21,25,34
9,14,15,27,32,33|11,17,18,21,31,34|19,22,26,29,38,39
1,6,18,32,34,39|2,3,9,14,21,40|15,16,19,26,29,38
1,12,13,15,33,35|2,3,6,9,39,40|11,14,17,18,21,34
1,14,18,21,32,34|2,3,6,9,39,40|15,16,19,26,29,38
2,3,6,9,13,14|11,15,16,17,18,34|21,27,29,32,38,40
2,3,6,9,39,40|11,14,17,18,21,34|13,15,26,29,32,33
2,3,9,14,21,40|6,11,13,27,29,34|15,16,17,18,32,38
2,3,9,15,16,40|6,11,13,27,29,34|14,17,18,21,32,38
6,8,9,13,27,32|11,14,17,18,21,34|15,16,19,26,29,38
6,9,13,25,32,33|11,14,17,18,21,34|15,16,19,26,29,38
6,9,16,18,31,38|11,17,19,22,34,39|13,15,26,29,32,33
6,9,16,19,25,38|11,14,17,18,21,34|13,15,26,29,32,33
6,9,19,20,38,39|11,14,17,18,21,34|13,15,26,29,32,33
6,11,13,27,29,34|8,9,14,19,21,26|15,16,17,18,32,38
6,13,17,25,34,40|8,9,14,19,21,26|18,28,29,32,38,39
6,13,27,29,32,38|8,9,14,19,21,26|11,15,16,17,18,34
6,19,26,29,38,39|8,9,18,21,25,32|13,14,17,28,34,40
8,9,18,21,25,32|11,17,19,22,34,39|13,15,26,29,38,40
8,9,18,28,32,39|11,17,19,21,31,34|13,15,26,29,38,40
9,13,22,31,32,33|11,14,17,18,21,34|15,16,19,26,29,38
9,14,16,18,22,38|11,17,19,21,31,34|13,15,26,29,32,33
9,16,19,22,31,38|11,14,17,18,21,34|13,15,26,29,32,33
9,28,32,33,39,40|11,14,17,18,21,34|15,16,19,26,29,38
1,3,8,28,35,40|2,6,12,17,19,38|7,9,11,20,22,29
3,6,8,10,35,40|7,9,11,20,22,29|12,17,18,28,30,32
1,2,6,18,20,34|3,8,9,10,22,29|11,17,19,26,28,30
1,2,11,19,28,34|3,8,9,10,22,29|6,17,18,20,26,30
1,2,19,20,22,34|3,9,11,28,32,33|6,7,12,17,26,29
1,2,19,28,32,38|3,8,9,10,22,29|6,17,18,20,26,30
1,3,8,9,17,22|2,6,10,11,19,34|18,20,26,28,29,30
1,18,22,26,30,32|2,6,10,11,19,34|7,9,12,20,28,29
1,19,26,28,30,32|2,6,10,17,29,33|3,9,20,22,38,40
2,8,17,19,22,26|3,6,10,32,34,40|7,9,12,20,28,29
2,8,18,26,28,29|3,6,10,32,34,40|7,9,11,12,17,22
2,11,17,18,22,38|3,6,10,32,34,40|7,9,12,20,28,29
2,18,20,28,29,38|3,6,10,32,34,40|7,9,11,12,17,22
3,6,10,32,34,40|7,9,11,12,17,22|18,20,26,28,29,30
1,2,6,11,18,34|3,17,22,32,38,40|19,20,26,28,29,30
1,2,6,18,32,38|3,11,17,22,34,40|19,20,26,28,29,30
1,2,6,19,20,34|3,9,11,22,32,33|10,17,28,29,30,40
1,2,11,19,22,34|3,6,8,9,10,29|17,18,20,28,30,32
1,2,19,22,32,38|3,6,8,9,10,29|7,11,20,28,35,40
1,3,22,32,34,40|2,6,8,17,19,26|7,9,11,12,28,29
1,6,18,26,30,32|2,8,9,19,20,28|3,11,17,22,34,40
1,19,22,26,30,32|2,6,11,17,18,38|3,20,28,29,34,40
1,2,6,12,18,34|3,8,10,22,35,40|7,9,11,20,28,29
2,6,12,17,18,38|3,8,10,22,35,40|7,9,11,20,28,29
2,12,18,28,29,38|3,8,10,22,35,40|6,7,9,11,17,20
3,8,10,22,35,40|6,7,9,11,17,20|12,18,26,28,29,30
1,6,7,10,11,35|2,8,17,18,22,26|3,9,20,28,32,33
1,6,13,27,32,34|2,3,9,21,25,40|15,16,17,19,26,38
1,6,19,26,34,39|2,3,9,13,14,28|17,18,21,25,32,38
1,9,17,21,31,33|2,3,13,15,26,29|6,10,18,32,34,39
1,9,17,22,33,39|2,3,13,15,26,29|10,14,18,21,32,34
1,10,13,15,29,34|2,3,9,21,25,40|6,17,19,26,38,39
1,13,15,26,34,40|2,3,21,27,29,32|9,11,18,28,38,39
1,14,19,21,26,34|2,3,6,9,13,25|17,18,28,32,38,39
1,15,16,19,26,34|2,3,6,9,13,25|17,18,28,32,38,39
1,18,21,25,32,34|2,3,9,13,14,28|6,17,19,26,38,39
1,18,28,32,34,39|2,3,6,9,13,25|14,17,19,21,26,38
1,21,27,32,34,40|2,3,6,9,13,25|15,16,17,19,26,38
