3,6,7,12,13,32|8,10,19,21,38,40|14,18,23,27,28,29
3,6,10,13,30,40|8,15,17,18,25,33|19,23,27,28,29,31
3,7,12,21,32,40|6,8,10,13,19,38|14,18,23,27,28,29
1,2,3,6,13,33|8,10,18,21,38,40|14,17,19,23,27,28
1,2,3,8,18,21|6,10,13,33,38,40|14,17,19,23,27,28
1,2,3,21,33,40|6,8,10,13,18,38|14,17,19,23,27,28
1,3,7,12,21,29|6,8,10,13,18,38|14,17,19,23,27,28
1,3,15,18,25,30|2,7,12,13,28,40|6,10,16,19,33,38
1,3,15,27,30,40|2,7,11,12,18,21|6,10,16,19,33,38
1,3,16,18,28,30|2,7,12,15,19,25|6,10,13,33,38,40
1,3,18,20,21,30|2,7,12,13,28,40|6,10,16,19,33,38
1,8,15,19,27,38|2,7,11,12,18,21|3,10,13,22,30,40
1,8,19,21,26,33|2,7,12,13,28,40|3,6,10,16,18,30
1,11,18,21,33,38|2,7,12,13,28,40|3,10,15,19,30,31
1,13,28,33,38,40|2,7,11,12,18,21|3,10,15,19,30,31
1,15,18,23,27,32|2,7,12,13,28,40|3,10,11,19,21,30
1,15,18,31,33,38|2,7,12,13,28,40|3,10,11,19,21,30
1,15,19,25,33,38|2,7,11,12,18,21|3,10,13,22,30,40
1,16,18,22,33,38|2,7,12,13,28,40|3,10,11,19,21,30
1,16,19,28,33,38|2,7,11,12,18,21|3,10,13,22,30,40
1,19,20,21,33,38|2,7,12,13,28,40|3,6,10,16,18,30
2,7,11,12,18,21|3,10,13,22,30,40|6,17,19,23,25,27
2,7,12,13,28,40|3,6,10,16,18,30|15,17,19,20,23,27
2,7,12,16,19,28|3,10,13,22,30,40|6,17,18,23,27,31
3,7,12,13,22,32|6,10,16,19,33,38|11,15,17,18,23,27
1,3,6,16,18,30|2,7,12,14,15,19|8,13,17,28,33,40
1,3,11,19,21,30|2,6,7,12,13,40|8,15,17,18,31,33
1,3,13,22,30,40|2,6,7,12,16,19|8,11,17,18,21,33
1,3,14,15,18,30|2,6,7,12,13,40|8,16,17,19,28,33
1,3,15,19,30,31|2,6,7,12,13,40|8,11,17,18,21,33
1,3,16,19,22,30|2,6,7,12,13,40|8,11,17,18,21,33
1,8,18,21,32,33|2,6,7,12,13,40|14,19,23,27,28,29
2,6,7,12,13,40|8,11,17,18,21,33|14,19,23,27,28,29
1,8,15,18,27,38|3,7,12,13,28,32|10,19,21,23,26,40
1,8,18,21,26,33|2,7,12,15,27,40|3,10,16,19,28,30
1,18,20,21,33,38|2,7,12,15,27,40|3,10,16,19,28,30
2,7,12,18,20,21|3,10,13,28,30,40|17,19,22,23,25,27
3,7,12,13,28,32|6,10,16,18,33,38|17,19,22,23,25,27
1,2,3,18,21,31|6,10,13,19,25,38|16,17,27,28,33,40
1,2,3,18,22,39|6,10,13,19,25,38|16,17,27,28,33,40
1,2,3,19,21,25|6,10,13,18,31,38|16,17,27,28,33,40
1,2,3,19,28,39|6,10,13,18,31,38|15,17,25,27,33,40
1,11,19,21,27,38|2,3,10,13,15,40|16,17,18,25,28,33
1,13,18,22,25,38|2,3,6,10,19,39|16,17,27,28,33,40
1,13,18,28,31,38|2,3,6,10,19,39|15,17,25,27,33,40
1,13,22,27,38,40|2,3,6,10,19,39|16,17,18,25,28,33
1,16,19,22,27,38|2,3,10,13,15,40|17,18,20,21,25,33
1,19,21,26,31,33|2,3,10,13,15,40|8,16,17,18,27,28
1,19,22,26,33,39|2,3,10,13,15,40|8,16,17,18,27,28
1,2,3,6,18,39|8,13,17,27,28,40|10,19,21,31,32,33
1,2,3,14,18,21|6,10,13,19,31,38|16,17,22,27,33,40
1,2,3,15,16,18|6,10,13,19,31,38|11,17,21,27,33,40
1,2,3,19,21,31|6,10,13,14,18,38|16,17,22,27,33,40
1,2,3,19,22,39|6,10,13,14,18,38|11,17,21,27,33,40
1,2,3,6,19,39|8,10,13,15,18,32|16,27,28,29,33,40
1,2,3,13,15,40|6,8,16,17,18,27|10,14,19,21,32,33
1,2,3,14,19,21|6,8,16,17,18,27|10,13,15,32,33,40
1,16,19,23,27,38|2,7,12,13,31,33|3,8,10,18,30,39
1,2,13,23,27,40|7,8,12,19,26,39|10,16,18,30,31,33
1,2,16,19,23,27|3,8,13,17,25,33|7,11,12,18,38,39
2,8,10,19,33,39|3,13,20,23,27,29|7,12,16,18,31,38
2,10,18,23,39,40|3,8,13,17,25,33|7,12,19,21,28,38
3,13,20,23,27,29|7,8,12,19,26,39|10,16,18,30,31,33
3,16,17,18,23,25|7,8,12,13,27,32|10,19,20,30,33,39
3,16,17,23,27,40|7,8,12,19,26,39|10,18,21,22,30,33
3,17,18,20,23,39|7,8,12,13,27,32|10,16,19,25,30,33
3,17,18,21,23,28|7,8,12,13,27,32|10,16,19,25,30,33
1,2,8,18,33,39|3,11,13,23,27,29|7,12,16,19,31,38
1,2,13,18,23,31|3,8,16,27,29,33|7,11,12,19,38,39
1,2,13,19,23,25|3,8,16,27,29,33|6,7,12,18,21,38
1,3,18,23,32,39|7,12,13,31,38,40|10,19,21,22,30,33
1,16,27,30,33,40|2,10,13,14,19,23|6,7,12,18,21,38
2,10,13,14,19,23|3,8,16,27,29,33|6,7,12,18,21,38
2,10,19,23,39,40|3,8,13,17,31,33|6,7,12,18,21,38
3,11,13,23,27,29|6,7,12,18,21,38|10,16,19,30,31,33
3,13,17,23,25,40|6,7,12,18,21,38|10,11,19,30,33,39
3,16,17,19,23,25|6,7,12,18,21,38|10,13,30,31,33,40
3,17,18,21,22,23|7,11,12,19,38,39|10,13,30,31,33,40
3,17,19,20,23,39|6,7,12,18,21,38|10,13,30,31,33,40
1,2,8,19,33,39|3,6,17,18,21,23|7,12,13,14,38,40
1,2,13,14,18,23|3,8,17,33,39,40|6,7,12,19,21,38
1,2,18,23,39,40|3,8,13,14,17,33|6,7,12,19,21,38
1,8,13,27,30,40|3,6,17,18,21,23|7,12,14,16,19,38
1,8,16,19,27,30|3,6,17,18,21,23|7,12,13,14,32,33
1,11,18,30,33,39|3,13,17,23,31,40|6,7,12,19,21,38
1,13,25,30,33,40|3,6,17,18,21,23|7,12,14,16,19,38
1,16,18,30,31,33|3,11,17,19,23,39|7,12,13,14,38,40
1,16,19,25,30,33|3,6,17,18,21,23|7,12,13,14,38,40
1,18,21,22,30,33|3,11,17,19,23,39|7,12,13,14,38,40
1,19,20,30,33,39|3,6,17,18,21,23|7,12,13,14,38,40
1,19,21,28,30,33|3,13,17,23,31,40|7,8,12,18,32,39
3,16,17,19,23,31|7,8,12,18,32,39|10,13,14,30,33,40
3,16,18,23,25,29|6,7,12,19,21,38|10,13,14,30,33,40
3,16,23,27,29,40|6,7,12,19,21,38|8,10,13,14,18,30
3,17,19,21,22,23|7,8,12,18,32,39|10,13,14,30,33,40
3,18,20,23,29,39|6,7,12,19,21,38|10,13,14,30,33,40
1,6,18,21,30,33|3,13,14,17,23,40|7,8,12,19,32,39
1,2,16,18,23,27|3,8,10,19,38,39|7,12,13,14,26,33
2,10,13,19,23,25|3,8,16,17,27,33|7,12,18,20,38,39
1,2,8,28,32,33|3,6,20,23,26,29|10,11,22,30,38,40
1,2,8,28,38,40|3,6,20,23,26,29|10,11,22,30,32,33
1,6,11,26,30,33|2,10,22,23,32,40|3,8,20,28,29,38
1,20,28,30,32,33|2,6,8,10,38,40|3,11,22,23,26,29
1,20,28,30,38,40|2,6,8,10,32,33|3,11,22,23,26,29
1,21,22,27,30,34|2,13,16,17,23,26|3,8,9,25,38,39
1,27,30,32,38,39|2,8,10,13,16,34|3,9,15,21,23,26
2,8,10,13,16,34|3,9,14,23,26,39|17,21,22,27,30,38
2,17,31,33,38,39|3,9,15,21,23,26|10,13,14,25,30,34
3,9,15,21,23,26|7,12,25,32,34,39|16,17,27,30,31,38
2,10,15,21,33,34|3,9,23,26,31,39|16,17,25,27,30,38
1,2,8,13,16,34|3,9,23,31,32,39|21,22,27,29,30,38
2,8,13,16,17,38|3,9,23,31,32,39|10,15,21,30,34,40
2,9,13,14,23,25|3,8,15,17,21,34|11,27,29,30,38,39
2,9,13,15,23,28|3,8,14,17,34,39|16,27,29,30,31,38
2,9,13,16,20,23|3,8,14,17,34,39|21,22,27,29,30,38
2,9,23,25,39,40|3,8,15,17,21,34|16,27,29,30,31,38
2,13,16,23,26,29|3,8,9,14,38,39|7,12,15,21,32,34
3,9,23,31,32,39|6,10,13,15,30,34|7,8,21,22,25,35
2,6,9,21,23,27|3,8,17,31,34,39|10,13,16,30,32,38
2,14,17,33,38,39|7,8,21,25,28,35|10,11,13,16,30,34
2,15,17,21,33,38|3,9,23,25,32,39|10,11,13,16,30,34
1,3,14,23,35,39|6,7,21,31,32,34|12,13,16,17,30,38
1,3,15,21,23,35|6,7,22,32,34,39|12,13,16,17,30,38
2,9,23,31,39,40|6,7,8,21,25,35|11,13,16,17,30,38
2,13,16,17,23,32|3,8,29,31,34,39|6,9,21,25,30,33
3,9,14,23,32,39|6,7,8,21,25,35|11,13,16,17,30,38
3,9,15,21,23,32|6,7,8,28,35,39|11,13,16,17,30,38
1,3,11,13,27,30|2,7,12,16,18,25|10,19,21,22,33,38
1,8,16,18,27,38|3,7,12,13,25,32|10,19,23,26,39,40
1,8,18,26,33,39|2,7,12,16,27,40|3,10,19,21,28,30
1,13,19,23,25,26|2,7,12,16,27,40|3,10,11,18,30,39
1,18,20,33,38,39|2,7,12,16,27,40|3,10,19,21,28,30
1,3,11,18,30,39|2,7,12,13,31,40|15,17,19,22,23,27
1,3,13,25,30,40|2,6,7,12,18,21|8,10,19,32,33,39
1,3,16,18,30,31|2,7,11,12,19,39|8,13,20,27,29,33
1,3,16,19,25,30|2,6,7,12,18,21|8,13,20,27,29,33
1,3,18,21,22,30|2,7,11,12,19,39|8,13,20,27,29,33
1,3,19,20,30,39|2,6,7,12,18,21|8,16,17,27,33,40
1,3,19,21,28,30|2,7,12,13,31,40|6,15,17,18,23,27
1,6,18,21,33,38|2,7,11,12,19,39|3,10,13,14,30,40
1,10,19,23,29,39|2,6,7,12,18,21|8,16,17,27,33,40
1,11,19,33,38,39|2,6,7,12,18,21|3,10,13,14,30,40
1,13,14,19,23,26|2,6,7,12,18,21|8,16,17,27,33,40
1,13,18,23,25,32|2,7,11,12,19,39|8,16,17,27,33,40
1,13,23,27,32,40|2,6,7,12,18,21|3,10,14,16,19,30
1,13,31,33,38,40|2,6,7,12,18,21|3,10,14,16,19,30
1,16,19,23,27,32|2,6,7,12,18,21|3,10,13,14,30,40
1,16,19,31,33,38|2,6,7,12,18,21|3,10,13,14,30,40
1,19,21,22,33,38|2,7,12,13,31,40|6,15,17,18,23,27
1,19,23,26,39,40|2,6,7,12,18,21|8,13,20,27,29,33
2,6,7,12,18,21|3,10,13,14,30,40|11,16,17,19,23,27
2,7,11,12,19,39|3,10,13,14,30,40|6,15,17,18,23,27
2,7,12,13,31,40|3,6,10,19,21,30|8,16,17,18,25,33
2,7,12,14,16,18|3,6,10,19,21,30|8,13,20,27,29,33
2,7,12,16,19,31|3,10,13,14,30,40|6,15,17,18,23,27
2,7,12,19,21,22|3,10,13,14,30,40|6,15,17,18,23,27
3,7,12,13,14,32|6,15,17,18,23,27|8,10,19,38,39,40
3,7,12,32,39,40|6,15,17,18,23,27|8,10,13,14,19,38
1,2,3,8,18,39|6,10,19,21,33,38|13,17,20,23,27,40
1,2,3,13,14,33|8,10,18,38,39,40|15,17,19,23,27,28
1,2,3,33,39,40|8,10,13,14,18,38|15,17,19,23,27,28
1,3,7,12,29,39|6,10,19,21,33,38|11,16,17,18,23,27
1,3,16,18,25,30|2,7,12,19,20,39|8,11,13,17,27,33
1,3,16,27,30,40|2,7,11,12,18,39|6,10,19,21,33,38
1,3,18,20,30,39|2,7,12,13,25,40|6,10,19,21,33,38
1,3,18,21,28,30|2,7,12,13,25,40|10,14,16,19,33,38
1,8,13,27,32,33|2,7,11,12,18,39|3,10,16,19,30,31
1,8,13,27,38,40|2,7,11,12,18,39|3,10,16,19,30,31
1,8,16,19,27,38|2,7,11,12,18,39|3,10,13,30,31,40
1,8,19,26,33,39|2,7,12,13,25,40|3,6,10,18,21,30
1,11,18,33,38,39|2,7,12,13,25,40|3,10,16,19,30,31
1,13,25,33,38,40|2,7,11,12,18,39|3,10,16,19,30,31
1,16,18,23,27,32|2,7,12,13,25,40|3,10,11,19,30,39
1,16,18,31,33,38|2,7,12,13,25,40|3,10,11,19,30,39
1,16,19,25,33,38|2,7,11,12,18,39|3,10,13,30,31,40
1,18,21,22,33,38|2,7,12,13,25,40|3,10,11,19,30,39
1,18,23,26,39,40|2,7,12,16,19,25|8,11,13,17,27,33
1,19,20,33,38,39|2,7,12,13,25,40|3,6,10,18,21,30
1,19,21,28,33,38|2,7,11,12,18,39|3,10,13,30,31,40
2,7,11,12,18,39|3,10,13,30,31,40|14,17,19,23,25,27
2,7,12,13,25,40|3,6,10,18,21,30|15,17,19,23,27,28
2,7,12,16,18,31|3,10,11,19,30,39|13,17,20,23,27,40
2,7,12,16,19,25|3,6,10,18,21,30|8,11,13,17,27,33
2,7,12,18,21,22|3,10,11,19,30,39|13,17,20,23,27,40
2,7,12,19,20,39|3,6,10,18,21,30|8,11,13,17,27,33
2,7,12,19,21,28|3,10,13,30,31,40|11,16,17,18,23,27
3,7,12,13,31,32|6,10,19,21,33,38|11,16,17,18,23,27
1,3,13,14,30,40|6,8,17,18,21,33|11,16,19,23,27,29
1,3,14,16,19,30|6,8,17,18,21,33|11,13,23,27,29,40
1,3,6,18,21,30|2,7,12,13,14,40|8,16,17,19,25,33
1,3,11,19,30,39|2,7,12,13,14,40|8,16,17,18,31,33
1,3,13,30,31,40|2,6,7,12,19,21|8,11,17,18,33,39
1,3,14,16,18,30|2,6,7,12,19,21|8,11,13,27,29,33
1,3,16,19,30,31|2,7,12,13,14,40|8,11,17,18,33,39
1,3,19,21,22,30|2,7,12,13,14,40|8,11,17,18,33,39
1,6,19,21,33,38|2,7,12,13,14,40|11,16,18,23,27,29
1,8,18,32,33,39|2,6,7,12,19,21|13,20,23,27,29,40
1,13,14,33,38,40|2,6,7,12,19,21|11,16,18,23,27,29
2,6,7,12,19,21|8,11,13,27,29,33|16,17,18,23,25,40
1,2,3,8,22,38|6,7,12,20,26,30|10,11,23,28,34,40
1,2,3,23,28,32|6,7,12,20,26,30|8,10,11,22,33,34
1,3,8,22,26,30|2,6,7,12,20,38|10,11,23,28,34,40
1,3,11,28,30,38|2,6,7,8,12,26|10,20,22,23,34,40
1,3,20,22,30,38|2,6,7,8,12,26|10,11,23,28,34,40
1,8,20,28,33,34|2,3,6,10,23,32|7,11,12,22,26,30
2,3,6,10,23,32|7,11,12,22,26,30|8,17,20,28,33,38
2,3,11,17,23,28|6,7,12,20,26,30|8,10,22,32,33,38
2,6,7,12,20,38|3,8,10,28,30,32|11,17,22,23,26,33
2,7,11,12,22,38|3,8,10,28,30,32|6,17,20,23,26,33
1,2,3,6,8,38|7,12,20,28,30,32|10,11,22,23,34,40
1,3,6,20,30,38|2,7,8,12,28,32|10,11,22,23,34,40
1,3,11,22,30,38|2,7,8,12,28,32|6,10,20,23,34,40
1,20,23,28,34,40|2,6,7,11,12,38|3,8,10,22,30,32
1,2,6,13,27,33|3,10,14,19,21,38|7,12,15,16,18,26
1,2,18,21,25,33|3,6,10,19,38,39|7,12,13,22,27,32
1,2,18,28,33,39|3,8,13,17,22,27|7,12,19,21,26,31
1,2,21,27,33,40|3,6,10,19,38,39|7,12,15,16,18,26
1,3,19,21,25,38|2,6,10,18,33,39|7,12,13,22,27,32
1,3,19,28,38,39|2,10,14,18,21,33|7,12,13,22,27,32
2,6,10,18,33,39|3,8,13,17,22,27|7,12,19,21,26,31
2,10,15,16,18,33|3,8,13,17,22,27|7,12,19,21,26,31
2,10,19,21,31,33|3,8,13,17,22,27|6,7,12,18,26,39
3,6,16,17,27,33|7,12,14,18,21,26|10,13,19,25,28,30
3,13,17,22,25,33|6,7,12,18,26,39|10,11,19,21,27,30
3,13,17,28,31,33|6,7,12,18,26,39|10,11,19,21,27,30
3,14,15,17,27,33|6,7,12,18,26,39|10,13,19,25,28,30
3,20,21,27,29,33|6,7,12,18,26,39|10,13,19,25,28,30
1,2,13,22,27,33|3,6,10,18,38,39|7,12,19,21,25,26
1,3,6,13,27,38|2,10,18,21,31,33|7,12,19,26,28,39
2,8,10,19,21,27|3,13,17,25,28,33|7,12,18,22,26,39
2,10,18,22,33,39|3,8,13,17,27,28|7,12,19,21,25,26
2,10,19,21,25,33|3,8,13,17,27,28|7,12,18,22,26,39
1,2,6,18,33,39|3,8,13,22,27,29|7,12,19,21,25,32
1,2,14,18,21,33|3,8,13,22,27,29|7,12,19,28,32,39
1,2,15,16,18,33|3,8,13,22,27,29|7,12,19,21,25,32
1,6,16,18,27,30|2,8,10,13,15,19|3,17,21,31,33,40
1,11,19,21,27,30|3,6,13,17,31,33|7,12,18,22,32,39
1,13,18,22,25,30|3,6,16,27,29,33|7,12,19,28,32,39
1,13,18,28,30,31|3,6,16,27,29,33|7,12,19,21,25,32
1,13,19,25,28,30|3,6,16,27,29,33|7,12,18,21,31,32
1,13,22,27,30,40|3,8,17,18,21,31|7,12,19,28,32,39
1,14,15,18,27,30|3,6,13,17,31,33|7,12,19,21,25,32
2,8,10,13,15,19|3,6,16,27,29,33|7,12,18,21,31,32
3,6,13,17,31,33|7,12,18,22,32,39|10,19,21,25,30,40
3,6,16,27,29,33|7,12,18,21,31,32|10,13,14,19,28,30
3,8,13,22,27,29|7,12,18,21,31,32|10,19,28,30,39,40
3,11,13,15,17,33|7,12,18,21,31,32|10,19,28,30,39,40
3,13,14,17,22,33|7,12,18,21,31,32|10,19,28,30,39,40
3,13,22,25,29,33|7,12,18,21,31,32|10,19,28,30,39,40
3,13,28,29,31,33|7,12,18,22,32,39|10,19,21,25,30,40
3,14,15,27,29,33|6,10,13,18,30,31|7,12,19,21,25,32
3,17,21,31,33,40|6,10,13,19,25,30|7,12,18,22,32,39
3,17,22,33,39,40|6,10,13,18,30,31|7,12,19,21,25,32
1,2,8,19,21,27|3,6,13,17,25,33|7,12,18,28,32,39
1,2,18,21,31,33|3,6,8,13,17,27|7,12,15,16,19,26
1,2,18,22,33,39|3,6,8,13,17,27|7,12,14,19,21,26
1,2,19,21,25,33|3,6,8,13,17,27|7,12,18,28,32,39
1,2,19,28,33,39|3,6,8,13,17,27|7,12,18,21,25,32
1,3,6,18,38,39|2,10,13,15,33,40|7,12,14,19,21,26
1,3,14,18,21,38|2,6,10,19,33,39|7,12,13,15,26,40
1,3,15,16,18,38|2,6,10,19,33,39|7,12,21,27,32,40
1,3,19,22,38,39|2,8,10,13,15,18|7,12,21,27,32,40
1,11,18,21,27,30|2,6,10,19,33,39|7,12,13,15,26,40
1,13,18,25,28,30|2,6,10,19,33,39|3,8,17,21,27,40
1,13,27,28,30,40|2,6,10,19,33,39|3,8,17,18,21,25
1,16,18,22,27,30|2,6,10,19,33,39|7,12,13,15,26,40
1,16,19,27,28,30|2,8,10,13,15,18|3,17,21,25,33,40
1,19,20,21,27,30|2,8,10,13,15,18|3,17,28,33,39,40
2,6,10,19,33,39|3,8,13,27,28,29|7,12,18,21,25,32
2,8,10,13,15,18|3,11,21,27,29,33|6,7,12,19,26,39
2,10,13,15,33,40|3,8,17,18,21,25|6,7,12,19,26,39
2,10,14,19,21,33|3,6,8,13,17,27|7,12,18,28,32,39
2,10,15,16,19,33|3,6,8,13,17,27|7,12,18,21,25,32
3,6,8,13,17,27|7,12,14,19,21,26|10,18,28,30,39,40
3,6,13,17,25,33|7,12,14,19,21,26|10,18,28,30,39,40
3,8,13,27,28,29|6,7,12,19,26,39|10,18,21,25,30,40
3,8,17,21,27,40|6,7,12,19,26,39|10,13,14,18,28,30
3,11,21,27,29,33|6,7,12,19,26,39|10,13,14,18,28,30
3,13,14,17,28,33|6,7,12,19,26,39|10,18,21,25,30,40
3,13,15,17,20,33|6,7,12,19,26,39|10,18,21,25,30,40
3,13,17,22,31,33|6,7,12,19,26,39|10,18,21,25,30,40
3,15,27,29,31,33|6,7,12,19,26,39|10,13,14,18,28,30
3,16,22,27,29,33|6,7,12,19,26,39|10,13,14,18,28,30
1,18,22,30,39,40|3,6,13,29,31,33|7,12,14,19,21,32
1,2,8,13,15,18|3,6,17,33,39,40|7,12,19,21,31,32
1,2,13,15,33,40|3,6,8,17,18,39|7,12,19,21,31,32
1,2,14,19,21,33|3,6,8,13,27,29|7,12,15,16,18,32
1,2,15,16,19,33|3,6,8,13,27,29|7,12,14,18,21,32
1,6,13,27,30,40|3,8,14,17,18,21|7,12,19,22,32,39
1,7,12,13,15,29|3,6,8,17,18,39|10,19,21,30,31,40
1,13,14,18,28,30|3,6,17,33,39,40|7,12,19,21,31,32
1,13,15,18,20,30|3,6,17,33,39,40|7,12,19,21,31,32
1,18,21,25,30,40|3,6,8,13,27,29|7,12,19,22,32,39
1,18,28,30,39,40|3,6,8,13,27,29|7,12,19,21,31,32
3,6,8,13,27,29|7,12,14,18,21,32|10,19,22,30,39,40
3,6,13,14,17,33|7,12,15,16,18,32|10,19,21,30,31,40
3,6,13,25,29,33|7,12,14,18,21,32|10,19,22,30,39,40
3,6,17,33,39,40|7,12,14,18,21,32|10,11,13,15,19,30
3,8,21,27,29,40|6,7,12,18,32,39|10,11,13,15,19,30
3,13,14,28,29,33|6,7,12,18,32,39|10,19,21,30,31,40
3,13,15,20,29,33|6,7,12,18,32,39|10,19,21,30,31,40
3,14,17,21,33,40|6,7,12,18,32,39|10,11,13,15,19,30
3,15,16,17,33,40|6,7,12,18,32,39|10,13,14,19,22,30
3,21,25,29,33,40|6,7,12,18,32,39|10,11,13,15,19,30
3,28,29,33,39,40|6,10,13,14,18,30|7,12,19,21,31,32
1,6,13,27,33,38|2,7,12,18,21,25|3,10,19,28,30,39
1,18,21,25,33,38|2,6,7,12,13,27|3,10,19,28,30,39
1,18,28,33,38,39|2,6,7,12,13,27|3,10,19,21,25,30
1,21,27,33,38,40|2,7,12,18,28,39|10,13,15,19,23,26
1,3,6,18,30,39|2,7,12,13,15,40|8,17,19,21,25,33
1,3,14,18,21,30|2,6,7,12,19,39|8,13,22,27,29,33
1,3,15,16,18,30|2,6,7,12,19,39|8,13,22,27,29,33
1,3,19,21,30,31|2,7,12,13,15,40|8,17,18,22,33,39
1,3,19,22,30,39|2,7,12,13,15,40|8,17,18,21,31,33
1,6,19,33,38,39|2,7,12,13,15,40|11,18,21,23,27,29
1,13,15,33,38,40|2,6,7,12,19,39|11,18,21,23,27,29
1,14,19,21,33,38|2,7,12,13,15,40|16,18,22,23,27,29
2,6,7,12,19,39|8,13,22,27,29,33|17,18,21,23,25,40
1,3,6,19,30,39|8,14,17,18,21,33|13,22,23,27,29,40
1,3,13,15,30,40|6,8,17,18,33,39|11,19,21,23,27,29
1,3,14,19,21,30|6,8,13,27,29,33|17,18,22,23,39,40
1,3,15,16,19,30|6,8,13,27,29,33|17,18,21,23,31,40
1,3,6,13,27,30|2,7,12,18,21,31|10,15,16,19,33,38
1,3,18,21,25,30|2,7,12,19,28,39|8,13,17,22,27,33
1,3,18,28,30,39|2,7,12,19,21,25|8,13,17,22,27,33
1,3,21,27,30,40|2,7,12,18,22,39|10,15,16,19,33,38
1,18,21,23,27,32|2,7,12,19,28,39|10,13,15,33,38,40
1,18,22,33,38,39|2,7,12,19,21,25|13,17,23,27,28,40
1,19,21,25,33,38|2,7,12,18,22,39|13,17,23,27,28,40
2,7,12,18,21,31|3,10,19,22,30,39|13,17,23,27,28,40
2,7,12,18,22,39|3,10,19,21,30,31|13,17,23,27,28,40
2,7,12,19,21,25|3,6,10,18,30,39|8,13,17,22,27,33
2,7,12,19,28,39|3,10,14,18,21,30|8,13,17,22,27,33
1,3,18,21,30,31|2,7,12,19,22,39|6,8,13,17,27,33
1,3,18,22,30,39|2,7,12,19,21,31|6,8,13,17,27,33
1,3,19,21,25,30|2,6,7,12,18,39|8,13,27,28,29,33
1,3,19,28,30,39|2,7,12,14,18,21|6,8,13,17,27,33
1,6,18,33,38,39|2,7,12,19,21,31|3,10,13,15,30,40
1,13,15,19,23,26|2,6,7,12,18,39|8,17,21,27,33,40
1,14,18,21,33,38|2,7,12,19,22,39|3,10,13,15,30,40
1,15,16,18,33,38|2,7,12,19,21,31|13,17,22,23,27,40
1,19,21,23,27,32|2,6,7,12,18,39|3,10,13,15,30,40
1,19,21,31,33,38|2,6,7,12,18,39|3,10,13,15,30,40
1,19,22,33,38,39|2,7,12,14,18,21|3,10,13,15,30,40
2,6,7,12,18,39|3,10,13,15,30,40|11,17,19,21,23,27
2,7,12,14,18,21|3,6,10,19,30,39|8,13,27,28,29,33
2,7,12,15,16,18|3,6,10,19,30,39|8,13,27,28,29,33
2,7,12,19,21,31|3,10,13,15,30,40|6,16,17,18,23,27
2,7,12,19,22,39|3,10,13,15,30,40|6,16,17,18,23,27
1,8,19,21,27,30|3,6,17,18,23,39|7,12,13,15,32,33
1,18,21,30,31,33|3,6,13,23,27,29|7,12,15,16,19,38
1,18,22,30,33,39|3,6,13,23,27,29|7,12,14,19,21,38
3,14,17,18,21,23|6,7,12,19,38,39|10,13,15,30,33,40
3,18,21,23,25,29|6,7,12,19,38,39|10,13,15,30,33,40
3,21,23,27,29,40|6,7,12,19,38,39|8,10,13,15,18,30
1,6,13,27,30,33|3,17,18,21,23,31|7,12,19,22,38,39
1,21,27,30,33,40|2,10,13,15,19,23|6,7,12,18,38,39
2,10,13,15,19,23|3,8,21,27,29,33|6,7,12,18,38,39
3,13,22,23,27,29|6,7,12,18,38,39|10,19,21,30,31,33
1,13,22,27,30,33|3,17,18,21,23,25|7,12,19,28,38,39
3,6,13,17,23,27|7,12,18,21,31,38|10,19,28,30,33,39
1,3,16,25,30,34|2,7,12,32,38,39|9,21,22,23,26,33
1,3,21,28,30,34|2,7,12,32,38,39|8,9,13,23,25,26
1,21,22,33,34,38|2,3,9,16,23,25|7,12,26,30,32,39
2,3,9,16,23,25|7,12,26,30,32,39|8,10,13,14,34,38
2,3,9,21,23,28|7,12,26,30,32,39|8,10,13,14,34,38
2,7,11,12,34,39|3,16,17,25,30,38|9,21,22,23,26,33
2,7,12,16,31,34|3,8,17,26,30,39|9,13,20,23,25,38
2,7,12,21,22,34|3,8,17,26,30,39|9,11,16,23,27,38
2,7,12,32,38,39|3,6,10,21,30,34|8,9,13,23,25,26
2,7,12,16,25,34|3,10,30,32,38,39|9,21,23,26,28,33
2,7,12,21,28,34|3,10,30,32,38,39|8,9,16,23,26,27
1,3,12,30,34,39|2,7,16,31,32,38|8,10,13,23,25,35
2,6,7,15,25,34|3,12,17,30,38,39|10,16,23,31,33,35
2,6,7,16,28,34|3,12,17,30,38,39|8,10,13,23,25,35
2,6,7,20,21,34|3,12,17,30,38,39|8,10,13,23,25,35
2,7,11,16,31,34|3,12,17,30,38,39|8,10,13,23,25,35
2,7,11,21,22,34|3,12,17,30,38,39|8,10,13,23,25,35
2,7,14,15,28,34|3,12,17,30,38,39|8,10,13,23,25,35
2,7,14,16,20,34|3,12,17,30,38,39|8,10,13,23,25,35
2,7,15,22,31,34|3,12,17,30,38,39|8,10,13,23,25,35
1,3,30,32,38,39|2,6,7,12,21,34|8,9,13,23,26,31
2,6,7,12,21,34|3,11,17,30,38,39|8,9,13,23,26,31
2,7,12,14,16,34|3,11,17,30,38,39|6,9,21,23,26,33
1,8,13,23,25,35|2,6,7,14,15,34|3,12,29,30,38,39
1,16,23,31,33,35|2,6,7,14,15,34|3,8,9,12,30,39
1,21,22,23,33,35|2,6,7,14,15,34|3,8,9,12,30,39
1,2,6,13,22,34|3,8,9,16,25,32|7,11,15,28,31,35
1,2,11,13,14,34|3,6,9,15,31,38|10,17,21,22,29,30
1,2,11,34,39,40|3,6,9,15,31,38|10,17,21,22,29,30
1,2,13,14,32,38|3,6,11,17,21,34|7,15,20,22,31,35
1,2,16,31,34,40|3,6,9,11,21,38|7,14,15,20,28,35
1,2,21,22,34,40|3,6,9,15,31,38|10,11,17,29,30,39
1,2,32,38,39,40|3,6,11,17,21,34|7,14,15,20,28,35
1,3,6,21,32,34|2,8,9,11,13,25|7,14,15,20,28,35|10,16,17,29,30,31
1,3,8,12,35,39|2,6,9,15,25,33|10,16,17,29,30,31
1,3,14,16,32,34|2,6,8,9,15,27|7,11,20,21,22,35
1,10,29,30,32,39|2,6,8,9,15,27|3,11,14,16,17,34
1,13,14,26,30,32|2,6,8,9,15,27|3,11,16,25,29,34
1,26,30,32,39,40|2,6,8,9,15,27|3,11,14,16,17,34
2,6,8,9,15,27|3,11,14,16,17,34|13,20,26,29,30,31
2,6,9,15,25,33|3,8,26,29,32,39|7,11,16,20,31,35
2,6,9,16,28,33|3,8,26,29,32,39|7,11,14,25,31,35
2,6,9,20,21,33|3,8,26,29,32,39|7,11,14,25,31,35
2,6,13,17,22,38|3,8,9,16,25,32|7,11,15,28,31,35
2,6,15,27,29,38|3,8,9,16,25,32|7,11,20,21,22,35
2,6,21,26,29,33|3,8,9,16,25,32|7,11,15,28,31,35
2,8,9,13,22,28|3,6,11,17,21,34|25,27,29,30,31,32
2,8,13,17,25,32|3,6,9,11,21,38|7,14,15,20,28,35
2,8,13,26,29,31|3,6,9,11,21,38|7,14,15,20,28,35
2,9,11,16,31,33|3,6,17,21,32,38|7,14,15,20,28,35
2,9,14,15,28,33|3,6,11,17,21,34|13,20,26,29,30,31
2,9,14,16,20,33|3,6,11,17,21,34|13,22,26,28,29,30
2,11,13,14,17,38|3,8,9,16,25,32|6,15,26,27,29,30
2,11,17,32,33,39|3,6,9,15,31,38|13,22,26,28,29,30
2,11,17,38,39,40|3,8,9,16,25,32|6,15,26,27,29,30|7,14,22,28,31,35
2,14,16,26,29,33|3,6,9,11,21,38|7,15,20,22,31,35
2,16,17,31,32,33|3,6,9,11,21,38|7,14,15,20,28,35
2,16,17,31,38,40|3,8,9,20,32,39|6,7,14,25,28,35
2,17,21,22,32,33|3,6,9,15,31,38|11,13,25,26,29,30
2,17,21,22,38,40|3,8,9,16,25,32|6,15,26,27,29,30
3,6,9,11,21,38|7,14,15,20,28,35|10,16,17,29,30,31
3,6,9,15,31,38|7,11,16,22,28,35|13,17,20,25,30,32
3,6,11,17,21,34|7,14,15,20,28,35|25,27,29,30,31,32
3,6,17,21,32,38|7,11,14,25,31,35|9,13,20,22,28,30
3,8,9,16,25,32|6,13,17,22,26,30|7,11,15,28,31,35
3,8,9,20,32,39|6,7,14,25,28,35|10,16,17,29,30,31
3,8,9,21,28,32|6,7,15,20,25,35|10,11,17,29,30,39
3,8,26,29,32,39|6,7,14,25,28,35|9,11,15,22,27,30
3,9,11,14,16,38|6,7,15,20,25,35|10,17,21,22,29,30
3,9,14,15,22,38|6,7,16,20,28,35|10,11,17,29,30,39
3,11,14,16,17,34|6,7,15,20,25,35|13,22,26,28,29,30
3,11,16,25,29,34|6,9,14,27,28,30|7,15,20,22,31,35
3,11,20,29,34,39|6,7,14,25,28,35|15,17,22,27,30,32
3,11,21,28,29,34|6,7,15,20,25,35|14,17,27,30,31,32
3,14,15,17,22,34|6,7,16,20,28,35|11,13,25,26,29,30
3,14,16,17,32,38|6,7,15,20,25,35|13,22,26,28,29,30
3,14,25,29,31,34|6,7,16,20,28,35|9,11,15,22,27,30
3,15,22,25,29,34|6,7,16,20,28,35|9,11,14,27,30,31
3,16,20,29,31,34|6,7,14,25,28,35|9,11,15,22,27,30
3,16,22,28,29,34|6,7,15,20,25,35|9,11,14,27,30,31
3,16,25,29,32,38|6,9,14,27,28,30|7,11,20,21,22,35
3,20,21,22,29,34|6,7,14,25,28,35|11,16,17,27,30,32
3,20,29,32,38,39|6,7,14,25,28,35|9,11,15,22,27,30
3,21,28,29,32,38|6,7,15,20,25,35|9,11,14,27,30,31
1,2,6,21,34,40|3,8,9,11,32,39|7,14,15,20,22,35
1,2,14,16,34,40|3,8,9,11,32,39|6,7,15,20,31,35
1,16,17,25,29,30|2,6,8,9,13,28|7,11,15,22,31,35
1,17,20,29,30,39|2,6,8,9,13,28|7,11,15,22,31,35
1,17,21,28,29,30|2,6,9,15,31,33|7,11,14,16,20,35
2,6,8,9,13,28|3,11,16,29,31,34|7,14,15,20,22,35
2,6,9,11,21,33|3,14,15,28,29,34|13,17,20,30,31,32
2,6,9,15,31,33|3,11,21,22,29,34|14,16,17,26,30,40
2,6,13,28,29,38|3,8,9,11,32,39|7,14,15,20,22,35
2,6,17,21,32,33|3,11,16,29,31,34|7,14,15,20,22,35
2,6,17,21,38,40|3,8,9,11,32,39|7,14,15,20,22,35
2,8,9,11,13,31|3,6,14,15,17,34|16,20,27,29,30,32
2,8,9,16,25,40|3,6,14,15,17,34|11,13,26,29,30,31
2,8,9,20,39,40|3,6,14,15,17,34|11,13,26,29,30,31
2,8,9,21,28,40|3,6,14,15,17,34|11,13,26,29,30,31
2,8,13,14,26,29|6,7,11,15,25,35|9,20,21,28,30,40
2,8,13,17,31,32|3,6,9,14,15,38|16,25,26,29,30,40
2,8,26,29,39,40|3,6,9,14,15,38|11,13,17,25,30,32
2,9,11,14,16,33|3,6,15,25,29,34|13,17,20,30,31,32
2,9,14,15,22,33|3,6,16,28,29,34|11,13,17,25,30,32
2,11,13,29,31,38|3,6,14,15,17,34|9,16,20,25,30,40
2,13,14,20,29,38|3,8,9,11,32,39|6,7,15,22,28,35
2,14,16,17,32,33|3,6,15,25,29,34|9,11,13,20,30,31
2,14,16,17,38,40|3,6,15,25,29,34|9,11,13,20,30,31
2,16,25,29,38,40|3,6,14,15,17,34|9,11,13,20,30,31
2,20,29,38,39,40|3,6,14,15,17,34|9,11,13,22,28,30
2,21,28,29,38,40|3,6,14,15,17,34|9,11,13,20,30,31
3,6,15,25,29,34|7,11,14,16,20,35|13,17,22,28,30,32
3,8,9,11,32,39|6,7,14,22,25,35|21,26,28,29,30,40
3,8,9,16,31,32|6,7,11,15,25,35|13,14,20,26,29,30
3,8,9,21,22,32|6,7,11,15,25,35|10,14,16,17,29,30
3,11,16,29,31,34|6,7,14,22,25,35|9,20,21,28,30,40
3,11,21,22,29,34|6,7,14,28,31,35|9,16,20,25,30,40
3,11,29,32,38,39|6,7,14,22,25,35|9,20,21,28,30,40
3,14,16,20,29,34|6,7,11,15,25,35|13,17,22,28,30,32
3,16,29,31,32,38|6,7,11,15,25,35|9,20,21,28,30,40
3,21,22,29,32,38|6,7,11,15,25,35|14,16,17,26,30,40
2,6,8,9,13,22|3,11,14,16,29,34|17,20,30,32,39,40
2,8,9,11,13,14|3,6,15,29,31,34|16,17,25,30,32,40
2,8,9,11,39,40|3,6,15,29,31,34|13,14,17,20,30,32
2,8,9,16,31,40|3,6,11,21,29,34|13,14,17,20,30,32
2,8,9,21,22,40|3,6,15,29,31,34|13,14,17,20,30,32
2,8,13,14,17,32|3,6,11,21,29,34|9,15,22,25,30,40
2,8,13,25,29,32|6,7,11,15,31,35|9,16,22,28,30,40
2,11,29,32,33,39|6,7,14,15,20,35|9,16,22,28,30,40
2,16,29,31,32,33|6,7,14,15,20,35|9,11,21,28,30,40
2,16,29,31,38,40|3,6,8,9,21,32|7,11,14,15,22,35
2,21,22,29,38,40|3,8,9,14,16,32|6,7,11,15,31,35
3,6,8,9,21,32|7,11,14,15,22,35|16,26,29,30,31,40
3,6,21,29,32,38|7,11,14,15,22,35|9,16,20,30,31,40
3,8,9,14,16,32|6,7,11,15,31,35|21,22,26,29,30,40
3,14,16,29,32,38|6,7,11,15,31,35|9,20,21,22,30,40
1,2,13,14,26,38|3,10,11,32,34,39|9,20,25,27,30,31
1,2,26,38,39,40|3,10,16,31,32,34|9,22,25,27,28,30
1,10,26,29,30,39|2,8,9,25,27,31|3,17,20,21,28,34
2,10,11,13,31,34|3,6,17,21,26,38|9,22,25,27,28,30
2,10,13,14,20,34|3,6,17,21,26,38|9,22,25,27,28,30
2,10,20,34,39,40|3,6,17,21,26,38|9,22,25,27,28,30
1,2,6,15,27,34|3,8,9,11,26,39|7,22,25,28,31,35
1,2,13,22,28,34|3,8,9,11,26,39|17,25,27,30,31,32
1,3,20,32,34,39|2,6,15,17,27,38|7,22,25,28,31,35
1,9,10,11,30,39|2,6,15,17,27,38|7,22,25,28,31,35
1,10,17,30,32,39|2,8,9,14,25,27|3,16,26,29,31,38
1,13,25,26,30,32|2,6,15,17,27,38|3,8,10,12,35,39
2,6,10,13,22,34|3,8,9,11,26,39|7,15,20,25,28,35
2,6,15,17,27,38|3,8,9,11,26,39|7,22,25,28,31,35
2,6,17,21,26,33|3,8,10,12,35,39|9,11,25,27,30,31
2,8,9,14,25,27|3,6,10,21,32,34|13,17,20,26,30,31
2,8,9,15,27,28|3,6,10,21,32,34|11,13,17,25,26,30
2,8,9,16,20,27|3,6,10,21,32,34|7,22,25,28,31,35
2,8,13,17,26,31|3,6,10,21,32,34|7,15,20,25,28,35
2,8,16,26,27,29|3,6,10,21,32,34|7,15,20,25,28,35
2,9,15,25,28,33|3,6,10,21,32,34|13,17,20,26,30,31
2,9,16,20,25,33|3,6,10,21,32,34|13,17,22,26,28,30
2,9,20,21,28,33|3,8,10,12,35,39|6,15,17,26,27,30
2,10,11,13,14,34|3,8,9,16,26,31|7,15,20,25,28,35
2,10,11,34,39,40|3,8,9,16,26,31|7,15,20,25,28,35
2,10,13,14,32,38|3,8,9,11,26,39|7,15,20,25,28,35
2,10,16,31,34,40|3,8,9,11,26,39|7,15,20,25,28,35
2,10,21,22,34,40|3,8,9,11,26,39|7,15,20,25,28,35
2,10,32,38,39,40|3,8,9,16,26,31|7,15,20,25,28,35
2,11,13,17,25,38|3,6,10,21,32,34|9,15,20,27,28,30
2,13,17,20,31,38|3,6,10,21,32,34|14,25,26,27,29,30
2,13,17,22,28,38|3,6,10,21,32,34|9,11,25,27,30,31
2,14,16,17,26,33|3,6,10,21,32,34|7,15,20,25,28,35
2,14,25,27,29,38|3,6,10,21,32,34|13,17,20,26,30,31
2,15,27,28,29,38|3,6,10,21,32,34|11,13,17,25,26,30
2,16,20,27,29,38|3,6,10,21,32,34|7,22,25,28,31,35
2,16,25,26,29,33|3,6,10,21,32,34|9,15,20,27,28,30
2,20,26,29,33,39|3,6,10,21,32,34|7,22,25,28,31,35
2,21,26,28,29,33|3,8,10,12,35,39|9,11,25,27,30,31
3,9,11,20,38,39|6,15,17,26,27,30|7,22,25,28,31,35
1,2,6,13,28,34|3,8,9,14,16,26|7,15,20,22,25,35
1,2,11,13,31,34|3,6,8,9,21,26|7,14,22,25,28,35|10,17,20,29,30,39
1,2,13,14,20,34|3,6,8,9,21,26|7,11,15,25,28,35
1,2,13,31,32,38|3,6,8,9,21,26|7,11,15,25,28,35|10,17,20,29,30,39
1,2,16,25,34,40|3,6,8,9,21,26|7,15,20,28,31,35
1,2,20,34,39,40|3,6,8,9,21,26|7,11,15,25,28,35
1,2,21,28,34,40|3,6,9,15,25,38|10,17,20,29,30,39
1,3,11,32,34,39|2,6,13,17,28,38|7,14,20,25,31,35|15,22,26,27,29,30
1,3,16,31,32,34|2,6,13,17,28,38|7,15,20,22,25,35
1,3,21,22,32,34|2,6,13,17,28,38|7,11,16,20,25,35|14,26,27,29,30,31
1,6,9,10,21,30|2,8,13,14,17,26|3,15,25,28,29,34
1,9,10,14,16,30|2,6,13,17,28,38|7,15,20,22,25,35
1,13,26,30,31,32|2,6,10,21,34,40|3,9,14,15,28,38|7,11,16,20,25,35
2,6,10,21,34,40|3,8,9,14,16,26|7,11,15,25,28,35
2,6,13,17,28,38|3,8,9,14,16,26|7,15,20,22,25,35
2,8,9,13,20,25|3,6,16,17,28,34|14,26,27,29,30,31
2,8,9,14,27,31|3,6,15,17,25,34|7,11,20,21,28,35
2,8,9,15,22,27|3,6,16,17,28,34|7,14,20,25,31,35
2,8,10,17,29,39|3,6,9,15,25,38|7,11,20,21,28,35
2,8,13,14,17,26|3,6,9,15,25,38|7,11,20,21,28,35
2,8,16,17,27,32|3,6,9,15,25,38|7,11,20,21,28,35
2,8,17,26,39,40|3,6,9,15,25,38|7,11,20,21,28,35
2,9,11,16,25,33|3,6,17,20,21,34|14,26,27,29,30,31
2,9,11,20,33,39|3,6,15,17,25,34|14,26,27,29,30,31
2,9,11,21,28,33|3,6,15,17,25,34|14,26,27,29,30,31
2,9,14,25,31,33|3,6,16,17,28,34|15,22,26,27,29,30
2,9,15,22,25,33|3,6,16,17,28,34|14,26,27,29,30,31
2,9,15,28,31,33|3,6,17,20,21,34|11,16,26,27,29,30
2,9,16,22,28,33|3,6,15,17,25,34|14,26,27,29,30,31
2,9,20,21,22,33|3,6,15,17,25,34|11,16,26,27,29,30
2,10,14,16,34,40|3,6,8,9,21,26|7,11,15,25,28,35
2,11,13,17,31,38|3,6,8,9,21,26|7,14,22,25,28,35
2,11,16,27,29,38|3,6,8,9,21,26|7,14,20,25,31,35
2,11,26,29,33,39|3,6,9,15,25,38|7,16,20,22,28,35
2,13,14,17,20,38|3,6,8,9,21,26|7,11,15,25,28,35
2,13,20,25,29,38|3,6,8,9,21,26|15,17,27,28,30,32
2,14,27,29,31,38|3,6,8,9,21,26|7,11,15,25,28,35
2,15,22,27,29,38|3,6,8,9,21,26|7,11,16,20,25,35
2,16,17,25,32,33|3,6,8,9,21,26|7,15,20,28,31,35
2,16,17,25,38,40|3,6,8,9,21,26|7,15,20,28,31,35
2,16,26,29,31,33|3,6,9,15,25,38|7,11,20,21,28,35
2,17,20,32,33,39|3,6,8,9,21,26|7,11,15,25,28,35
2,17,20,38,39,40|3,6,8,9,21,26|7,11,15,25,28,35
2,17,21,28,32,33|3,6,9,15,25,38|11,16,26,27,29,30
2,17,21,28,38,40|3,8,9,14,16,26|7,15,20,22,25,35
2,21,22,26,29,33|3,6,9,15,25,38|16,17,20,27,30,32
3,6,8,9,21,26|7,11,15,25,28,35|10,17,20,29,30,39
3,6,9,15,25,38|7,11,20,21,28,35|14,26,27,29,30,31
3,6,9,16,28,38|7,14,20,25,31,35|15,22,26,27,29,30
3,6,9,20,21,38|7,11,15,25,28,35|14,26,27,29,30,31
3,6,15,17,25,34|7,11,20,21,28,35|14,26,27,29,30,31
3,6,16,17,28,34|7,14,20,25,31,35|15,22,26,27,29,30
3,6,17,20,21,34|7,11,15,25,28,35|14,26,27,29,30,31
3,6,21,26,29,38|7,11,15,25,28,35|9,14,20,27,30,31
3,8,9,14,16,26|6,7,25,28,31,35|10,17,20,29,30,39
3,9,11,16,31,38|6,13,17,26,28,30|7,15,20,22,25,35
3,9,11,21,22,38|6,7,25,28,31,35|10,17,20,29,30,39
3,9,14,16,20,38|6,7,25,28,31,35|15,22,26,27,29,30
3,9,15,22,31,38|6,13,17,26,28,30|7,11,16,20,25,35
3,11,17,32,38,39|6,7,25,28,31,35|9,15,20,22,27,30
3,14,16,17,20,34|6,7,25,28,31,35|15,22,26,27,29,30
3,14,16,26,29,38|6,7,25,28,31,35|9,15,20,22,27,30
3,16,17,31,32,38|6,9,22,25,27,30|7,11,20,21,28,35
3,17,21,22,32,38|6,7,25,28,31,35|9,11,16,20,27,30
1,13,15,25,30,33|3,6,23,27,29,39|7,12,16,21,38,40
3,6,23,27,29,39|7,12,13,14,15,38|8,10,16,18,21,30
3,14,21,23,27,29|6,7,12,13,16,38|8,10,15,18,30,39
1,14,21,27,30,33|2,10,15,19,23,39|7,12,13,16,22,38
1,6,9,10,21,38|2,3,14,16,17,26|20,25,27,29,31,34
1,6,10,17,21,34|2,3,9,15,25,28|11,16,26,27,29,38
1,9,10,14,16,38|2,3,6,17,21,26|20,25,27,29,31,34
1,10,16,25,29,34|2,3,6,17,21,26|9,11,15,27,28,38
1,10,20,29,34,39|2,3,6,17,21,26|9,11,14,25,27,38
1,10,21,28,29,34|2,3,9,16,20,25|11,13,17,26,31,38
1,11,13,26,31,34|2,3,9,15,25,28|8,10,12,16,27,35
1,13,14,20,26,34|2,3,9,15,25,28|8,10,12,16,27,35
1,13,26,31,32,38|2,3,9,15,25,28|8,10,12,16,27,35
1,14,25,27,32,34|2,3,6,17,21,26|10,12,20,33,35,39
1,15,27,28,32,34|2,3,6,17,21,26|10,12,16,25,33,35
1,20,26,34,39,40|2,3,9,15,25,28|8,10,12,16,27,35
2,3,9,15,25,28|6,10,21,26,34,40|16,17,20,27,32,38
2,3,9,16,20,25|6,10,15,27,32,34|11,13,17,26,31,38
2,3,9,20,21,28|6,10,15,27,32,34|11,13,17,26,31,38
2,3,14,16,17,26|6,9,22,25,27,38|10,12,20,33,35,39
2,3,16,25,26,29|6,9,27,28,31,38|10,12,20,33,35,39
2,3,20,26,29,39|6,9,22,25,27,38|10,12,21,28,33,35
2,3,21,26,28,29|6,9,22,25,27,38|10,12,20,33,35,39
10,12,20,33,35,39|11,13,17,26,31,38|22,25,27,28,29,34
1,6,10,21,29,34|2,3,9,11,16,31|13,17,22,28,32,38
1,6,15,27,32,34|2,3,9,11,16,31|13,14,20,26,29,38
1,6,21,26,34,40|2,3,9,11,16,31|13,17,22,28,32,38
1,8,9,16,17,25|2,3,6,21,26,29|10,11,13,14,32,34
1,8,9,17,20,39|2,3,6,21,26,29|10,11,13,14,32,34
1,8,9,17,21,28|2,3,14,16,26,29|6,10,13,22,32,34
1,8,12,16,27,35|2,3,6,9,15,25|10,11,13,14,32,34|20,26,29,38,39,40
1,8,17,26,29,39|2,3,6,9,15,25|10,11,13,14,32,34
1,10,14,16,29,34|2,3,6,9,15,25|8,13,17,26,31,32
1,11,13,25,32,34|2,3,6,9,16,28|20,26,29,38,39,40
1,12,16,25,33,35|2,3,6,9,20,21|8,13,17,26,31,32|11,15,27,28,29,34
1,12,20,33,35,39|2,3,6,9,15,25|8,13,17,26,31,32|14,22,27,28,29,34
1,12,21,28,33,35|2,3,6,9,15,25|8,13,17,26,31,32|11,16,20,27,29,34
1,13,20,31,32,34|2,3,6,9,15,25|10,12,14,16,33,35|21,26,28,29,38,40
1,13,22,28,32,34|2,3,6,9,15,25|10,12,14,16,33,35|20,26,29,38,39,40
1,14,16,26,34,40|2,3,6,9,15,25|8,10,12,13,31,35
1,16,17,25,29,38|2,3,6,9,20,21|8,10,12,13,31,35
1,17,20,29,38,39|2,3,6,9,15,25|8,10,12,13,31,35
1,17,21,28,29,38|2,3,6,9,15,25|8,10,12,13,31,35
2,3,6,9,15,25|8,10,12,13,31,35|11,16,20,27,29,34
2,3,6,9,16,28|8,10,12,13,31,35|11,14,25,27,29,34
