2,6,19,20,21,33|3,8,11,18,32,39|7,12,14,16,17,40
2,8,11,13,18,31|3,6,16,19,22,38|7,12,20,29,39,40
2,8,11,13,19,25|3,6,14,15,18,38|7,12,20,29,39,40
2,8,13,14,18,20|3,6,11,19,21,38|7,12,16,25,29,40
2,8,13,19,20,31|3,6,14,15,18,38|7,12,16,25,29,40
2,8,13,19,22,28|3,6,14,15,18,38|7,12,16,25,29,40
2,8,16,18,25,40|3,6,11,19,21,38|7,12,13,14,20,29
2,8,18,21,28,40|3,6,13,22,32,33|11,14,19,27,30,31
2,11,19,21,22,33|3,6,14,15,18,38|7,12,16,25,29,40
2,14,15,18,22,33|3,6,11,19,21,38|7,12,16,25,29,40
2,15,19,22,31,33|3,8,11,18,32,39|6,7,12,13,28,29
3,6,11,19,21,38|7,12,13,14,20,29|15,18,25,28,30,40
3,6,16,19,22,38|7,11,12,13,29,31|15,18,25,28,30,40
3,8,16,18,31,32|6,7,12,13,28,29|11,15,19,22,27,30
3,8,18,21,22,32|6,7,12,13,28,29|11,14,19,27,30,31
3,8,19,21,28,32|6,11,15,18,27,30|7,12,13,14,20,29
3,14,15,19,22,38|6,7,12,13,28,29|16,18,20,25,30,40
3,16,31,32,33,40|6,7,12,13,28,29|11,15,19,22,27,30
3,21,22,32,33,40|6,7,12,13,28,29|11,14,19,27,30,31
1,3,8,13,14,17|2,6,15,18,25,33|11,16,19,20,27,30
1,3,8,17,39,40|2,6,15,18,25,33|7,12,13,20,29,31|14,19,22,27,28,30
1,3,11,29,33,39|2,6,8,15,18,27|7,12,16,17,31,40
1,3,16,29,31,33|2,6,8,15,18,27|7,11,12,13,14,17
1,3,21,22,29,33|2,6,8,15,18,27|7,11,12,13,14,17
1,6,10,19,21,30|2,8,11,13,18,25|3,20,32,33,39,40
1,7,12,13,14,32|2,6,8,15,18,27|3,11,16,19,31,38
1,7,12,32,39,40|2,6,8,15,18,27|3,11,16,19,31,38
1,10,13,14,30,40|2,6,8,15,18,27|3,11,16,19,31,38
1,10,14,16,19,30|2,6,8,15,18,27|3,11,13,31,32,33|7,12,17,21,22,40
2,6,8,15,18,27|3,11,13,31,32,33|7,12,17,21,22,40
2,6,15,18,25,33|3,8,10,13,14,29|7,11,12,17,39,40
2,6,16,18,28,33|3,8,10,13,14,29|7,11,12,17,39,40|15,19,20,22,27,30
2,6,18,20,21,33|3,8,10,13,14,29|7,11,12,17,39,40
2,8,11,13,18,25|3,6,16,19,28,38|7,12,17,21,22,40
2,8,11,16,19,27|3,6,13,28,32,33|7,12,17,21,22,40
2,8,13,18,20,31|3,6,15,19,25,38|7,11,12,17,39,40
2,8,13,18,22,28|3,6,15,19,25,38|7,11,12,17,39,40
2,8,13,19,20,25|3,6,11,18,21,38|7,12,16,17,31,40
2,8,14,19,27,31|3,6,11,18,21,38|7,12,13,22,28,29
2,8,15,19,22,27|3,6,11,18,21,38|7,12,13,20,29,31
2,11,16,18,31,33|3,6,8,19,21,26|7,12,13,22,28,29
2,11,18,21,22,33|3,6,13,28,38,40|14,19,20,27,30,31
2,13,20,31,33,40|3,6,8,19,21,26|11,15,18,22,27,30
2,13,22,28,33,40|3,6,8,19,21,26|11,14,18,27,30,31
2,14,15,18,28,33|3,6,8,19,21,26|7,11,12,13,25,29
2,14,16,18,20,33|3,6,8,19,21,26|7,11,12,13,25,29
2,14,19,25,31,33|3,6,11,18,21,38|7,12,13,22,28,29
2,15,18,22,31,33|3,6,8,19,21,26|7,11,12,13,14,17
2,15,19,22,25,33|3,6,11,18,21,38|7,12,13,20,29,31
2,16,19,20,31,33|3,6,11,18,21,38|7,12,13,22,28,29
2,16,19,22,28,33|3,6,11,18,21,38|7,12,13,20,29,31
2,19,20,21,22,33|3,6,13,28,38,40|11,14,18,27,30,31
3,6,11,18,21,38|7,12,13,20,29,31|14,19,22,27,28,30
3,6,13,28,32,33|7,11,12,17,39,40|14,19,20,27,30,31
3,8,10,13,14,29|6,15,18,20,27,30|7,11,12,17,39,40
3,8,10,29,39,40|6,7,12,13,17,22|11,14,18,27,30,31
3,8,16,18,25,32|6,7,12,13,17,22|11,15,19,27,28,30
3,8,18,20,32,39|6,7,12,13,17,22|11,14,19,25,27,30
3,8,18,21,28,32|6,7,12,13,17,22|11,14,19,25,27,30
3,14,15,18,22,38|6,19,27,28,30,31|7,11,12,13,25,29
3,15,19,22,31,38|6,14,18,27,28,30|7,11,12,13,25,29
3,16,25,32,33,40|6,7,12,13,17,22|11,14,18,27,30,31
3,20,32,33,39,40|6,7,12,13,17,22|11,14,18,27,30,31
3,21,28,32,33,40|6,7,12,13,17,22|11,14,18,27,30,31
1,3,6,17,21,33|2,8,11,16,18,27|7,12,13,20,25,29
1,3,8,13,17,31|2,11,16,18,25,33|7,12,15,22,27,29
1,3,8,16,27,29|2,11,18,20,33,39|6,7,12,13,17,28
1,3,14,16,17,33|2,8,13,18,20,25|7,12,15,22,27,29
1,3,20,29,33,39|2,8,11,16,18,27|6,7,12,13,17,28
1,3,21,28,29,33|2,8,11,16,18,27|7,12,13,14,17,20
1,6,10,18,21,30|2,8,13,20,27,40|3,11,16,19,25,38
1,7,12,13,31,32|2,8,11,16,18,27|3,6,10,21,29,33
1,10,11,19,30,39|2,8,13,18,20,25|3,6,15,27,32,33|7,12,17,21,28,40
1,10,13,30,31,40|2,8,11,16,18,27|3,15,19,22,25,38
1,10,14,16,18,30|2,8,13,20,27,40|3,11,19,21,28,38
1,10,16,19,30,31|2,8,13,18,20,25|3,6,15,27,32,33|7,12,17,21,28,40
1,10,19,21,22,30|2,8,11,16,18,27|3,13,20,31,32,33
2,8,11,16,18,27|3,6,10,21,29,33|7,12,13,14,17,20
2,8,13,18,20,25|3,6,10,21,29,33|19,22,27,28,30,31
2,8,14,18,27,31|3,6,10,21,29,33|7,12,16,17,25,40
2,8,14,19,25,27|3,6,10,21,29,33|7,11,12,13,17,31
2,8,15,18,22,27|3,6,10,21,29,33|7,11,12,13,17,31
2,8,15,19,27,28|3,6,10,21,29,33|7,11,12,13,17,31
2,8,16,19,20,27|3,6,10,21,29,33|7,11,12,13,17,31
2,11,16,18,25,33|3,6,15,27,38,40|7,12,13,14,17,20
2,11,16,27,33,40|3,6,8,18,21,26|7,12,13,14,17,20
2,11,18,21,28,33|3,6,15,27,38,40|7,12,13,14,17,20
2,13,20,25,33,40|3,6,8,18,21,26|7,11,12,16,27,29
2,14,27,31,33,40|3,6,8,18,21,26|7,12,13,20,25,29
2,15,18,22,25,33|3,8,10,13,29,31|7,12,17,20,39,40
2,15,18,28,31,33|3,8,11,13,27,32|7,12,16,17,25,40
2,15,19,25,28,33|3,6,8,18,21,26|7,11,12,13,17,31
2,15,22,27,33,40|3,6,8,18,21,26|7,11,12,13,17,31
2,16,18,22,28,33|3,6,15,27,38,40|7,11,12,13,17,31
2,16,19,20,25,33|3,6,8,18,21,26|7,11,12,13,17,31
2,18,20,21,22,33|3,6,15,27,38,40|7,11,12,13,17,31
2,19,20,21,28,33|3,6,15,18,25,38|7,11,12,13,17,31
3,6,8,18,21,26|7,11,12,13,17,31|14,19,20,25,27,30
3,6,10,21,29,33|7,11,12,13,17,31|14,18,22,27,28,30
3,6,16,18,28,38|7,11,12,13,17,31|14,19,20,25,27,30
3,6,21,26,33,40|7,11,12,13,17,31|14,18,22,27,28,30
3,8,10,13,29,31|6,18,22,25,27,30|7,12,17,20,39,40
3,8,11,19,26,39|6,7,12,13,17,28|14,18,20,27,30,31
3,8,14,16,18,26|6,7,12,13,17,28|11,19,25,27,30,31
3,8,16,19,26,31|6,7,12,13,17,28|11,14,18,25,27,30
3,8,19,21,22,26|6,7,12,13,17,28|11,14,18,25,27,30
3,10,14,16,29,33|6,7,12,13,17,28|11,19,25,27,30,31
3,11,13,25,32,33|6,18,27,28,30,31|7,12,17,20,39,40
3,11,16,18,31,38|6,7,12,13,17,28|14,19,20,25,27,30
3,11,16,19,25,38|6,7,12,13,17,28|14,18,20,27,30,31
3,11,18,21,22,38|6,7,12,13,17,28|14,19,20,25,27,30
3,11,19,21,28,38|6,18,22,25,27,30|7,12,13,14,17,20
3,13,20,31,32,33|6,18,22,25,27,30|7,12,17,21,28,40
3,14,16,18,20,38|6,7,12,13,17,28|11,19,25,27,30,31
3,14,16,26,33,40|6,7,12,13,17,28|11,19,25,27,30,31
3,14,19,25,31,38|6,7,12,13,17,28|11,16,18,20,27,30
3,15,18,22,31,38|6,7,12,13,17,28|14,19,20,25,27,30
3,15,19,22,25,38|6,7,12,13,17,28|11,16,18,20,27,30
3,15,19,28,31,38|6,18,22,25,27,30|7,12,13,14,17,20
3,16,19,20,31,38|6,7,12,13,17,28|11,14,18,25,27,30
3,19,20,21,22,38|6,7,12,13,17,28|11,14,18,25,27,30
1,2,8,10,19,39|3,6,13,22,26,33|7,12,14,25,27,29
1,3,16,17,31,33|2,8,14,18,25,27|7,10,12,32,39,40
1,3,17,21,22,33|2,8,14,18,25,27|7,10,12,32,39,40
1,7,12,13,25,32|2,8,15,18,27,28|3,10,11,29,33,39
1,10,11,18,30,39|2,8,19,25,27,31|3,6,13,22,26,33
1,10,16,18,30,31|2,14,25,27,33,40|3,8,19,20,26,39|7,12,13,17,22,28
1,10,16,19,25,30|2,8,15,18,27,28|3,6,13,22,26,33
1,10,18,21,22,30|2,8,19,25,27,31|3,11,13,14,26,33
1,10,19,20,30,39|2,8,14,18,25,27|3,6,13,22,26,33
1,10,19,21,28,30|2,8,14,18,25,27|3,6,13,22,26,33
2,8,14,18,25,27|3,6,13,22,26,33|7,10,12,32,39,40
2,8,15,18,27,28|3,6,13,22,26,33|7,10,12,32,39,40
2,8,16,18,20,27|3,6,13,22,26,33|7,10,12,32,39,40
2,8,19,25,27,31|3,6,13,22,26,33|7,10,12,32,39,40
2,14,25,27,33,40|3,8,11,18,26,39|7,12,13,17,20,31
2,15,18,25,28,33|3,8,10,13,14,17|7,12,16,20,27,29
2,16,18,20,25,33|3,8,10,13,14,17|7,12,15,27,28,29
3,6,13,22,26,33|7,10,12,32,39,40|11,18,25,27,30,31
1,2,8,10,18,39|3,6,13,26,28,33|7,11,12,16,17,27
1,2,10,13,14,33|3,8,16,18,25,26|7,12,15,17,22,27
1,2,10,33,39,40|3,8,16,18,25,26|7,12,14,17,27,31
1,7,10,12,29,39|2,8,18,25,27,31|3,6,13,26,28,33
1,7,12,13,14,26|2,8,18,25,27,31|3,6,10,17,21,33
1,7,12,26,39,40|2,8,18,25,27,31|3,6,10,17,21,33
3,20,26,33,39,40|7,10,12,13,31,32|18,22,25,27,28,30
1,10,13,14,33,38|3,7,12,16,17,25|15,18,22,23,26,27
1,3,7,12,32,39|6,15,18,23,26,27|8,10,13,17,31,33
1,8,10,19,38,39|2,3,6,15,27,33|11,13,18,23,25,26
3,11,13,20,27,30|8,16,18,25,26,33|10,17,19,21,23,28
3,25,27,30,31,40|8,18,20,26,33,39|10,17,19,21,23,28
1,2,7,12,13,14|3,15,18,25,28,30|8,10,17,33,39,40
1,2,7,12,39,40|3,15,18,25,28,30|8,10,13,14,17,33
1,8,13,17,25,33|3,7,12,20,29,39|6,15,19,23,26,27
1,10,19,23,32,39|2,3,6,13,28,33|8,11,16,18,27,38
1,17,18,20,23,39|2,3,6,13,28,33|8,14,19,25,27,38
2,3,6,13,28,33|8,11,16,18,27,38|10,17,19,21,22,23
2,3,8,16,27,40|6,10,17,18,21,23|15,19,25,28,33,38
2,3,8,18,21,28|6,15,19,23,26,27|13,20,25,33,38,40
2,3,11,13,31,33|6,10,17,18,21,23|8,14,19,25,27,38
2,3,13,14,20,33|6,10,17,18,21,23|8,15,19,27,28,38
2,3,16,25,33,40|6,10,17,18,21,23|8,15,19,27,28,38
2,3,20,33,39,40|6,10,17,18,21,23|8,14,19,25,27,38
2,3,21,28,33,40|6,15,19,23,26,27|8,13,18,20,25,38
3,6,7,12,17,21|8,10,13,25,29,33|15,18,23,27,28,32
3,7,12,14,16,17|6,13,18,23,26,28|15,22,27,33,38,40
3,7,12,16,25,29|6,10,17,18,21,23|8,13,20,27,32,33
3,7,12,20,29,39|6,10,17,18,21,23|8,13,25,26,33,40
3,7,12,21,28,29|6,15,19,23,26,27|8,10,13,14,17,33
3,14,25,27,30,40|6,10,17,18,21,23|8,19,20,26,33,39
3,15,27,28,30,40|6,10,17,18,21,23|8,16,19,25,26,33
3,16,18,20,25,30|6,15,19,23,26,27|8,10,13,14,17,33
3,16,20,27,30,40|6,10,17,18,21,23|15,19,25,28,33,38
3,18,20,21,28,30|6,15,19,23,26,27|8,10,13,14,17,33
1,8,13,17,31,33|3,7,11,12,29,39|14,19,23,25,27,32
1,8,16,27,29,33|3,11,18,20,30,39|6,10,17,19,21,23
1,11,13,23,27,29|2,3,8,16,18,31|15,19,22,25,33,38
1,11,17,18,23,39|2,3,6,13,22,33|8,14,19,27,31,38
1,13,17,23,25,40|2,3,8,11,18,39|15,19,28,31,33,38
1,17,18,21,22,23|2,3,8,13,25,40|11,19,20,33,38,39
2,3,8,11,18,39|6,10,17,19,21,23|13,20,31,33,38,40
2,3,8,13,25,40|6,10,17,19,21,23|11,16,18,31,33,38
2,3,8,16,18,31|6,10,17,19,21,23|11,13,25,33,38,40
2,3,11,13,14,33|6,8,15,18,27,38|10,16,19,23,25,29
2,3,11,33,39,40|6,8,15,18,27,38|10,14,16,17,19,23
2,3,16,31,33,40|6,8,15,18,27,38|10,19,20,23,29,39
2,3,21,22,33,40|6,8,15,18,27,38|10,14,16,17,19,23
3,7,11,12,29,39|6,8,15,18,27,38|10,13,14,17,23,40
3,7,12,16,29,31|6,8,15,18,27,38|10,13,14,17,23,40
3,7,12,21,22,29|6,8,15,18,27,38|10,13,14,17,23,40
3,11,16,18,25,30|6,10,17,19,21,23|8,13,26,31,33,40
3,11,16,27,30,40|6,8,18,21,26,33|10,19,20,23,29,39
3,11,18,20,30,39|6,10,17,19,21,23|8,13,26,31,33,40
3,11,18,21,28,30|6,15,27,33,38,40|10,14,16,17,19,23
3,13,20,25,30,40|6,8,15,18,27,38|10,14,16,17,19,23
3,14,18,25,30,31|6,10,17,19,21,23|8,11,13,27,32,33
3,14,27,30,31,40|6,8,18,21,26,33|10,16,19,23,25,29
3,15,18,22,25,30|6,10,17,19,21,23|8,11,13,27,32,33
3,15,18,28,30,31|6,10,17,19,21,23|8,11,13,27,32,33
3,15,19,25,28,30|6,8,18,21,26,33|10,13,14,17,23,40
3,15,22,27,30,40|6,8,18,21,26,33|10,14,16,17,19,23
3,16,18,20,30,31|6,10,17,19,21,23|8,11,13,27,32,33
3,16,18,22,28,30|6,10,17,19,21,23|8,11,13,27,32,33
3,16,19,20,25,30|6,8,15,18,27,38|10,13,14,17,23,40
3,19,20,21,28,30|6,8,15,18,27,38|10,13,14,17,23,40
1,6,17,18,21,23|2,3,8,11,19,39|13,14,20,33,38,40
1,8,13,14,17,33|3,6,7,12,21,29|11,16,19,23,27,32
1,8,17,33,39,40|3,6,7,12,21,29|11,13,14,19,23,26
1,11,17,19,23,39|2,3,6,8,18,21|13,14,20,33,38,40
1,13,17,23,31,40|2,3,6,8,18,21|14,15,19,28,33,38
1,14,16,17,18,23|2,3,6,21,33,40|8,11,13,19,25,38
1,16,17,19,23,31|2,3,6,8,18,21|13,14,20,33,38,40
1,16,18,23,25,29|2,3,6,21,33,40|8,13,19,20,31,38
1,16,23,27,29,40|2,3,6,8,18,21|14,15,19,28,33,38
1,17,19,21,22,23|2,3,8,13,31,40|11,14,16,18,33,38
1,18,20,23,29,39|2,3,6,21,33,40|8,11,13,19,25,38
1,18,21,23,28,29|2,3,8,11,19,39|13,14,20,33,38,40
2,3,6,8,18,21|10,11,19,23,29,39|13,14,20,33,38,40
2,3,6,21,33,40|8,11,13,18,31,38|15,19,22,23,27,32
2,3,8,11,19,39|6,10,18,21,23,29|13,14,20,33,38,40
2,3,8,13,31,40|6,10,18,21,23,29|14,15,19,28,33,38
2,3,8,16,19,31|6,10,18,21,23,29|13,14,20,33,38,40
2,3,8,19,21,22|6,13,28,33,38,40|10,14,16,18,23,29
2,3,14,16,33,40|6,8,13,18,28,38|10,11,19,23,29,39
3,6,7,12,21,29|8,11,13,18,31,38|15,19,22,23,27,32
3,6,15,18,25,30|8,10,13,14,29,33|11,16,19,23,27,32
3,6,16,18,28,30|8,10,13,14,29,33|11,19,23,26,39,40
3,6,18,20,21,30|8,10,13,14,29,33|11,16,19,23,27,32
3,7,12,14,16,29|6,8,13,18,28,38|11,19,23,26,39,40
3,11,13,25,30,40|6,8,15,19,27,38|10,14,16,18,23,29
3,11,18,21,22,30|6,8,15,19,27,38|10,13,23,29,31,40
3,11,19,21,28,30|6,15,18,23,27,32|8,10,13,14,29,33
3,13,20,30,31,40|6,8,15,19,27,38|10,14,16,18,23,29
3,13,22,28,30,40|6,8,15,19,27,38|10,14,16,18,23,29
3,14,15,18,28,30|6,8,19,21,26,33|10,13,23,29,31,40
3,14,16,18,20,30|6,8,15,19,27,38|10,13,23,29,31,40
3,15,18,22,30,31|6,8,19,21,26,33|11,13,23,27,32,40
3,15,19,28,30,31|6,10,18,21,23,29|8,13,14,26,33,40
3,16,19,22,28,30|6,10,18,21,23,29|8,13,14,26,33,40
1,8,13,29,31,33|3,6,11,18,21,30|14,16,19,23,26,40
1,14,16,17,19,23|3,6,11,18,21,30|8,13,25,32,33,40
1,16,18,23,29,31|2,3,6,8,19,21|11,13,14,33,38,40
1,18,21,22,23,29|2,3,8,13,14,40|6,15,19,31,33,38
3,6,13,28,30,40|8,11,18,32,33,39|10,14,16,19,23,29
3,13,14,20,30,40|6,10,19,21,23,29|8,11,18,32,33,39
1,6,18,21,23,29|3,11,13,14,30,40|8,16,19,31,32,33
1,8,13,14,29,33|3,6,11,19,21,30|16,18,23,31,32,40
1,11,19,23,29,39|3,6,13,22,30,40|8,14,16,18,32,33
1,13,23,29,31,40|3,6,11,19,21,30|8,14,16,18,32,33
1,14,16,18,23,29|3,6,11,19,21,30|8,13,31,32,33,40
1,19,21,22,23,29|3,6,14,15,18,30|8,13,31,32,33,40
1,8,10,19,30,39|2,6,15,18,23,27|3,11,13,14,33,38
2,11,13,18,23,25|3,8,19,20,38,39|6,7,12,17,21,33
2,11,13,23,27,40|3,8,16,18,31,38|6,7,12,17,21,33
2,13,18,20,23,31|3,8,16,19,25,38|6,7,12,17,21,33
2,13,18,22,23,28|3,8,16,19,25,38|6,7,12,17,21,33
2,13,19,20,23,25|3,8,11,18,38,39|6,7,12,17,21,33
2,15,19,22,23,27|3,8,11,18,38,39|6,7,12,17,21,33
3,6,19,21,23,26|7,8,12,13,17,31|14,25,27,30,33,40
3,10,13,14,23,29|6,7,12,17,21,33|8,15,18,27,28,30
3,10,23,29,39,40|6,7,12,17,21,33|8,14,18,25,27,30
3,13,14,23,26,40|6,7,12,17,21,33|8,15,18,27,28,30
3,14,16,19,23,26|6,7,12,17,21,33|8,15,18,27,28,30
3,18,20,23,32,39|6,7,12,17,21,33|8,19,25,27,30,31
3,18,21,23,28,32|7,8,12,13,17,31|14,25,27,30,33,40
1,7,12,13,14,38|2,11,16,18,23,27|3,8,10,29,33,39
1,7,12,38,39,40|2,8,11,13,27,33|3,6,18,21,23,26
1,8,10,18,30,39|2,13,20,23,27,40|7,12,16,17,31,33
1,10,30,33,39,40|2,11,16,18,23,27|7,8,12,13,17,25
2,11,18,23,39,40|3,6,8,19,21,38|7,12,14,16,29,33
3,6,18,21,23,32|7,8,12,13,29,31|11,16,19,25,30,33
3,11,19,23,32,39|6,7,12,21,29,33|8,13,18,20,30,31
3,13,23,31,32,40|6,7,12,21,29,33|8,11,16,19,27,30
3,14,16,18,23,32|6,7,12,21,29,33|8,11,13,27,30,40
3,16,19,23,31,32|6,7,12,21,29,33|8,11,13,18,25,30
3,19,21,22,23,32|6,8,15,18,27,30|7,12,14,16,29,33
2,6,13,18,23,28|3,8,11,19,38,39|7,12,16,29,31,33
2,11,13,18,23,31|3,6,21,33,38,40|8,14,19,25,27,30
2,11,13,19,23,25|3,6,8,18,21,38|7,12,16,29,31,33
2,13,14,18,20,23|3,6,21,33,38,40|8,15,19,27,28,30
2,13,19,20,23,31|3,6,8,18,21,38|7,11,12,29,33,39
2,13,19,22,23,28|3,6,8,18,21,38|7,11,12,29,33,39
2,16,18,23,25,40|3,8,11,19,38,39|7,12,21,22,29,33
2,18,21,23,28,40|3,8,11,19,38,39|7,12,16,29,31,33
3,11,18,23,32,39|7,8,12,13,14,17|15,19,25,28,30,33
3,13,23,25,32,40|7,11,12,29,33,39|8,14,18,27,30,31
3,16,18,23,31,32|7,8,12,13,14,17|15,19,25,28,30,33
3,16,19,23,25,32|7,8,12,13,14,17|11,18,20,30,33,39
3,18,21,22,23,32|7,8,12,13,14,17|11,16,27,30,33,40
3,19,20,23,32,39|7,8,12,13,14,17|11,16,18,25,30,33
3,19,21,23,28,32|7,8,12,13,14,17|11,16,18,25,30,33
2,6,13,19,22,23|7,8,12,29,39,40|11,14,16,18,30,33
2,6,18,21,23,40|7,8,12,13,14,29|11,16,19,30,31,33
2,11,13,14,19,23|6,15,18,30,31,33|7,8,12,29,39,40
2,3,14,21,29,38|6,8,13,17,25,34|9,15,16,23,26,40
2,3,15,16,29,38|6,8,13,17,25,34|9,14,21,23,26,40
2,11,21,27,29,30|6,8,9,13,25,38|14,15,17,31,33,34
2,15,27,29,30,31|6,8,9,13,25,38|11,14,17,21,33,34
2,16,22,27,29,30|6,8,9,13,25,38|11,14,17,21,33,34
2,17,28,30,39,40|6,8,9,13,25,38|20,21,29,31,33,34
3,6,9,20,30,39|8,11,21,27,29,34|15,16,17,32,33,38
3,6,26,29,30,39|8,9,13,14,28,38|11,15,16,17,33,34
3,9,11,21,30,31|6,8,13,17,25,34|28,29,32,33,38,39
3,9,14,15,25,30|6,11,17,33,34,39|8,21,27,29,32,38
3,9,14,20,21,30|6,8,13,17,25,34|28,29,32,33,38,39
3,9,15,16,20,30|6,8,13,17,25,34|28,29,32,33,38,39
3,9,16,22,30,31|6,8,13,17,25,34|28,29,32,33,38,39
3,14,21,26,29,30|6,8,9,13,25,38|11,15,16,17,33,34
3,15,16,26,29,30|6,8,9,13,25,38|11,14,17,21,33,34
3,17,21,30,31,32|6,8,9,13,25,38|11,28,29,33,34,39
3,17,22,30,32,39|6,8,9,13,25,38|16,28,29,31,33,34
6,9,13,14,23,26|8,11,21,27,29,34|15,16,17,32,33,38
6,9,23,26,39,40|8,11,21,27,29,34|15,16,17,32,33,38
6,17,32,33,38,39|8,11,21,27,29,34|9,15,16,23,26,40
1,9,17,21,23,31|2,3,22,29,38,39|8,10,13,15,32,34
1,9,17,22,23,39|2,3,21,29,31,38|8,10,13,15,32,34
1,21,31,32,33,34|2,3,8,9,22,39|10,12,13,15,23,35
1,21,31,34,38,40|2,3,8,9,22,39|10,12,13,15,23,35
1,22,32,33,34,39|2,3,8,9,21,31|10,12,13,15,23,35
1,22,34,38,39,40|2,3,8,9,21,31|10,12,13,15,23,35
2,3,8,9,21,31|6,16,17,25,33,34|10,12,13,15,23,35
2,3,8,9,22,39|6,16,17,25,33,34|10,12,13,15,23,35
2,3,21,29,31,38|6,8,9,26,33,39|10,12,13,15,23,35
2,3,22,29,38,39|6,8,16,17,27,34|9,11,13,15,23,26
2,6,16,17,27,30|8,9,13,22,25,38|20,28,29,33,34,39
2,10,13,15,30,32|6,8,9,16,27,38|11,17,21,31,33,34
2,13,17,22,25,30|6,8,9,16,27,38|20,28,29,33,34,39
2,13,17,28,30,31|6,8,9,16,27,38|20,21,25,29,33,34
2,16,27,28,29,30|6,8,9,26,33,39|10,12,13,15,23,35
2,20,21,27,29,30|6,8,9,26,33,39|10,12,13,15,23,35
3,9,11,21,25,30|6,8,16,17,27,34|10,12,13,15,23,35
3,9,11,28,30,39|6,8,16,17,27,34|10,12,13,15,23,35|14,21,26,29,33,38
3,9,15,25,30,31|6,8,16,17,27,34|14,21,26,29,33,38
3,9,16,22,25,30|6,17,20,33,34,39|10,12,13,15,23,35
3,9,16,28,30,31|6,17,20,33,34,39|10,12,13,15,23,35
3,9,20,21,30,31|6,8,16,17,27,34|10,12,13,15,23,35
3,9,20,22,30,39|6,8,16,17,27,34|10,12,13,15,23,35|14,21,26,29,33,38
3,9,21,22,28,30|6,8,16,17,27,34|10,12,13,15,23,35
3,17,21,25,30,32|6,8,9,16,27,38|10,12,13,15,23,35|20,28,29,33,34,39
3,17,28,30,32,39|6,8,9,16,27,38|10,12,13,15,23,35|20,21,25,29,33,34
3,21,26,29,30,31|6,8,9,16,27,38|10,12,13,15,23,35|11,17,22,33,34,39
3,22,26,29,30,39|6,8,9,16,27,38|10,12,13,15,23,35|11,17,21,31,33,34
6,8,9,16,27,38|10,12,13,15,23,35|11,17,21,31,33,34
8,16,27,28,29,34|9,11,13,15,23,26|17,21,31,32,33,38
8,20,21,27,29,34|9,11,13,15,23,26|17,22,32,33,38,39
1,12,13,15,23,35|2,6,16,27,29,30|8,9,21,31,32,33
2,11,13,15,17,30|6,8,16,27,29,34|9,21,23,25,32,40
2,13,14,17,22,30|6,8,16,27,29,34|9,21,23,25,32,40
2,13,22,25,29,30|6,9,14,16,33,38|8,17,21,31,34,40
2,13,28,29,30,31|6,9,14,16,33,38|8,17,22,34,39,40
2,17,21,30,31,40|6,8,16,27,29,34|9,13,14,23,28,32
2,17,22,30,39,40|6,8,9,13,31,38|14,15,25,29,33,34
3,6,9,11,30,39|8,13,14,17,22,34|21,29,31,32,33,38
3,6,9,16,30,31|8,11,13,15,17,34|22,29,32,33,38,39
3,6,17,30,32,39|8,9,11,13,15,38|14,16,28,29,33,34
3,9,11,14,21,30|6,8,13,17,31,34|22,29,32,33,38,39
3,9,11,15,16,30|6,8,13,17,31,34|22,29,32,33,38,39
3,14,17,21,30,32|6,8,9,13,31,38|11,22,29,33,34,39
3,15,16,17,30,32|6,8,9,13,31,38|11,22,29,33,34,39
1,16,23,27,28,35|2,6,7,26,32,39|9,12,21,25,33,38
2,6,7,26,32,39|8,9,12,21,27,38|10,13,22,23,25,35
2,7,14,21,26,32|6,10,16,23,27,35|9,12,28,33,38,39
2,7,15,16,26,32|8,9,12,21,27,38|10,13,22,23,25,35
1,2,3,15,16,34|6,9,10,17,23,39|21,26,29,31,33,38
1,6,13,25,34,38|2,3,8,9,28,39|21,23,26,27,29,32
1,8,13,15,26,34|2,3,6,17,38,39|9,10,21,23,25,29
1,8,21,27,32,34|2,3,6,17,38,39|9,13,14,23,26,28
1,9,17,21,23,25|2,3,28,29,38,39|10,15,16,32,33,34
1,9,17,23,28,39|2,3,21,25,29,38|10,15,16,32,33,34
1,12,21,23,27,35|2,3,6,17,38,39|10,15,16,32,33,34
1,21,25,32,33,34|2,3,6,17,38,39|9,13,14,23,26,28
2,3,8,9,28,39|6,10,13,14,34,38|21,23,26,27,29,32
2,3,14,17,21,38|6,9,13,23,25,26|10,15,16,32,33,34
2,3,15,16,17,38|6,9,13,23,25,26|10,14,21,32,33,34
2,3,28,29,38,39|6,9,13,23,25,26|8,11,17,21,27,34
2,11,17,21,27,30|6,9,13,23,25,26|10,15,16,32,33,34
2,13,17,25,28,30|6,10,32,33,34,39|8,9,11,21,27,38
2,15,17,27,30,31|6,9,13,23,25,26|10,14,21,32,33,34
2,16,17,22,27,30|6,9,13,23,25,26|10,14,21,32,33,34
3,6,17,26,30,39|8,9,11,21,27,38|10,15,16,32,33,34
3,9,16,25,28,30|6,10,13,14,34,38|21,23,26,27,29,32
3,9,20,28,30,39|6,10,13,14,34,38|21,23,26,27,29,32
3,14,17,21,26,30|6,10,32,33,34,39|8,9,13,25,28,38
3,15,16,17,26,30|6,10,13,14,34,38|9,20,21,23,27,32
3,26,28,29,30,39|6,10,13,14,34,38|9,15,23,25,27,32
8,13,17,25,28,34|9,20,21,23,27,32|22,26,29,33,38,39
2,3,17,21,31,38|6,9,16,23,26,27|10,22,32,33,34,39
2,3,17,22,38,39|6,9,16,23,26,27|10,21,31,32,33,34
2,15,17,25,27,30|6,10,13,31,34,38|8,9,26,28,33,39
2,16,17,27,28,30|6,10,13,31,34,38|8,9,21,25,26,33
2,17,20,21,27,30|6,10,13,31,34,38|8,9,26,28,33,39
3,17,21,26,30,31|8,9,15,25,27,38|10,22,32,33,34,39
1,2,27,29,33,40|3,8,9,10,14,19|7,12,17,18,31,32
1,2,8,17,19,27|3,9,10,14,33,40|7,12,18,26,29,31
1,3,8,9,27,40|2,10,14,17,19,33|7,12,18,26,29,31
1,2,14,15,27,34|3,8,9,21,26,31|7,16,20,25,28,35
2,6,10,13,31,34|3,8,9,22,26,39|7,16,20,25,28,35
2,8,9,15,25,27|3,6,10,32,34,39|13,17,26,28,30,31
2,8,9,16,27,28|3,6,10,32,34,39|13,17,22,25,26,30
2,8,9,20,21,27|3,6,10,32,34,39|13,17,22,25,26,30
2,8,21,26,27,29|3,6,10,32,34,39|7,16,20,25,28,35
2,9,16,25,28,33|3,6,10,32,34,39|14,15,17,26,27,30
2,9,20,21,25,33|3,6,10,32,34,39|13,17,26,28,30,31
2,9,20,28,33,39|3,10,14,21,32,34|6,16,17,26,27,30
2,10,11,13,15,34|3,8,9,21,26,31|7,16,20,25,28,35
2,10,13,14,22,34|3,8,9,21,26,31|7,16,20,25,28,35
2,10,13,15,32,38|3,8,9,21,26,31|7,16,20,25,28,35
2,10,21,31,34,40|3,8,9,22,26,39|7,16,20,25,28,35
2,10,22,34,39,40|3,8,9,21,26,31|7,16,20,25,28,35
2,13,17,22,25,38|3,6,10,32,34,39|9,16,20,27,28,30
2,13,17,28,31,38|3,6,10,32,34,39|9,15,20,25,27,30
2,14,15,17,27,38|3,6,10,32,34,39|7,16,20,25,28,35
2,14,17,21,26,33|3,6,10,32,34,39|7,16,20,25,28,35
2,15,16,17,26,33|3,6,10,32,34,39|9,14,25,27,28,30
2,15,25,27,29,38|3,6,10,32,34,39|13,17,26,28,30,31
2,16,27,28,29,38|3,6,10,32,34,39|13,17,22,25,26,30
2,20,21,27,29,38|3,6,10,32,34,39|13,17,22,25,26,30
2,21,25,26,29,33|3,6,10,32,34,39|9,16,20,27,28,30
3,6,10,32,34,39|7,16,20,25,28,35|14,15,17,26,27,30
1,2,6,13,25,34|3,8,9,14,21,26|7,11,20,28,35,39
1,2,13,14,28,34|3,6,8,9,26,39|7,11,20,21,25,35
1,2,13,15,20,34|3,6,8,9,26,39|7,11,16,25,28,35
1,2,13,22,31,34|3,6,8,9,26,39|7,11,16,25,28,35|17,20,21,27,30,32
1,2,21,25,34,40|3,6,8,9,26,39|7,16,20,28,31,35
1,2,28,34,39,40|3,6,9,16,25,38|11,21,26,27,29,30
1,3,21,31,32,34|2,6,13,17,25,38|7,11,20,28,35,39|16,22,26,27,29,30
1,3,22,32,34,39|2,6,13,17,25,38|7,16,20,28,31,35|11,21,26,27,29,30
1,6,9,10,30,39|2,8,13,15,17,26|3,16,25,28,29,34
1,9,10,14,21,30|2,6,13,17,25,38|3,20,28,29,34,39
1,9,10,15,16,30|2,6,13,17,25,38|3,20,28,29,34,39
2,6,10,13,14,34|3,8,9,15,16,26|7,11,20,21,25,35
2,6,10,34,39,40|3,8,9,14,21,26|7,11,16,25,28,35
2,6,13,17,25,38|3,8,9,14,21,26|7,11,20,28,35,39
2,8,9,13,25,28|3,6,17,20,34,39|11,21,26,27,29,30
2,8,9,15,27,31|3,6,16,17,25,34|7,11,20,28,35,39
2,8,9,16,22,27|3,6,17,20,34,39|7,14,25,28,31,35
2,8,13,15,17,26|3,6,9,16,25,38|7,11,20,28,35,39
2,8,17,21,27,32|3,6,9,16,25,38|7,11,20,28,35,39
2,9,11,21,25,33|3,6,17,20,34,39|15,26,27,29,30,31
2,9,11,28,33,39|3,6,16,17,25,34|15,26,27,29,30,31
2,9,15,25,31,33|3,6,17,20,34,39|11,21,26,27,29,30
2,9,16,22,25,33|3,6,17,20,34,39|11,21,26,27,29,30
2,9,16,28,31,33|3,6,17,20,34,39|11,21,26,27,29,30
2,9,20,22,33,39|3,6,16,17,25,34|11,21,26,27,29,30
2,9,21,22,28,33|3,6,16,17,25,34|15,26,27,29,30,31
2,10,14,21,34,40|3,6,8,9,26,39|7,11,16,25,28,35
2,10,15,16,34,40|3,6,8,9,26,39|7,11,20,21,25,35
2,11,21,27,29,38|3,6,8,9,26,39|7,14,25,28,31,35
2,13,14,17,28,38|3,6,8,9,26,39|7,11,20,21,25,35
2,13,15,17,20,38|3,6,8,9,26,39|7,11,16,25,28,35
2,13,17,22,31,38|3,6,8,9,26,39|7,11,16,25,28,35
2,13,25,28,29,38|3,6,8,9,26,39|17,20,21,27,30,32
2,15,27,29,31,38|3,6,8,9,26,39|7,11,16,25,28,35
2,16,22,27,29,38|3,6,8,9,26,39|7,11,20,21,25,35
2,17,21,25,32,33|3,6,8,9,26,39|7,16,20,28,31,35
2,17,21,25,38,40|3,6,8,9,26,39|7,16,20,28,31,35
2,17,28,32,33,39|3,6,9,16,25,38|11,21,26,27,29,30
2,17,28,38,39,40|3,8,9,14,21,26|7,15,20,25,31,35
2,21,26,29,31,33|3,6,9,16,25,38|7,11,20,28,35,39
2,22,26,29,33,39|3,6,9,16,25,38|17,20,21,27,30,32
3,6,8,9,26,39|7,11,16,25,28,35|17,20,21,27,30,32
3,6,9,16,25,38|7,11,20,28,35,39|13,17,22,26,30,31
3,6,9,20,38,39|7,11,16,25,28,35|13,17,22,26,30,31
3,6,9,21,28,38|7,15,20,25,31,35|16,22,26,27,29,30
3,6,16,17,25,34|7,11,20,28,35,39|15,26,27,29,30,31
3,6,17,20,34,39|7,11,16,25,28,35|15,26,27,29,30,31
3,6,17,21,28,34|7,15,20,25,31,35|16,22,26,27,29,30
3,6,26,29,38,39|7,11,16,25,28,35|9,15,20,27,30,31
3,8,9,15,16,26|7,11,20,21,25,35|10,17,28,29,30,39
3,9,11,22,38,39|6,13,17,25,26,30|7,16,20,28,31,35
3,9,14,15,25,38|7,11,20,28,35,39|13,17,22,26,30,31
3,9,16,22,31,38|6,13,17,25,26,30|7,11,20,28,35,39
3,14,15,17,25,34|7,11,20,28,35,39|16,22,26,27,29,30
3,14,21,26,29,38|6,9,25,27,30,31|7,11,20,28,35,39
3,15,16,26,29,38|6,9,25,27,30,31|7,11,20,28,35,39
1,21,26,27,30,32|2,6,10,13,25,34|3,9,20,28,38,39
2,10,13,15,20,34|3,6,17,26,38,39|9,25,27,28,30,31
2,6,8,9,13,31|3,11,14,21,29,34|17,28,30,32,39,40
2,8,9,11,13,15|3,6,16,29,31,34|17,21,25,30,32,40
2,8,9,13,14,22|3,6,11,29,34,39|17,21,25,30,32,40
2,8,9,21,31,40|3,6,11,29,34,39|13,14,17,28,30,32
2,8,9,22,39,40|3,6,16,29,31,34|13,14,17,28,30,32
2,8,13,15,17,32|3,6,11,29,34,39|9,16,22,25,30,40
2,21,29,31,32,33|6,7,14,15,28,35|9,16,22,25,30,40
2,21,29,31,38,40|3,6,8,9,32,39|7,11,14,16,22,35
2,22,29,38,39,40|3,8,9,14,21,32|6,7,11,16,31,35
3,6,21,22,29,34|7,11,14,15,31,35|17,28,30,32,39,40
3,6,29,32,38,39|7,11,14,15,31,35|9,16,22,25,30,40
3,8,9,14,21,32|6,7,11,16,31,35|22,26,29,30,39,40
3,11,14,21,29,34|6,7,15,22,31,35|17,28,30,32,39,40
3,14,15,29,31,34|6,7,11,21,22,35|17,28,30,32,39,40
3,14,21,29,32,38|6,7,11,16,31,35|9,20,22,30,39,40
1,2,6,13,31,34|3,8,9,21,25,32|7,11,20,22,35,39|14,15,26,27,29,30
1,2,11,13,15,34|3,6,9,16,31,38|10,17,22,29,30,39
1,2,13,14,22,34|3,6,9,11,38,39|10,17,21,29,30,31
1,2,13,15,32,38|3,6,11,17,34,39|7,14,16,20,28,35
1,2,21,31,34,40|3,6,9,11,38,39|7,14,15,20,25,35|16,17,22,27,30,32
1,2,22,34,39,40|3,6,9,16,31,38|7,14,15,20,25,35|11,17,21,27,30,32
1,3,6,32,34,39|2,8,9,13,22,25|7,11,16,28,31,35|14,15,26,27,29,30
1,3,14,21,32,34|2,6,8,9,16,27|7,11,15,25,31,35|10,17,22,29,30,39
1,3,15,16,32,34|2,6,9,20,33,39|7,11,21,22,28,35
1,13,15,26,30,32|2,6,8,9,16,27|3,11,14,17,21,34
2,6,8,9,16,27|3,11,14,17,21,34|7,15,22,28,31,35
2,6,9,16,25,33|3,11,14,17,21,34|7,15,22,28,31,35
2,6,9,20,33,39|3,11,14,17,21,34|7,15,22,28,31,35
2,6,9,21,28,33|3,11,15,16,17,34|7,14,22,25,31,35
2,6,13,17,31,38|3,8,9,21,25,32|7,11,20,22,35,39|14,15,26,27,29,30
2,6,16,27,29,38|3,8,9,21,25,32|7,11,20,22,35,39
2,6,26,29,33,39|3,8,9,21,25,32|7,11,16,28,31,35
2,8,9,13,22,25|3,6,11,17,34,39|7,14,16,20,28,35
2,8,9,13,28,31|3,6,11,17,34,39|7,14,15,20,25,35
2,8,9,14,15,27|3,6,11,17,34,39|7,16,20,22,31,35
2,9,11,21,31,33|3,6,17,32,38,39|7,14,15,20,25,35
2,9,11,22,33,39|3,6,16,17,31,34|7,14,15,20,25,35
2,9,14,15,25,33|3,6,11,17,34,39|7,16,20,22,31,35
2,9,14,16,28,33|3,6,11,17,34,39|13,22,25,26,29,30
2,9,14,20,21,33|3,6,11,17,34,39|7,15,22,28,31,35
2,9,15,16,20,33|3,6,11,17,34,39|7,14,22,25,31,35
2,9,16,22,31,33|3,6,11,17,34,39|7,14,15,20,25,35
2,11,13,15,17,38|3,8,9,21,25,32|6,16,26,27,29,30
2,13,14,17,22,38|3,8,9,21,25,32|6,16,26,27,29,30
2,13,22,25,29,38|3,6,11,17,34,39|7,14,16,20,28,35
2,13,28,29,31,38|3,6,11,17,34,39|7,14,15,20,25,35
2,14,15,27,29,38|3,6,11,17,34,39|7,16,20,22,31,35
2,14,21,26,29,33|3,6,9,11,38,39|7,15,22,28,31,35
2,15,16,26,29,33|3,6,9,11,38,39|7,14,22,25,31,35
2,17,21,31,32,33|3,6,9,11,38,39|7,14,15,20,25,35
2,17,21,31,38,40|3,8,9,28,32,39|6,7,16,20,25,35|14,15,26,27,29,30
2,17,22,32,33,39|3,6,9,16,31,38|7,14,15,20,25,35
2,17,22,38,39,40|3,8,9,21,25,32|6,16,26,27,29,30
3,6,9,11,38,39|7,14,15,20,25,35|10,17,21,29,30,31
3,6,9,16,31,38|7,11,20,22,35,39|13,17,25,28,30,32
3,6,11,17,34,39|7,14,15,20,25,35|13,26,28,29,30,31
3,6,16,17,31,34|7,11,20,22,35,39|14,15,26,27,29,30
3,8,9,21,25,32|6,13,17,26,30,31|7,11,20,22,35,39
3,8,9,28,32,39|6,7,16,20,25,35|10,17,21,29,30,31
3,9,11,14,21,38|6,7,15,25,28,35|10,17,22,29,30,39
3,9,11,15,16,38|6,7,20,21,28,35|10,17,22,29,30,39
3,9,14,15,31,38|6,7,16,20,25,35|10,17,22,29,30,39
3,9,14,16,22,38|6,7,15,25,28,35|10,17,21,29,30,31
3,11,15,16,17,34|6,7,20,21,28,35|9,14,22,27,30,31
3,11,21,25,29,34|6,9,15,27,28,30|7,16,20,22,31,35
3,11,28,29,34,39|6,7,16,20,25,35|9,14,22,27,30,31
3,14,17,21,32,38|6,7,15,25,28,35|9,11,16,22,27,30
3,15,16,17,32,38|6,7,20,21,28,35|9,14,22,27,30,31
3,15,25,29,31,34|6,7,20,21,28,35|9,11,16,22,27,30
3,16,22,25,29,34|6,7,20,21,28,35|9,11,15,27,30,31
3,16,28,29,31,34|6,9,14,25,27,30|7,11,20,22,35,39
3,20,21,29,31,34|6,7,15,25,28,35|9,11,16,22,27,30
3,20,22,29,34,39|6,7,15,25,28,35|11,17,21,27,30,32
3,21,22,28,29,34|6,7,16,20,25,35|9,11,15,27,30,31
3,21,25,29,32,38|6,9,15,27,28,30|7,11,20,22,35,39
3,28,29,32,38,39|6,7,16,20,25,35|9,11,15,27,30,31
1,2,6,13,14,34|3,8,9,21,31,32|7,11,15,16,20,35|26,28,29,30,39,40
1,2,6,34,39,40|3,8,9,21,31,32|7,11,14,15,25,35
1,2,14,21,34,40|3,8,9,22,32,39|6,7,11,16,25,35|13,15,20,26,29,30
1,2,15,16,34,40|3,8,9,21,31,32|6,7,11,20,35,39|13,14,26,28,29,30
1,17,21,25,29,30|2,6,9,11,33,39|7,14,15,20,31,35
1,17,28,29,30,39|2,6,8,9,13,25|7,11,14,20,21,35
2,6,8,9,13,25|3,11,21,29,31,34|7,14,15,22,28,35
2,6,9,11,33,39|3,14,15,25,29,34|13,17,28,30,31,32
2,6,9,16,31,33|3,11,22,29,34,39|14,15,17,27,30,32
2,6,9,21,22,33|3,14,15,25,29,34|13,17,28,30,31,32
2,6,13,14,17,38|3,8,9,21,31,32|7,11,15,16,20,35|26,28,29,30,39,40
2,6,13,25,29,38|3,8,9,21,31,32|7,11,14,16,28,35
2,6,17,32,33,39|3,11,21,29,31,34|7,14,15,22,28,35
2,6,17,38,39,40|3,8,9,21,31,32|7,11,14,15,25,35
2,8,9,13,15,20|3,6,14,16,17,34|21,25,26,29,30,40
2,8,9,13,22,31|3,6,14,16,17,34|15,25,27,29,30,32
2,8,9,21,25,40|3,6,14,16,17,34|13,15,20,26,29,30
2,8,9,28,39,40|3,6,14,16,17,34|13,15,20,26,29,30
2,9,11,14,21,33|3,6,16,25,29,34|13,17,28,30,31,32
2,9,11,15,16,33|3,6,20,29,34,39|13,17,22,25,30,32
2,9,14,16,22,33|3,6,20,29,34,39|13,17,28,30,31,32
2,13,14,28,29,38|3,8,9,21,31,32|6,7,11,16,25,35
2,13,22,29,31,38|3,6,14,16,17,34|9,20,21,25,30,40
2,14,17,21,32,33|3,6,16,25,29,34|9,11,13,28,30,31
2,14,17,21,38,40|3,6,16,25,29,34|9,11,13,28,30,31
2,15,16,17,32,33|3,6,20,29,34,39|9,11,13,22,25,30
2,15,16,17,38,40|3,6,20,29,34,39|9,11,13,22,25,30
2,21,25,29,38,40|3,6,14,16,17,34|9,11,13,28,30,31
2,28,29,38,39,40|3,6,14,16,17,34|9,11,13,22,25,30
3,6,16,25,29,34|7,11,14,20,21,35|13,17,28,30,31,32
3,6,20,29,34,39|7,11,14,15,25,35|13,17,28,30,31,32
3,6,21,28,29,34|7,11,14,15,25,35|9,13,20,22,30,31
3,8,9,21,31,32|6,7,11,16,25,35|13,14,26,28,29,30
3,8,9,22,32,39|6,7,11,16,25,35|10,14,17,21,29,30
3,11,21,29,31,34|6,7,15,22,25,35|9,13,14,20,28,30
3,11,22,29,34,39|6,7,14,25,31,35|15,16,17,26,30,40
3,14,15,25,29,34|6,7,11,20,35,39|13,17,28,30,31,32
3,14,16,28,29,34|6,7,11,20,35,39|13,17,22,25,30,32
3,14,20,21,29,34|6,7,11,16,25,35|13,17,28,30,31,32
3,15,16,20,29,34|6,7,11,21,28,35|13,17,22,25,30,32
3,16,22,29,31,34|6,7,11,20,35,39|14,15,17,27,30,32
3,21,29,31,32,38|6,7,11,16,25,35|9,13,14,20,28,30
3,22,29,32,38,39|6,7,11,16,25,35|9,13,14,20,28,30
1,3,17,19,25,30|2,7,12,27,29,40|8,9,10,14,18,33
1,8,9,27,33,40|2,7,12,14,17,18|3,10,19,25,29,30
1,6,10,29,34,39|2,3,9,11,21,31|13,17,22,25,32,38
1,6,13,14,26,34|2,3,9,11,21,31|10,12,15,16,33,35
1,6,16,27,32,34|2,3,9,11,21,31|13,14,26,28,29,38
1,6,26,34,39,40|2,3,9,11,21,31|10,12,15,16,33,35|13,17,22,25,32,38
1,8,9,17,21,25|2,3,6,26,29,39|10,11,13,15,32,34
1,8,9,17,28,39|2,3,14,21,26,29|6,10,13,31,32,34
1,8,12,21,27,35|2,3,6,9,16,25|10,11,13,15,32,34|26,28,29,38,39,40
1,10,14,21,29,34|2,3,6,9,16,25|13,17,28,31,32,38
1,10,15,16,29,34|2,3,6,9,20,39|13,17,22,25,32,38
1,12,21,25,33,35|2,3,6,9,20,39|10,11,13,15,32,34
1,12,28,33,35,39|2,3,6,9,16,25|8,21,26,27,29,32|13,17,20,22,31,34
1,13,22,25,32,34|2,3,6,9,20,39|10,12,14,21,33,35|15,16,17,26,38,40
1,13,28,31,32,34|2,3,6,9,16,25|10,12,14,21,33,35
1,14,15,27,32,34|2,3,6,9,16,25|13,22,26,29,31,38
1,14,21,26,34,40|2,3,6,9,16,25|13,17,28,31,32,38
1,15,16,26,34,40|2,3,6,9,20,39|10,12,14,21,33,35|13,17,22,25,32,38
1,17,21,25,29,38|2,3,6,9,20,39|10,11,13,15,32,34
1,17,28,29,38,39|2,3,6,9,16,25|10,11,13,15,32,34
2,3,6,9,16,25|8,21,26,27,29,32|11,13,17,28,31,34
2,3,6,9,20,39|8,21,26,27,29,32|10,12,15,16,33,35|11,13,17,22,25,34
2,3,9,11,21,31|6,10,12,33,35,39|13,14,17,20,28,34|15,25,27,29,32,38
2,3,9,11,22,39|6,10,13,31,32,34|14,17,21,26,38,40
2,3,9,14,15,25|6,10,12,33,35,39|8,21,26,27,29,32|11,13,17,28,31,34
2,3,9,14,16,28|6,10,12,33,35,39|8,21,26,27,29,32|11,13,17,22,25,34
2,3,9,14,20,21|6,10,12,33,35,39|11,13,17,22,25,34|16,27,28,29,32,38
2,3,9,15,16,20|6,10,12,33,35,39|8,21,26,27,29,32|11,13,17,22,25,34
2,3,9,16,22,31|6,10,12,33,35,39|8,21,26,27,29,32|13,14,17,20,28,34
2,3,17,21,31,32|6,8,9,13,25,26|10,12,15,16,33,35
2,3,17,22,32,39|6,8,9,13,25,26|10,12,14,21,33,35|11,16,27,28,29,34
6,8,9,13,25,26|10,12,14,21,33,35|11,16,27,28,29,34
6,9,11,16,27,38|10,12,14,21,33,35|13,17,20,22,31,34
6,9,13,20,25,38|8,21,26,27,29,32|10,12,15,16,33,35
6,9,15,22,27,38|10,12,14,21,33,35|11,13,17,28,31,34
6,10,12,33,35,39|8,9,13,14,26,28|11,15,25,27,29,34
8,9,13,14,26,28|10,12,15,16,33,35|11,20,21,27,29,34
8,9,13,15,20,26|10,12,14,21,33,35|11,16,27,28,29,34
