1,6,14,19,21,38|8,11,18,25,29,39|15,16,17,22,33,40
1,2,3,11,13,16|6,10,14,18,21,38|8,17,20,27,39,40
1,2,3,13,14,31|6,10,15,16,18,38|8,17,20,27,39,40
1,2,3,13,15,22|6,10,14,18,21,38|8,16,17,25,27,40
1,2,3,31,39,40|6,8,13,17,27,28|10,11,15,19,21,38
1,6,21,27,32,33|8,17,18,20,25,39|10,11,13,16,38,40
1,6,21,27,38,40|8,10,18,31,32,39|13,14,17,20,25,33
1,8,13,27,31,32|6,10,14,18,21,38|17,20,25,33,39,40
1,8,14,18,26,39|6,10,19,21,31,38|11,16,25,27,29,33
1,8,15,18,21,26|6,10,19,22,38,39|11,13,17,25,31,33
1,8,19,26,31,39|6,10,14,18,21,38|11,16,25,27,29,33
1,13,25,31,32,33|6,10,14,18,21,38|8,17,20,27,39,40
1,14,16,18,25,38|6,8,13,17,27,28|10,31,32,33,39,40
1,14,16,27,32,33|6,10,19,21,31,38|8,17,18,20,25,39
1,14,16,27,38,40|6,13,17,25,28,33|8,10,18,31,32,39
1,14,18,21,28,38|6,15,17,27,31,33|8,10,19,25,32,39
1,14,26,33,39,40|6,8,13,17,27,28|10,11,15,19,21,38
1,15,16,18,28,38|6,11,17,21,27,33|8,10,19,25,32,39
1,15,18,20,21,38|6,8,13,17,27,28|10,31,32,33,39,40
1,15,21,26,33,40|6,8,13,17,27,28|10,11,14,19,38,39
1,19,21,22,25,38|6,8,13,17,27,28|10,31,32,33,39,40
1,2,3,6,13,15|8,10,14,18,32,39|11,16,27,29,31,33
1,6,18,22,38,39|8,11,13,14,17,27|10,15,21,32,33,40
1,6,19,21,25,38|8,10,14,18,32,39|11,13,15,17,28,33
1,6,19,28,38,39|8,10,15,18,21,32|11,13,14,17,25,33
1,8,13,14,27,32|6,10,15,16,19,38|11,17,25,33,39,40
1,8,13,16,26,40|6,10,14,19,21,38|15,22,27,29,31,33
1,8,18,25,32,39|6,10,13,15,38,40|11,16,27,29,31,33
1,8,27,32,39,40|6,10,14,19,21,38|11,13,15,17,28,33
1,11,14,18,38,39|6,8,13,17,22,27|10,15,21,32,33,40
1,11,15,18,21,38|6,8,13,17,22,27|10,14,32,33,39,40
1,11,19,31,38,39|6,8,13,17,22,27|10,15,21,32,33,40
1,13,14,25,32,33|6,10,15,16,19,38|8,11,17,27,39,40
1,13,14,25,38,40|6,16,27,28,29,33|8,10,15,18,21,32
1,13,15,28,32,33|6,10,14,19,21,38|8,11,17,18,25,39
1,13,15,28,38,40|6,20,21,27,29,33|8,10,14,18,32,39
1,13,16,20,32,33|6,10,14,19,21,38|8,11,17,18,25,39
1,13,16,20,38,40|6,14,15,17,27,33|8,10,19,31,32,39
1,14,16,18,31,38|6,8,13,17,22,27|10,15,21,32,33,40
1,14,16,19,25,38|6,8,13,17,22,27|10,15,21,32,33,40
1,14,18,21,22,38|6,10,13,15,32,33|8,11,17,27,39,40
1,14,19,20,38,39|6,8,13,17,22,27|10,15,21,32,33,40
1,15,16,19,28,38|6,8,13,17,22,27|10,14,32,33,39,40
1,15,19,20,21,38|6,8,13,17,22,27|10,14,32,33,39,40
1,19,21,22,31,38|6,10,13,15,32,33|8,11,17,18,25,39
6,10,13,15,38,40|8,11,17,18,25,39|14,16,20,27,29,33
6,10,14,19,21,38|8,11,13,25,27,29|17,20,31,33,39,40
1,2,3,13,15,28|6,10,18,21,31,38|14,16,17,20,27,33
1,2,3,13,16,20|6,10,18,21,31,38|14,15,17,27,28,33
1,2,3,25,39,40|6,10,18,21,31,38|8,13,17,22,27,28
1,8,18,26,31,39|2,3,6,10,13,15|11,17,21,22,27,33
1,8,19,25,26,39|2,3,6,10,13,15|11,16,17,27,31,33
1,11,18,25,38,39|2,3,6,10,13,15|14,16,17,20,27,33
1,16,18,25,31,38|2,3,6,10,13,15|11,17,21,22,27,33
1,18,20,31,38,39|2,3,6,10,13,15|11,17,21,22,27,33
1,18,21,22,25,38|2,3,6,10,13,15|11,16,17,27,31,33
1,18,21,28,31,38|2,3,6,10,13,15|14,16,17,20,27,33
1,18,22,28,38,39|2,3,6,10,13,15|11,16,17,27,31,33
1,19,20,25,38,39|2,3,6,10,13,15|11,16,17,27,31,33
1,19,21,25,28,38|2,3,6,10,13,15|11,16,17,27,31,33
1,2,3,13,25,31|6,10,18,28,38,39|17,20,21,22,27,33
1,8,18,25,26,39|2,3,10,11,13,16|15,17,27,28,31,33
1,18,20,25,38,39|2,3,10,11,13,16|15,17,27,28,31,33
2,13,21,22,23,26|3,8,25,31,34,39|15,16,27,28,30,38
2,6,13,21,23,26|3,8,14,25,34,39|15,16,22,27,30,38
2,13,14,16,23,26|3,8,15,21,25,34|6,22,27,30,38,39
1,6,10,16,21,34|2,3,25,31,32,39|13,14,15,26,28,38
1,10,14,15,21,34|2,3,25,31,32,39|6,13,16,26,28,38
1,16,17,20,38,39|2,3,14,15,21,26|13,22,25,28,31,34
6,10,16,17,21,38|8,14,26,27,32,39|13,15,20,25,28,34
6,11,21,25,27,34|8,9,10,15,28,39|13,14,16,20,26,38
6,11,27,28,34,39|8,9,10,15,21,25|13,14,16,20,26,38
6,13,15,25,26,38|8,9,10,16,20,39|11,14,21,27,28,34
6,13,16,26,28,38|8,9,10,14,25,39|11,15,20,21,27,34
6,13,20,21,26,38|8,9,10,14,25,39|11,15,16,27,28,34
6,15,25,27,31,34|8,9,10,16,20,39|11,13,21,22,26,38
6,16,27,28,31,34|8,9,10,14,25,39|11,13,21,22,26,38
6,20,22,27,34,39|8,9,10,15,21,25|11,13,16,26,31,38
6,21,22,27,28,34|8,9,10,14,25,39|11,13,16,26,31,38
8,9,10,15,28,39|11,13,16,26,31,38|14,20,21,22,27,34
8,9,10,16,20,39|11,13,21,22,26,38|14,15,27,28,31,34
8,9,10,16,21,28|11,14,20,27,34,39|13,15,22,26,31,38
10,14,15,17,21,38|13,22,25,28,31,34|16,20,26,32,33,39
1,8,9,15,21,31|6,11,13,16,28,34|14,25,32,38,39,40
2,3,6,16,21,32|8,17,25,29,31,39|11,13,14,15,28,34
2,3,14,15,21,32|6,11,13,16,28,34|8,17,25,29,31,39
6,11,13,15,31,34|8,14,17,25,29,39|16,21,22,32,38,40
6,11,13,16,22,34|8,14,17,25,29,39|15,21,31,32,38,40
6,11,13,21,32,38|8,14,17,25,29,39|15,16,22,31,34,40
6,13,14,22,31,34|8,15,17,21,25,29|11,16,32,38,39,40
6,13,15,31,32,38|8,14,17,25,29,39|11,16,21,22,34,40
6,13,16,22,32,38|8,14,17,25,29,39|11,15,21,31,34,40
6,22,31,34,39,40|8,15,17,21,25,29|11,13,14,16,32,38
1,8,9,25,31,39|2,3,16,21,28,32|13,14,15,22,26,38
1,14,17,31,38,39|2,3,15,21,25,32|13,16,20,22,28,34
1,15,17,21,31,38|2,3,14,25,32,39|13,16,20,22,28,34
1,15,17,22,38,39|2,3,16,21,28,32|13,14,20,25,31,34
1,16,17,21,22,38|2,3,14,25,32,39|13,15,20,28,31,34
2,3,16,20,32,39|6,11,13,21,26,38|14,15,22,27,31,34
6,11,21,27,31,34|8,9,10,15,22,39|13,16,20,25,32,38
6,11,22,27,34,39|8,9,10,15,21,31|13,16,20,25,32,38
6,13,25,28,31,34|8,9,10,11,16,39|14,21,22,27,32,38
6,14,15,25,27,34|8,9,10,11,16,39|13,20,21,28,32,38
6,14,20,21,27,34|8,9,10,11,16,39|13,15,25,28,32,38
6,21,27,31,32,38|8,9,10,11,16,39|13,14,22,25,28,34
6,22,27,32,38,39|8,9,10,15,21,31|11,13,16,20,25,34
8,9,10,11,16,39|13,14,15,22,26,38|21,25,28,31,34,40
8,9,10,14,31,39|11,13,15,25,28,34|16,21,22,26,32,33
8,9,10,15,21,31|11,13,14,16,26,38|22,25,28,34,39,40
8,9,10,15,22,39|11,13,14,16,26,38|21,25,28,31,34,40
8,9,10,16,21,22|11,13,15,25,28,34|14,26,31,32,33,39
8,13,21,26,28,32|10,11,16,29,38,39|14,15,22,27,31,34
10,14,29,31,38,39|11,13,15,25,28,34|16,21,22,26,32,33
10,16,21,22,29,38|11,13,15,25,28,34|14,26,31,32,33,39
1,6,15,17,38,39|2,3,16,21,22,32|11,13,14,25,31,34
1,6,16,17,21,38|2,3,14,31,32,39|11,13,15,22,25,34
1,8,9,14,25,39|2,3,15,21,31,32|6,13,16,20,28,34
1,8,9,15,21,25|2,3,11,16,32,39|13,14,22,28,31,34
1,8,9,15,28,39|2,3,16,21,22,32|11,13,14,25,31,34
1,8,9,16,20,39|2,3,15,21,31,32|6,13,14,25,28,34
1,8,9,16,21,28|2,3,14,31,32,39|6,13,15,20,25,34
1,8,16,26,29,39|2,3,15,21,31,32|6,13,14,25,28,34
1,14,15,17,21,38|2,3,11,16,32,39|6,13,22,25,31,34
1,14,25,29,38,39|2,3,15,21,31,32|6,13,16,20,28,34
1,15,21,25,29,38|2,3,11,16,32,39|13,14,22,28,31,34
1,15,28,29,38,39|2,3,16,21,22,32|11,13,14,25,31,34
1,16,20,29,38,39|2,3,15,21,31,32|6,13,14,25,28,34
1,16,21,28,29,38|2,3,14,31,32,39|6,13,15,20,25,34
2,3,11,16,32,39|6,13,14,15,26,38|21,22,25,31,34,40
2,3,14,31,32,39|6,8,9,10,16,21|11,13,15,22,25,34
2,3,15,22,32,39|6,8,9,10,16,21|11,13,14,25,31,34
2,3,16,21,22,32|6,8,9,10,15,39|11,13,14,25,31,34
6,10,15,29,38,39|8,13,16,26,31,32|14,21,25,28,34,40
6,13,16,20,28,34|8,9,10,14,15,21|25,31,32,38,39,40
6,25,28,34,39,40|8,9,10,14,15,21|13,16,20,31,32,38
2,13,16,20,25,38|3,22,28,31,34,39|11,15,21,26,27,30
2,13,20,21,28,38|3,11,25,31,34,39|15,16,22,26,27,30
1,25,29,30,31,39|2,6,11,13,21,38|3,14,15,16,22,34
2,11,16,38,39,40|3,6,14,21,31,34|13,15,25,28,30,32
2,14,31,38,39,40|3,6,11,16,21,34|13,15,25,28,30,32
2,15,21,31,38,40|3,6,14,22,34,39|13,16,20,25,30,32
2,6,15,16,27,38|3,11,14,25,34,39|13,20,21,22,26,30
2,8,27,31,32,39|3,11,15,21,25,34|13,16,22,26,28,30
1,2,8,16,17,39|3,6,14,21,25,34|13,15,22,26,30,31
1,14,17,25,30,39|2,6,8,13,21,26|3,15,16,22,31,34
1,15,17,21,25,30|2,6,13,16,28,38|3,11,14,31,34,39
1,16,17,21,28,30|2,6,13,15,25,38|3,11,14,31,34,39
2,6,8,13,21,26|3,11,14,31,34,39|15,16,27,28,30,32
2,6,13,15,25,38|3,11,14,31,34,39|10,16,21,28,29,30
2,6,13,16,28,38|3,11,14,31,34,39|10,15,21,25,29,30
2,6,13,20,21,38|3,11,14,31,34,39|15,16,27,28,30,32
2,8,10,16,29,39|3,6,14,21,25,34|13,15,22,26,30,31
2,8,13,14,16,26|3,6,15,20,34,39|21,22,27,30,31,32
2,8,14,27,32,39|3,6,15,16,25,34|11,13,21,22,26,30
2,8,15,21,27,32|3,6,14,28,34,39|11,13,16,26,30,31
2,11,13,16,31,38|3,6,14,21,25,34|10,15,28,29,30,39
2,13,14,15,28,38|3,6,16,20,21,34|11,27,30,31,32,39
2,13,14,16,20,38|3,6,15,21,28,34|11,27,30,31,32,39
2,13,15,22,31,38|3,6,14,21,25,34|10,16,20,29,30,39
2,14,25,32,33,39|3,6,15,21,28,34|11,13,16,26,30,31
2,14,25,38,39,40|3,6,15,21,28,34|11,13,16,26,30,31
2,15,21,25,32,33|3,6,14,28,34,39|11,13,16,26,30,31
2,15,21,25,38,40|3,6,14,28,34,39|11,13,16,26,30,31
2,15,28,32,33,39|3,6,14,21,25,34|11,13,16,26,30,31
2,15,28,38,39,40|3,6,14,21,25,34|11,13,16,26,30,31
2,16,20,32,33,39|3,6,14,21,25,34|13,15,22,26,30,31
2,16,20,38,39,40|3,6,14,21,25,34|13,15,22,26,30,31
1,18,23,31,38,39|2,7,12,15,21,33|3,8,10,13,16,30
1,19,23,25,38,39|2,7,12,15,21,33|3,8,10,13,16,30
1,3,14,33,38,39|2,10,15,18,21,23|7,8,12,13,16,26
1,3,15,21,33,38|2,10,14,18,23,39|7,8,12,13,16,26
2,8,10,13,16,33|3,6,17,21,23,27|7,12,25,38,39,40
2,10,15,18,21,23|3,8,17,25,33,39|7,12,13,16,20,38
3,6,17,21,23,27|7,8,12,13,16,26|10,25,30,33,39,40
3,14,16,17,23,27|7,12,13,15,28,38|8,10,18,25,30,39
3,21,23,27,28,29|7,8,12,13,16,26|10,25,30,33,39,40
1,14,16,27,30,33|2,10,15,19,21,23|7,12,31,38,39,40
2,10,15,19,21,23|3,8,17,31,33,39|7,11,12,13,16,38
3,16,23,27,29,31|7,12,13,15,22,38|8,10,19,25,30,39
3,21,22,23,27,29|7,11,12,13,16,38|8,10,18,30,31,39
1,2,8,13,16,33|3,6,21,23,27,29|7,12,14,38,39,40
1,3,13,16,23,32|7,12,14,38,39,40|8,10,15,18,21,30
1,8,13,14,27,30|3,17,23,31,39,40|7,12,15,21,32,33
1,8,27,30,39,40|3,11,13,16,17,23|7,12,15,21,32,33
1,13,15,28,30,33|3,6,21,23,27,29|7,12,14,38,39,40
1,13,16,20,30,33|3,6,21,23,27,29|7,12,14,38,39,40
3,11,13,16,17,23|7,12,14,32,33,39|8,10,15,18,21,30
3,13,23,25,29,31|7,12,14,32,33,39|8,10,15,18,21,30
3,14,16,23,27,29|6,7,12,13,15,38|8,10,19,30,31,39
1,3,11,27,30,39|2,7,12,13,25,31|10,15,19,21,23,26
1,3,21,22,27,30|2,7,12,13,25,31|10,14,19,23,26,39
1,8,13,27,31,38|3,7,12,25,32,39|10,15,19,21,23,26
1,13,25,31,33,38|2,6,7,12,21,27|10,14,19,23,26,39
1,14,16,27,33,38|2,7,12,13,25,31|10,15,19,21,23,26
2,7,12,13,25,31|8,17,20,27,33,39|10,15,19,21,23,26
3,7,12,25,32,39|8,17,21,27,28,33|10,13,16,23,26,40
1,3,13,14,25,30|2,7,12,31,39,40|6,8,17,21,27,33
1,3,13,15,28,30|2,7,12,31,39,40|6,8,17,21,27,33
1,3,13,16,20,30|2,7,12,31,39,40|6,8,17,21,27,33
1,3,25,30,39,40|2,7,11,12,13,16|6,8,17,21,27,33
1,8,18,31,38,39|2,7,11,12,13,16|3,10,15,21,30,40
1,8,19,25,38,39|2,7,11,12,13,16|3,10,15,21,30,40
1,10,13,16,23,29|2,7,12,31,39,40|6,8,17,21,27,33
1,11,13,16,33,38|2,7,12,31,39,40|10,15,18,21,23,32
1,13,14,23,27,32|2,7,12,31,39,40|8,10,15,19,21,38
1,13,14,31,33,38|3,7,12,15,21,32|11,17,18,23,25,39
1,13,15,22,33,38|2,7,12,31,39,40|17,19,21,23,25,28
1,13,16,23,26,40|3,7,12,14,32,39|6,8,17,21,27,33
1,14,19,23,26,39|2,7,11,12,13,16|3,10,15,21,30,40
1,15,19,21,23,26|2,7,11,12,13,16|3,10,14,30,39,40
1,18,23,25,32,39|2,7,11,12,13,16|3,10,15,21,30,40
1,23,27,32,39,40|2,7,11,12,13,16|8,10,15,19,21,38
1,31,33,38,39,40|2,7,11,12,13,16|10,15,18,21,23,32
2,7,11,12,13,16|3,10,14,30,39,40|6,8,17,21,27,33
2,7,12,13,14,31|3,10,15,21,30,40|8,16,25,27,29,33|17,18,22,23,28,39
2,7,12,13,15,22|3,10,14,30,39,40|6,8,17,21,27,33
2,7,12,31,39,40|3,6,10,13,15,30|8,14,16,17,27,33
3,7,12,15,21,32|6,13,17,22,23,27|8,10,14,19,38,39
1,2,3,14,33,39|6,13,17,23,27,28|8,10,15,18,21,38
1,2,3,15,21,33|6,13,17,23,27,28|8,10,14,18,38,39
1,3,6,21,27,30|2,7,12,13,14,25|8,10,19,31,38,39
1,3,13,25,30,31|8,10,14,18,38,39|17,21,23,27,28,40
1,3,14,16,27,30|2,7,12,13,15,28|8,10,19,31,38,39
1,13,14,25,33,38|3,7,12,31,32,39|17,21,23,27,28,40
1,13,23,27,31,32|2,7,12,25,39,40|8,10,15,18,21,38
1,14,18,23,26,39|2,7,12,13,15,28|8,16,17,27,31,33
1,15,18,21,23,26|2,7,12,13,14,25|3,10,30,31,39,40
1,19,23,26,31,39|2,7,12,13,14,25|8,10,15,18,21,38
2,7,12,13,14,25|3,10,30,31,39,40|8,17,21,22,27,33
2,7,12,13,15,28|3,10,30,31,39,40|8,17,21,22,27,33
2,7,12,13,16,20|3,10,30,31,39,40|8,17,21,22,27,33
2,7,12,25,39,40|3,10,11,13,16,30|8,17,21,22,27,33
3,7,12,31,32,39|6,10,13,15,33,38|16,17,23,25,27,40
1,3,6,13,15,30|8,14,16,27,29,33|11,17,19,23,31,39
1,3,14,30,39,40|6,8,21,27,29,33|15,16,17,18,22,23
1,3,11,13,16,30|2,7,12,14,39,40|6,17,18,21,23,25
1,3,13,14,30,31|2,7,12,15,21,40|6,17,18,23,28,39
1,3,13,15,22,30|2,7,12,14,39,40|6,17,18,21,23,25|8,16,27,29,31,33
1,3,30,31,39,40|2,6,7,12,13,15|8,21,22,27,29,33|14,16,17,18,23,25
1,6,13,15,33,38|2,7,12,14,39,40|16,17,19,23,25,31
1,8,14,18,38,39|2,6,7,12,13,15|16,17,19,23,25,31
1,8,15,18,21,38|2,7,12,14,39,40|6,13,23,27,28,29
1,8,19,31,38,39|2,6,7,12,13,15|14,16,17,18,23,25
1,14,33,38,39,40|2,6,7,12,13,15|16,17,19,23,25,31
1,18,23,31,32,39|2,6,7,12,13,15|8,21,22,27,29,33
1,19,23,25,32,39|2,6,7,12,13,15|8,16,27,29,31,33
2,6,7,12,13,15|8,11,27,29,33,39|14,16,17,18,23,25
2,7,16,27,35,40|3,9,19,26,30,39|13,17,18,31,34,38
2,9,16,19,27,30|3,7,13,31,32,35|17,18,34,38,39,40
2,13,15,18,23,31|3,8,16,19,21,38|6,27,30,33,39,40
2,13,15,19,23,25|6,8,18,27,30,39|7,12,16,21,29,33
2,13,16,18,22,23|3,8,15,19,38,39|14,21,27,30,33,40
2,13,15,18,23,25|3,16,21,33,38,40|8,19,27,28,30,39
2,13,15,23,27,40|3,8,16,18,21,38|19,25,28,30,33,39
2,13,16,18,23,28|3,15,33,38,39,40|8,19,21,25,27,30
2,15,16,19,23,27|7,8,12,13,17,21|18,22,25,30,33,39
3,21,27,29,31,33|7,12,15,19,26,39|10,13,16,18,28,30
1,14,19,21,27,30|3,6,13,16,17,33|7,12,15,18,32,39
1,10,19,23,31,34|2,3,8,18,25,38|7,11,12,17,27,30
2,7,12,17,31,33|3,8,10,27,29,30|18,23,25,26,38,40
1,3,17,30,31,33|2,7,8,12,27,29|19,23,25,26,38,40
1,10,14,19,23,34|2,3,8,18,31,38|7,12,20,27,29,30
1,17,19,23,25,38|2,7,8,12,27,29|3,26,30,31,33,40
2,3,8,18,31,38|7,12,20,27,29,30|19,23,25,26,32,33
2,3,8,19,25,38|7,12,20,27,29,30|9,10,23,31,33,40
2,3,18,23,25,32|7,12,20,27,29,30|8,19,26,31,33,38
2,3,31,33,38,40|7,12,20,27,29,30|8,9,10,19,23,25
2,7,8,12,27,29|3,11,18,25,30,38|9,10,23,31,33,40
2,7,12,14,17,33|3,8,18,26,30,31|10,19,23,25,29,38
2,7,12,25,29,33|3,8,18,26,30,31|10,14,17,19,23,38
2,8,18,20,27,30|3,7,12,29,31,38|19,23,25,26,32,33
2,18,20,25,30,33|3,7,8,9,12,31|10,14,17,19,23,38
2,20,27,30,33,40|3,7,8,9,12,31|10,14,17,19,23,38
1,2,17,18,23,25|3,8,9,10,14,33|7,11,12,27,29,38
1,3,8,9,25,33|2,10,14,17,18,23|7,11,12,27,29,38
1,3,8,27,29,38|2,10,14,17,18,23|7,9,11,12,25,33
1,3,14,17,33,38|2,10,18,23,25,29|7,8,9,11,12,27
1,3,25,29,33,38|2,10,14,17,18,23|7,8,9,11,12,27
2,8,11,18,27,38|3,9,10,23,31,40|7,12,17,25,32,33
2,8,18,26,31,33|3,17,20,23,27,29|7,10,12,14,34,40
2,8,19,20,27,38|3,9,10,23,31,40|7,12,17,25,32,33
2,8,19,25,26,33|3,9,10,23,31,40|7,11,12,27,29,38
2,10,14,17,18,23|3,8,19,26,31,38|7,9,11,12,25,33
2,10,17,19,23,31|3,8,14,18,26,38|7,9,11,12,25,33
2,10,18,23,25,29|3,8,19,26,31,38|7,9,12,22,28,33
2,10,23,27,29,40|3,8,14,18,26,38|7,9,11,12,25,33
2,18,20,23,27,32|3,8,9,10,14,33|7,12,17,25,38,40
2,18,20,31,33,38|3,19,23,25,26,32|7,8,9,11,12,27
2,18,23,25,26,40|3,8,9,10,14,33|7,11,12,27,29,38
2,19,20,25,33,38|3,9,10,23,31,40|7,8,12,17,27,32
3,9,10,23,31,40|7,8,12,17,27,32|11,18,25,26,30,33
3,18,23,26,31,32|7,8,9,11,12,27|10,17,25,30,33,40
1,2,17,18,23,31|3,8,11,27,34,40|6,7,9,12,28,33
1,2,17,19,23,25|3,8,11,27,34,40|6,7,9,12,28,33
1,3,9,23,25,40|2,6,18,28,33,38|8,11,19,26,27,30
1,3,23,27,29,32|2,6,18,28,33,38|8,10,17,19,25,30
1,20,27,29,30,33|2,10,14,17,19,23|3,8,11,18,25,34
2,8,11,19,27,38|3,9,10,14,23,40|6,18,26,28,30,33
2,10,14,17,19,23|3,8,11,18,25,34|6,7,9,12,28,33
2,10,18,23,29,31|3,8,11,27,34,40|6,7,9,12,28,33
2,10,19,23,25,29|3,8,11,27,34,40|6,7,9,12,28,33
2,11,18,23,27,32|3,8,14,19,26,38|6,7,9,12,28,33
2,18,23,26,31,40|3,8,19,20,25,34|6,7,9,12,28,33
2,19,20,23,27,32|3,8,11,18,25,34|6,7,9,12,28,33
2,19,23,25,26,40|3,8,18,20,31,34|6,7,9,12,28,33
3,14,18,23,26,32|6,7,9,12,28,33|8,10,17,19,25,30
1,3,9,11,23,27|2,8,18,25,26,33|7,10,12,31,34,40
1,3,17,23,27,32|2,8,18,25,26,33|7,10,12,31,34,40
2,8,18,20,27,38|3,9,10,23,25,40|7,12,14,17,26,33
1,2,19,23,29,31|6,18,28,30,32,33|7,8,9,12,14,40
3,6,8,19,22,34|7,12,14,29,32,33|11,18,30,31,38,40
1,2,14,17,18,23|3,6,28,33,34,40|7,8,12,27,29,32
1,2,17,19,23,31|3,6,8,18,28,34|7,9,11,12,14,33
1,2,18,23,25,29|3,6,28,33,34,40|8,10,17,19,30,31
1,2,23,27,29,40|3,6,8,18,28,34|7,9,11,12,14,33
1,3,8,9,14,33|2,10,19,23,29,31|18,20,25,30,38,40
1,3,9,23,31,40|2,6,18,22,33,38|7,8,12,27,29,32
1,3,14,29,33,38|2,11,19,23,27,32|7,8,9,12,25,40
1,11,27,29,30,33|2,8,18,25,38,40|3,14,19,23,26,32
2,8,18,25,38,40|3,14,19,23,26,32|6,7,9,12,22,33
2,10,19,23,29,31|3,6,8,18,28,34|7,9,11,12,14,33
2,11,19,23,27,32|3,6,8,18,28,34|7,12,14,17,38,40
2,14,18,23,26,40|3,8,11,19,25,34|6,7,9,12,22,33
2,19,23,26,31,40|3,6,8,18,28,34|7,9,11,12,14,33
3,8,19,22,28,34|7,9,11,12,14,33|18,20,25,30,38,40
3,14,19,23,26,32|6,7,9,12,22,33|8,10,18,25,29,30
1,2,14,17,19,23|3,6,8,18,22,34|7,12,29,31,32,33
1,2,18,23,29,31|3,6,8,19,28,34|11,27,30,32,33,40
1,2,19,23,25,29|3,6,8,18,22,34|11,27,30,32,33,40
1,3,9,14,23,40|2,6,19,22,33,38|8,10,18,29,30,31
1,17,30,31,33,40|2,10,14,19,23,29|3,6,8,18,22,34
2,10,14,19,23,29|3,6,8,18,22,34|11,27,30,32,33,40
2,14,19,23,26,40|3,6,8,18,22,34|7,12,29,31,32,33
3,6,8,18,22,34|7,12,29,31,32,33|19,20,25,30,38,40
3,6,8,19,28,34|7,12,29,31,32,33|11,18,25,30,38,40
3,8,11,14,18,34|6,19,22,26,30,33|7,12,29,31,38,40
3,8,14,19,20,34|7,12,29,31,32,33|11,18,25,30,38,40
2,13,21,32,34,40|6,7,14,17,35,39|9,15,16,27,29,30
2,15,19,32,34,39|7,14,21,25,29,35|9,13,16,17,22,30
2,3,14,19,23,32|6,8,18,22,33,34|7,12,25,29,30,40
1,8,9,18,23,25|2,3,14,33,38,40|7,11,12,27,29,30
1,8,9,23,27,40|2,7,12,29,31,33|3,6,18,28,30,38
1,9,23,25,33,40|2,3,8,14,18,38|7,11,12,27,29,30
1,23,27,29,32,33|2,3,8,14,18,38|7,12,17,25,30,40
1,23,27,29,38,40|2,11,18,25,30,33|3,7,8,9,12,14
2,3,8,14,18,38|7,11,12,27,29,30|19,23,26,31,32,33
2,3,8,19,31,38|7,11,12,27,29,30|9,10,14,23,33,40
2,3,14,33,38,40|7,11,12,27,29,30|8,9,10,19,23,31
2,3,18,23,31,32|7,11,12,27,29,30|8,14,19,26,33,38
2,3,19,23,25,32|7,11,12,27,29,30|8,18,20,31,33,34
2,8,11,18,27,30|3,7,12,14,29,38|19,23,26,31,32,33
2,11,18,25,30,33|3,7,8,9,12,14|10,19,23,29,31,38
2,11,27,30,33,40|3,7,8,9,12,14|10,19,23,29,31,38
2,18,20,30,31,33|3,7,8,9,12,14|11,19,23,27,32,38
2,18,22,28,30,33|3,7,8,9,12,14|10,19,23,29,31,38
1,8,9,18,23,31|2,7,12,14,29,33|3,6,19,28,30,38
2,3,14,18,23,32|7,12,17,30,31,40|8,11,19,25,33,34
2,7,12,14,29,33|3,6,18,22,30,38|19,20,23,25,34,40
6,8,18,28,33,34|7,12,17,30,31,40|10,14,19,23,29,38
1,2,3,29,31,33|6,9,10,18,22,23|8,11,19,20,27,34
1,2,10,14,19,30|3,6,7,9,12,22|8,11,18,27,32,38
1,3,11,27,29,30|2,7,12,17,31,40|6,9,10,18,22,23|8,19,25,26,32,33
1,3,17,25,30,40|6,9,10,18,22,23|8,11,19,20,27,34
1,8,17,18,31,38|2,3,25,32,33,40|6,9,10,19,23,28
1,8,17,19,25,38|3,6,7,9,12,22|10,23,27,29,32,40|11,18,20,31,33,34
1,9,11,18,23,25|2,3,6,19,28,38|8,17,20,27,29,33
1,9,11,23,27,40|2,3,6,18,22,38|8,19,25,26,32,33
1,9,18,22,23,28|2,3,8,14,19,26|10,29,31,33,38,40
1,14,17,19,23,26|2,3,6,18,22,38|8,9,10,31,33,40
1,17,18,23,25,32|2,3,6,19,28,38|8,9,10,31,33,40
1,17,23,27,32,40|2,3,6,18,22,38|11,19,20,25,33,34
1,17,31,33,38,40|2,3,8,14,19,26|6,9,10,18,22,23
1,19,23,25,26,29|2,3,6,18,22,38|8,9,10,31,33,40
2,3,8,14,19,26|6,9,10,18,22,23|11,27,32,33,38,40
2,3,8,27,32,40|6,9,10,18,22,23|11,14,19,26,33,38
2,3,11,14,18,38|6,9,10,19,23,28|8,17,20,27,29,33
2,3,11,19,31,38|6,9,10,18,22,23|8,17,20,27,29,33
2,3,25,32,33,40|6,9,10,18,22,23|8,11,19,20,27,34
2,7,12,17,31,40|3,6,18,22,26,30|8,10,19,25,29,38
2,11,19,20,27,30|3,6,7,9,12,22|8,10,18,29,31,38
3,6,7,9,12,22|8,10,14,17,19,38|11,18,20,31,33,34
3,7,9,11,12,14|6,18,20,28,33,34|8,10,19,25,29,38
3,7,12,14,17,32|6,9,10,18,22,23|8,11,19,20,27,34
3,7,12,25,29,32|6,9,10,18,22,23|8,11,19,20,27,34
3,11,14,18,26,30|6,9,10,19,23,28|8,17,20,27,29,33
3,11,19,26,30,31|6,9,10,18,22,23|8,17,20,27,29,33
3,14,19,20,26,30|6,9,10,18,22,23|11,27,32,33,38,40
3,20,27,30,32,40|6,9,10,18,22,23|11,14,19,26,33,38
1,2,3,8,27,29|6,9,10,18,23,28|11,19,26,31,33,38
1,2,10,14,18,30|3,6,7,9,12,28|8,26,27,32,33,40
1,2,10,19,30,31|3,6,7,9,12,28|8,11,18,20,27,34
1,3,20,27,29,30|2,7,12,17,25,40|6,9,10,18,23,28|11,19,26,31,33,38
1,8,9,11,27,33|2,3,6,18,28,38|10,17,19,23,25,32
1,8,17,18,25,38|2,3,10,14,29,33|11,19,23,26,27,32
1,8,17,27,32,33|2,3,6,18,28,38|9,10,11,19,23,25
1,9,18,20,23,25|2,3,8,19,26,31|10,14,17,33,38,40
1,10,14,33,34,40|2,3,6,18,28,38|11,19,23,26,27,32
1,11,27,29,33,38|2,3,8,14,18,26|9,10,19,20,23,31
1,14,17,18,23,26|2,3,11,19,25,38|8,10,27,29,32,33
1,17,19,23,26,31|2,3,6,18,28,38|8,9,10,25,33,40
1,17,25,33,38,40|2,3,8,14,18,26|9,10,19,20,23,31
2,3,6,18,28,38|8,9,10,25,33,40|11,19,23,26,27,32
2,3,8,14,18,26|9,10,11,19,23,25|20,27,32,33,38,40
2,3,8,19,26,31|6,9,10,18,23,28|11,20,27,33,34,40
2,3,11,19,25,38|6,9,10,18,23,28|8,26,27,32,33,40
2,3,14,18,20,38|8,9,10,25,33,40|11,19,23,26,27,32
2,3,19,20,31,38|6,9,10,18,23,28|8,26,27,32,33,40
2,7,11,12,27,29|3,6,18,26,28,30|8,9,10,25,33,40
2,7,12,17,25,40|3,6,18,26,28,30|8,10,27,29,32,33
2,11,18,20,27,30|3,6,7,9,12,28|8,10,17,19,31,38
3,6,7,9,12,28|8,10,14,17,18,38|11,19,23,26,27,32
3,7,9,11,12,31|6,18,22,26,33,38|10,17,19,23,25,32
3,7,9,12,14,20|6,18,22,26,33,38|10,17,19,23,25,32
3,7,12,14,26,29|6,9,10,18,23,28|11,20,27,33,34,40
3,7,12,17,31,32|6,9,10,18,23,28|11,20,27,33,34,40
3,11,19,25,26,30|6,9,10,18,23,28|20,27,32,33,38,40
1,2,3,17,31,33|8,11,19,26,27,38|9,10,18,22,23,28
1,2,10,18,30,31|3,7,9,11,12,25|19,20,23,26,27,32
1,2,10,19,25,30|3,7,9,12,20,31|6,18,26,28,33,38
1,3,11,17,27,30|6,18,26,28,33,38|9,10,19,20,23,25
1,8,9,20,27,33|2,3,11,18,25,38|10,14,17,19,23,26
2,7,12,20,27,29|3,10,17,25,30,40|6,18,26,28,33,38
3,7,9,11,12,25|6,18,26,28,33,38|10,17,23,27,32,40
3,7,9,12,20,31|6,18,26,28,33,38|10,17,23,27,32,40
3,7,9,12,22,28|8,10,17,18,31,38|19,20,23,26,27,32
3,7,12,17,25,32|6,18,26,28,33,38|9,10,11,23,27,40
1,2,10,27,30,40|3,7,9,12,20,25|18,22,26,28,33,38
1,8,9,14,33,40|3,6,18,22,30,32|11,17,19,23,25,29
1,3,14,17,30,40|6,11,18,22,33,34|10,19,23,29,31,32
1,8,9,31,33,40|3,6,18,28,30,32|17,19,20,23,25,29
1,8,14,17,19,38|2,7,12,29,31,40|3,6,18,28,30,32
1,9,14,19,20,23|2,7,12,29,31,40|3,6,18,28,30,32
1,14,17,18,23,32|2,7,12,29,31,40|6,11,19,28,33,34
2,7,12,29,31,40|3,6,18,28,30,32|11,14,19,20,33,34
2,11,18,25,30,40|3,7,12,14,29,32|6,19,20,22,33,34
2,18,20,30,31,40|3,7,12,14,29,32|6,11,19,28,33,34
2,19,20,25,30,40|3,7,12,14,29,32|6,11,18,22,33,34
1,2,3,14,29,33|6,9,10,19,22,23|8,18,20,25,34,40
1,3,17,30,31,40|6,9,10,19,22,23|8,14,18,26,32,33
1,6,9,18,23,28|2,3,8,19,25,32|10,14,29,33,38,40
1,8,9,25,33,40|2,3,6,19,22,38|10,18,23,29,31,32
1,8,14,17,18,38|2,3,31,32,33,40|6,9,10,19,22,23
1,8,17,19,31,38|2,7,12,25,29,40|3,18,22,28,30,32
1,8,18,25,29,38|2,3,31,32,33,40|6,9,10,19,22,23
1,8,27,29,38,40|3,6,19,22,26,30|11,14,18,20,33,34
1,9,11,19,23,25|2,3,8,18,31,32|10,14,29,33,38,40
1,9,14,18,20,23|2,3,6,19,22,38|8,11,17,27,29,33
1,9,19,20,23,31|2,7,12,14,17,40|3,11,18,25,30,32
1,9,19,22,23,28|2,3,8,18,31,32|10,14,29,33,38,40
1,14,17,33,38,40|2,3,8,18,31,32|6,9,10,19,22,23
1,17,18,23,31,32|2,3,6,19,22,38|8,9,10,14,33,40
1,17,19,23,25,32|3,10,29,30,31,40|6,11,18,28,33,34
1,19,23,26,29,31|2,7,12,14,17,40|3,11,18,25,30,32
1,25,29,33,38,40|2,3,8,18,31,32|6,9,10,19,22,23
2,3,6,19,22,38|8,9,10,14,33,40|17,18,20,23,25,29
2,3,8,19,25,32|6,11,18,28,33,34|17,20,23,27,29,40
2,7,12,14,17,40|3,6,19,22,26,30|10,18,23,29,31,32
2,7,12,25,29,40|3,6,19,22,26,30|11,14,18,20,33,34
2,18,20,25,30,40|3,7,12,29,31,32|6,9,10,19,22,23
3,6,19,22,26,30|8,9,10,14,33,40|17,18,20,23,25,29
3,7,12,29,31,32|6,9,10,19,22,23|8,14,18,26,38,40
3,18,20,30,31,32|6,9,10,19,22,23|8,11,17,27,29,33
2,9,10,15,18,30|3,6,7,17,25,35|19,22,27,32,34,38
2,10,17,25,33,40|3,6,18,26,28,38|7,9,11,12,20,27
2,11,18,20,27,38|3,6,9,10,28,33|7,12,17,25,26,40
2,18,22,26,28,33|3,10,17,31,38,40|7,9,11,12,20,27
1,3,8,9,11,27|2,6,18,26,28,33|7,10,12,17,29,31
1,3,9,22,28,33|2,8,10,17,18,31|11,19,20,26,27,30
1,3,10,14,34,40|2,6,18,26,28,33|7,11,12,17,27,32
1,3,11,27,29,38|2,6,18,26,28,33|10,17,19,20,25,30
2,6,18,26,28,33|3,8,9,10,25,40|7,11,12,17,27,32
2,11,19,20,27,38|3,6,9,10,22,33|7,12,17,26,31,40
2,14,18,20,26,33|3,8,9,10,25,40|7,11,12,17,27,32
2,19,20,26,31,33|3,8,9,10,25,40|7,11,12,17,27,32
2,19,22,26,28,33|3,8,9,10,25,40|7,11,12,17,27,32
1,2,8,17,18,25|3,6,19,22,26,38|7,12,20,27,29,32
1,2,11,27,29,33|3,6,18,20,28,34|7,12,14,17,26,40
1,3,6,9,28,33|2,8,10,14,17,18|7,12,20,27,29,32
1,3,9,11,31,33|2,8,10,14,17,18|7,12,20,27,29,32
1,3,9,14,20,33|2,8,10,17,19,31|7,12,25,26,29,40
1,3,14,26,29,33|2,8,10,17,19,31|7,9,12,20,25,40
1,3,17,31,38,40|2,6,18,22,26,33|7,12,20,27,29,32
1,7,12,17,25,29|2,6,18,22,26,33|3,8,9,10,31,40
1,10,18,30,31,32|2,6,19,26,28,33|3,8,17,20,27,29
1,10,19,25,30,32|2,6,18,22,26,33|3,8,17,20,27,29
1,17,18,20,25,30|2,6,19,26,28,33|3,8,9,10,31,40
2,6,18,22,26,33|3,8,9,10,31,40|7,12,20,27,29,32
2,6,19,26,28,33|3,8,9,10,31,40|7,12,20,27,29,32
2,8,10,14,17,18|3,6,19,22,26,38|7,9,12,20,25,40
2,8,10,17,19,31|3,6,18,20,28,34|7,12,25,26,29,40
2,8,18,20,27,32|3,6,19,22,26,38|7,10,12,14,17,29
2,11,14,18,26,33|3,8,9,10,31,40|7,12,20,27,29,32
2,11,19,26,31,33|3,6,18,20,28,34|7,10,12,14,17,29
2,18,20,25,32,33|3,6,19,22,26,38|7,10,12,14,17,29
2,20,27,32,33,40|3,6,19,22,26,38|7,10,12,14,17,29
3,6,19,22,26,38|7,9,12,20,25,40|10,11,17,18,30,31
3,8,18,26,31,32|7,9,12,20,25,40|10,17,19,22,28,30
3,11,14,19,26,38|6,10,17,18,28,30|7,9,12,20,25,40
1,2,8,17,18,31|3,6,19,20,28,34|7,9,11,12,25,40
1,2,8,17,19,25|3,6,11,18,28,34|7,9,12,20,31,40
1,2,17,31,33,40|3,6,11,18,28,34|10,19,20,25,29,30
1,3,6,9,22,33|2,8,10,14,17,19|7,11,12,27,29,32|18,20,26,30,31,40
1,3,8,9,25,40|2,6,19,22,26,33|7,11,12,27,29,32
1,3,8,27,29,32|2,6,19,22,26,33|7,9,11,12,25,40
1,3,9,11,14,33|2,8,10,18,29,31|7,12,17,25,32,40
1,3,14,17,32,33|2,8,10,18,29,31|7,9,11,12,25,40
1,3,14,17,38,40|2,6,19,22,26,33|7,11,12,27,29,32
1,3,25,29,32,33|2,8,10,14,17,19|7,9,12,20,31,40
1,3,25,29,38,40|2,6,19,22,26,33|10,11,14,17,18,30
1,7,12,17,29,31|2,6,19,22,26,33|3,8,9,10,14,40|11,18,20,27,30,32
1,10,14,18,30,32|2,6,19,22,26,33|3,8,11,17,27,29|7,9,12,20,31,40
1,10,19,30,31,32|2,11,18,25,38,40|3,17,22,28,29,33
1,11,17,18,25,30|2,6,19,22,26,33|3,8,9,10,14,40
1,11,17,27,30,40|2,6,19,22,26,33|3,14,18,20,32,38
1,17,18,20,30,31|2,6,19,22,26,33|3,8,9,10,14,40|7,11,12,27,29,32
1,17,18,22,28,30|2,8,10,19,25,29|3,14,26,32,33,40
1,17,19,20,25,30|2,8,10,18,29,31|3,14,26,32,33,40
2,6,19,22,26,33|3,8,9,10,14,40|7,11,12,27,29,32
2,8,10,14,17,19|3,6,11,18,28,34|7,9,12,20,31,40
2,8,10,18,29,31|3,6,19,20,28,34|7,9,11,12,25,40
2,8,10,19,25,29|3,6,11,18,28,34|7,9,12,20,31,40
2,8,11,18,27,32|3,6,19,20,28,34|7,12,26,29,31,40
2,8,18,26,31,40|3,6,19,20,28,34|7,11,12,27,29,32
2,8,19,20,27,32|3,6,11,18,28,34|7,12,26,29,31,40
2,11,14,19,26,33|3,6,18,20,22,34|7,12,17,25,32,40
2,11,18,25,32,33|3,6,19,20,28,34|7,12,26,29,31,40
2,19,20,25,32,33|3,6,11,18,28,34|7,12,26,29,31,40
3,6,18,28,32,38|7,9,11,12,25,40|10,14,17,19,20,30
3,8,14,18,26,32|6,10,17,19,28,30|7,9,11,12,25,40
3,8,19,26,31,32|6,10,17,18,22,30|7,9,11,12,25,40
3,11,14,18,20,34|6,10,17,19,28,30|7,12,26,29,31,40
3,11,19,25,32,38|6,10,17,18,22,30|7,9,12,20,31,40
3,14,18,20,32,38|6,10,17,19,28,30|7,9,11,12,25,40
3,19,20,31,32,38|6,10,17,18,22,30|7,9,11,12,25,40
3,19,22,28,32,38|7,9,11,12,25,40|10,18,20,29,30,31
1,2,8,17,19,31|3,6,11,18,22,34|7,9,12,14,20,40
1,2,8,18,25,29|3,6,11,19,28,34|7,9,12,14,20,40
1,2,14,17,33,40|3,6,11,18,22,34|10,19,20,29,30,31
1,3,8,9,31,40|2,6,18,28,32,33|10,11,14,17,19,30
1,3,29,31,32,33|2,6,18,28,38,40|10,11,14,17,19,30
1,3,29,31,38,40|2,6,18,28,32,33|10,11,14,17,19,30
1,6,17,18,28,30|2,8,10,19,29,31|7,9,12,14,20,40
1,7,12,14,17,29|2,6,18,28,32,33|11,19,25,26,30,40
1,10,14,19,30,32|2,6,18,28,38,40|3,11,17,29,31,33
1,11,17,18,30,31|2,10,14,29,33,40|3,6,19,20,22,34
1,11,17,19,25,30|2,6,18,28,32,33|7,9,12,14,20,40
1,14,17,18,20,30|2,8,10,19,29,31|6,7,9,12,28,40
1,17,19,20,30,31|2,6,18,28,32,33|7,12,14,26,29,40
1,17,19,22,28,30|2,8,10,14,18,29|7,9,11,12,31,40
1,18,20,25,29,30|2,8,11,19,27,32|6,7,9,12,28,40
2,8,10,14,18,29|3,6,11,19,28,34|7,12,17,31,32,40
2,8,10,19,29,31|3,6,11,18,22,34|7,9,12,14,20,40
2,8,11,19,27,32|3,6,17,28,29,33|7,9,12,14,20,40
2,11,18,31,32,33|3,6,19,20,22,34|7,12,14,26,29,40
2,11,19,25,32,33|6,7,9,12,28,40|10,14,18,20,29,30
2,19,20,31,32,33|3,6,11,18,22,34|7,12,14,26,29,40
2,19,22,28,32,33|7,9,11,12,31,40|10,14,18,20,29,30
3,6,19,28,32,38|7,9,11,12,31,40|10,14,18,20,29,30
3,8,14,19,26,32|6,7,9,12,28,40|10,11,18,29,30,31
3,11,14,18,32,38|6,7,9,12,28,40|10,19,20,29,30,31
3,11,19,31,32,38|6,7,9,12,28,40|10,14,18,20,29,30
3,14,19,20,32,38|6,7,9,12,28,40|10,11,18,29,30,31
1,2,8,18,29,31|3,6,11,19,22,34|7,12,14,17,32,40
1,3,8,9,14,40|2,6,18,22,32,33|10,11,19,29,30,31
1,18,20,29,30,31|2,6,19,28,32,33|7,9,11,12,14,40
1,19,20,25,29,30|2,6,18,22,32,33|7,9,11,12,14,40
1,9,15,18,26,30|2,19,22,27,32,34|7,17,25,28,35,40
2,6,18,27,32,34|3,9,15,26,29,33|7,17,25,28,35,40
2,9,22,27,29,33|3,15,19,26,32,34|7,17,25,28,35,40
2,19,22,27,32,34|3,9,15,26,29,33|7,17,25,28,35,40
2,15,19,26,34,40|6,7,20,27,29,35|9,17,18,22,25,30
1,6,8,9,18,28|2,3,11,19,31,32|17,20,25,29,33,40
1,8,9,11,18,31|2,3,6,19,28,32|17,20,25,29,33,40
1,8,9,19,22,28|2,3,11,14,18,32|17,20,25,29,33,40
2,3,6,18,22,32|8,9,10,11,14,19|17,20,25,29,33,40
2,3,11,14,18,32|6,8,9,10,19,22|17,20,25,29,33,40
1,6,8,9,18,22|2,3,11,14,19,32|17,20,29,31,33,40
1,6,9,22,33,40|2,3,11,14,19,32|8,17,18,20,29,31
1,8,9,11,14,18|2,3,6,19,22,32|17,20,29,31,33,40
1,9,11,14,33,40|2,3,6,19,22,32|8,17,18,20,29,31
1,2,3,11,27,29|6,10,17,18,22,38|19,20,25,26,32,33
1,8,17,19,25,26|2,3,20,27,32,40|10,18,22,28,29,38
1,11,17,18,25,38|2,3,6,19,26,28|9,10,20,31,33,40
1,11,17,27,32,33|2,3,6,18,22,26|8,9,10,19,20,25
1,11,17,27,38,40|2,3,6,18,22,26|8,9,10,19,20,25
1,17,18,20,31,38|2,3,6,19,26,28|8,9,10,11,27,40
1,17,18,22,28,38|2,3,10,25,29,40|8,19,20,26,27,32
1,17,19,20,25,38|2,3,6,18,22,26|8,9,10,11,27,40
1,2,3,14,17,40|6,8,9,10,18,22|11,19,26,31,32,33
1,2,3,25,29,40|6,8,9,10,18,22|11,19,26,31,32,33
1,6,17,18,22,38|2,3,10,14,29,40|11,19,26,31,32,33
1,8,9,11,18,25|2,3,10,14,29,40|6,19,26,28,32,33
1,8,9,11,27,40|2,3,6,18,28,32|10,14,19,20,29,38
1,8,9,18,20,31|2,3,10,14,29,40|6,19,26,28,32,33
1,8,9,18,22,28|2,3,10,14,29,40|11,19,26,31,32,33
1,8,18,26,29,31|2,3,11,19,25,32|6,9,10,22,33,40
1,8,19,25,26,29|2,3,6,18,28,32|9,10,11,14,33,40
1,9,11,25,33,40|2,3,6,18,28,32|8,10,14,19,26,29
1,9,20,31,33,40|2,3,6,18,28,32|8,10,14,19,26,29
1,9,22,28,33,40|2,3,11,18,31,32|8,10,14,19,26,29
1,11,14,17,18,38|2,3,19,20,31,32|6,9,10,22,33,40
1,11,18,25,29,38|2,3,19,20,31,32|6,9,10,22,33,40
1,11,27,29,32,33|6,8,9,10,18,22|14,19,20,26,38,40
1,11,27,29,38,40|2,3,6,18,28,32|8,9,10,14,19,20
1,18,20,29,31,38|2,3,11,19,25,32|6,9,10,22,33,40
1,19,20,25,29,38|2,3,6,18,28,32|9,10,11,14,33,40
1,26,29,31,33,40|2,3,6,18,28,32|8,9,10,14,19,20
1,2,3,17,31,40|6,8,9,10,18,28|11,19,20,27,32,38
1,6,17,18,28,38|2,3,10,29,31,40|8,11,19,26,27,32
1,8,9,18,20,25|2,3,6,19,22,26|10,17,31,32,33,40
1,8,9,20,27,40|2,3,6,19,22,26|10,11,18,29,31,38
1,8,14,17,18,26|2,3,10,29,31,40|11,19,20,27,32,38
1,8,17,19,26,31|2,3,11,18,25,32|6,9,10,28,33,40
1,8,18,25,26,29|2,3,11,27,32,40|6,10,17,19,22,38
1,8,26,27,29,40|2,3,11,18,25,32|6,10,17,19,22,38
1,9,20,25,33,40|2,3,6,19,22,26|8,10,17,18,31,32
1,11,17,18,31,38|2,3,6,19,22,26|9,10,14,20,33,40
1,11,17,19,25,38|2,3,10,29,31,40|6,18,26,28,32,33
1,14,17,18,20,38|2,3,6,19,22,26|9,10,11,31,33,40
1,14,17,26,33,40|2,3,11,18,25,32|8,9,10,19,20,31
1,17,19,20,31,38|2,3,11,18,25,32|6,9,10,28,33,40
1,17,19,22,28,38|2,3,10,29,31,40|14,18,20,26,32,33
1,18,20,25,29,38|2,3,6,19,22,26|9,10,11,31,33,40
1,20,27,29,32,33|2,3,6,19,22,26|8,9,10,11,18,31
1,20,27,29,38,40|2,3,6,19,22,26|8,9,10,11,18,31
1,25,26,29,33,40|2,3,18,20,31,32|6,10,17,19,22,38
3,13,27,29,32,34|6,7,18,21,26,35|9,10,17,19,30,39
1,7,13,17,25,35|2,9,16,19,27,38|3,18,26,29,34,39
2,9,16,19,27,38|3,18,26,29,34,39|7,10,13,14,17,35
1,9,13,27,29,30|2,17,18,34,39,40|6,7,19,21,26,35
1,9,17,18,30,39|2,13,27,29,34,40|6,7,19,21,26,35
2,13,17,19,31,34|7,10,29,35,39,40|9,16,18,27,30,32
1,16,19,23,32,34|2,13,20,29,30,33|3,6,7,8,15,35
2,13,20,29,30,33|3,6,7,8,15,35|9,11,16,19,23,38
2,16,17,30,33,40|3,6,7,8,15,35|9,14,19,23,31,38
1,2,16,18,30,38|3,7,8,14,25,35|10,13,23,32,34,40
1,7,9,12,16,30|2,3,13,17,23,32|8,27,29,31,33,34
2,13,17,20,30,33|3,7,8,14,25,35|9,15,18,23,28,38
2,27,29,30,31,33|3,7,8,14,25,35|9,15,18,23,28,38
1,2,13,30,32,33|3,7,8,11,16,35|9,14,18,23,31,38
1,2,13,30,38,40|3,7,8,11,16,35|14,17,18,23,31,34
1,2,16,19,30,38|3,7,8,14,31,35|9,13,20,23,32,33
2,11,13,17,30,33|3,7,8,14,31,35|9,15,18,22,23,38
2,14,27,29,30,33|3,7,8,11,16,35|9,13,20,23,38,40
2,12,13,17,30,33|3,6,7,15,32,34|8,10,16,18,23,35
1,10,13,23,29,34|2,14,17,27,30,33|3,7,8,25,31,35
