2,7,12,19,31,32|3,6,17,18,28,30|8,9,11,27,33,40
2,10,19,30,31,40|3,7,12,14,17,29|8,9,11,18,25,33
1,2,13,15,23,32|3,8,21,29,31,38|6,7,12,14,16,34|11,17,22,30,33,39
1,6,13,30,31,38|2,8,14,17,21,33|3,9,11,15,16,23
1,11,13,15,30,38|2,6,8,17,33,39|3,9,14,16,22,23
1,13,14,22,30,38|2,6,8,17,33,39|3,9,11,15,16,23
1,21,30,31,38,40|2,6,8,17,33,39|3,9,11,15,16,23
2,11,13,15,17,23|3,8,21,29,31,38|6,7,12,14,16,34
2,13,22,23,25,29|6,7,12,14,16,34|11,17,21,30,31,33
2,13,23,28,29,31|6,7,12,14,16,34|11,17,22,30,33,39
2,17,21,23,31,40|3,8,22,29,38,39|6,7,12,14,16,34
2,17,22,23,39,40|3,8,21,29,31,38|6,7,12,14,16,34
3,8,21,29,31,38|6,7,12,14,16,34|11,17,22,30,33,39
3,8,22,29,38,39|6,7,12,14,16,34|11,17,21,30,31,33
3,21,23,25,29,32|6,7,12,14,16,34|8,13,17,28,30,31
3,23,28,29,32,39|6,7,12,14,16,34|8,13,17,22,25,30
1,2,8,13,15,38|3,6,9,16,23,25|7,11,12,14,21,34|17,20,22,30,33,39
1,3,6,8,34,39|2,11,21,23,27,29|7,12,15,16,32,38
1,3,8,14,21,34|2,6,13,17,23,25|7,12,15,16,32,38
1,3,8,15,16,34|2,6,13,17,23,25|7,12,14,21,32,38
1,6,13,25,30,38|2,8,17,21,31,33|3,9,11,22,23,39
1,8,13,15,26,30|2,11,21,23,27,29|6,7,12,16,31,34
1,8,21,27,30,32|2,6,13,17,23,25|7,11,12,15,16,34
1,13,14,28,30,38|2,8,17,21,31,33|3,6,9,16,23,25
1,13,15,20,30,38|2,8,17,21,31,33|3,6,9,16,23,25
1,21,25,30,32,33|2,13,14,17,23,28|6,7,11,12,34,39
1,21,25,30,38,40|2,8,17,22,33,39|3,9,14,16,23,28
1,28,30,32,33,39|2,6,13,17,23,25|7,11,12,14,21,34
1,28,30,38,39,40|2,6,13,17,23,25|7,11,12,14,21,34
2,6,13,17,23,25|3,8,28,29,38,39|7,11,12,14,21,34|10,15,16,30,32,33
2,8,17,22,33,39|3,6,9,16,23,25|7,11,12,14,21,34
2,11,21,23,27,29|3,6,8,17,38,39|7,12,14,15,31,34
2,13,14,17,23,28|3,8,21,25,29,38|6,7,11,12,34,39|10,15,16,30,32,33
2,13,15,17,20,23|3,8,21,25,29,38|6,7,11,12,34,39
2,13,17,22,23,31|3,8,21,25,29,38|6,7,11,12,34,39|10,15,16,30,32,33
2,13,23,25,28,29|3,6,8,17,38,39|7,11,12,14,21,34|10,15,16,30,32,33
2,15,23,27,29,31|3,6,8,17,38,39|7,11,12,14,21,34
2,16,22,23,27,29|3,6,8,17,38,39|7,11,12,14,21,34
2,17,21,23,25,40|3,8,28,29,38,39|6,7,12,16,31,34
2,17,23,28,39,40|3,8,21,25,29,38|6,7,12,16,31,34
3,6,8,17,38,39|7,11,12,14,21,34|10,15,16,30,32,33
3,6,9,16,23,25|7,11,12,14,21,34|8,15,17,27,30,31
3,6,9,20,23,39|7,11,12,14,21,34|8,13,17,25,28,30
3,6,9,21,23,28|7,11,12,15,16,34|17,20,22,30,33,39
3,6,23,26,29,39|7,11,12,14,21,34|8,13,17,25,28,30
3,8,14,17,21,38|6,7,11,12,34,39|10,15,16,30,32,33
3,8,15,16,17,38|6,7,11,12,34,39|10,14,21,30,32,33
3,8,21,25,29,38|6,7,11,12,34,39|10,15,16,30,32,33
3,8,28,29,38,39|6,7,12,16,31,34|10,14,21,30,32,33
3,9,11,21,23,31|6,7,12,32,38,39|8,13,17,25,28,30
3,9,11,22,23,39|6,7,12,16,31,34|8,13,17,25,28,30
3,9,14,15,23,25|6,7,11,12,34,39|8,16,17,22,27,30
3,9,14,16,23,28|6,7,11,12,34,39|8,15,17,27,30,31
3,9,14,20,21,23|6,7,11,12,34,39|8,13,17,25,28,30
3,9,15,16,20,23|6,7,11,12,34,39|8,13,17,25,28,30
3,9,16,22,23,31|6,7,11,12,34,39|8,13,17,25,28,30
3,14,21,23,26,29|6,7,11,12,34,39|8,13,17,25,28,30
3,15,16,23,26,29|6,7,11,12,34,39|8,13,17,25,28,30
3,17,21,23,31,32|6,7,11,12,34,39|10,15,16,30,38,40
3,17,22,23,32,39|6,7,12,16,31,34|10,14,21,30,38,40
1,2,6,33,38,39|3,9,11,21,23,25|7,12,14,16,28,34
1,2,14,21,33,38|3,9,11,23,28,39|6,7,12,16,25,34
1,2,15,16,33,38|3,9,11,21,23,25|6,7,12,20,34,39
1,3,8,21,31,34|2,6,16,17,23,27|7,12,22,32,38,39
1,3,8,22,34,39|2,6,16,17,23,27|7,12,21,31,32,38
1,6,16,27,30,38|2,8,17,21,25,33|3,9,11,23,28,39
1,6,26,30,33,39|2,10,13,15,23,32|3,8,17,21,31,38|7,12,14,16,28,34
1,13,22,25,30,38|2,6,16,17,23,27|7,11,12,21,31,34
1,13,28,30,31,38|2,6,16,17,23,27|7,11,12,22,34,39
1,14,15,27,30,38|2,8,17,21,25,33|3,9,11,23,28,39|7,12,16,22,31,34
1,14,21,26,30,33|2,6,16,17,23,27|7,11,12,22,34,39
1,15,16,26,30,33|2,13,17,22,23,25|6,7,12,20,34,39
2,6,16,17,23,27|7,11,12,21,31,34|10,13,14,22,30,38
2,8,17,21,25,33|3,9,11,23,28,39|6,10,13,30,31,38|7,12,15,16,20,34
2,8,17,28,33,39|3,9,11,21,23,25|6,10,13,30,31,38|7,12,15,16,20,34
2,10,13,15,23,32|3,8,17,21,31,38|6,7,12,16,25,34
2,13,17,22,23,25|6,7,12,20,34,39|10,21,30,31,32,33
2,13,17,23,28,31|6,7,12,16,25,34|10,22,30,32,33,39
2,14,15,17,23,27|6,7,12,16,25,34|10,21,30,31,32,33
2,15,23,25,27,29|3,8,17,21,31,38|6,7,12,20,34,39
2,16,23,27,28,29|3,8,17,21,31,38|6,7,12,20,34,39
2,20,21,23,27,29|3,8,17,22,38,39|6,7,12,16,25,34
3,8,17,21,31,38|6,7,12,16,25,34|10,22,30,32,33,39
3,8,17,22,38,39|6,7,12,16,25,34|10,21,30,31,32,33
3,9,11,21,23,25|6,7,12,20,34,39|8,16,17,27,28,30
3,9,11,23,28,39|6,7,12,16,25,34|8,17,20,21,27,30
3,9,15,23,25,31|6,7,12,20,34,39|8,16,17,27,28,30
3,9,16,22,23,25|6,7,12,20,34,39|10,11,13,15,30,38
3,9,16,23,28,31|6,7,12,20,34,39|8,15,17,25,27,30
3,9,20,21,23,31|6,7,12,16,25,34|10,11,13,15,30,38
3,9,20,22,23,39|6,7,12,16,25,34|10,11,13,15,30,38
3,9,21,22,23,28|6,7,12,16,25,34|10,11,13,15,30,38
3,17,21,23,25,32|6,7,12,20,34,39|10,11,13,15,30,38
3,17,23,28,32,39|6,7,12,16,25,34|10,11,13,15,30,38
3,21,23,26,29,31|6,7,12,16,25,34|10,11,13,15,30,38
3,22,23,26,29,39|6,7,12,16,25,34|8,17,20,21,27,30
1,2,11,18,27,30|3,7,12,17,25,29|6,10,19,28,33,34
1,2,19,20,27,30|3,7,12,17,25,29|6,10,18,22,33,34
1,3,7,9,12,14|2,10,18,25,30,40|8,17,19,20,27,38
1,3,14,18,26,30|2,7,12,27,32,40|6,10,19,28,33,34
1,3,19,26,30,31|2,7,12,18,25,32|10,17,23,27,29,40
2,7,12,14,19,26|3,10,18,30,31,32|11,17,27,33,38,40
2,7,12,18,25,32|3,17,20,27,30,40|6,10,19,28,33,34
2,7,12,27,32,40|3,17,18,20,25,30|6,10,19,28,33,34
1,2,11,19,27,30|3,7,12,17,29,31|8,9,18,20,25,33
1,3,14,19,26,30|2,7,12,18,31,32|8,9,20,27,33,40
1,9,10,14,19,23|2,3,8,17,18,31|20,27,29,33,38,40
2,7,12,18,31,32|3,11,17,27,30,40|6,10,19,22,33,34
1,2,7,12,27,29|3,10,14,19,26,30|17,18,20,25,33,38
1,3,7,9,12,31|2,10,11,19,27,30|8,17,18,25,26,33
2,7,12,19,26,31|3,10,18,25,30,32|17,20,27,33,38,40
1,7,11,12,21,38|2,6,8,25,27,33|3,10,14,15,17,23
1,7,12,15,31,38|2,6,8,25,27,33|3,10,16,23,28,29
1,7,12,16,22,38|2,6,8,25,27,33|3,10,14,15,17,23
1,8,10,13,28,30|2,22,23,25,27,40|3,11,20,21,33,38
1,10,11,21,30,33|2,18,23,25,28,31|3,8,14,22,27,38
1,10,15,30,31,33|2,22,23,25,27,40|3,8,13,20,28,38
1,10,16,22,30,33|2,18,23,25,28,31|3,8,11,15,27,38
3,6,13,20,23,26|7,8,10,12,21,32|11,22,25,27,30,33
3,11,13,22,23,26|6,20,25,27,30,33|7,8,10,12,21,32
3,15,23,25,26,40|7,8,10,12,21,32|11,27,28,30,31,33
3,16,23,26,28,40|6,20,25,27,30,33|7,8,10,12,21,32
1,7,12,15,25,38|2,8,27,28,31,33|3,10,11,17,21,23
1,7,12,16,28,38|2,8,22,25,27,33|3,10,11,17,21,23
1,7,12,20,21,38|2,8,22,25,27,33|3,10,15,17,23,31
2,23,25,27,28,40|3,8,20,21,26,33|6,7,10,12,16,38
3,11,13,23,26,28|6,7,10,12,16,38|20,22,25,27,30,33
3,13,20,22,23,26|6,7,10,12,16,38|11,25,27,28,30,33
1,7,8,12,21,32|2,6,18,23,25,31|3,11,14,15,33,38
1,8,10,21,30,40|2,6,18,23,25,31|3,11,14,15,33,38
2,11,18,20,21,23|3,6,14,31,33,38|7,8,12,16,17,22
2,13,20,23,28,40|3,6,11,16,33,38|7,8,12,15,17,31
2,15,18,20,23,31|3,6,11,16,33,38|8,22,25,27,30,40
2,15,19,20,23,25|3,6,11,16,33,38|8,27,28,30,31,40
2,16,18,20,22,23|3,6,14,31,33,38|7,8,11,12,17,21
2,16,19,20,23,28|3,6,14,31,33,38|7,8,11,12,17,21
3,6,10,16,23,29|7,8,11,12,17,21|25,28,30,31,33,40
3,6,14,23,27,32|7,8,11,12,17,21|25,28,30,31,33,40
3,10,14,15,23,29|6,11,27,30,31,33|7,8,12,16,17,22
3,11,13,23,28,32|6,14,20,27,30,33|7,8,12,15,17,31
3,14,15,23,26,40|6,11,27,30,31,33|7,8,12,16,17,22
1,6,7,12,16,38|2,8,11,15,27,33|3,13,20,23,28,32
1,6,10,16,30,33|2,14,18,23,25,28|3,8,13,20,22,38
1,7,12,14,15,38|2,6,8,27,31,33|3,10,11,21,23,29
1,8,10,13,22,30|2,6,23,25,27,40|3,11,15,31,33,38
1,10,14,15,30,33|2,6,23,25,27,40|3,8,11,13,28,38
3,6,11,13,23,26|7,8,12,15,17,25|14,20,22,27,30,33
3,10,11,21,23,29|6,20,27,30,31,33|7,8,12,15,17,25
3,10,15,23,29,31|6,11,25,27,30,33|7,8,12,16,17,28
3,10,16,22,23,29|6,11,25,27,30,33|7,8,12,17,20,21
3,11,21,23,26,40|6,20,27,30,31,33|7,8,12,15,17,25
3,15,23,26,31,40|6,11,25,27,30,33|7,8,12,16,17,28
3,16,22,23,26,40|6,11,25,27,30,33|7,8,12,17,20,21
2,6,14,18,23,31|7,8,11,12,21,29|15,22,28,30,33,40
2,6,14,19,23,25|7,8,11,12,21,29|15,20,30,31,33,40
2,6,15,18,22,23|7,8,11,12,21,29|14,28,30,31,33,40
2,6,15,19,23,28|7,8,11,12,21,29|14,22,25,30,33,40
3,6,11,13,23,32|7,8,12,15,29,31|14,22,25,30,33,40
3,15,23,31,32,40|6,11,13,20,30,33|7,8,12,16,22,29
2,14,15,18,20,23|3,6,8,11,13,38|22,25,30,31,33,40
2,14,18,22,23,31|3,6,8,11,13,38|15,20,25,30,33,40
2,14,19,22,23,25|3,6,8,11,13,38|16,20,28,30,33,40
2,14,19,23,28,31|3,6,8,11,13,38|15,20,25,30,33,40
2,15,19,20,23,31|3,6,8,11,13,38|14,25,28,30,33,40
2,16,19,20,22,23|3,6,8,11,13,38|14,25,28,30,33,40
3,6,13,20,23,32|7,8,12,14,15,17|22,25,30,31,33,40
3,11,13,22,23,32|6,7,8,12,16,17|14,25,28,30,33,40
3,15,23,25,32,40|6,7,8,12,16,17|11,13,20,22,30,33
3,16,23,28,32,40|6,11,14,27,30,33|7,8,12,15,25,29
1,10,13,16,30,38|2,18,23,26,31,39|3,8,21,22,27,34
3,9,10,15,21,23|7,12,17,31,38,39|14,16,26,27,30,33
2,8,15,18,21,38|3,17,23,29,31,39|14,16,27,30,32,33
2,19,23,25,32,39|3,6,14,21,33,34|15,16,18,28,30,38
3,6,15,16,33,34|7,8,9,12,14,39|13,25,30,31,38,40
1,2,13,16,23,29|3,8,14,34,39,40|6,18,21,30,31,38
2,8,13,16,32,33|3,14,17,23,29,39|6,18,21,30,31,38
2,8,14,19,38,39|3,15,17,21,23,29|13,16,20,30,32,33
2,8,15,19,21,38|3,14,17,23,29,39|13,16,20,30,32,33
2,14,18,23,32,39|3,6,8,13,15,34|19,21,22,30,31,38
2,19,23,31,32,39|3,6,8,13,15,34|14,18,21,22,30,38
1,3,9,23,31,39|2,8,13,14,27,38|10,15,17,21,30,33
2,8,18,25,38,39|3,13,16,23,26,32|10,15,17,21,30,33
2,13,23,27,31,32|3,6,21,25,33,34|7,12,14,17,38,39
2,15,18,21,23,26|3,6,28,33,34,39|11,13,27,30,31,38
3,6,8,21,27,34|7,12,14,17,38,39|13,15,26,28,30,33
3,6,28,33,34,39|7,12,15,17,21,38|8,13,14,26,27,30
3,8,13,25,31,34|7,12,14,17,38,39|21,27,28,30,32,33
3,8,14,16,27,34|7,12,15,17,21,38|10,25,29,30,33,39
3,13,16,23,26,32|7,8,9,12,25,39|10,15,17,21,30,33
3,14,21,28,33,34|7,8,9,12,25,39|11,13,27,30,31,38
3,15,16,28,33,34|7,8,9,12,25,39|11,13,27,30,31,38
3,15,20,21,33,34|6,13,27,28,30,38|7,8,9,12,25,39
3,21,22,31,33,34|6,13,27,28,30,38|7,8,9,12,25,39
1,2,13,16,17,23|3,6,21,31,33,34|8,19,25,26,30,39
1,3,9,15,21,23|2,8,18,31,38,39|11,13,16,26,30,33
2,10,13,16,23,29|3,6,21,31,33,34|8,19,25,26,30,39
2,13,14,23,27,32|3,6,21,31,33,34|8,19,25,26,30,39
2,13,16,23,26,40|3,6,21,31,33,34|11,18,25,30,38,39
2,14,19,23,26,39|3,6,21,31,33,34|8,10,13,16,17,30
2,15,19,21,23,26|3,6,22,33,34,39|8,10,13,16,17,30
2,18,23,25,32,39|3,6,21,31,33,34|8,10,13,16,17,30
2,23,27,32,39,40|3,6,21,31,33,34|8,10,13,16,17,30
3,8,13,14,25,34|7,12,29,31,38,39|21,22,27,30,32,33
3,8,13,15,28,34|7,12,29,31,38,39|21,22,27,30,32,33
3,8,13,16,20,34|7,12,29,31,38,39|21,22,27,30,32,33
3,11,15,21,33,34|6,13,22,27,30,38|7,8,9,12,31,39
3,15,16,22,33,34|7,8,9,12,31,39|11,13,14,27,30,38
2,3,13,20,23,25|7,10,11,12,30,39|8,15,27,28,33,38
1,2,7,8,12,39|3,15,25,28,30,33|16,20,23,27,38,40
1,7,12,21,28,30|2,3,6,15,23,27|8,13,20,25,33,38
2,3,6,15,23,27|7,10,12,14,16,30|8,13,20,25,33,38
2,3,8,16,25,33|6,7,10,12,21,30|15,23,27,28,38,40
2,3,8,20,33,39|6,7,10,12,21,30|14,23,25,27,38,40
2,3,11,13,23,25|6,7,10,12,21,30|8,14,27,31,33,38
2,3,13,20,23,31|6,7,10,12,21,30|8,11,16,27,33,38
2,3,13,22,23,28|6,7,10,12,21,30|8,11,16,27,33,38
1,6,7,12,21,30|2,3,8,14,16,33|11,13,23,25,38,40
1,7,12,14,16,30|2,3,6,8,21,33|11,13,23,25,38,40
1,7,11,12,38,39|2,8,14,25,27,33|3,6,10,17,21,23
1,7,12,16,31,38|2,8,14,25,27,33|3,6,10,17,21,23
1,7,12,21,22,38|2,8,14,25,27,33|3,6,13,23,26,28
3,6,13,23,26,28|7,8,10,12,32,39|11,25,27,30,31,33
3,11,13,23,26,31|6,25,27,28,30,33|7,8,10,12,32,39
3,13,14,20,23,26|6,25,27,28,30,33|7,8,10,12,32,39
3,16,23,25,26,40|7,8,10,12,32,39|15,20,27,28,30,33
3,21,23,26,28,40|7,8,10,12,32,39|11,25,27,30,31,33
1,7,8,12,26,39|3,10,16,17,23,31|22,25,27,28,30,33
1,7,12,20,38,39|2,8,25,27,31,33|3,10,17,21,22,23
1,7,12,21,28,38|2,8,25,27,31,33|3,10,11,17,23,39
3,13,20,23,26,31|6,7,10,12,21,38|22,25,27,28,30,33
3,13,22,23,26,28|6,7,10,12,21,38|20,25,27,30,31,33
2,6,16,18,22,23|7,8,11,12,29,39|14,25,30,31,33,40
2,6,16,19,23,28|7,8,11,12,29,39|14,25,30,31,33,40
3,6,13,22,23,32|7,8,11,12,29,39|14,25,30,31,33,40
3,11,13,14,23,32|7,8,12,16,29,31|15,22,25,30,33,40
3,11,23,32,39,40|6,13,20,22,30,33|7,8,12,16,29,31
3,16,23,31,32,40|6,11,13,28,30,33|7,8,12,21,22,29
3,21,22,23,32,40|6,11,13,28,30,33|7,8,12,16,29,31
2,6,15,18,23,25|3,8,11,13,14,38|20,21,28,30,33,40
2,6,18,20,21,23|3,8,11,13,14,38|15,25,28,30,33,40
2,11,13,23,25,40|3,6,14,15,33,38|7,8,12,20,29,39
2,11,16,18,23,31|3,6,8,13,22,38|15,25,28,30,33,40
2,11,16,19,23,25|3,6,8,13,22,38|20,21,28,30,33,40
2,11,18,21,22,23|3,6,14,15,33,38|7,8,12,16,25,29
2,11,19,20,23,39|3,6,8,13,22,38|15,25,28,30,33,40
2,11,19,21,23,28|3,6,8,13,22,38|16,20,25,30,33,40
2,13,20,23,31,40|3,6,14,15,33,38|7,8,12,16,25,29
2,13,22,23,28,40|3,6,14,15,33,38|7,8,12,16,25,29
2,14,15,18,23,28|3,6,8,13,22,38|16,20,25,30,33,40
2,14,16,18,20,23|3,6,8,13,22,38|15,25,28,30,33,40
2,14,19,23,25,31|3,6,8,13,22,38|20,21,28,30,33,40
2,15,18,22,23,31|3,8,11,13,14,38|16,20,25,30,33,40
2,15,19,22,23,25|3,8,11,13,14,38|20,21,28,30,33,40
2,15,19,23,28,31|3,6,8,13,22,38|16,20,25,30,33,40
2,16,19,20,23,31|3,6,8,13,22,38|15,25,28,30,33,40
2,16,19,22,23,28|3,6,14,15,33,38|7,8,12,20,29,39
2,19,20,21,22,23|3,6,14,15,33,38|7,8,12,16,25,29
3,11,13,23,31,32|6,7,8,12,17,21|15,25,28,30,33,40
3,13,14,20,23,32|6,7,8,12,17,21|15,25,28,30,33,40
3,16,23,25,32,40|6,7,8,12,17,21|11,13,20,30,31,33
3,20,23,32,39,40|6,7,8,12,17,21|11,13,22,28,30,33
3,21,23,28,32,40|6,11,15,27,30,33|7,8,12,14,16,17
1,7,8,12,32,39|2,11,16,18,23,25|3,6,15,31,33,38
1,8,10,13,14,30|2,11,16,18,23,25|3,6,15,31,33,38
1,8,10,30,39,40|2,11,16,18,23,25|3,6,15,31,33,38
2,13,20,23,25,40|3,6,11,21,33,38|7,8,12,16,17,31
2,14,18,23,25,31|3,6,8,13,28,38|11,15,22,27,30,33
2,15,18,22,23,25|3,6,8,13,28,38|11,14,27,30,31,33
2,15,19,23,25,28|3,6,11,21,33,38|7,8,12,16,17,31
2,16,18,20,23,31|3,6,8,13,28,38|11,15,22,27,30,33
2,16,18,22,23,28|3,6,11,21,33,38|8,25,27,30,31,40
2,16,19,20,23,25|3,6,8,13,28,38|11,14,27,30,31,33
2,18,20,21,22,23|3,6,8,13,28,38|11,14,27,30,31,33
2,19,20,21,23,28|3,6,15,31,33,38|7,8,11,12,17,39
3,6,10,21,23,29|7,8,11,12,17,39|13,20,22,28,30,33
3,6,15,23,27,32|7,8,11,12,17,39|13,20,22,28,30,33
3,6,21,23,26,40|7,8,11,12,17,39|13,20,22,28,30,33
3,10,14,16,23,29|6,15,20,27,30,33|7,8,11,12,17,39
3,11,13,23,25,32|6,14,27,28,30,33|7,8,12,16,17,31
3,13,20,23,31,32|6,14,27,28,30,33|7,8,11,12,17,39
3,13,22,23,28,32|6,15,20,27,30,33|7,8,11,12,17,39
3,14,16,23,26,40|6,15,20,27,30,33|7,8,11,12,17,39
1,6,7,12,21,38|2,8,11,16,27,33|3,13,20,23,25,32
1,6,10,21,30,33|2,14,23,25,27,40|3,8,13,20,31,38
1,7,12,14,16,38|2,8,13,20,25,33|3,10,11,23,29,39
1,8,10,13,30,31|2,14,23,25,27,40|3,6,16,28,33,38
1,10,14,16,30,33|2,15,18,23,25,28|3,8,13,20,31,38
3,6,13,22,23,26|7,8,12,16,17,25|11,15,27,28,30,33
3,10,11,23,29,39|6,22,25,27,30,33|7,8,12,17,21,28
3,10,16,23,29,31|6,22,25,27,30,33|7,8,12,17,20,39
3,10,21,22,23,29|6,27,28,30,31,33|7,8,12,16,17,25
3,11,13,14,23,26|6,22,25,27,30,33|7,8,12,17,20,39
3,11,23,26,39,40|6,22,25,27,30,33|7,8,12,17,21,28
3,16,23,26,31,40|6,22,25,27,30,33|7,8,12,17,20,39
3,21,22,23,26,40|6,27,28,30,31,33|7,8,12,16,17,25
2,6,11,19,21,23|7,8,12,14,16,29|15,22,30,31,33,40
2,6,15,19,23,31|7,8,12,14,16,29|11,21,22,30,33,40
2,11,14,16,19,23|6,7,8,12,21,29|15,22,30,31,33,40
2,14,15,19,22,23|6,7,8,12,21,29|11,16,30,31,33,40
1,6,8,21,29,33|3,11,14,16,30,40|15,19,22,23,31,32
1,8,14,16,29,33|3,6,11,21,30,40|15,19,22,23,31,32
1,6,8,17,21,33|3,11,13,14,20,30|10,16,23,29,31,40
1,8,14,16,17,33|3,6,11,13,28,30|10,21,22,23,29,40
1,8,16,25,29,33|3,6,11,13,28,30|14,15,19,22,23,26
1,8,20,29,33,39|3,6,11,13,28,30|14,15,19,22,23,26
1,8,21,28,29,33|3,6,13,20,22,30|11,14,16,19,23,26
1,11,13,23,25,29|2,3,6,14,15,33|8,16,19,20,31,38
1,13,20,23,29,31|2,3,6,14,15,33|8,11,16,19,25,38
1,13,22,23,28,29|2,3,6,14,15,33|8,11,16,18,31,38
1,17,21,22,23,40|2,3,6,14,15,33|8,11,16,18,31,38
2,3,6,14,15,33|8,11,13,25,38,40|16,18,20,23,31,32
3,6,11,13,28,30|8,10,14,16,29,33|15,18,22,23,25,32
3,6,13,20,22,30|8,10,14,16,29,33|11,18,21,23,28,32
3,11,13,14,20,30|6,8,10,21,29,33|15,18,22,23,25,32
3,11,16,25,30,40|6,8,10,21,29,33|14,15,19,22,23,26
3,11,20,30,39,40|6,8,10,21,29,33|14,15,19,22,23,26
3,14,25,30,31,40|6,8,10,21,29,33|11,18,20,23,32,39
3,15,22,25,30,40|6,8,10,21,29,33|11,14,16,19,23,26
3,15,28,30,31,40|6,8,10,21,29,33|11,14,16,19,23,26
3,16,20,30,31,40|6,8,10,21,29,33|14,15,19,22,23,26
3,16,22,28,30,40|6,8,10,21,29,33|11,18,20,23,32,39
3,20,21,22,30,40|6,8,15,18,25,38|10,11,13,14,23,29
1,8,11,29,33,39|3,6,15,25,30,40|14,16,18,20,23,32
1,8,16,29,31,33|3,6,11,13,22,30|14,15,18,23,28,32
1,8,21,22,29,33|3,6,15,25,30,40|11,16,18,23,31,32
1,16,23,25,29,40|3,6,11,13,22,30|8,14,15,19,28,38
1,20,23,29,39,40|3,6,11,13,22,30|8,14,15,19,28,38
1,21,23,28,29,40|3,6,11,13,22,30|8,14,16,19,20,38
3,14,15,28,30,40|6,8,11,18,21,38|16,19,20,23,31,32
3,14,16,20,30,40|6,8,11,18,21,38|15,19,22,23,25,32
1,2,6,7,12,21|3,11,13,20,25,30|8,10,14,16,17,33|15,18,22,23,26,31
1,2,7,12,14,16|3,6,15,20,27,30|8,10,21,28,29,33|11,13,23,25,26,40
1,6,15,17,23,27|2,3,8,11,13,25|20,21,28,33,38,40
1,8,16,17,25,33|3,6,14,27,28,30|10,13,20,23,29,31
1,8,17,20,33,39|3,6,14,27,28,30|10,11,13,23,25,29
1,8,17,21,28,33|3,6,15,20,27,30|10,11,13,23,25,29
1,10,13,14,23,32|2,3,6,8,15,27|16,20,25,33,38,40
1,10,23,32,39,40|2,3,6,8,15,27|11,13,20,31,33,38
1,11,13,17,23,25|2,3,6,8,15,27|20,21,28,33,38,40
1,13,17,22,23,28|2,3,6,8,15,27|16,20,25,33,38,40
2,3,6,8,15,27|10,11,13,14,17,23|16,20,25,33,38,40
2,3,6,15,25,33|8,16,20,27,38,40|10,11,13,14,17,23
2,3,6,16,28,33|8,14,25,27,38,40|10,13,20,23,29,31
2,3,6,20,21,33|8,14,25,27,38,40|10,13,22,23,28,29
2,3,8,11,13,25|6,10,15,23,27,29|20,21,28,33,38,40
2,3,8,13,22,28|6,10,15,23,27,29|16,20,25,33,38,40
2,3,11,16,31,33|6,10,13,17,22,23|8,14,25,27,38,40
2,3,11,21,22,33|6,10,15,23,27,29|8,16,18,20,25,38
2,3,14,15,28,33|6,10,13,17,22,23|8,16,18,20,25,38
2,3,14,16,20,33|6,10,13,17,22,23|8,15,18,25,28,38
2,3,15,22,31,33|6,16,18,23,26,28|8,14,25,27,38,40
3,6,14,27,28,30|8,10,16,25,29,33|11,18,21,22,23,26
3,6,15,20,27,30|8,10,14,16,17,33|11,13,23,25,26,40
3,6,22,27,30,31|8,10,14,16,17,33|11,13,23,25,26,40
3,11,13,20,25,30|6,8,10,17,21,33|14,15,18,23,26,28
3,11,14,27,30,31|6,8,10,17,21,33|13,22,23,26,28,40
3,11,15,22,27,30|6,8,10,17,21,33|13,20,23,26,31,40
3,13,20,22,28,30|6,8,10,17,21,33|11,16,18,23,26,31
1,8,11,17,33,39|3,6,13,20,28,30|10,16,23,25,29,40
1,8,16,17,31,33|3,6,11,15,27,30|10,13,14,20,23,29
1,8,17,21,22,33|3,6,11,15,27,30|10,13,14,20,23,29
1,11,13,17,23,31|2,3,6,16,22,33|8,15,19,25,28,38
1,11,16,23,27,29|2,3,6,8,13,28|14,25,31,33,38,40
1,13,14,17,20,23|2,3,6,11,21,33|8,15,18,22,25,38
1,13,20,23,25,29|2,3,6,11,21,33|8,14,27,31,38,40
1,14,23,27,29,31|2,3,6,8,13,28|11,16,25,33,38,40
1,15,22,23,27,29|2,3,6,8,13,28|11,16,25,33,38,40
1,17,21,23,28,40|2,3,6,15,31,33|8,11,16,18,25,38
2,3,6,11,21,33|8,13,20,25,38,40|14,15,18,22,23,26
2,3,6,15,31,33|8,11,16,18,25,38|10,13,14,20,23,29
2,3,6,16,22,33|8,11,18,20,38,39|10,21,23,28,29,40
2,3,8,21,28,40|6,13,20,22,33,38|11,14,16,18,23,26
2,3,11,14,16,33|6,10,13,23,28,29|8,15,18,22,25,38
2,3,14,15,22,33|6,10,13,23,28,29|8,11,16,18,25,38
3,6,11,15,27,30|8,10,16,29,31,33|13,14,20,23,26,40
3,6,13,20,28,30|8,10,11,29,33,39|14,15,18,22,23,26
3,6,14,22,27,30|8,10,11,29,33,39|15,18,23,25,28,32
3,11,13,20,30,31|6,10,17,21,23,40|8,15,18,22,25,38
3,11,13,22,28,30|6,10,17,21,23,40|8,14,18,25,31,38
1,2,7,12,21,28|3,11,25,27,30,31|8,10,17,20,33,39
1,3,10,11,30,39|6,22,25,27,33,38|18,20,21,23,26,28
1,3,10,16,30,31|6,22,25,27,33,38|18,20,21,23,26,28
1,3,10,21,22,30|6,27,28,31,33,38|16,18,20,23,25,26
1,8,10,13,31,38|2,3,15,25,28,33|16,20,23,26,27,40
1,2,7,11,12,39|3,6,22,25,27,30|8,10,16,17,31,33|19,20,21,23,26,28
1,2,7,12,16,31|3,6,22,25,27,30|8,10,11,17,33,39|19,20,21,23,26,28
1,2,7,12,21,22|3,6,27,28,30,31|8,10,11,17,33,39|13,20,23,25,26,40
1,3,6,10,21,30|8,11,13,20,27,38|14,18,23,25,26,31
1,8,10,13,14,38|2,3,11,16,25,33|15,18,23,26,28,31
1,8,10,32,33,39|3,6,22,25,27,30|11,18,21,23,26,28
1,8,10,38,39,40|2,3,11,16,25,33|15,18,23,26,28,31
2,3,11,20,33,39|6,10,13,17,23,28|8,25,27,31,38,40
2,3,11,21,28,33|8,25,27,31,38,40|10,13,14,17,20,23
2,3,15,28,31,33|8,11,13,20,27,38|10,16,17,23,25,40
2,3,16,22,28,33|8,11,13,20,27,38|14,18,23,25,26,31
2,3,20,21,22,33|6,10,13,17,23,28|8,25,27,31,38,40
3,6,22,25,27,30|8,10,11,17,33,39|15,18,23,26,28,31
3,6,27,28,30,31|8,10,11,17,33,39|13,20,23,25,26,40
3,11,15,27,28,30|8,10,16,17,31,33|13,20,23,25,26,40
3,14,22,27,28,30|8,10,11,17,33,39|13,20,23,25,26,40
1,2,14,33,38,39|3,9,16,23,25,31|7,12,15,20,21,34
1,3,8,31,34,39|2,6,17,21,23,27|10,11,13,16,30,38
1,6,21,27,30,38|2,8,17,25,33,39|7,12,15,16,28,34
1,13,25,30,31,38|2,6,17,21,23,27|7,12,14,20,34,39
1,14,16,27,30,38|2,8,17,25,33,39|3,9,21,23,28,31
1,14,26,30,33,39|2,6,17,21,23,27|7,12,15,16,28,34
1,15,21,26,30,33|2,10,13,16,23,32|3,8,17,31,38,39
2,6,17,21,23,27|7,11,12,31,34,39|10,13,15,22,30,38
2,8,17,25,33,39|3,9,21,23,28,31|10,11,13,16,30,38
2,10,13,16,23,32|3,8,17,31,38,39|6,7,12,21,25,34
2,14,16,17,23,27|6,7,12,21,25,34|10,13,15,22,30,38
2,16,23,25,27,29|3,8,17,31,38,39|7,12,14,21,28,34
2,20,23,27,29,39|6,7,12,21,25,34|10,11,13,16,30,38
2,21,23,27,28,29|3,8,17,31,38,39|7,12,14,16,25,34
3,9,11,23,25,39|7,12,14,21,28,34|10,13,15,22,30,38
3,9,16,23,25,31|6,7,12,28,34,39|10,13,15,22,30,38
3,9,20,23,31,39|6,7,12,21,25,34|10,11,13,16,30,38
3,9,21,22,23,25|6,7,12,28,34,39|10,11,13,16,30,38
3,9,21,23,28,31|7,12,14,16,25,34|8,17,20,27,30,39
3,9,22,23,28,39|6,7,12,21,25,34|10,11,13,16,30,38
3,17,23,25,32,39|7,12,14,21,28,34|10,11,13,16,30,38
3,23,26,29,31,39|6,7,12,21,25,34|10,11,13,16,30,38
1,2,8,13,16,38|3,6,9,21,23,25|7,11,12,14,34,39
1,3,8,15,21,34|2,11,23,27,29,39|16,17,25,30,31,33
1,8,13,16,26,30|2,11,23,27,29,39|6,7,12,21,31,34
1,8,27,30,32,39|2,13,14,17,23,25|6,7,12,21,31,34
1,13,14,25,30,38|2,8,17,31,33,39|3,9,15,16,23,28
1,13,15,28,30,38|2,8,17,31,33,39|3,6,9,21,23,25
1,13,16,20,30,38|2,8,17,31,33,39|3,6,9,21,23,25
1,25,30,32,33,39|2,13,15,17,23,28|6,7,12,21,31,34
1,25,30,38,39,40|2,13,15,17,23,28|6,7,12,21,31,34
2,8,17,31,33,39|3,6,9,21,23,25|7,12,15,16,22,34
2,11,23,27,29,39|3,8,15,17,21,38|7,12,14,16,31,34
2,13,15,17,23,28|3,8,25,29,38,39|6,7,12,21,31,34
2,13,16,17,20,23|3,8,25,29,38,39|6,7,12,21,31,34
2,16,23,27,29,31|3,8,14,17,38,39|7,11,12,15,21,34
3,6,9,21,23,25|7,11,12,14,34,39|8,16,17,27,30,31
3,6,9,23,28,39|7,11,12,15,21,34|8,16,17,27,30,31
3,9,11,23,31,39|6,10,13,15,30,38|7,12,14,21,22,34
3,9,14,16,23,25|6,7,12,21,31,34|8,11,17,27,30,39
3,9,14,21,23,28|6,7,12,22,34,39|8,16,17,27,30,31
3,9,15,16,23,28|6,7,12,21,31,34|8,11,17,27,30,39
3,9,15,20,21,23|6,7,12,22,34,39|8,16,17,27,30,31
3,9,21,22,23,31|6,10,13,15,30,38|7,11,12,14,34,39
3,15,21,23,26,29|6,7,12,22,34,39|8,16,17,27,30,31
3,17,23,31,32,39|6,10,13,15,30,38|7,12,14,21,22,34
1,2,13,16,23,32|3,8,29,31,38,39|6,7,12,14,21,34
2,11,13,16,17,23|3,8,29,31,38,39|6,7,12,14,21,34
2,13,14,17,23,31|6,7,12,15,16,34|8,20,27,29,30,39
2,13,15,17,22,23|3,8,29,31,38,39|6,7,12,14,21,34
2,13,23,25,29,31|6,7,12,14,21,34|15,16,17,28,30,33
2,17,23,31,39,40|6,7,12,14,21,34|8,10,13,16,30,32
3,8,29,31,38,39|6,7,12,14,21,34|15,16,17,28,30,33
3,9,11,14,23,39|6,7,12,15,16,34|8,13,17,25,30,31
3,9,14,21,22,23|6,7,12,15,16,34|8,13,17,25,30,31
3,9,15,16,22,23|6,7,12,14,21,34|8,13,17,25,30,31
3,14,17,23,32,39|6,7,12,15,16,34|8,21,27,28,29,30
3,23,25,29,32,39|6,7,12,14,21,34|15,16,17,28,30,33
2,16,17,23,25,27|3,8,10,31,34,39|7,12,15,21,26,38
1,3,8,25,34,39|2,16,17,23,27,31|10,13,15,28,30,38
1,26,30,31,33,39|2,8,10,13,16,38|3,9,21,23,25,28
2,8,10,13,16,38|3,9,20,23,25,39|7,12,21,28,31,34
3,9,20,23,25,39|7,12,21,28,31,34|8,10,13,16,26,30
3,9,21,23,25,28|7,12,20,31,34,39|8,10,13,16,26,30
3,14,17,23,26,39|7,12,16,25,31,34|10,13,15,28,30,38
3,15,17,21,23,26|7,11,12,25,34,39|10,13,16,20,30,38
3,23,25,26,29,39|7,12,21,28,31,34|10,13,16,20,30,38
1,7,12,16,26,31|2,6,25,27,28,33|3,8,10,17,20,39
1,7,12,21,22,26|2,6,25,27,28,33|3,8,10,17,20,39
1,2,8,10,13,14|3,6,11,15,27,38|7,12,16,17,20,31
1,2,8,10,39,40|3,6,11,15,27,38|7,12,14,17,25,31
1,3,8,17,21,28|2,6,15,20,27,33|7,10,12,14,16,32
1,6,10,13,28,30|2,8,25,27,31,40|3,11,14,16,26,33|7,12,17,20,21,22
1,7,12,16,25,32|2,6,14,27,28,33|3,8,10,20,29,39
1,7,12,20,32,39|2,6,14,27,28,33|3,8,10,16,25,29
1,7,12,21,28,32|2,6,15,20,27,33|3,8,10,14,16,17
1,10,11,13,30,31|2,6,14,27,28,33|3,8,16,25,26,40|7,12,17,20,21,22
1,10,13,14,20,30|2,6,22,27,31,33|3,8,16,25,26,40|7,11,12,17,21,28
1,10,16,25,30,40|2,6,14,27,28,33|3,8,11,13,26,31|7,12,17,20,21,22
1,10,20,30,39,40|2,6,14,27,28,33|3,8,11,13,26,31|7,12,15,17,22,25
1,10,21,28,30,40|2,6,15,20,27,33|3,8,11,13,26,31
2,6,14,27,28,33|3,8,10,16,25,29|7,11,12,17,20,39
2,8,11,13,20,27|3,6,15,26,31,33|7,10,12,14,16,32
2,8,25,27,31,40|3,6,11,21,26,33|7,10,12,14,16,32
3,6,8,13,26,28|7,10,12,14,16,32|20,25,27,30,31,40
3,6,11,21,26,33|7,10,12,14,16,32|20,25,27,30,31,40
3,6,15,26,31,33|7,10,12,14,16,32|22,25,27,28,30,40
3,8,11,13,26,31|6,7,10,12,21,32|22,25,27,28,30,40
3,8,13,14,20,26|6,7,10,12,21,32|22,25,27,28,30,40
3,11,13,20,31,38|6,7,10,12,21,32|22,25,27,28,30,40
3,11,13,22,28,38|6,7,10,12,21,32|20,25,27,30,31,40
3,11,14,16,26,33|6,7,10,12,21,32|20,25,27,30,31,40
3,14,15,22,26,33|6,7,10,12,21,32|20,25,27,30,31,40
1,2,8,10,13,31|3,6,14,27,28,38|7,12,16,17,20,25
1,2,10,14,16,33|3,6,8,15,26,27|7,12,17,20,21,28
1,3,8,10,32,39|2,6,22,25,27,33|7,12,17,20,21,28
1,6,7,12,21,26|2,11,14,25,27,33|3,8,10,16,17,31
1,6,10,15,27,30|3,8,11,13,25,26|7,12,17,20,21,28
1,7,12,14,16,26|2,6,22,25,27,33|3,8,10,11,17,39
1,3,6,8,17,21|2,11,13,14,20,33|7,12,15,22,25,29
1,3,8,14,16,17|2,6,11,13,28,33|7,12,15,22,25,29
1,3,8,16,25,29|2,6,11,13,28,33|7,12,14,15,17,22
1,3,8,20,29,39|2,6,11,13,28,33|7,12,14,15,17,22
1,3,8,21,28,29|2,6,13,20,22,33|7,11,12,14,16,17
1,6,7,12,21,32|2,8,11,16,18,25|3,14,15,28,38,40
1,6,10,21,30,40|2,8,11,16,18,25|3,14,15,28,32,33
1,7,12,14,16,32|2,6,11,13,28,33|3,15,22,31,38,40
1,10,14,16,30,40|2,6,11,13,28,33|7,12,15,22,25,29
2,6,11,13,28,33|3,8,10,14,16,29|15,18,20,22,25,30
2,6,13,20,22,33|3,8,10,14,16,29|11,15,18,25,28,30
2,8,11,16,18,25|3,6,20,21,32,33|7,12,14,15,17,22
2,8,11,16,27,40|3,6,15,25,32,33|7,12,20,21,22,29
2,8,11,18,20,39|3,6,15,25,32,33|7,12,16,22,28,29
2,8,11,18,21,28|3,6,15,25,32,33|7,12,16,20,29,31
2,8,13,20,25,40|3,6,16,28,32,33|7,12,14,15,17,22
2,8,14,27,31,40|3,6,11,13,22,38|15,19,20,25,28,30
2,8,15,18,22,25|3,6,16,28,32,33|7,11,12,20,29,39
2,8,15,19,25,28|3,6,11,13,22,38|7,12,16,20,29,31
2,8,15,22,27,40|3,6,16,28,32,33|7,11,12,20,29,39
2,8,16,18,22,28|3,6,15,25,32,33|7,11,12,20,29,39
2,8,16,19,20,25|3,6,11,13,22,38|7,12,15,28,29,31
2,8,18,20,21,22|3,6,15,25,32,33|7,11,12,14,16,17
2,8,19,20,21,28|3,6,11,13,22,38|7,12,14,25,29,31
2,11,13,14,20,33|3,6,8,10,21,29|19,22,25,28,30,31
2,11,16,25,33,40|3,6,8,10,21,29|7,12,14,15,17,22
2,11,20,33,39,40|3,6,8,10,21,29|7,12,14,15,17,22
2,11,21,28,33,40|3,6,8,15,27,32|7,12,14,25,29,31
2,14,25,31,33,40|3,6,8,10,21,29|16,18,20,22,28,30
2,15,22,25,33,40|3,6,8,10,21,29|7,11,12,14,16,17
2,15,28,31,33,40|3,6,8,10,21,29|7,11,12,14,16,17
2,16,20,31,33,40|3,6,8,10,21,29|7,12,14,15,17,22
2,16,22,28,33,40|3,6,8,10,21,29|14,18,20,25,30,31
2,20,21,22,33,40|3,6,8,15,27,32|7,11,12,14,16,17
3,6,8,10,21,29|7,11,12,14,16,17|15,18,20,22,25,30
3,6,8,15,27,32|7,11,12,14,16,17|19,22,25,28,30,31
3,6,8,21,26,40|7,11,12,14,16,17|15,18,20,22,25,30
3,6,20,21,32,33|7,11,12,14,16,17|19,22,25,28,30,31
3,6,20,21,38,40|7,11,12,14,16,17|19,22,25,28,30,31
3,8,10,14,16,29|6,7,11,12,17,21|15,18,20,22,25,30
3,8,11,13,25,32|6,7,12,15,17,31|14,22,27,28,30,40
3,8,13,20,31,32|6,7,11,12,17,21|14,18,22,25,28,30
3,8,13,22,28,32|6,7,11,12,17,21|14,18,20,25,30,31
3,8,14,16,26,40|6,7,11,12,17,21|15,18,20,22,25,30
3,14,16,20,32,33|6,7,11,12,17,21|19,22,25,28,30,31
3,14,16,20,38,40|6,7,11,12,17,21|19,22,25,28,30,31
1,3,8,16,17,31|2,6,11,15,27,33|7,12,20,21,28,29
1,3,8,17,21,22|2,6,11,15,27,33|7,12,16,20,25,29
1,6,10,13,22,30|2,8,14,25,27,40|3,11,20,32,33,39
1,7,11,12,32,39|2,6,13,20,28,33|3,8,10,16,29,31
1,7,12,16,31,32|2,6,11,15,27,33|3,8,10,21,22,29
1,7,12,21,22,32|2,6,11,15,27,33|3,8,10,16,29,31
1,10,11,13,14,30|2,8,15,18,25,28|3,16,20,31,32,33
1,10,11,30,39,40|2,6,13,20,28,33|3,8,14,27,31,32
1,10,16,30,31,40|2,6,11,15,27,33|3,8,13,20,25,32
1,10,21,22,30,40|2,6,11,15,27,33|3,8,13,20,25,32
2,6,13,20,28,33|3,8,10,11,29,39|7,12,15,17,22,31
2,6,14,22,27,33|3,8,10,11,29,39|15,18,20,25,28,30
2,8,14,25,27,40|3,6,11,13,28,38|7,12,15,17,22,31
2,8,15,18,25,28|3,6,13,20,22,38|7,11,12,16,17,31
2,8,15,27,28,40|3,6,13,20,22,38|7,11,12,16,17,31
2,8,16,18,20,25|3,6,11,13,28,38|7,12,15,17,22,31
2,8,16,20,27,40|3,6,11,13,28,38|7,12,15,17,22,31
2,8,18,20,21,28|3,6,14,15,26,33|7,11,12,16,17,31
2,11,13,20,31,33|3,8,10,21,22,29|6,7,12,15,17,25
2,11,13,22,28,33|3,8,10,16,29,31|6,7,12,15,17,25
2,15,25,28,33,40|3,6,8,13,22,26|7,11,12,16,17,31
2,16,20,25,33,40|3,6,8,13,22,26|7,12,14,15,17,28
2,20,21,28,33,40|3,6,8,13,22,26|7,11,12,16,17,31
3,6,8,13,22,26|7,11,12,16,17,31|14,20,25,27,30,40
3,8,10,11,29,39|6,7,12,15,17,25|22,27,28,30,31,40
3,8,11,13,14,26|6,7,12,15,17,25|22,27,28,30,31,40
3,11,13,14,20,38|6,7,12,15,17,25|22,27,28,30,31,40
3,11,16,25,32,33|6,7,12,17,20,21|22,27,28,30,31,40
3,11,20,32,33,39|6,7,12,15,17,25|22,27,28,30,31,40
1,3,6,8,21,29|2,11,14,16,33,40|15,19,20,22,30,31
1,3,8,14,16,29|2,6,11,21,33,40|15,19,20,22,30,31
2,6,8,13,28,40|7,11,12,14,16,29|15,19,20,22,30,31
2,6,8,16,19,28|7,12,14,15,22,29|11,13,20,30,31,40
3,8,16,31,32,40|6,7,11,12,21,29|14,15,18,20,22,30
3,8,21,22,32,40|6,7,12,15,29,31|11,14,16,18,20,30
1,3,8,11,29,39|2,6,15,25,33,40|14,18,22,28,30,31
1,3,8,16,29,31|2,6,11,13,22,33|14,15,18,20,28,30
1,3,8,21,22,29|2,6,15,25,33,40|11,16,18,20,30,31
2,6,8,15,18,25|3,11,14,16,32,33|13,20,22,28,30,40
2,6,8,16,18,28|3,14,15,22,32,33|11,13,20,25,30,40
2,6,8,18,20,21|3,11,14,16,32,33|7,12,15,22,29,31
2,6,11,13,22,33|3,8,16,25,32,40|7,12,14,15,28,29
2,6,15,25,33,40|3,8,11,13,31,32|7,12,14,16,20,29
2,6,16,28,33,40|3,8,11,13,31,32|15,19,20,22,25,30
2,6,20,21,33,40|3,8,11,13,31,32|7,12,14,15,28,29
2,8,11,13,25,40|3,6,15,31,32,33|7,12,14,16,20,29
2,8,11,16,18,31|3,14,15,22,32,33|6,7,12,20,21,29
2,8,11,16,19,25|3,6,15,31,32,33|13,20,22,28,30,40
2,8,11,18,21,22|3,6,15,31,32,33|7,12,14,16,20,29
2,8,11,19,21,28|3,6,15,31,32,33|7,12,14,16,20,29
2,8,13,20,31,40|3,6,11,21,32,33|7,12,14,15,28,29
2,8,13,22,28,40|3,6,11,21,32,33|7,12,14,16,20,29
2,8,14,16,18,20|3,6,11,21,32,33|7,12,15,22,29,31
2,8,14,19,25,31|3,6,11,21,32,33|13,20,22,28,30,40
2,8,15,18,22,31|3,6,11,21,32,33|7,12,14,16,20,29
2,8,15,19,22,25|3,6,11,21,32,33|7,12,14,16,20,29
2,8,15,19,28,31|3,6,11,21,32,33|7,12,14,16,20,29
2,8,16,19,20,31|3,6,11,21,32,33|7,12,14,15,28,29
2,11,16,31,33,40|3,6,8,13,28,32|15,19,20,22,25,30
2,11,21,22,33,40|3,6,8,13,28,32|7,12,14,16,20,29
2,14,15,28,33,40|3,8,11,13,31,32|6,7,12,20,21,29
2,14,16,20,33,40|3,6,8,13,28,32|7,11,12,21,22,29
2,15,22,31,33,40|3,6,8,13,28,32|7,12,14,16,20,29
3,6,8,13,28,32|7,11,12,16,29,31|15,19,20,22,25,30
3,6,16,22,32,33|7,12,14,15,28,29|11,13,20,25,30,40
3,8,11,13,31,32|6,7,12,14,15,17|16,19,20,22,28,30
3,8,13,14,20,32|6,7,12,15,25,29|11,16,18,22,28,30
3,8,16,25,32,40|6,7,12,14,15,17|11,18,20,21,22,30
3,8,20,32,39,40|6,7,12,14,15,17|11,16,18,22,28,30
3,8,21,28,32,40|6,7,12,14,15,17|11,16,18,20,30,31
3,11,14,16,32,33|6,7,12,15,25,29|13,20,22,28,30,40
3,14,15,22,32,33|6,7,12,16,28,29|11,13,20,25,30,40
1,3,9,14,29,33|2,17,19,31,38,40|6,7,11,18,28,35
1,17,27,29,30,40|2,6,9,18,22,33|7,11,19,20,31,35
2,27,29,32,33,40|3,6,9,19,22,38|7,11,14,18,20,35
1,3,8,19,31,35|6,7,9,17,22,40|12,18,27,29,30,32
1,7,9,12,27,32|2,10,18,25,34,40|3,17,19,26,31,38
1,7,10,31,35,40|2,8,9,18,20,27|3,14,17,19,26,38
1,7,9,26,31,40|2,12,17,19,27,38|3,8,10,18,25,35
1,2,18,25,34,40|3,8,9,19,26,31|7,12,17,27,29,32
1,3,9,14,17,33|2,8,19,26,27,29|7,11,18,20,25,35
1,7,10,14,35,40|2,8,9,11,18,27|3,17,19,20,31,34
2,9,18,22,28,33|3,10,14,19,32,34|7,11,20,27,35,40
2,10,14,18,34,40|3,8,9,19,26,31|7,12,17,27,29,32
2,10,19,31,34,40|3,6,9,18,28,38|7,12,17,27,29,32
2,14,17,19,26,33|3,6,9,18,28,38|7,11,20,27,35,40
2,17,18,25,32,33|3,8,9,19,26,31|7,11,20,27,35,40
2,19,25,26,29,33|3,6,9,18,28,38|7,11,20,27,35,40
3,8,9,19,26,31|7,11,18,20,25,35|10,17,27,29,30,40
3,9,19,22,28,38|7,11,18,20,25,35|10,17,27,29,30,40
3,10,14,19,32,34|7,9,11,12,27,29|17,18,25,26,30,40
1,7,9,14,26,40|2,12,18,27,29,38|3,8,10,19,25,35
1,3,9,29,31,33|2,8,17,19,27,32|6,7,18,20,28,35
1,9,10,14,19,30|2,17,18,31,32,33|3,11,27,29,34,40
3,8,9,27,32,40|6,7,18,20,28,35|10,17,19,25,29,30
3,9,25,32,33,40|6,7,18,20,28,35|11,19,26,27,29,30
