1,13,18,22,34,38|3,6,7,14,27,35|9,10,17,19,21,23
2,15,17,18,27,30|3,7,11,13,28,35|10,19,21,32,33,34
3,7,11,13,28,35|8,9,15,18,27,38|10,19,21,32,33,34
3,7,13,20,22,35|8,9,15,18,27,38|10,19,21,32,33,34
1,9,18,21,23,29|2,13,17,19,22,30|3,6,7,16,35,40
2,6,13,17,18,30|3,7,14,15,35,40|16,19,28,29,33,34
2,13,17,19,22,30|3,6,7,16,35,40|8,9,18,21,32,33
2,13,18,28,29,30|3,6,7,16,35,40|9,14,15,19,33,38
2,15,19,27,29,30|3,6,7,16,35,40|8,9,18,21,32,33
3,6,7,16,35,40|8,9,13,19,22,38|11,18,21,29,33,34
3,7,14,15,35,40|6,8,9,13,18,38|16,19,28,29,33,34
1,18,21,32,33,34|2,15,17,19,27,30|3,6,7,13,20,35
2,15,17,19,27,30|3,6,7,13,20,35|9,10,18,21,23,29
3,6,7,13,20,35|8,9,15,19,27,38|11,17,18,21,33,34
3,7,15,25,35,40|6,9,13,18,23,26|16,17,19,28,33,34
3,7,16,28,35,40|6,9,13,18,23,26|8,15,17,19,27,34
3,7,20,21,35,40|6,9,13,18,23,26|8,15,17,19,27,34
3,9,15,27,30,40|8,13,17,18,28,34|19,21,26,29,33,38
3,18,21,26,29,30|8,9,15,19,27,38|13,17,28,33,34,40
1,6,13,19,34,38|2,15,18,27,29,30|3,7,11,21,35,40
1,9,17,19,21,23|2,15,18,27,29,30|3,6,7,11,13,35
1,19,21,32,33,34|2,13,17,18,22,30|3,7,15,31,35,40
2,13,17,18,22,30|3,7,11,21,35,40|9,15,19,23,27,32
2,13,17,19,28,30|3,7,11,21,35,40|6,9,16,18,33,38
2,15,18,27,29,30|3,6,7,11,13,35|9,16,19,22,33,38
3,6,7,11,13,35|8,15,18,27,29,34|9,16,19,22,33,38
3,7,11,21,35,40|6,9,13,19,23,26|8,15,18,27,29,34
3,7,15,31,35,40|6,9,13,19,23,26|16,18,28,29,33,34
3,7,16,22,35,40|6,9,13,19,23,26|8,15,18,27,29,34
3,17,18,21,30,32|6,9,13,19,23,26|15,27,29,33,34,40
1,15,19,23,27,35|2,7,13,17,22,29|3,9,12,18,21,30
3,7,9,15,29,31|6,10,13,18,23,35|12,17,19,21,33,34
3,7,9,16,22,29|6,10,13,18,23,35|12,17,19,21,33,34
1,10,18,21,29,34|2,3,9,15,27,40|13,17,19,22,26,38
2,3,9,13,28,40|6,14,17,18,27,34|10,12,19,21,33,35
1,12,18,21,33,35|2,3,9,13,22,40|6,14,17,19,27,34
2,3,9,13,22,40|6,14,17,19,27,34|18,21,26,29,32,33
1,17,18,21,29,30|2,6,9,13,33,40|7,11,15,19,31,35
2,6,9,16,19,33|3,13,22,29,34,40|7,11,14,15,18,35
2,9,14,15,19,33|3,6,16,18,29,34|7,11,13,22,35,40
1,2,19,21,34,40|3,6,9,13,32,33|7,11,15,18,31,35
2,6,9,16,18,33|3,13,28,29,34,40|7,11,15,19,25,35
2,8,9,13,19,28|3,11,18,21,29,34|6,7,14,27,35,40
2,9,11,19,21,33|3,6,13,17,34,40|7,14,15,18,20,35
2,9,13,22,33,40|3,6,16,17,19,34|7,11,15,18,31,35
2,9,14,15,18,33|3,6,13,17,34,40|7,11,16,19,28,35
2,9,15,19,31,33|3,6,13,17,34,40|7,11,16,18,22,35
2,9,16,19,22,33|3,6,13,17,34,40|7,11,15,18,31,35
2,13,19,28,29,38|3,8,9,18,21,32|6,7,14,27,35,40
2,17,19,21,32,33|3,6,9,13,38,40|7,11,15,18,31,35
2,17,19,21,38,40|3,6,9,13,32,33|7,11,15,18,31,35
3,6,9,13,32,33|7,11,15,18,31,35|10,17,19,21,29,30
3,6,9,13,38,40|7,11,15,18,31,35|10,17,19,21,29,30
3,6,13,17,34,40|7,11,15,18,31,35|9,14,19,22,27,30
3,8,9,18,21,32|6,7,14,27,35,40|13,19,26,28,29,30
3,9,21,32,33,40|6,7,14,18,25,35|13,19,26,28,29,30
3,11,18,21,29,34|6,7,14,27,35,40|9,13,19,20,28,30
3,13,28,29,34,40|6,7,14,18,25,35|9,11,15,19,27,30
3,15,18,29,31,34|6,7,14,27,35,40|9,13,19,20,28,30
3,15,19,25,29,34|6,7,14,27,35,40|9,11,13,18,28,30
3,16,18,22,29,34|6,7,14,27,35,40|9,13,19,20,28,30
3,18,21,29,32,38|6,7,14,27,35,40|9,13,19,20,28,30
1,2,6,13,18,34|3,9,11,19,21,38|7,14,22,27,35,40
1,2,13,19,22,34|3,6,9,16,18,38|7,11,15,27,35,40
1,2,18,21,34,40|3,9,13,22,32,33|7,14,19,25,28,35
1,3,9,21,29,33|2,6,13,17,18,38|7,11,15,27,35,40
1,3,19,21,32,34|2,6,13,17,18,38|7,11,15,27,35,40
2,6,13,17,18,38|3,15,27,29,34,40|7,14,19,25,28,35
2,8,9,13,18,28|3,11,17,19,21,34|6,7,27,31,35,40
2,8,9,15,19,27|3,6,16,17,18,34|7,13,20,28,35,40
2,9,11,18,21,33|3,13,17,22,34,40|7,14,19,25,28,35
2,9,13,28,33,40|3,6,16,17,18,34|7,15,19,20,25,35
2,9,15,18,31,33|3,11,17,19,21,34|7,13,20,28,35,40
2,9,15,19,25,33|3,6,16,17,18,34|7,13,20,28,35,40
2,9,16,18,22,33|3,11,17,19,21,34|6,7,27,31,35,40
2,9,16,19,28,33|3,13,17,22,34,40|6,7,18,25,31,35
2,9,19,20,21,33|3,6,16,17,18,34|7,11,15,27,35,40
2,13,17,19,22,38|3,15,18,25,29,34|6,7,27,31,35,40
2,13,18,28,29,38|3,11,17,19,21,34|6,7,27,31,35,40
2,15,19,27,29,38|3,6,16,17,18,34|7,13,20,28,35,40
2,17,18,21,32,33|3,9,13,22,38,40|7,14,19,25,28,35
2,17,18,21,38,40|3,9,13,22,32,33|7,14,19,25,28,35
2,19,21,26,29,33|3,6,9,16,18,38|7,11,15,27,35,40
3,6,9,16,18,38|7,11,15,27,35,40|13,17,19,22,26,30
3,9,13,22,32,33|6,7,18,25,31,35|15,19,26,27,29,30
3,9,13,22,38,40|6,7,18,25,31,35|15,19,26,27,29,30
3,9,14,15,18,38|6,7,27,31,35,40|13,17,19,22,26,30
3,9,15,19,31,38|6,13,17,18,26,30|7,14,22,27,35,40
3,13,17,22,34,40|6,7,18,25,31,35|9,14,19,27,28,30
1,2,13,18,22,34|3,8,9,19,21,26|6,7,25,27,35,40
1,2,13,19,28,34|3,9,11,18,21,38|6,7,25,27,35,40
1,3,18,21,32,34|2,9,15,27,33,40|7,19,25,28,31,35
1,9,10,19,21,30|2,13,17,18,22,38|6,7,25,27,35,40
2,6,10,13,19,34|3,9,11,18,21,38|7,14,27,28,35,40
2,9,15,27,33,40|3,11,17,18,21,34|7,19,25,28,31,35
2,9,16,18,28,33|3,15,17,19,25,34|7,22,27,31,35,40
2,10,19,21,34,40|3,9,13,28,32,33|7,15,18,20,25,35
2,13,17,18,22,38|3,8,9,19,21,26|6,7,25,27,35,40
3,9,11,18,21,38|6,7,25,27,35,40|13,17,19,26,28,30
3,9,15,18,31,38|6,7,25,27,35,40|13,17,19,26,28,30
3,9,15,19,25,38|7,14,27,28,35,40|13,17,18,22,26,30
3,9,16,18,22,38|6,7,25,27,35,40|13,17,19,26,28,30
3,9,16,19,28,38|6,7,25,27,35,40|13,17,18,22,26,30
3,9,19,20,21,38|6,7,25,27,35,40|13,17,18,22,26,30
1,2,13,18,28,34|3,9,10,21,29,33|7,22,25,27,35,40
1,2,15,19,27,34|3,6,9,13,26,33|7,18,25,28,31,35
1,3,9,17,21,33|2,6,10,13,18,34|7,22,25,27,35,40
1,6,7,10,13,35|2,15,17,19,27,38|3,8,9,18,21,26
1,7,10,21,35,40|2,13,17,18,28,38|3,9,15,27,32,33
2,10,13,19,22,34|3,8,9,18,21,26|7,27,28,31,35,40
2,13,17,18,28,38|3,9,10,21,29,33|7,22,25,27,35,40
2,15,17,19,27,38|3,6,9,13,26,33|7,18,25,28,31,35
2,17,19,21,26,33|3,9,15,18,25,38|7,27,28,31,35,40
3,9,10,21,29,33|7,18,25,28,31,35|15,17,19,26,27,30
2,10,13,18,22,34|3,17,19,21,26,38|7,25,27,28,35,40
6,9,18,32,38,39|12,13,15,17,33,35|14,19,21,26,29,34
6,19,26,29,34,39|9,14,18,21,32,38|12,13,15,17,33,35
2,6,13,17,27,34|7,10,21,25,29,35|9,18,26,28,30,39
2,13,27,28,29,34|6,7,10,17,35,39|9,18,21,25,26,30
2,17,18,21,25,34|6,9,13,26,27,30|7,10,28,29,35,39
2,17,18,28,34,39|6,7,13,25,26,35|9,10,21,27,29,30
1,7,17,21,31,35|2,9,18,22,38,39|3,13,15,26,29,34
1,7,17,22,35,39|2,9,18,21,31,38|3,13,15,26,29,34
2,9,18,21,31,38|3,13,15,26,29,34|7,16,22,27,32,35
2,9,18,22,38,39|3,13,15,26,29,34|7,11,21,27,32,35
2,9,19,21,25,38|3,13,15,26,29,34|7,16,22,27,32,35
2,9,19,28,38,39|3,13,15,26,29,34|7,11,21,27,32,35
2,17,18,21,31,34|7,10,22,29,35,39|9,13,27,28,30,32
1,7,21,25,29,35|2,6,9,18,38,39|3,13,15,17,32,34
1,7,28,29,35,39|2,9,14,18,21,38|3,13,15,17,32,34
1,9,21,27,29,30|2,6,17,18,34,39|7,13,22,25,32,35
2,6,9,18,38,39|3,13,15,17,32,34|7,10,14,21,29,35
2,6,17,18,34,39|3,9,13,15,32,38|7,10,14,21,29,35
2,9,14,18,21,38|3,13,15,17,32,34|6,7,10,29,35,39
2,9,19,21,31,38|3,13,15,17,32,34|6,7,10,29,35,39
2,9,19,22,38,39|3,13,15,17,32,34|7,10,14,21,29,35
2,14,17,18,21,34|3,9,13,15,32,38|6,7,10,29,35,39
2,15,16,17,18,34|6,7,10,29,35,39|9,13,22,27,30,32
2,17,19,21,31,34|3,9,13,15,32,38|6,7,10,29,35,39
2,17,19,22,34,39|3,9,13,15,32,38|7,10,14,21,29,35
2,18,21,25,29,34|3,9,13,15,32,38|6,7,26,35,39,40
2,18,28,29,34,39|3,9,13,15,32,38|7,14,21,26,35,40
3,13,15,17,32,34|6,7,10,29,35,39|9,14,18,21,26,30
1,9,13,15,17,30|2,18,21,29,31,34|7,28,32,35,39,40
2,18,21,29,31,34|6,7,13,25,32,35|9,15,16,19,26,30
2,18,22,29,34,39|6,7,13,25,32,35|9,14,19,21,26,30
2,6,17,21,26,30|8,9,15,25,28,34|10,12,23,32,35,39
2,9,15,25,28,30|6,8,17,21,26,34|10,12,23,32,35,39
2,9,16,20,25,30|6,8,17,21,26,34|10,12,23,32,35,39
2,9,20,21,28,30|6,15,17,25,34,38|10,12,23,32,35,39
2,14,16,17,26,30|8,9,15,25,28,34|10,12,23,32,35,39
2,16,25,26,29,30|6,17,20,21,34,38|10,12,23,32,35,39
2,21,26,28,29,30|6,15,17,25,34,38|10,12,23,32,35,39
1,6,21,32,34,38|2,9,11,16,25,30|12,17,20,23,35,39
1,14,16,32,34,38|2,9,11,20,30,39|12,17,21,23,28,35
1,12,23,32,35,39|2,6,9,15,25,30|8,14,16,26,29,34
2,9,14,15,28,30|6,8,21,26,29,34|11,12,17,23,35,39
2,9,14,16,20,30|6,8,21,26,29,34|11,12,17,23,35,39
2,9,15,22,30,31|6,8,21,26,29,34|11,12,17,23,35,39
2,14,16,26,29,30|6,8,9,15,25,34|11,12,17,23,35,39
2,6,9,11,21,30|8,14,16,17,32,34|12,20,23,29,35,39
2,6,9,15,30,31|8,14,16,17,32,34|12,20,23,29,35,39
2,6,17,21,30,32|8,9,11,14,16,34|12,20,23,29,35,39
2,9,11,14,16,30|6,8,17,21,32,34|12,20,23,29,35,39
2,9,14,15,22,30|6,8,17,21,32,34|12,16,23,25,29,35
2,14,16,17,30,32|6,8,9,11,21,34|12,20,23,29,35,39
2,20,29,30,32,39|6,8,9,11,21,34|12,14,16,17,23,35
2,21,28,29,30,32|6,8,9,15,31,34|12,14,16,17,23,35
2,6,7,16,27,35|3,9,13,15,26,30|17,18,21,31,34,38
2,7,13,22,25,35|3,9,21,27,30,32|17,19,28,34,38,39
2,7,13,28,31,35|3,9,21,27,30,32|17,18,22,34,38,39
2,9,13,22,27,30|3,7,21,25,32,35|17,19,28,34,38,39
2,9,13,27,28,30|3,6,7,26,35,39|17,18,21,25,34,38
2,6,7,35,39,40|3,9,13,15,30,32|14,18,21,29,34,38
2,7,14,21,35,40|3,9,13,15,30,32|6,18,29,34,38,39
2,9,18,21,30,31|3,6,7,32,35,39|13,15,17,34,38,40
2,9,18,22,30,39|3,7,14,21,32,35|13,15,17,34,38,40
2,9,19,21,25,30|3,6,7,32,35,39|13,15,17,34,38,40
2,9,19,28,30,39|3,7,14,21,32,35|13,15,17,34,38,40
2,6,9,13,27,30|3,7,21,31,32,35|15,16,17,18,34,38
2,9,18,21,25,30|3,7,22,32,35,39|6,13,27,29,34,38
2,9,18,28,30,39|3,7,21,31,32,35|6,13,27,29,34,38
2,9,21,27,30,40|3,7,22,32,35,39|13,15,26,29,33,34
2,9,13,15,33,38|7,8,21,27,32,35|17,18,28,30,34,39
2,13,15,17,33,34|7,8,21,27,32,35|9,18,28,30,38,39
1,2,7,8,16,35|3,13,20,30,32,34|9,14,23,27,29,38
1,7,14,25,30,35|2,3,8,13,32,34|9,16,23,26,29,33
1,7,15,28,30,35|2,3,8,13,32,34|9,14,23,27,29,38
1,7,16,20,30,35|2,3,8,13,32,34|9,14,23,27,29,38
2,3,8,13,32,34|6,7,10,15,30,35|9,14,23,27,29,38
6,7,10,15,30,35|8,9,16,17,33,38|13,23,26,32,34,40
2,7,14,25,29,34|3,8,27,30,31,35|9,12,13,17,23,38
2,7,15,28,29,34|3,8,27,30,31,35|9,12,13,17,23,38
2,7,16,20,29,34|3,8,27,30,31,35|9,12,13,17,23,38
1,9,14,23,27,34|2,7,8,10,16,35|3,13,26,30,32,38
2,7,8,10,16,35|3,11,13,26,30,34|9,14,17,23,27,38
1,7,25,30,31,35|2,3,9,16,17,23|8,10,13,29,34,38
2,3,9,16,17,23|7,10,14,30,31,35|8,13,26,32,33,34
2,3,16,32,33,34|7,10,14,30,31,35|8,9,13,17,23,26
2,3,16,34,38,40|7,10,14,30,31,35|8,9,13,17,23,26
1,9,12,13,30,38|2,8,14,27,33,35|6,7,15,26,29,34
1,12,13,17,30,34|2,8,14,27,33,35|7,9,11,16,32,38
2,9,12,13,17,23|3,11,16,33,35,38|6,7,15,26,29,34
1,2,9,13,23,32|6,15,18,26,30,34|7,8,14,17,25,35
1,6,7,15,35,38|2,8,9,16,17,33|10,11,13,29,30,34
2,6,15,18,34,38|3,9,16,17,23,32|12,14,27,30,33,35
2,9,11,13,17,23|3,16,32,34,38,40|12,14,27,30,33,35
2,9,14,23,27,29|3,8,12,13,35,38|6,15,18,26,30,34
2,11,13,34,38,40|3,9,16,17,23,32|12,14,27,30,33,35
2,15,19,22,34,38|3,9,16,17,23,32|12,14,27,30,33,35
1,7,8,16,32,35|2,6,15,19,34,38|9,14,17,30,31,33
1,9,16,30,32,33|2,6,15,19,34,38|7,8,14,17,31,35
2,6,15,19,34,38|3,12,13,23,32,35|8,9,27,29,30,31
2,9,13,20,23,29|6,15,19,26,30,34|7,8,11,16,17,35
2,9,16,17,23,40|6,15,19,26,30,34|7,8,25,29,31,35
2,11,16,18,23,35|7,14,29,31,32,34|8,9,12,13,17,30
2,14,18,23,31,35|7,11,16,29,32,34|8,9,12,13,17,30
2,14,19,23,25,35|7,11,16,29,32,34|8,9,12,13,17,30
2,15,18,22,23,35|7,11,16,29,32,34|8,9,12,13,17,30
2,15,19,23,28,35|7,11,16,29,32,34|8,9,12,13,17,30
2,16,19,20,23,35|7,14,29,31,32,34|8,9,12,13,17,30
2,9,11,13,23,29|6,7,8,15,17,35|14,18,30,31,32,34
2,27,31,32,33,34|3,9,16,17,23,26|7,10,15,22,35,38
2,8,25,27,33,35|6,7,9,15,26,38|10,12,13,17,30,34
3,23,25,27,32,35|6,7,9,15,26,38|10,12,13,17,30,34
1,7,8,16,26,35|2,9,10,13,23,32|17,25,27,29,30,38
2,9,14,17,23,27|3,8,13,26,32,34|6,7,10,15,35,38
2,9,23,25,27,29|3,8,13,26,32,34|6,7,10,15,35,38
2,10,16,29,33,34|3,12,13,23,26,35|8,9,17,25,27,30
2,15,18,28,34,38|3,12,13,23,26,35|8,9,17,25,27,30
2,16,18,20,34,38|3,12,13,23,26,35|8,9,17,25,27,30
2,16,26,33,34,40|6,7,10,15,35,38|8,9,17,25,27,30
1,2,8,13,17,34|3,9,16,23,26,29|12,27,30,31,33,35
1,3,8,9,16,34|2,13,17,23,26,29|12,27,30,31,33,35
1,3,16,29,34,38|2,9,13,17,20,23|12,27,30,31,33,35
1,7,11,16,35,38|2,8,10,13,29,34|9,17,25,30,31,33
1,7,15,22,35,38|2,8,10,13,29,34|9,17,25,30,31,33
1,13,17,20,30,34|2,9,23,27,29,31|3,12,16,33,35,38
1,27,29,30,31,34|2,9,13,17,20,23|3,12,16,33,35,38
2,9,13,17,20,23|3,12,16,33,35,38|14,18,26,30,31,34
2,13,17,23,26,29|3,12,16,33,35,38|25,27,30,32,34,40
2,13,20,34,38,40|3,9,16,23,26,29|7,8,17,25,31,35
2,14,19,25,34,38|3,9,16,23,26,29|12,27,30,31,33,35
2,15,18,22,34,38|3,9,16,23,26,29|7,8,17,25,31,35
2,15,19,28,34,38|3,9,16,23,26,29|7,8,17,25,31,35
1,9,16,17,23,29|3,11,12,13,30,35|6,15,18,32,34,38
3,11,12,13,30,35|6,15,18,32,34,38|9,16,23,26,29,40
2,6,7,9,15,32|3,11,13,20,30,35|12,16,17,29,33,34
1,2,6,7,15,35|3,9,11,16,17,30|8,10,13,29,32,34
1,2,9,11,13,30|8,14,17,27,29,34|12,16,19,23,26,35
1,2,13,17,30,32|8,9,14,27,29,38|12,16,19,23,26,35
1,3,9,16,30,32|8,14,17,27,29,34|11,12,13,33,35,38
1,8,9,11,13,34|2,14,17,27,29,30|12,16,19,23,26,35
1,8,9,13,32,38|2,14,17,27,29,30|12,16,19,23,26,35
1,8,13,17,32,34|3,9,25,29,30,31|12,16,19,23,26,35
1,12,13,17,23,35|2,3,16,32,34,40|8,9,14,27,29,38
2,3,16,32,34,40|6,9,15,17,33,38|10,12,13,23,29,35
2,10,13,29,30,32|6,9,15,17,33,38|12,16,19,23,26,35
2,16,19,26,30,32|6,9,15,17,33,38|10,12,13,23,29,35
3,9,14,17,30,31|8,10,13,29,32,34|12,16,19,23,26,35
3,9,15,17,22,30|8,10,13,29,32,34|12,16,19,23,26,35
3,12,13,20,30,35|6,9,15,17,33,38|8,16,19,26,32,34
6,9,15,17,33,38|8,10,13,29,32,34|12,16,19,23,26,35
1,3,9,16,26,30|2,7,10,14,31,35|25,27,32,34,38,40
1,13,17,20,34,38|2,7,10,11,16,35|9,23,26,27,29,31
1,27,29,31,34,38|2,7,10,11,16,35|9,13,17,20,23,26
2,7,10,11,16,35|8,9,17,27,31,38|13,20,26,32,33,34
2,7,10,14,31,35|9,13,17,20,23,26|25,27,32,34,38,40
2,7,10,15,22,35|8,9,17,27,31,38|13,20,26,32,33,34
1,2,7,11,16,35|3,9,14,17,25,30|6,15,19,26,34,38
1,2,7,14,31,35|3,9,15,17,28,30|8,16,18,26,32,34
1,2,7,15,22,35|3,9,14,17,25,30|8,16,18,26,32,34
1,8,13,26,29,34|2,3,12,16,33,35|9,14,17,23,27,32
1,16,17,32,33,34|3,12,14,27,30,35|9,13,20,23,26,29
1,16,17,34,38,40|3,12,14,27,30,35|9,13,20,23,26,29
2,3,11,13,32,34|8,9,27,29,31,38|12,16,18,23,26,35
2,3,12,16,33,35|6,15,19,26,34,38|9,14,17,23,27,32
3,9,15,17,28,30|8,12,13,26,33,35|10,16,29,34,38,40
3,12,14,27,30,35|6,15,19,26,34,38|9,10,16,17,23,29
8,12,13,26,33,35|9,10,16,17,23,29|14,18,25,32,34,38
1,17,23,27,31,35|2,6,7,9,15,26|10,12,13,29,34,38
2,6,7,9,15,26|3,11,25,27,30,35|10,12,13,29,34,38
2,7,9,25,31,32|3,22,27,28,30,35|10,12,13,29,34,38
1,2,7,14,25,35|3,9,10,16,30,32|6,15,18,26,34,38
1,2,7,15,28,35|3,9,10,16,30,32|8,17,25,27,29,34
1,2,7,16,20,35|3,9,17,25,30,31|6,15,18,26,34,38
1,2,9,14,27,30|6,15,18,26,34,38|10,12,13,17,23,35
1,8,9,14,27,34|2,6,7,10,15,35|16,17,26,29,33,38
1,9,13,23,26,32|2,6,7,10,15,35|8,17,25,27,29,34
1,11,13,17,34,38|2,6,7,10,15,35|9,14,23,26,27,29
1,14,27,29,34,38|2,6,7,10,15,35|3,9,17,25,30,31
1,16,26,29,33,34|2,6,7,10,15,35|3,9,17,25,30,31
2,6,7,10,15,35|3,9,17,25,30,31|11,13,26,32,33,34
1,9,18,22,23,32|2,3,6,11,19,34|17,28,29,33,38,40
1,9,19,23,28,32|2,3,6,17,29,33|11,18,22,34,38,40
1,28,29,33,34,40|2,3,6,19,32,38|9,11,17,18,22,23
1,2,17,18,28,30|3,7,9,12,22,32|6,19,20,26,33,34
1,3,6,7,20,35|2,10,17,19,22,30|8,18,26,28,34,40
2,10,18,28,29,30|3,7,9,12,22,32|6,19,20,26,33,34
1,2,17,18,22,30|3,6,7,9,12,32|8,10,19,28,29,34
1,2,17,19,28,30|3,6,7,9,12,32|8,10,18,22,29,34
1,3,6,7,11,35|2,10,18,22,29,30|8,19,26,28,34,40
1,6,9,19,23,26|2,3,17,22,29,33|11,18,28,34,38,40
1,8,17,18,22,34|2,10,19,28,29,30|3,6,7,9,12,32
1,9,22,33,38,40|2,3,6,11,18,34|17,19,23,26,28,29
2,7,9,12,22,40|3,6,18,26,30,32|8,10,19,28,29,34
2,10,18,22,29,30|3,6,7,9,12,32|8,19,26,28,34,40
2,10,19,28,29,30|3,6,7,9,12,32|8,18,22,26,34,40
2,18,22,26,30,40|3,6,7,9,12,32|8,10,19,28,29,34
2,19,26,28,30,40|3,6,7,9,12,32|8,10,18,22,29,34
1,11,12,27,35,38|2,3,6,9,22,26|10,17,20,29,31,34
1,12,26,31,33,35|2,3,9,20,25,32|10,17,22,28,29,34
1,2,3,12,31,35|6,9,10,28,29,38|14,17,20,26,34,40
1,9,20,25,29,38|6,17,26,28,34,40|10,12,31,32,33,35
1,10,29,31,32,34|6,9,26,28,38,40|8,12,17,20,27,35
1,12,14,26,33,35|2,3,9,11,25,32|6,10,17,28,29,34
1,17,20,25,29,34|2,3,9,22,28,32|10,12,31,35,38,40
1,26,31,32,34,40|6,9,10,28,29,38|8,12,17,20,27,35
1,2,3,12,14,35|6,9,10,22,29,38|17,20,25,32,34,40
1,8,12,27,32,35|6,9,10,22,29,38|11,14,17,26,34,40
1,9,11,25,29,38|6,17,22,26,34,40|10,12,14,32,33,35
1,9,20,29,31,38|6,17,22,26,34,40|10,12,14,32,33,35
1,10,14,29,32,34|6,9,22,26,38,40|8,11,12,17,27,35
1,11,17,25,29,34|2,3,6,9,28,32|10,12,14,35,38,40
1,12,25,32,33,35|6,9,10,22,29,38|11,14,17,26,34,40
1,12,25,35,38,40|2,3,6,9,28,32|10,11,14,17,29,34
1,14,26,32,34,40|6,9,10,22,29,38|8,11,12,17,27,35
1,17,20,29,31,34|2,3,6,9,28,32|10,12,14,35,38,40
1,17,22,28,29,34|2,3,9,11,31,32|10,12,14,35,38,40
2,3,6,9,28,32|8,11,12,17,27,35|20,26,29,31,34,40
2,3,14,26,29,32|8,11,12,17,27,35|9,20,22,28,34,40
3,8,11,18,28,35|6,9,10,12,19,30|7,22,26,29,32,40
1,2,6,9,33,40|3,8,12,18,22,35|10,19,28,29,30,32
1,6,7,20,35,40|2,8,17,18,28,29|3,11,19,22,32,34
1,6,9,18,20,30|2,11,19,28,34,40|3,17,22,29,32,33
1,7,11,22,35,40|2,8,17,18,28,29|3,6,19,20,32,34
1,9,11,18,22,30|2,17,28,29,33,40|3,6,19,20,32,34
1,9,11,19,28,30|2,6,18,20,34,40|3,17,22,29,32,33
1,17,18,22,30,32|2,11,19,28,34,40|3,6,9,20,29,33
1,17,19,28,30,32|2,6,18,20,34,40|3,9,11,22,29,33
1,2,6,17,18,38|3,9,20,28,29,33|7,10,11,22,35,40
1,2,9,28,33,40|3,6,11,19,26,34|10,17,18,22,30,32
1,2,18,28,29,38|3,6,9,17,20,33|7,10,11,22,35,40
1,6,7,9,12,17|2,10,19,22,29,38|3,11,18,28,32,34
1,6,17,19,26,30|2,11,18,28,34,40|3,9,20,22,29,33
1,7,20,22,35,40|2,6,8,9,10,19|3,17,28,29,32,33
1,9,18,20,22,30|2,6,10,19,29,38|3,12,28,33,35,40
1,18,22,26,29,30|2,6,8,9,10,19|3,12,28,33,35,40
1,19,26,28,29,30|2,18,20,22,34,40|3,6,9,11,17,33
1,7,9,12,17,22|2,10,19,28,29,38|3,6,11,18,26,34
2,6,10,17,19,38|3,18,20,28,32,34|7,9,12,22,26,40
1,2,8,12,27,35|3,6,9,20,28,34|10,14,17,26,29,30
1,2,12,25,33,35|3,6,9,20,28,34|10,14,17,26,29,30
1,12,20,27,30,35|2,6,9,22,26,33|3,11,17,25,32,34
2,8,9,10,25,29|3,17,20,31,32,34|6,7,11,26,28,35
1,2,26,31,34,40|3,9,20,25,32,38|10,11,12,27,30,35
1,2,8,9,14,17|3,11,25,29,32,34|10,12,30,31,35,40
1,2,8,9,25,29|3,6,17,22,32,34|10,12,30,31,35,40
1,2,12,14,33,35|3,6,9,11,22,34|10,17,29,30,31,32
1,2,14,17,29,38|3,6,9,11,22,34|10,12,30,31,35,40
2,14,26,29,32,33|3,6,9,11,22,34|10,12,30,31,35,40
1,2,8,9,17,31|3,6,22,26,29,34|7,11,20,25,32,35
1,2,12,31,33,35|3,6,9,11,28,34|10,17,25,29,30,32
1,2,17,29,31,38|3,6,9,11,28,34|10,12,25,30,35,40
1,2,25,32,34,40|6,7,11,22,26,35|9,10,20,29,30,31
1,3,12,14,35,38|2,8,9,10,29,31|17,25,26,30,32,40
1,9,17,20,30,31|2,10,14,32,34,40|6,7,11,22,26,35
1,11,12,27,30,35|2,8,9,10,29,31|3,6,17,28,32,34
2,8,9,11,27,32|3,6,22,26,29,34|10,12,25,30,35,40
2,9,20,31,32,33|3,6,22,26,29,34|10,12,25,30,35,40
2,9,22,28,38,40|3,8,12,17,25,35|11,26,27,29,30,32
2,11,27,29,32,38|3,6,9,20,22,34|10,12,25,30,35,40
2,26,29,31,32,33|3,6,9,11,28,34|10,12,25,30,35,40
6,9,11,15,25,34|8,12,17,20,35,39|14,16,26,29,32,38
6,9,15,25,32,38|8,12,17,20,35,39|11,14,16,26,29,34
6,9,16,28,32,38|8,12,17,20,35,39|14,15,22,26,29,34
6,9,20,21,32,38|8,12,16,17,25,35|14,15,22,26,29,34
6,11,21,26,29,34|8,12,16,17,25,35|9,14,15,28,32,38
6,15,26,29,31,34|8,12,16,17,25,35|9,11,21,22,32,38
6,16,22,26,29,34|8,12,17,20,35,39|9,14,15,28,32,38
6,21,26,29,32,38|8,12,16,17,25,35|9,11,14,15,28,34
1,2,3,6,9,40|8,17,18,22,26,29|12,19,20,28,33,35
1,6,8,9,19,26|2,3,17,28,29,40|12,18,20,22,33,35
1,2,3,9,22,40|6,10,11,17,19,34|12,18,20,28,33,35
1,8,9,19,28,32|2,3,17,22,29,40|6,12,18,20,33,35
2,3,8,14,29,34|6,7,11,28,30,35|9,23,31,32,38,40
2,7,8,11,14,35|3,6,28,29,30,34|9,23,31,32,38,40
1,9,23,29,31,38|2,6,7,8,28,35|3,11,14,17,30,34
1,17,23,29,31,34|2,6,7,8,28,35|3,9,11,14,30,38
2,3,8,29,31,34|6,7,20,28,30,35|9,23,25,32,38,40
2,3,9,14,23,32|6,7,20,28,30,35|8,17,31,34,38,40
2,6,7,8,28,35|3,9,11,14,30,38|17,23,25,32,34,40
2,7,8,11,31,35|3,6,9,22,30,38|17,23,25,32,34,40
2,7,8,14,20,35|3,6,9,22,30,38|11,23,27,29,32,34
7,11,20,30,31,35|8,14,26,29,33,34|9,23,25,32,38,40
1,14,23,26,33,35|2,6,7,28,32,34|3,9,12,30,31,38
1,3,30,31,32,34|2,7,8,11,25,35|9,10,14,23,29,38
1,9,14,17,23,38|2,3,8,25,29,34|7,20,22,28,30,35
1,9,23,25,29,38|2,3,8,14,17,34|7,20,22,28,30,35
1,17,23,25,29,34|2,3,8,9,14,38|7,20,22,28,30,35
2,3,8,25,29,34|7,20,22,28,30,35|9,14,23,26,32,33
2,3,9,23,31,32|6,17,22,33,34,38|7,11,20,25,30,35
2,7,8,11,25,35|3,6,9,28,30,38|10,14,17,23,29,34
2,7,8,20,31,35|3,6,9,28,30,38|10,14,17,23,29,34
2,7,8,22,28,35|3,9,11,30,31,38|10,14,17,23,29,34
1,9,17,23,31,38|2,7,8,20,25,35|3,10,14,30,32,34
2,7,8,20,25,35|3,9,22,28,30,38|10,17,23,29,31,34
1,3,6,7,8,35|2,18,28,30,32,33|10,19,22,23,29,34
2,7,8,9,22,40|3,6,12,18,30,34|19,20,23,28,33,35
2,7,22,29,38,40|3,6,12,18,30,34|19,20,23,28,33,35
1,3,7,8,22,35|2,6,18,26,30,33|10,19,23,28,29,34
1,8,17,29,31,34|2,6,7,11,22,35|3,9,14,20,30,32
1,14,32,34,38,40|2,6,7,11,22,35|9,17,20,23,29,31
2,3,8,9,14,32|6,17,22,34,38,40|11,12,23,27,29,35
2,3,11,14,29,34|6,9,22,32,33,38|12,17,23,25,35,40
2,3,14,29,32,38|6,9,11,22,33,34|12,17,23,25,35,40
2,6,7,11,22,35|3,9,14,20,30,32|8,26,29,31,34,40
2,9,20,30,31,40|6,17,22,32,33,34|11,12,23,27,29,35
3,6,9,28,30,32|8,12,17,31,33,35|11,25,29,34,38,40
3,9,14,20,30,32|6,17,22,34,38,40|11,12,23,27,29,35
3,14,26,29,30,32|6,9,11,22,33,34|12,17,23,25,35,40
3,6,9,22,30,32|8,12,14,17,33,35|11,29,31,34,38,40
1,2,3,14,32,34|8,9,10,29,31,38|11,12,17,23,27,35
1,12,23,27,32,35|2,3,6,9,22,38|8,10,17,29,31,34
1,12,31,33,35,38|2,3,6,17,22,34|9,10,23,25,29,32
1,25,32,34,38,40|2,6,7,20,28,35|3,9,11,14,26,30
2,3,8,9,25,32|6,26,28,29,33,34|11,12,17,23,27,35
2,3,25,29,32,38|6,9,20,28,33,34|11,12,17,23,27,35
2,6,7,20,28,35|3,9,11,14,26,30|8,10,17,29,31,34
2,7,11,20,31,35|3,6,9,22,26,30|10,14,32,34,38,40
2,7,11,22,28,35|3,9,20,25,30,32|8,10,17,29,31,34
3,9,20,25,30,32|6,26,28,29,33,34|11,12,17,23,27,35
3,25,26,29,30,32|6,9,20,28,33,34|11,12,17,23,27,35
1,8,9,25,29,38|2,6,7,11,28,35|14,17,20,32,33,34
1,8,17,25,29,34|2,6,7,11,28,35|3,9,20,30,31,32
1,12,14,33,35,38|2,3,6,28,29,34|9,23,26,31,32,40
1,31,32,34,38,40|2,6,7,11,28,35|9,17,20,23,25,29
2,3,8,9,31,32|6,17,28,34,38,40|12,20,23,27,29,35
2,6,7,11,28,35|3,9,20,30,31,32|8,10,14,17,29,34
2,6,7,20,22,35|3,9,11,25,30,32|8,10,14,17,29,34
2,7,11,14,20,35|3,9,22,28,30,32|8,25,26,29,34,40
2,14,17,26,30,40|6,9,11,28,33,34|12,20,23,27,29,35
3,9,11,25,30,32|6,17,28,34,38,40|12,20,23,27,29,35
6,17,28,34,38,40|8,9,14,26,32,33|12,20,23,27,29,35
8,9,14,26,32,33|11,17,31,34,38,40|12,20,23,27,29,35
8,9,14,26,38,40|11,17,31,32,33,34|12,20,23,27,29,35
2,3,9,11,25,38|6,17,26,28,33,34|10,12,23,27,32,35
2,3,9,20,31,38|6,17,26,28,33,34|10,12,23,27,32,35
2,3,11,17,25,34|6,9,26,28,33,38|10,12,23,27,32,35
2,3,17,20,31,34|6,9,26,28,33,38|10,12,23,27,32,35
1,2,3,31,32,34|6,9,22,26,33,38|12,17,20,23,27,35
1,8,12,27,35,38|2,3,6,17,28,34|9,10,14,23,26,29
1,9,23,25,26,29|2,3,6,17,28,34|10,12,14,33,35,38
1,10,14,29,34,38|2,7,11,20,25,35|3,6,9,26,28,30
1,12,25,33,35,38|2,3,6,17,28,34|9,10,14,23,26,29
1,14,26,32,33,34|2,3,6,9,28,38|12,17,20,23,27,35
1,14,26,34,38,40|2,7,11,20,25,35|9,10,17,23,31,32
2,3,8,9,14,26|10,31,32,34,38,40|12,17,20,23,27,35
2,7,11,20,25,35|3,6,9,26,28,30|10,31,32,34,38,40
2,7,20,22,28,35|3,9,11,26,30,31|8,10,17,25,29,34
2,17,25,26,30,40|8,9,11,20,27,34|10,12,14,33,35,38
3,10,12,30,31,35|6,9,22,26,33,38|8,17,20,27,32,34
1,2,9,19,23,28|3,6,11,18,34,38|7,8,10,22,35,40
1,6,10,19,30,34|2,18,22,32,33,38|3,9,17,23,28,40
1,17,18,22,30,38|2,6,9,10,19,23|3,28,32,33,34,40
1,17,19,28,30,38|2,6,18,20,33,34|7,8,10,22,35,40
3,6,11,18,34,38|7,8,10,22,35,40|19,26,28,30,32,33
1,3,6,17,33,34|2,9,10,19,22,23|18,26,28,30,38,40
3,6,8,18,26,34|7,9,12,28,32,33|10,17,19,22,30,38
1,8,9,19,28,30|2,17,18,22,23,29|3,6,32,33,34,40
1,9,22,30,33,40|2,17,19,23,28,29|3,6,8,18,32,34
2,6,12,19,33,34|3,11,18,22,23,35|7,8,9,28,32,40
3,19,20,22,23,35|6,7,9,11,32,33|12,18,28,30,34,40
1,2,9,19,22,23|3,6,17,29,33,38|18,20,28,30,34,40
1,18,28,29,30,38|2,6,19,20,33,34|3,9,17,22,23,40
1,6,7,8,9,17|2,12,19,22,33,34|3,11,18,23,28,35
1,6,7,17,29,38|2,12,19,22,33,34|3,11,18,23,28,35
2,6,12,18,33,34|3,19,20,23,28,35|7,9,11,22,38,40
2,12,19,22,33,34|3,11,18,23,28,35|6,7,8,9,10,29
1,2,9,14,23,29|6,7,8,28,32,35|11,17,30,31,34,40
2,6,22,29,33,34|7,8,11,31,32,35|9,14,20,30,38,40
2,8,9,14,32,33|3,12,23,29,31,35|6,17,28,30,34,40
2,8,14,17,34,40|3,12,23,29,31,35|6,9,28,30,32,33
1,2,9,23,29,31|3,8,14,17,32,34|6,7,11,22,35,38
1,12,30,31,33,35|2,9,23,25,32,40|3,6,22,29,34,38
2,8,17,31,34,40|3,12,23,25,29,35|9,22,28,30,32,33
2,14,20,29,33,34|6,7,11,22,35,38|8,9,26,30,31,40
1,2,9,14,17,23|3,6,28,29,34,38|7,8,20,25,32,35
1,2,9,23,25,29|3,8,17,31,32,34|6,7,11,28,35,38
1,2,14,32,33,34|3,12,17,23,31,35|8,9,10,25,29,30
1,2,14,34,38,40|3,12,17,23,31,35|6,9,22,26,30,33
1,8,9,17,25,30|2,20,29,31,33,34|6,7,11,28,35,38
1,10,14,29,30,34|2,6,9,22,33,38|3,12,17,23,31,35
1,14,26,30,34,40|2,6,9,22,33,38|3,12,17,23,31,35
2,8,9,25,38,40|3,12,17,23,31,35|11,20,27,29,30,34
2,8,11,27,29,34|3,12,17,23,31,35|6,9,22,26,30,33
2,8,27,29,32,38|3,12,17,23,31,35|6,9,22,26,30,33
2,9,10,14,23,29|3,8,17,31,32,34|6,7,11,28,35,38
2,9,14,23,26,40|3,6,28,29,34,38|7,8,20,25,32,35
3,6,8,9,28,34|7,11,14,20,35,38|25,26,29,30,32,33
3,6,28,29,34,38|7,8,11,14,26,35|9,20,25,30,32,33
3,8,9,11,31,34|6,7,20,22,35,38|14,17,26,30,32,33
3,8,9,14,20,34|6,7,11,28,35,38|25,26,29,30,32,33
3,8,14,26,29,34|6,7,11,28,35,38|9,20,25,30,32,33
3,11,29,31,34,38|6,7,8,22,26,35|9,20,25,30,32,33
1,2,9,17,23,31|3,11,25,29,34,38|6,7,8,26,28,35
1,3,14,32,34,38|2,9,10,23,29,31|6,7,8,26,28,35
1,10,29,30,31,34|2,6,9,28,33,38|3,12,17,23,25,35
1,11,27,30,32,34|2,6,9,28,33,38|3,12,17,23,25,35
1,26,30,31,34,40|2,6,9,28,33,38|3,12,17,23,25,35
2,8,20,27,29,34|3,9,14,23,26,32|7,11,22,28,35,38
2,9,10,23,29,31|3,6,17,22,34,38|7,8,14,20,26,35
2,9,11,23,27,32|3,6,17,22,34,38|7,8,14,20,26,35
2,20,25,29,33,34|3,9,14,23,26,32|7,11,22,28,35,38
3,8,9,11,25,34|6,7,20,28,35,38|17,26,30,31,32,33
3,8,17,25,32,34|6,7,20,28,35,38|9,11,26,30,31,33
2,9,12,31,33,38|3,17,20,23,25,35|6,7,22,26,32,34
3,17,20,23,25,35|6,7,22,26,32,34|9,11,12,27,30,38
1,2,8,27,32,34|7,11,20,25,35,38|9,22,26,28,30,33
1,2,12,23,27,35|3,6,17,28,34,38|9,11,25,26,30,33
1,2,25,34,38,40|3,9,23,26,31,32|8,10,12,27,30,35
1,3,31,32,34,38|2,9,10,14,17,23|7,8,11,25,26,35
2,8,11,17,27,34|3,9,23,26,31,32|7,20,22,28,35,38
2,9,10,14,17,23|3,8,25,26,29,34|7,20,22,28,35,38
2,9,10,23,25,29|3,6,17,28,34,38|7,8,20,26,31,35
2,9,20,23,27,32|3,6,17,28,34,38|7,8,11,25,26,35
2,9,23,25,26,40|3,6,17,28,34,38|8,10,12,27,30,35
2,23,26,27,29,32|3,6,17,28,34,38|10,12,25,30,33,35
2,9,12,25,33,38|6,7,26,28,32,34|8,10,20,27,30,35
1,28,29,30,31,32|2,6,14,20,34,40|3,8,11,12,15,35
2,6,31,32,38,40|3,8,11,12,15,35|14,17,20,28,29,30
2,11,15,32,38,40|3,6,8,12,31,35|14,17,20,28,29,30
1,2,6,29,31,38|3,8,12,14,28,35|15,20,26,30,32,40
1,2,11,15,29,38|3,6,8,12,25,35|14,26,28,30,32,40
1,2,14,22,29,38|3,6,8,12,25,35|15,20,26,30,32,40
1,6,17,25,30,32|2,11,14,28,34,40|3,8,12,15,20,35
1,6,26,29,30,31|2,11,14,28,34,40|3,8,12,15,20,35
1,9,11,22,30,31|2,6,25,32,38,40|3,8,12,14,28,35
1,11,15,26,29,30|2,6,20,31,34,40|3,8,12,14,28,35
1,14,17,28,30,32|2,6,11,25,34,40|3,8,12,15,20,35
1,14,22,26,29,30|2,6,11,25,34,40|3,8,12,15,20,35
1,15,17,20,30,32|2,6,11,25,34,40|3,8,12,14,28,35
1,17,22,30,31,32|2,6,11,25,34,40|3,8,12,14,28,35
2,6,11,25,34,40|3,8,12,14,28,35|10,15,20,29,30,32
2,11,14,28,34,40|3,6,8,12,25,35|10,15,20,29,30,32
2,11,15,20,34,40|3,6,8,12,25,35|10,14,28,29,30,32
2,11,22,31,34,40|3,6,8,12,25,35|10,14,28,29,30,32
1,2,6,14,17,38|3,8,12,22,25,35|10,28,29,30,31,32
1,2,6,25,29,38|3,8,12,28,31,35|9,10,11,14,22,30
1,6,14,17,26,30|2,11,22,25,34,40|3,8,12,28,31,35
1,9,11,22,25,30|2,6,10,14,29,38|3,8,12,28,31,35
1,9,11,28,30,31|2,6,10,14,29,38|3,8,12,22,25,35
1,15,20,26,29,30|2,6,8,9,10,14|3,11,22,31,32,34
1,22,26,29,30,31|2,6,8,9,10,14|3,11,15,20,32,34
2,6,10,14,29,38|3,8,12,22,25,35|26,28,30,31,32,40
2,6,14,26,38,40|3,8,12,22,25,35|10,11,15,17,30,32
2,6,20,25,34,40|3,8,12,28,31,35|9,10,11,14,22,30
2,8,17,25,28,29|3,6,20,31,32,34|9,10,11,14,22,30
2,11,22,25,34,40|3,8,12,28,31,35|6,9,10,14,20,30
2,11,28,31,34,40|3,8,12,22,25,35|6,9,10,14,20,30
2,14,20,28,34,40|3,8,12,22,25,35|6,9,10,11,30,31
2,22,25,32,38,40|3,8,12,28,31,35|6,9,10,14,20,30
2,28,31,32,38,40|3,8,12,22,25,35|6,9,10,14,20,30
1,2,6,17,31,38|3,8,12,25,28,35|9,10,11,15,20,30
1,2,8,9,22,25|3,6,11,14,26,34|10,15,17,20,30,32
1,2,8,9,28,31|3,6,11,14,26,34|10,15,17,20,30,32
1,2,11,15,17,38|3,6,20,25,32,34|10,14,22,26,29,30
1,2,14,17,22,38|3,6,20,25,32,34|10,11,15,26,29,30
1,2,22,25,29,38|3,6,11,14,26,34|10,15,17,20,30,32
1,2,28,29,31,38|3,6,11,14,26,34|10,15,17,20,30,32
1,6,17,26,30,31|2,8,9,10,11,15|3,14,20,28,32,34
1,11,15,17,26,30|2,6,8,9,10,31|3,14,20,28,32,34
1,22,25,26,29,30|2,6,8,9,10,31|3,14,20,28,32,34
2,6,11,27,32,38|3,8,12,25,28,35|9,10,14,20,22,30
2,6,26,31,32,33|3,8,12,25,28,35|9,10,11,15,20,30
2,6,26,31,38,40|3,8,12,25,28,35|9,10,11,15,20,30
2,11,15,26,32,33|3,8,12,25,28,35|6,9,10,20,30,31
2,14,22,26,32,33|3,8,12,25,28,35|6,9,10,20,30,31
1,2,8,15,17,26|3,11,25,28,32,34|9,10,20,22,30,31
3,6,13,23,25,35|7,8,9,21,31,32|12,18,22,30,34,39
3,8,21,31,33,35|6,7,9,14,16,38|12,18,22,30,34,39
3,8,22,33,35,39|6,7,9,14,16,38|12,18,21,30,31,34
3,13,15,20,23,35|6,7,9,14,16,38|12,18,21,30,31,34
3,13,22,23,31,35|6,7,9,14,16,38|12,19,21,25,30,34
3,21,23,25,35,40|6,7,9,14,16,38|12,18,22,30,34,39
3,23,28,35,39,40|6,7,9,14,16,38|12,18,21,30,31,34
1,6,9,30,33,39|2,8,14,18,21,34|3,12,13,15,23,35
1,7,8,15,16,35|2,6,13,14,33,34|3,9,21,23,29,31|18,22,30,32,38,39
1,9,14,21,30,33|2,6,8,18,34,39|3,12,13,15,23,35
2,6,13,14,33,34|3,9,21,23,29,31|18,22,30,32,38,39
2,8,15,16,18,34|3,9,21,23,29,31|19,28,30,32,38,39
2,15,16,33,34,40|3,9,21,23,29,31|18,22,30,32,38,39
3,6,13,23,31,35|7,8,9,14,21,32|12,15,16,18,30,34
3,11,13,15,23,35|6,7,8,9,32,39|12,14,18,21,30,34
3,13,14,22,23,35|6,7,8,9,32,39|12,15,16,18,30,34
3,21,23,31,35,40|6,7,8,9,32,39|12,15,16,18,30,34
2,6,8,19,34,39|3,9,14,21,23,29|15,16,18,30,32,38
2,8,13,15,34,40|3,6,9,23,29,39|14,18,21,30,32,38
2,8,14,19,21,34|3,6,9,23,29,39|15,16,18,30,32,38
2,8,15,16,19,34|3,6,9,23,29,39|14,18,21,30,32,38
1,7,8,21,25,35|2,13,14,28,33,34|3,9,17,22,23,39|15,16,18,26,30,38
1,7,8,28,35,39|2,6,13,25,33,34|3,9,17,21,23,31|15,16,18,26,30,38
1,21,27,29,30,38|2,6,13,25,33,34|3,9,17,22,23,39|7,8,10,15,16,35
2,6,8,13,27,34|3,9,17,21,23,31|15,16,18,26,30,38
2,6,13,25,33,34|3,9,17,21,23,31|7,8,10,15,16,35|19,22,26,30,38,39
2,8,18,28,34,39|3,9,17,21,23,31|13,22,27,30,32,38
2,8,21,27,34,40|3,9,17,22,23,39|15,16,18,26,30,38
2,13,14,28,33,34|3,9,17,21,23,31|6,7,8,10,35,39|15,16,18,26,30,38
2,13,15,20,33,34|3,9,17,21,23,31|6,7,8,10,35,39
2,13,22,31,33,34|6,7,8,10,35,39|14,18,21,26,30,38
2,17,21,23,27,29|3,6,13,31,34,38|7,8,10,15,16,35
2,21,25,33,34,40|3,9,17,22,23,39|7,8,10,15,16,35
2,28,33,34,39,40|3,9,17,21,23,31|7,8,10,15,16,35|13,22,27,30,32,38
3,9,17,21,23,31|6,7,8,10,35,39|11,13,22,27,30,34
3,9,17,22,23,39|6,13,20,27,30,34|7,8,10,14,21,35
3,21,31,32,33,34|6,7,8,10,35,39|15,16,18,26,30,38
3,22,32,33,34,39|7,8,10,14,21,35|15,16,18,26,30,38
2,12,13,15,33,34|3,6,16,23,27,35|7,8,9,21,25,32
3,6,16,23,27,35|7,8,9,21,25,32|12,18,28,30,34,39
3,8,28,33,35,39|6,7,9,16,31,38|12,18,21,25,30,34
3,13,22,23,25,35|6,7,9,11,38,39|12,21,27,30,34,40
3,13,23,28,31,35|6,7,9,11,38,39|12,18,21,25,30,34
3,14,15,23,27,35|6,7,9,11,38,39|12,18,21,25,30,34
1,2,9,13,15,23|3,6,32,33,34,39|14,19,21,26,30,38
1,7,8,21,31,35|2,11,13,15,33,34|3,6,9,17,23,39
1,7,8,22,35,39|2,6,13,31,33,34|3,9,14,17,21,23|15,16,19,26,30,38
1,13,15,17,30,38|2,8,18,21,31,34|3,9,23,28,29,39
2,6,13,31,33,34|3,9,14,17,21,23|15,16,19,26,30,38
2,8,18,21,31,34|3,6,9,17,23,39|10,13,15,29,30,38
2,8,18,22,34,39|3,9,14,17,21,23|6,13,27,30,32,38
2,8,19,21,25,34|3,6,9,17,23,39|10,13,15,29,30,38
2,8,19,28,34,39|3,9,14,17,21,23|6,13,27,30,32,38
2,11,13,15,33,34|3,6,9,17,23,39|14,19,21,26,30,38
2,13,14,22,33,34|3,6,9,17,23,39|15,16,19,26,30,38
2,13,15,32,33,38|3,6,9,17,23,39|7,12,21,29,31,34
2,21,31,33,34,40|3,6,9,17,23,39|10,13,15,29,30,38
2,22,33,34,39,40|3,9,14,17,21,23|6,13,27,30,32,38
3,6,9,17,23,39|7,12,21,29,31,34|13,15,26,30,32,33
2,15,27,31,33,34|7,8,10,21,25,35|18,26,28,30,38,39
2,16,22,27,33,34|7,8,10,21,25,35|18,26,28,30,38,39
3,13,22,25,34,38|7,8,10,28,35,39|21,26,27,30,32,33
2,6,16,27,33,34|3,9,17,21,23,25|7,8,10,22,35,39
2,8,13,22,27,34|3,9,17,21,23,25|19,26,28,30,38,39
2,9,10,13,15,23|3,8,21,27,32,34|18,22,26,30,38,39
2,13,22,25,33,34|3,9,17,23,28,39|7,8,10,21,31,35
2,13,28,31,33,34|3,9,17,21,23,25|7,8,10,22,35,39
2,14,15,27,33,34|3,9,17,21,23,25|7,8,10,22,35,39
3,9,17,21,23,25|7,8,10,22,35,39|11,13,27,28,30,34
3,9,17,23,28,39|7,8,10,21,31,35|13,20,22,27,30,34
3,11,22,28,33,35|7,14,20,26,29,32|9,10,12,30,31,40
