8,9,14,25,27,29|11,18,20,32,34,39|12,13,22,28,33,35
8,9,15,27,28,29|11,12,13,25,33,35|14,16,19,26,32,38
8,9,16,20,27,29|11,12,13,25,33,35|14,15,19,22,26,34
8,11,12,13,27,35|9,14,15,17,28,33|10,16,29,31,34,40
10,11,29,34,39,40|12,13,20,31,33,35|14,16,19,26,32,38
10,21,22,29,34,40|11,12,13,25,33,35|14,16,19,26,32,38
10,29,32,38,39,40|11,12,13,25,33,35|14,15,19,22,26,34
1,6,9,21,32,33|2,3,14,16,17,29|8,12,18,20,35,39
1,6,9,21,38,40|2,3,14,16,17,29|8,12,18,20,35,39|15,19,22,25,32,34
1,6,17,21,34,40|8,9,11,16,27,29|12,13,14,20,33,35
1,8,9,13,31,32|2,3,6,17,21,29|12,16,25,33,35,40
1,9,14,16,32,33|2,3,6,17,21,29|8,12,18,20,35,39
1,9,14,16,38,40|2,3,6,17,21,29|8,12,18,20,35,39|15,19,22,25,32,34
1,11,13,29,31,34|6,9,16,17,22,33|8,12,18,20,35,39
1,13,14,20,29,34|6,9,11,17,21,33|8,12,16,18,25,35
1,13,29,31,32,38|6,9,11,17,21,33|8,12,16,18,25,35
1,14,16,17,34,40|6,12,13,28,33,35|8,9,15,22,27,29
1,21,28,29,34,40|6,9,15,17,31,33|8,12,16,18,25,35
2,3,6,17,21,29|8,12,16,18,25,35|11,19,20,32,34,39
2,3,14,16,17,29|6,12,13,28,33,35|11,18,21,22,32,34
6,9,11,17,21,33|8,12,16,18,25,35|13,20,31,32,34,40
6,9,15,17,31,33|8,12,16,18,25,35|11,19,20,32,34,39
6,9,16,17,22,33|8,12,18,20,35,39|11,13,25,32,34,40
6,12,13,28,33,35|8,9,11,16,27,29|14,19,25,31,32,34
6,13,17,28,29,38|8,12,16,18,25,35|11,19,20,32,34,39
6,14,15,19,26,34|8,9,11,13,17,31|12,16,25,33,35,40
6,15,18,25,32,34|8,9,11,13,17,31|12,20,33,35,39,40
6,16,18,28,32,34|8,9,11,13,17,31|12,20,33,35,39,40
6,18,20,21,32,34|8,9,11,13,17,31|12,16,25,33,35,40
8,9,11,16,27,29|12,13,14,20,33,35|15,18,22,31,32,34
8,9,13,14,17,20|11,16,18,31,32,34|12,21,28,33,35,40
8,9,13,20,25,29|11,16,18,31,32,34|12,21,28,33,35,40
8,9,15,22,27,29|11,12,13,31,33,35|14,16,18,20,32,34
8,9,16,17,25,40|11,12,13,31,33,35|14,15,18,28,32,34
8,9,17,20,39,40|11,12,13,31,33,35|14,15,18,28,32,34
8,9,17,21,28,40|11,12,13,31,33,35|14,16,18,20,32,34
8,12,16,18,25,35|9,11,20,29,33,39|13,22,28,32,34,40
8,12,16,27,35,40|9,11,20,29,33,39|14,15,18,28,32,34
8,12,18,20,35,39|9,11,14,16,17,33|13,22,28,32,34,40
8,12,18,21,28,35|9,11,14,16,17,33|13,20,31,32,34,40
8,13,14,17,26,29|11,16,18,31,32,34|12,20,33,35,39,40
8,17,26,29,39,40|11,12,13,31,33,35|14,15,18,28,32,34
11,12,13,31,33,35|14,15,18,28,32,34|16,17,25,29,38,40
11,13,17,29,31,38|12,16,25,33,35,40|14,15,18,28,32,34
11,16,18,31,32,34|12,13,14,20,33,35|17,21,28,29,38,40
11,16,19,25,32,34|12,13,14,20,33,35|17,21,28,29,38,40
11,18,21,22,32,34|12,13,14,20,33,35|16,17,25,29,38,40
11,19,21,28,32,34|12,13,14,20,33,35|16,17,25,29,38,40
12,13,14,20,33,35|15,18,22,31,32,34|16,17,25,29,38,40
12,16,25,33,35,40|13,14,17,20,29,38|15,18,22,31,32,34
12,21,28,33,35,40|13,14,17,20,29,38|15,18,22,31,32,34
2,7,8,9,14,39|3,12,13,16,30,34|6,21,23,27,33,35
2,7,14,29,38,39|3,12,13,16,30,34|6,21,23,27,33,35
2,7,8,9,14,16|3,12,30,34,39,40|6,15,23,27,33,35
2,7,14,16,29,38|3,12,30,34,39,40|6,15,23,27,33,35
6,15,23,27,33,35|7,9,11,16,30,31|8,12,19,34,38,39
7,9,11,16,30,31|8,12,19,34,38,39|13,22,23,28,33,35
7,9,11,21,22,30|8,12,19,34,38,39|13,20,23,31,33,35
2,3,8,34,39,40|7,9,12,16,30,31|13,17,23,25,29,38
2,3,17,23,29,39|6,13,22,33,34,38|7,9,12,16,30,31
2,7,8,9,11,39|3,12,13,30,31,34|15,22,23,27,33,35
2,7,8,9,21,22|3,12,13,30,31,34|11,16,23,27,33,35
2,7,8,17,32,39|3,12,13,30,31,34|11,16,23,27,33,35
2,7,11,29,38,39|3,12,13,30,31,34|15,22,23,27,33,35
2,7,21,22,29,38|3,12,13,30,31,34|11,16,23,27,33,35
7,9,11,16,25,30|8,12,18,34,38,39|14,23,27,31,33,35
7,9,11,21,28,30|8,12,18,34,38,39|13,20,23,25,33,35
7,9,14,25,30,31|8,12,18,34,38,39|11,16,23,27,33,35
7,9,15,22,25,30|8,12,18,34,38,39|11,16,23,27,33,35
7,9,15,28,30,31|8,12,18,34,38,39|11,16,23,27,33,35
7,9,16,20,30,31|8,12,18,34,38,39|15,22,23,27,33,35
7,9,16,22,28,30|8,12,18,34,38,39|13,20,23,25,33,35
7,9,20,21,22,30|8,12,18,34,38,39|11,16,23,27,33,35
7,16,17,25,30,32|8,12,18,34,38,39|14,23,27,31,33,35
7,16,26,29,30,31|8,12,18,34,38,39|13,20,23,25,33,35
7,17,21,28,30,32|8,12,18,34,38,39|11,16,23,27,33,35
7,21,22,26,29,30|8,12,18,34,38,39|11,16,23,27,33,35
1,9,13,23,31,38|2,3,6,21,33,34|7,12,26,29,30,39
1,16,23,27,29,34|2,7,8,9,12,39|3,13,25,30,32,38
2,3,6,21,33,34|7,9,12,16,25,30|19,23,26,32,38,39
2,3,8,13,31,34|7,9,12,16,25,30|17,23,26,29,33,39
2,7,12,29,38,39|3,6,15,27,30,34|9,16,17,23,25,33
7,9,12,20,30,39|8,13,14,26,33,34|16,17,23,27,29,38
7,12,26,29,30,39|8,9,16,17,23,27|11,13,31,33,34,38
2,6,7,17,21,38|3,12,13,25,30,34|15,23,27,28,33,35
2,7,8,9,20,39|3,12,13,25,30,34|15,23,27,28,33,35
2,7,8,9,21,28|3,12,13,25,30,34|16,20,23,27,33,35
2,7,8,26,29,39|3,12,13,25,30,34|15,23,27,28,33,35
2,7,14,16,17,38|3,12,13,25,30,34|15,23,27,28,33,35
2,7,20,29,38,39|3,12,13,25,30,34|15,23,27,28,33,35
2,7,21,28,29,38|3,12,13,25,30,34|16,20,23,27,33,35
2,3,8,16,27,34|7,12,17,26,30,39|9,10,13,23,31,38
2,3,16,25,33,34|7,12,17,26,30,39|9,10,13,23,31,38
2,3,21,28,33,34|7,12,17,26,30,39|9,10,13,23,31,38
1,9,12,30,33,39|3,6,15,23,27,35|7,11,14,16,17,34
2,8,12,18,34,39|3,6,15,23,27,35|7,9,11,14,16,38
2,12,13,14,33,34|3,6,15,23,27,35|7,8,9,16,25,32
2,12,33,34,39,40|3,6,15,23,27,35|7,8,9,16,25,32
3,6,15,23,27,35|7,8,9,16,25,32|12,18,20,30,34,39
3,8,16,25,33,35|6,7,9,11,21,38|12,18,20,30,34,39
3,8,20,33,35,39|6,7,9,11,21,38|12,16,18,25,30,34
3,8,21,28,33,35|6,7,9,15,31,38|12,16,18,25,30,34
3,11,13,23,25,35|6,7,9,15,31,38|12,16,27,30,34,40
3,13,20,23,31,35|6,7,9,11,21,38|12,16,18,25,30,34
3,13,22,23,28,35|6,7,9,11,21,38|12,16,18,25,30,34
1,2,9,13,14,23|3,6,21,32,33,34|10,29,30,38,39,40
1,2,9,23,39,40|3,6,21,32,33,34|10,13,14,29,30,38
1,7,8,16,31,35|2,6,13,22,33,34|3,9,20,23,29,39|18,21,28,30,32,38
1,9,21,22,30,33|2,8,11,18,34,39|3,12,13,23,31,35
1,13,14,17,30,38|2,8,11,18,34,39|3,9,16,23,25,29
1,13,25,29,30,38|2,8,11,18,34,39|3,6,9,17,21,23
1,17,30,32,33,39|2,8,13,25,34,40|3,9,21,23,28,29
1,17,30,38,39,40|2,6,13,22,33,34|3,9,16,23,25,29
2,8,11,18,34,39|3,6,9,17,21,23|10,13,14,29,30,38
2,8,13,25,34,40|3,6,9,17,21,23|7,12,29,32,38,39
2,8,16,18,31,34|3,6,9,17,21,23|7,12,29,32,38,39
2,8,16,19,25,34|3,6,9,17,21,23|7,12,29,32,38,39
2,8,18,21,22,34|3,9,14,16,17,23|7,12,29,32,38,39
2,8,18,32,38,39|3,6,9,17,21,23|7,12,16,29,31,34
2,8,19,20,34,39|3,6,9,17,21,23|10,13,14,29,30,38
2,8,19,21,28,34|3,9,14,16,17,23|7,12,29,32,38,39
2,11,13,14,33,34|3,6,9,17,21,23|7,12,29,32,38,39
2,11,33,34,39,40|3,6,9,17,21,23|10,13,14,29,30,38
2,13,14,32,33,38|3,6,9,17,21,23|7,11,12,29,34,39
2,13,17,23,25,29|3,6,21,32,33,34|8,9,10,30,39,40
2,16,31,33,34,40|3,6,9,17,21,23|7,12,29,32,38,39
2,32,33,38,39,40|3,6,9,17,21,23|7,12,16,29,31,34
3,6,9,17,21,23|7,11,12,29,34,39|13,14,26,30,32,33
3,9,14,16,17,23|6,19,21,26,30,38|7,11,12,29,34,39
2,12,13,31,33,34|3,11,16,23,27,35|6,7,8,9,21,26
1,2,9,13,23,31|3,11,32,33,34,39|6,7,8,10,21,35|14,16,18,26,30,38
1,3,9,23,32,39|2,6,13,28,33,34|7,8,10,14,16,35|19,21,22,26,30,38
1,7,8,16,25,35|2,6,13,28,33,34|3,9,11,17,23,39|19,21,22,26,30,38
1,16,27,29,30,38|2,6,13,28,33,34|3,9,11,17,23,39
1,26,29,30,33,39|2,8,16,18,25,34|3,9,17,21,22,23
2,6,13,28,33,34|3,9,11,17,23,39|7,8,10,14,16,35|19,21,22,26,30,38
2,8,16,18,25,34|3,9,11,17,23,39|10,13,29,30,31,38
2,8,16,27,34,40|3,9,11,17,23,39|6,18,21,26,30,38
2,8,18,20,34,39|3,9,16,17,23,31|11,13,27,30,32,38
2,8,18,21,28,34|3,9,11,17,23,39|10,13,29,30,31,38
2,11,13,31,33,34|3,9,17,21,22,23|7,8,10,14,16,35
2,13,14,20,33,34|3,9,11,17,23,39|6,7,8,10,21,35|16,19,26,30,31,38
2,13,31,32,33,38|3,9,11,17,23,39|6,7,8,10,21,35|14,25,27,30,34,40
2,16,25,33,34,40|3,9,11,17,23,39|6,7,8,10,21,35
2,19,23,26,32,39|3,6,13,22,34,38|7,8,10,14,16,35
2,20,33,34,39,40|3,9,16,17,23,31|6,7,8,10,21,35|11,13,27,30,32,38
2,21,28,33,34,40|3,9,11,17,23,39|7,8,10,14,16,35
3,9,11,17,23,39|6,7,8,10,21,35|13,26,30,31,32,33
3,9,16,17,23,31|6,7,8,10,21,35|11,13,27,30,32,38
3,9,17,21,22,23|7,8,10,14,16,35|11,13,27,30,32,38
3,11,32,33,34,39|6,7,8,10,21,35|13,26,30,31,38,40
3,11,34,38,39,40|6,7,8,10,21,35|13,26,30,31,32,33
3,16,31,32,33,34|6,7,8,10,21,35|11,19,26,30,38,39
3,21,22,32,33,34|7,8,10,14,16,35|11,19,26,30,38,39
3,21,22,34,38,40|7,8,10,14,16,35|13,26,30,31,32,33
3,6,8,21,33,35|7,11,14,16,29,34|12,19,30,32,38,39
3,6,13,22,23,35|7,8,9,14,16,32|11,12,19,30,34,39
3,8,14,16,33,35|6,7,11,21,29,34|12,19,30,32,38,39
3,11,13,14,23,35|6,7,8,9,21,32|12,16,19,30,31,34
3,11,23,35,39,40|6,7,8,9,21,32|12,14,16,18,30,34
3,16,23,31,35,40|6,7,8,9,21,32|11,12,19,30,34,39
3,21,22,23,35,40|6,7,15,29,31,34|12,19,30,32,38,39
2,6,8,19,21,34|3,9,14,16,23,29|13,30,31,32,38,40
2,8,13,14,34,40|3,6,9,21,23,29|11,19,30,32,38,39
2,8,14,16,19,34|3,6,9,21,23,29|13,30,31,32,38,40
2,8,12,19,34,39|3,6,13,23,28,35|7,16,29,31,32,38
3,6,13,23,28,35|7,8,9,11,32,39|12,16,18,30,31,34
3,8,11,33,35,39|6,7,9,14,15,38|12,13,25,30,34,40
3,8,16,31,33,35|6,7,9,14,15,38|11,12,18,30,34,39
3,8,21,22,33,35|6,7,9,14,15,38|11,12,18,30,34,39
3,11,13,23,31,35|6,7,9,14,15,38|12,16,19,25,30,34
3,13,14,20,23,35|6,7,15,25,29,34|12,18,30,32,38,39
3,16,23,25,35,40|6,7,9,14,15,38|11,12,18,30,34,39
3,20,23,35,39,40|6,7,9,14,15,38|12,16,18,30,31,34
3,21,23,28,35,40|6,7,9,14,15,38|11,12,18,30,34,39
1,6,9,21,30,33|2,8,11,19,34,39|3,12,13,14,23,35
1,8,9,13,30,31|2,6,21,33,34,40|3,17,23,29,32,39
1,9,14,16,30,33|2,6,8,18,21,34|3,12,23,35,39,40
1,13,29,30,31,38|2,6,8,18,21,34|3,12,23,35,39,40
2,6,8,18,21,34|3,9,11,23,29,39|13,25,30,32,38,40
2,6,21,33,34,40|3,9,11,23,29,39|16,18,30,31,32,38
2,8,11,19,34,39|3,9,16,23,29,31|13,25,30,32,38,40
2,8,13,31,34,40|3,9,11,23,29,39|16,19,25,30,32,38
2,8,14,16,18,34|3,9,11,23,29,39|13,25,30,32,38,40
2,8,16,19,31,34|3,9,11,23,29,39|13,25,30,32,38,40
2,8,17,29,33,39|3,12,13,14,23,35|6,15,18,25,30,34
2,8,19,21,22,34|3,9,11,23,29,39|13,25,30,32,38,40
2,8,19,32,38,39|3,9,16,23,29,31|6,15,18,25,30,34
2,14,16,33,34,40|3,9,11,23,29,39|18,21,22,30,32,38
1,7,16,25,32,34|3,15,23,27,28,35|9,10,12,30,33,39
1,7,21,28,32,34|3,14,23,25,27,35|9,10,12,30,33,39
2,12,13,25,33,34|3,15,23,27,28,35|7,8,9,11,26,39
3,14,23,25,27,35|6,7,10,21,32,34|12,18,26,30,38,39
3,15,23,27,28,35|6,7,10,21,32,34|12,18,26,30,38,39
3,16,20,23,27,35|6,7,10,21,32,34|12,18,26,30,38,39
1,2,9,13,23,25|3,8,10,29,34,39|16,18,26,30,31,38
1,3,8,17,34,39|2,9,10,13,14,23|16,18,26,30,31,38
1,10,13,14,30,34|2,8,19,26,38,39|3,9,16,17,23,25
1,10,30,34,39,40|2,8,13,27,32,38|3,9,16,17,23,25
1,13,17,25,30,38|2,6,15,27,33,34|7,8,10,11,35,39
2,6,15,27,33,34|3,9,16,17,23,25|7,8,10,11,35,39|18,21,22,26,30,38
2,8,11,13,27,34|3,9,16,17,23,25|18,21,22,26,30,38
2,8,19,26,38,39|3,9,16,17,23,25|11,13,20,27,30,34
2,9,10,13,14,23|3,8,16,27,32,34|11,18,26,30,38,39
2,11,13,25,33,34|3,9,17,20,23,39|7,8,10,16,31,35|18,21,22,26,30,38
2,13,20,31,33,34|3,9,16,17,23,25|7,8,10,11,35,39|18,21,22,26,30,38
2,13,22,28,33,34|3,9,16,17,23,25|7,8,10,11,35,39
2,18,23,26,32,39|3,6,13,28,34,38|7,8,10,16,31,35
3,8,10,29,34,39|7,9,12,16,31,38|13,25,26,30,32,33
3,9,16,17,23,25|7,8,10,11,35,39|13,20,27,30,32,38
3,9,17,20,23,39|7,8,10,16,31,35|13,25,26,30,32,33
3,9,17,21,23,28|7,8,10,11,35,39|13,20,27,30,32,38
3,16,25,32,33,34|7,8,10,11,35,39|18,21,22,26,30,38
3,17,23,26,29,39|7,8,10,16,31,35|11,13,20,27,30,34
3,20,32,33,34,39|7,8,10,16,31,35|13,25,26,30,38,40
3,20,34,38,39,40|7,8,10,16,31,35|13,25,26,30,32,33
3,21,28,32,33,34|7,8,10,11,35,39|13,25,26,30,38,40
3,21,28,34,38,40|7,8,10,11,35,39|13,25,26,30,32,33
1,3,10,23,35,39|2,12,16,27,33,34|6,7,17,21,26,38
1,2,9,16,23,27|3,6,21,26,33,34|7,8,10,20,35,39
1,17,26,30,33,39|2,8,13,20,27,34|7,9,12,16,25,38
2,8,13,20,27,34|3,9,10,23,32,39|16,18,25,26,30,38
2,8,18,26,38,39|7,12,16,17,25,34|9,10,21,28,30,33
2,11,16,27,33,34|3,9,10,23,32,39|18,21,26,28,30,38
2,13,14,26,33,38|3,9,10,23,32,39|7,12,16,17,25,34
2,13,20,25,33,34|3,9,10,23,32,39|16,26,27,30,38,40
2,14,27,31,33,34|3,9,10,23,32,39|16,18,25,26,30,38
2,15,22,27,33,34|3,9,10,23,32,39|16,18,25,26,30,38
3,9,10,23,32,39|7,12,16,17,25,34|18,21,26,28,30,38
1,2,13,17,30,31|6,8,18,21,26,34|9,10,23,32,39,40
1,2,16,27,29,30|6,8,18,21,26,34|9,10,13,14,23,32
1,3,9,11,30,39|6,8,18,21,26,34|16,17,25,29,33,38
1,3,9,16,30,31|6,8,18,21,26,34|11,12,13,23,27,35|17,20,29,33,38,39
1,3,9,21,22,30|6,15,18,25,34,38|8,12,16,27,33,35|13,17,23,26,29,31
1,3,17,30,32,39|2,6,7,9,12,21|8,10,13,29,31,34
1,6,17,21,33,34|2,3,13,14,32,38|9,15,23,27,28,29
1,8,13,17,31,34|2,3,32,38,39,40|9,14,23,25,27,29
1,9,13,23,25,32|2,3,11,34,39,40|8,12,16,27,33,35
1,14,16,17,33,34|2,3,32,38,39,40|9,15,23,27,28,29
1,16,25,29,33,34|2,3,13,14,32,38|6,9,15,17,23,27
1,20,29,33,34,39|2,3,13,14,32,38|6,9,15,17,23,27
1,21,28,29,33,34|2,3,13,14,32,38|6,9,15,17,23,27
2,3,11,13,14,34|6,9,15,17,23,27|8,19,26,32,38,39
2,3,13,14,32,38|6,8,18,21,26,34|9,15,23,27,28,29
2,3,16,31,34,40|6,9,15,17,23,27|8,19,26,32,38,39
2,3,21,22,34,40|6,9,15,17,23,27|8,19,26,32,38,39
2,3,32,38,39,40|6,8,18,21,26,34|9,11,13,17,23,25
2,6,7,9,12,21|3,10,29,30,32,39|8,13,26,31,34,40
2,6,18,21,26,30|8,9,16,17,25,33|11,12,13,23,27,35|15,19,28,31,34,38
2,7,9,12,14,16|3,10,29,30,32,39|6,8,18,21,26,34
2,11,13,27,30,32|6,8,18,21,26,34|16,17,25,29,33,38
2,11,19,26,30,39|6,9,15,17,23,27|8,10,13,29,31,34
2,13,26,30,31,40|6,9,15,17,23,27|10,14,16,29,33,34
2,14,16,18,26,30|6,9,15,17,23,27|8,10,13,29,31,34
2,16,19,26,30,31|6,9,15,17,23,27|11,13,25,32,33,34
2,19,21,22,26,30|6,9,15,17,23,27|8,10,13,29,31,34
3,10,29,30,32,39|6,8,18,21,26,34|9,11,13,17,23,25
3,13,14,26,30,32|6,9,15,17,23,27|11,16,18,31,34,38
3,26,30,32,39,40|6,9,15,17,23,27|8,10,13,29,31,34
6,8,18,21,26,34|9,10,13,14,23,32|16,17,25,29,33,38
6,10,21,29,33,34|8,19,26,32,38,39|9,11,13,17,23,25
6,15,18,25,34,38|8,9,17,20,33,39|11,12,13,23,27,35
6,16,18,28,34,38|8,9,17,20,33,39|11,12,13,23,27,35
6,18,20,21,34,38|8,9,16,17,25,33|11,12,13,23,27,35
6,21,26,33,34,40|8,16,17,27,29,38|9,10,13,14,23,32
8,9,16,17,25,33|11,12,13,23,27,35|14,15,18,28,34,38
8,9,17,20,33,39|11,12,13,23,27,35|14,15,18,28,34,38
8,9,17,21,28,33|11,12,13,23,27,35|14,16,18,20,34,38
8,11,19,26,34,39|9,10,13,14,23,32|16,17,25,29,33,38
8,12,16,27,33,35|9,10,13,14,23,32|11,18,21,22,34,38
8,14,16,18,26,34|9,10,23,32,39,40|17,21,28,29,33,38
8,16,19,26,31,34|9,10,13,14,23,32|17,20,29,33,38,39
8,17,26,29,33,39|9,10,13,14,23,32|11,16,18,31,34,38
8,19,21,22,26,34|9,10,13,14,23,32|16,17,25,29,33,38
8,19,26,32,38,39|9,11,13,17,23,25|10,14,16,29,33,34
1,3,9,12,30,39|2,6,7,21,26,29|8,14,25,27,33,35
2,7,11,17,32,39|8,14,25,27,33,35|12,16,18,31,34,38
2,7,16,17,31,32|8,12,19,26,34,39|11,13,20,23,27,35
2,7,17,21,22,32|8,12,19,26,34,39|11,13,20,23,27,35
1,2,13,14,17,30|6,8,19,21,26,34|9,11,16,23,27,29
1,2,13,25,29,30|6,8,19,21,26,34|9,17,20,23,39,40
1,2,17,30,39,40|6,8,19,21,26,34|9,11,16,23,27,29
1,3,6,9,21,30|2,7,12,29,32,39|8,13,14,26,34,40
1,3,9,14,16,30|2,7,12,29,32,39|6,8,19,21,26,34
1,8,9,13,14,38|2,3,6,21,34,40|12,16,18,23,25,35
1,8,9,32,33,39|2,3,6,21,34,40|12,16,18,23,25,35
1,8,9,38,39,40|2,6,19,21,26,30|11,13,31,32,33,34|12,16,18,23,25,35
1,8,13,14,17,34|2,6,19,21,26,30|9,11,16,23,27,29
1,8,13,25,29,34|2,6,19,21,26,30|9,17,20,23,39,40
1,8,17,34,39,40|2,6,19,21,26,30|9,11,16,23,27,29
1,9,13,23,31,32|2,3,6,21,34,40|11,17,29,33,38,39
1,11,29,33,34,39|2,6,19,21,26,30|9,13,14,17,20,23
1,16,29,31,33,34|2,6,19,21,26,30|9,13,14,17,20,23
1,21,22,29,33,34|2,13,14,26,30,40|12,16,18,23,25,35
1,29,32,33,38,39|2,3,6,21,34,40|9,11,13,17,23,31
2,3,6,21,34,40|8,9,11,17,33,39|12,16,18,23,25,35
2,3,8,17,29,39|6,11,18,21,34,38|12,16,23,27,35,40
2,6,19,21,26,30|8,9,11,17,33,39|12,16,18,23,25,35|13,14,20,34,38,40
2,7,12,29,32,39|6,8,19,21,26,34|9,11,13,17,23,31
2,10,13,14,29,30|6,8,19,21,26,34|9,16,17,23,25,40
2,10,29,30,39,40|6,8,19,21,26,34|9,11,13,17,23,31
2,13,14,26,30,40|6,11,18,21,34,38|8,9,16,17,31,33
2,14,16,19,26,30|6,9,13,17,23,28|8,10,29,34,39,40
2,16,18,25,30,32|6,8,19,21,26,34|9,11,13,17,23,31
2,16,27,30,32,40|6,8,19,21,26,34|9,11,13,17,23,31
2,18,20,30,32,39|6,8,19,21,26,34|9,11,13,17,23,31
2,18,21,28,30,32|6,15,19,25,34,38|8,9,11,17,33,39|12,16,23,27,35,40
3,16,17,25,29,30|6,8,19,21,26,34|12,18,20,23,35,39
3,17,20,29,30,39|6,8,19,21,26,34|12,16,18,23,25,35
3,17,21,28,29,30|6,15,18,31,34,38|8,12,13,25,33,35
6,13,28,34,38,40|8,9,11,17,33,39|12,16,18,23,25,35
6,15,18,31,34,38|8,9,11,17,33,39|12,16,23,27,35,40
6,15,19,25,34,38|8,9,11,17,33,39|12,16,23,27,35,40
6,19,20,21,34,38|8,9,11,17,33,39|12,16,18,23,25,35
8,9,11,17,33,39|12,16,18,23,25,35|13,14,20,34,38,40
8,9,16,17,31,33|11,19,21,22,34,38|12,18,20,23,35,39
8,9,17,21,22,33|11,13,31,34,38,40|12,16,18,23,25,35
8,12,13,25,33,35|9,11,16,23,27,29|14,15,18,22,34,38
1,12,29,33,34,39|2,6,7,9,11,21|14,23,25,27,35,40
2,6,7,9,11,21|8,13,20,25,33,35|12,14,16,18,34,38
2,6,7,9,15,31|8,11,16,27,33,35|12,19,21,22,34,38
2,6,7,9,16,22|8,13,20,25,33,35|11,12,19,34,38,39
2,6,7,17,21,32|8,11,16,27,33,35|12,13,31,34,38,40
2,7,9,11,14,16|6,12,18,21,34,38|8,13,20,25,33,35
2,7,9,14,15,22|6,12,18,21,34,38|8,11,16,27,33,35
2,7,14,16,17,32|6,12,18,21,34,38|8,13,20,25,33,35
2,7,16,25,29,32|6,12,18,21,34,38|8,14,27,31,33,35
2,7,20,29,32,39|6,12,18,21,34,38|8,11,16,27,33,35
2,7,21,28,29,32|8,9,12,17,33,39|14,23,25,27,35,40
1,2,13,29,30,31|6,8,9,17,21,33|11,12,18,23,35,39|14,15,19,22,34,38
1,3,29,30,32,39|6,8,9,17,21,33|11,13,14,34,38,40|12,16,18,23,31,35
1,6,21,29,33,34|2,11,18,30,32,39|9,16,17,23,31,40
1,8,13,29,31,34|2,11,18,30,32,39|9,17,21,22,23,40
1,9,13,14,23,32|3,11,17,29,30,39|6,15,19,31,34,38
1,9,23,32,39,40|3,16,17,29,30,31|6,11,19,21,34,38
1,14,16,29,33,34|2,11,18,30,32,39|6,9,13,17,22,23
2,11,18,30,32,39|6,8,9,17,21,33|12,13,23,25,35,40|14,15,19,22,34,38
2,13,25,30,32,40|6,8,9,17,21,33|11,12,18,23,35,39|14,15,19,22,34,38
2,16,18,30,31,32|6,8,9,17,21,33|11,13,14,34,38,40|12,19,20,23,35,39
2,16,19,25,30,32|6,8,9,17,21,33|11,12,18,23,35,39
2,18,21,22,30,32|6,9,15,23,27,29|8,12,13,31,33,35|11,14,16,19,34,38
2,19,20,30,32,39|6,8,9,17,21,33|11,13,14,34,38,40|12,16,18,23,31,35
3,11,17,29,30,39|6,13,22,32,33,34|12,16,18,23,31,35
3,16,17,29,30,31|6,11,19,21,34,38|12,13,23,25,35,40
3,17,21,22,29,30|6,14,15,18,34,38|8,12,13,31,33,35
6,8,9,17,21,33|11,12,18,23,35,39|14,15,19,22,34,38
6,11,19,21,34,38|8,9,14,16,17,33|12,13,23,25,35,40
6,13,22,34,38,40|8,9,14,16,17,33|11,12,18,23,35,39
6,14,15,18,34,38|8,9,16,25,29,33|12,19,20,23,35,39
6,15,19,31,34,38|8,9,14,16,17,33|11,12,18,23,35,39
6,16,19,22,34,38|8,9,20,29,33,39|12,13,23,25,35,40
6,17,21,29,33,38|8,11,18,32,34,39|12,13,23,25,35,40
8,9,16,25,29,33|11,12,18,23,35,39|14,15,19,22,34,38
8,9,20,29,33,39|11,13,14,34,38,40|12,16,18,23,31,35
8,9,21,28,29,33|11,12,18,23,35,39|14,15,19,22,34,38
8,12,13,31,33,35|9,11,17,23,39,40|14,15,19,22,34,38
8,13,17,29,31,38|11,12,18,23,35,39|21,22,32,33,34,40
8,13,25,32,34,40|11,12,18,23,35,39|14,16,17,29,33,38
2,6,7,9,14,15|3,12,17,29,30,39|8,11,13,25,33,35
2,7,11,29,32,39|6,8,15,27,33,35|9,12,13,14,17,23
2,7,16,29,31,32|6,8,15,27,33,35|9,12,13,14,17,23
2,7,21,22,29,32|6,8,15,27,33,35|9,12,13,14,17,23
1,2,13,14,29,30|6,8,18,21,32,34|11,12,19,23,35,39
1,2,29,30,39,40|6,8,18,21,32,34|12,16,19,23,31,35
1,8,13,14,29,34|2,6,18,21,30,32|11,12,19,23,35,39
1,8,29,34,39,40|2,6,18,21,30,32|12,16,19,23,31,35
2,6,18,21,30,32|8,9,11,29,33,39|12,13,23,31,35,40
2,13,30,31,32,40|6,12,18,21,23,35|8,9,11,29,33,39
2,14,16,18,30,32|6,9,13,23,28,29|8,12,33,35,39,40
2,16,19,30,31,32|6,9,13,23,28,29|8,12,33,35,39,40
2,19,21,22,30,32|6,9,13,23,28,29|8,12,33,35,39,40
3,6,17,21,29,30|8,11,19,32,34,39|12,13,23,31,35,40
3,14,16,17,29,30|6,8,18,21,32,34|11,12,19,23,35,39
6,14,15,19,34,38|8,9,11,29,33,39|12,13,23,31,35,40
6,21,32,33,34,40|8,13,14,17,29,38|11,12,19,23,35,39
1,9,10,17,23,39|2,3,11,16,27,34|13,25,26,32,33,38
1,10,13,14,34,38|2,3,26,32,33,39|9,17,23,25,27,31
1,10,32,33,34,39|2,3,13,14,26,38|9,17,23,25,27,31
1,2,16,17,27,30|6,9,10,21,33,38|8,18,20,26,34,39
1,26,29,33,38,39|2,3,6,15,27,34|9,10,13,23,25,32
2,3,11,13,25,34|6,9,10,21,33,38|16,17,23,26,27,29
2,3,13,20,31,34|6,9,10,21,33,38|16,17,23,26,27,29
2,3,13,22,28,34|6,9,10,21,33,38|16,17,23,26,27,29
2,7,9,12,16,25|3,10,17,30,32,39|6,13,26,28,33,34
2,7,9,12,20,39|3,13,25,26,30,32|6,10,17,21,33,34
2,7,9,12,21,28|3,10,17,30,32,39|8,16,18,25,26,34
2,7,12,26,29,39|3,9,10,16,30,31|14,25,27,32,33,34
2,18,21,26,28,30|8,9,10,13,31,38|14,25,27,32,33,34
1,10,13,23,31,35|2,7,9,11,16,25|8,12,18,26,34,39
2,7,9,11,20,39|8,25,27,31,33,35|12,18,21,28,34,38
2,7,11,26,29,39|8,25,27,31,33,35|12,18,21,28,34,38
2,7,17,20,32,39|8,25,27,31,33,35|12,18,21,28,34,38
2,7,21,22,26,29|8,25,27,31,33,35|12,18,20,34,38,39
1,2,3,29,38,39|6,13,22,26,33,34|9,11,16,17,23,27
1,2,13,17,25,30|8,9,10,32,33,39|11,16,27,34,38,40
1,3,9,16,25,30|2,7,12,17,32,39|6,13,22,26,33,34
1,3,9,21,28,30|2,7,12,17,32,39|6,13,22,26,33,34
1,3,26,29,30,39|2,7,9,12,16,31|8,10,13,14,17,34
1,9,13,14,23,26|2,3,16,25,34,40|10,29,32,33,38,39
1,17,32,33,38,39|2,3,6,13,28,34|9,23,25,27,29,31
2,7,9,11,12,39|3,13,26,30,31,32|10,21,22,29,33,34
2,7,9,12,21,22|3,13,26,30,31,32|8,10,17,34,39,40
2,7,12,17,32,39|3,6,9,10,21,30|8,13,25,26,34,40
2,10,13,14,17,30|8,11,18,26,34,39|9,23,25,27,29,31
2,10,13,25,29,30|8,11,18,26,34,39|9,14,17,23,27,31
2,10,17,30,39,40|6,13,22,26,33,34|9,23,25,27,29,31
2,11,18,26,30,39|8,9,10,13,14,38|15,22,27,32,33,34
2,13,25,26,30,40|8,9,10,32,33,39|11,18,21,28,34,38
2,16,18,26,30,31|8,9,10,13,14,38|15,22,27,32,33,34
2,16,19,25,26,30|8,9,10,13,14,38|15,22,27,32,33,34
2,18,21,22,26,30|8,9,10,13,14,38|11,16,27,32,33,34
2,19,20,26,30,39|8,9,10,13,14,38|11,16,27,32,33,34
2,19,21,26,28,30|8,9,10,13,14,38|11,16,27,32,33,34
3,6,9,10,21,30|8,11,18,26,34,39|12,13,20,23,27,35
8,9,10,32,33,39|11,16,18,25,34,38|12,13,20,23,27,35
8,10,13,14,17,34|9,23,25,27,29,31|26,32,33,38,39,40
8,10,13,25,29,34|9,11,16,17,23,27|26,32,33,38,39,40
8,10,17,34,39,40|9,23,25,27,29,31|13,14,26,32,33,38
8,13,25,26,34,40|9,11,16,17,23,27|10,29,32,33,38,39
8,16,18,26,31,34|9,13,17,20,23,25|10,29,32,33,38,39
8,18,26,32,38,39|9,11,16,17,23,27|10,21,22,29,33,34
3,8,11,35,39,40|6,7,9,14,15,32|12,13,17,29,30,31
3,8,21,22,35,40|6,7,9,14,15,32|12,13,17,29,30,31
1,6,9,13,22,30|2,11,14,16,19,34|3,8,12,35,39,40
1,9,11,13,14,30|2,6,15,19,31,34|3,8,12,35,39,40
1,9,16,30,31,40|2,6,11,19,21,34|3,8,12,13,14,35
1,9,21,22,30,40|2,6,14,15,18,34|3,8,17,29,32,39
1,13,14,17,30,32|2,6,11,19,21,34|3,8,9,16,29,31
1,13,25,29,30,32|2,6,11,19,21,34|3,8,12,35,39,40
1,17,30,32,39,40|2,6,11,19,21,34|3,8,9,16,29,31
2,6,11,19,21,34|3,8,9,16,29,31|13,14,26,30,32,40
2,6,13,22,34,40|3,8,9,11,29,39|14,16,19,26,30,32
2,6,15,19,31,34|3,8,9,11,29,39|13,14,26,30,32,40
2,6,16,19,22,34|3,8,9,11,29,39|13,14,26,30,32,40
2,11,13,14,34,40|3,8,9,16,29,31|6,19,21,26,30,32
2,6,12,19,21,34|3,8,11,13,31,35|7,9,14,15,22,32
3,6,11,21,33,35|7,9,14,15,22,32|12,13,17,25,29,30
3,6,15,31,33,35|7,9,11,14,16,32|12,13,17,25,29,30
3,8,20,35,39,40|6,7,9,11,21,32|12,13,17,25,29,30
3,8,21,28,35,40|6,7,9,15,31,32|12,13,17,25,29,30
3,11,14,16,33,35|6,7,9,15,31,32|12,13,17,25,29,30
3,14,15,22,33,35|6,7,9,11,21,32|12,13,17,25,29,30
1,2,8,9,13,14|3,6,12,21,33,35|11,16,17,27,29,30
1,2,8,9,39,40|3,6,12,21,33,35|10,13,29,30,31,32
1,2,13,14,29,38|3,6,8,9,17,21|11,19,26,30,32,39
1,2,29,38,39,40|3,6,8,9,17,21|14,16,18,26,30,32
1,3,6,21,29,34|2,11,19,32,38,39|9,10,14,16,30,40
1,6,7,11,21,35|2,8,13,17,25,29|3,16,31,32,34,40
1,6,7,15,31,35|2,8,13,17,25,29|3,11,32,34,39,40
1,6,7,16,22,35|2,8,13,17,25,29|3,11,32,34,39,40
1,7,11,14,16,35|2,6,13,28,34,40|3,8,9,20,29,39|19,21,22,26,30,32
1,7,14,15,22,35|2,6,11,18,21,34|3,8,9,16,25,29|13,26,30,31,32,40
1,9,11,13,30,31|2,6,15,19,25,34|3,12,14,16,33,35
1,9,16,25,30,40|2,6,11,18,21,34|3,8,12,13,31,35
1,9,20,30,39,40|2,6,11,18,21,34|3,8,12,13,31,35
1,9,21,28,30,40|2,6,15,18,31,34|3,12,14,16,33,35
1,13,17,30,31,32|2,6,11,18,21,34|3,8,9,16,25,29
1,16,27,29,30,32|2,6,11,18,21,34|3,8,12,13,31,35
1,26,29,30,39,40|2,6,11,18,21,34|3,8,9,14,16,17
2,6,11,18,21,34|3,8,9,14,16,17|10,13,29,30,31,32
2,6,13,28,34,40|3,8,9,14,16,17|11,19,26,30,32,39
2,6,15,18,31,34|3,8,9,14,16,17|11,19,26,30,32,39
2,6,15,19,25,34|3,8,9,14,16,17|10,13,29,30,31,32
2,6,16,18,22,34|3,8,9,20,29,39|13,26,30,31,32,40
2,6,16,19,28,34|3,8,9,20,29,39|13,26,30,31,32,40
2,6,19,20,21,34|3,8,9,14,16,17|10,13,29,30,31,32
2,8,13,17,25,29|3,6,12,21,33,35|9,10,14,16,30,40
2,11,13,31,34,40|3,6,8,9,17,21|14,16,18,26,30,32
2,11,14,16,18,34|3,6,8,9,17,21|10,13,29,30,31,32
2,11,17,29,33,39|3,6,13,22,32,34|9,10,14,16,30,40
2,11,19,21,22,34|3,8,9,14,16,17|10,13,29,30,31,32
2,13,14,20,34,40|3,6,8,9,17,21|11,19,26,30,32,39
2,14,15,18,22,34|3,6,8,9,17,21|10,13,29,30,31,32
2,14,15,19,28,34|3,6,8,9,17,21|10,13,29,30,31,32
2,14,16,19,20,34|3,6,8,9,17,21|10,13,29,30,31,32
2,15,19,22,31,34|3,6,8,9,17,21|14,16,18,26,30,32
2,17,21,22,29,33|3,8,12,13,31,35|9,10,14,16,30,40
1,9,12,13,30,31|3,6,8,15,27,35|7,14,16,26,29,32
2,6,12,18,21,34|3,8,11,13,25,35|7,9,14,15,28,32
2,11,12,19,34,39|3,6,8,15,27,35|7,9,14,16,20,32
2,12,13,31,34,40|3,6,8,15,27,35|7,9,11,21,22,32
2,12,14,16,18,34|3,6,8,15,27,35|7,9,11,21,22,32
2,12,16,19,31,34|3,6,8,15,27,35|7,9,11,21,22,32
2,12,17,29,33,39|3,6,8,15,27,35|7,9,11,16,31,32
2,12,19,21,22,34|3,6,8,15,27,35|7,9,11,16,31,32
3,8,13,20,31,35|6,7,9,15,25,32|12,16,17,27,29,30
3,8,13,22,28,35|6,7,9,15,25,32|12,16,17,27,29,30
3,11,21,22,33,35|6,7,9,15,25,32|12,16,17,27,29,30
3,14,15,28,33,35|6,7,9,20,21,32|12,16,17,27,29,30
1,2,6,9,21,33|3,8,12,13,25,35|10,17,30,32,39,40
1,2,8,9,13,31|3,11,12,33,35,39|14,17,25,27,29,30
1,2,13,29,31,38|3,8,9,11,17,39|6,7,10,14,15,35|16,19,25,26,30,32
1,3,8,9,32,39|2,6,15,18,25,34|16,17,20,27,29,30
1,3,11,29,34,39|2,13,25,32,38,40|6,7,10,14,15,35
1,3,16,29,31,34|2,8,19,26,32,39|6,7,10,14,15,35
1,3,21,22,29,34|2,8,19,26,32,39|6,7,10,14,15,35
1,3,29,32,38,39|2,6,15,18,25,34|9,10,11,13,14,30
1,6,7,15,25,35|2,8,16,17,27,29|3,11,13,31,32,34|9,10,21,22,30,40
1,6,7,16,28,35|2,8,19,26,32,39|3,17,21,22,29,38|9,10,11,13,14,30
1,6,7,20,21,35|2,8,16,17,27,29|3,11,13,31,32,34
1,6,9,15,27,30|2,8,19,26,32,39|3,12,16,31,33,35
1,7,11,16,31,35|2,6,15,18,25,34|3,8,9,17,21,22|19,20,26,30,32,39
1,7,11,21,22,35|2,6,15,18,25,34|3,8,9,16,17,31|19,20,26,30,32,39
1,7,14,15,28,35|2,6,18,20,21,34|3,8,9,11,17,39|10,13,25,29,30,32
1,7,14,16,20,35|2,6,15,18,25,34|3,8,9,11,17,39|19,21,26,28,30,32
1,7,15,22,31,35|2,6,16,18,28,34|3,8,9,11,17,39|10,13,25,29,30,32
1,9,11,13,25,30|2,6,15,27,34,40|3,12,16,31,33,35
1,9,13,20,30,31|2,6,15,18,25,34|3,11,12,33,35,39
1,9,13,22,28,30|2,6,15,18,25,34|3,11,12,33,35,39
1,13,17,25,30,32|2,6,15,27,34,40|3,11,12,33,35,39
1,13,26,29,30,31|2,6,15,18,25,34|3,8,9,11,17,39
2,6,15,18,25,34|3,8,9,11,17,39|19,21,26,28,30,32
2,6,15,27,34,40|3,8,9,11,17,39|10,13,25,29,30,32
2,6,16,18,28,34|3,8,9,11,17,39|10,13,25,29,30,32
2,6,18,20,21,34|3,8,9,11,17,39|10,13,25,29,30,32
2,8,16,17,27,29|3,6,13,28,32,34|9,10,11,30,39,40
2,8,19,26,32,39|3,12,16,31,33,35|6,9,10,13,22,30
2,11,13,25,34,40|3,8,9,16,17,31|6,7,10,14,15,35|18,21,22,26,30,32
2,11,16,18,31,34|3,8,9,17,21,22|6,7,10,14,15,35|13,25,26,30,32,40
2,11,16,19,25,34|3,8,9,17,21,22|6,7,10,14,15,35
2,11,18,21,22,34|3,8,9,16,17,31|6,7,10,14,15,35|13,25,26,30,32,40
2,11,18,32,38,39|3,8,9,16,17,31|6,7,10,14,15,35
2,11,19,20,34,39|3,8,9,16,17,31|6,7,10,14,15,35|13,25,26,30,32,40
2,11,19,21,28,34|3,8,9,16,17,31|6,7,10,14,15,35|13,25,26,30,32,40
2,13,20,31,34,40|3,8,9,11,17,39|6,7,10,14,15,35|16,19,25,26,30,32
2,13,22,28,34,40|3,8,9,11,17,39|6,7,10,14,15,35|16,18,26,30,31,32
2,13,25,32,38,40|3,8,9,11,17,39|6,7,10,14,15,35
2,14,15,18,28,34|3,8,9,11,17,39|10,13,25,29,30,32
2,14,16,18,20,34|3,8,9,11,17,39|10,13,25,29,30,32
2,14,19,25,31,34|3,8,9,11,17,39|18,21,22,26,30,32
2,15,18,22,31,34|3,8,9,11,17,39|10,13,25,29,30,32
2,15,19,22,25,34|3,8,9,11,17,39|16,18,26,30,31,32
2,15,19,28,31,34|3,8,9,11,17,39|10,13,25,29,30,32
2,16,17,25,29,33|3,6,13,28,32,34|9,10,11,30,39,40
2,16,18,31,32,38|3,8,9,11,17,39|6,7,10,14,15,35
2,16,19,20,31,34|3,8,9,11,17,39|6,7,10,14,15,35|13,25,26,30,32,40
2,16,19,22,28,34|3,8,9,11,17,39|6,7,10,14,15,35|13,25,26,30,32,40
2,16,19,25,32,38|3,8,9,11,17,39|6,7,10,14,15,35
2,17,20,29,33,39|3,6,13,28,32,34|9,10,16,30,31,40
2,17,21,28,29,33|3,8,12,13,25,35|9,10,11,30,39,40
2,18,21,22,32,38|3,8,9,11,17,39|6,7,10,14,15,35
2,19,20,21,22,34|3,8,9,11,17,39|6,7,10,14,15,35|13,25,26,30,32,40
2,19,20,32,38,39|3,8,9,16,17,31|6,7,10,14,15,35
2,19,21,28,32,38|3,8,9,11,17,39|6,7,10,14,15,35
3,8,9,11,17,39|6,7,10,14,15,35|13,25,26,30,32,40
3,8,9,16,17,31|6,7,10,14,15,35|11,18,26,30,32,39
3,8,9,17,21,22|6,7,10,14,15,35|11,18,26,30,32,39
3,11,13,31,32,34|6,7,10,14,15,35|16,17,20,27,29,30
3,11,17,29,38,39|6,7,10,14,15,35|13,25,26,30,32,40
3,16,17,29,31,38|6,7,10,14,15,35|11,18,26,30,32,39
3,17,21,22,29,38|6,7,10,14,15,35|11,18,26,30,32,39
3,21,28,32,34,40|6,7,10,14,15,35|16,17,20,27,29,30
1,9,12,13,25,30|3,8,11,16,27,35|7,21,22,26,29,32
2,11,12,18,34,39|3,8,13,20,25,35|6,7,9,14,15,26
2,12,13,25,34,40|3,8,11,16,27,35|6,7,9,14,15,26
2,12,16,18,31,34|3,8,13,20,25,35|6,7,9,14,15,26
2,12,16,19,25,34|3,8,14,27,31,35|7,9,11,20,32,39
2,12,18,21,22,34|3,8,11,16,27,35|6,7,9,14,15,26
2,12,18,32,38,39|3,8,11,16,27,35|6,7,9,14,15,26
2,12,19,20,34,39|3,8,11,16,27,35|6,7,9,14,15,26
2,12,19,21,28,34|3,8,11,16,27,35|6,7,9,14,15,26
1,2,8,9,13,25|3,6,10,21,29,34|16,26,27,30,32,40
1,2,9,11,33,39|3,6,10,21,29,34|16,18,25,26,30,32
1,2,9,16,31,33|3,6,10,21,29,34|18,20,26,30,32,39
1,2,9,21,22,33|3,6,15,27,32,34|7,10,11,14,16,35
1,2,13,14,17,38|3,6,10,21,29,34|7,9,12,16,25,32
1,2,13,25,29,38|3,6,15,27,32,34|7,10,11,14,16,35
1,2,17,38,39,40|3,6,10,21,29,34|7,9,12,16,25,32
1,3,6,9,21,38|2,8,18,26,32,39|7,10,11,14,16,35|17,25,27,29,30,31
1,3,6,17,21,34|2,8,9,10,13,14|7,12,26,29,32,39
1,3,9,14,16,38|2,8,18,26,32,39|6,7,10,11,21,35|17,25,27,29,30,31
1,3,14,16,17,34|2,6,19,21,26,38|7,9,12,20,32,39
1,3,16,25,29,34|2,6,19,21,26,38|7,9,12,20,32,39
1,3,20,29,34,39|2,6,19,21,26,38|7,9,12,16,25,32
1,3,21,28,29,34|2,8,9,10,13,14|16,18,25,26,30,32
1,7,11,16,25,35|2,6,19,21,26,38|3,8,9,17,20,39
1,7,11,20,35,39|2,6,19,21,26,38|3,8,9,16,17,25
1,7,11,21,28,35|2,8,9,10,13,14|3,6,15,27,32,34
1,7,14,25,31,35|2,6,19,21,26,38|3,8,9,17,20,39|10,16,27,29,30,32
1,7,15,22,25,35|2,6,19,21,26,38|3,8,9,17,20,39|10,16,27,29,30,32
1,7,15,28,31,35|2,6,19,21,26,38|3,8,9,16,17,25
1,7,16,20,31,35|2,6,19,21,26,38|3,11,13,25,32,34
1,7,16,22,28,35|2,6,19,21,26,38|3,8,9,17,20,39
1,7,20,21,22,35|2,8,9,10,13,14|3,6,15,27,32,34
1,9,11,16,27,30|2,6,19,21,26,38|3,12,20,33,35,39
1,9,13,20,25,30|2,6,19,21,26,38|3,8,12,16,27,35
1,9,14,27,30,31|2,6,19,21,26,38|3,11,13,25,32,34
1,9,15,22,27,30|2,6,19,21,26,38|3,10,14,16,29,34
1,10,17,29,30,39|2,6,19,21,26,38|3,8,12,16,27,35
1,13,14,17,26,30|2,8,9,10,39,40|3,6,15,27,32,34
1,13,25,26,29,30|2,8,9,10,39,40|3,6,15,27,32,34
1,16,17,27,30,32|2,6,19,21,26,38|3,12,20,33,35,39
1,17,26,30,39,40|2,8,9,10,13,14|3,6,15,27,32,34
2,6,19,21,26,38|3,8,9,16,17,25|7,10,14,15,22,35
2,11,16,18,25,34|3,8,9,17,20,39|6,7,10,15,31,35
2,11,16,27,34,40|3,8,9,17,20,39|6,7,10,15,31,35|18,21,26,28,30,32
2,11,18,20,34,39|3,8,9,16,17,25|6,7,10,15,31,35
2,11,18,21,28,34|3,8,9,16,17,25|6,7,10,15,31,35
2,13,14,26,38,40|3,6,10,21,29,34|7,9,12,16,25,32
2,13,20,25,34,40|3,8,9,17,21,28|6,7,10,15,31,35
2,14,16,19,26,38|3,6,10,21,29,34|7,9,12,20,32,39
2,14,18,25,31,34|3,8,9,17,20,39|6,7,10,11,21,35|16,26,27,30,32,40
2,14,27,31,34,40|3,8,9,16,17,25|6,7,10,11,21,35|18,20,26,30,32,39
2,15,18,22,25,34|3,8,9,17,20,39|6,7,10,11,21,35|16,26,27,30,32,40
2,15,18,28,31,34|3,8,9,16,17,25|6,7,10,11,21,35
2,15,19,25,28,34|3,8,9,17,20,39|6,7,10,11,21,35|16,26,27,30,32,40
2,15,22,27,34,40|3,8,9,16,17,25|6,7,10,11,21,35|18,20,26,30,32,39
2,16,18,20,31,34|3,8,9,17,21,28|7,10,14,15,22,35
2,16,18,22,28,34|3,8,9,17,20,39|6,7,10,11,21,35
2,16,19,20,25,34|3,8,9,17,21,28|6,7,10,15,31,35
2,18,20,21,22,34|3,8,9,16,17,25|6,7,10,15,31,35
2,18,21,28,32,38|3,8,9,16,17,25|6,7,10,15,31,35
2,19,20,21,28,34|3,8,9,16,17,25|6,7,10,15,31,35
3,8,9,16,17,25|6,7,10,11,21,35|18,20,26,30,32,39
3,8,9,17,20,39|6,7,10,11,21,35|16,18,25,26,30,32
3,8,9,17,21,28|6,7,10,15,31,35|16,18,25,26,30,32
3,13,22,28,32,34|6,7,10,11,21,35|17,25,27,29,30,31
3,14,16,26,34,40|6,7,10,11,21,35|17,25,27,29,30,31
3,16,17,25,29,38|6,7,10,11,21,35|18,20,26,30,32,39
3,17,20,29,38,39|6,7,10,11,21,35|16,18,25,26,30,32
3,17,21,28,29,38|6,7,10,15,31,35|16,18,25,26,30,32
1,2,9,12,33,39|3,8,14,25,27,35|6,7,17,21,26,32
1,9,12,16,27,30|3,15,25,28,33,35|6,7,17,21,26,32
2,12,16,18,25,34|3,8,15,27,28,35|6,7,9,11,21,26
2,12,16,27,34,40|3,15,25,28,33,35|6,7,9,11,21,26
2,12,18,20,34,39|3,8,14,25,27,35|6,7,9,11,21,26
2,12,18,21,28,34|3,8,14,25,27,35|6,7,9,15,26,31
1,2,8,9,16,27|3,6,13,22,26,34|7,10,14,15,28,35
