1,8,25,29,34,39|2,6,13,15,26,30|9,14,17,21,23,28
2,3,6,14,21,34|8,12,25,33,35,39|9,15,16,17,23,28
2,3,6,15,16,34|8,12,25,33,35,39|9,14,17,21,23,28
2,6,13,15,26,30|8,10,14,29,34,39|9,17,21,22,23,31
2,6,21,27,30,32|8,10,14,29,34,39|9,15,16,17,23,28
2,10,14,29,30,39|6,8,13,15,26,34|9,17,21,22,23,31
2,10,15,21,29,30|6,9,17,23,28,39|8,13,25,31,32,34
2,13,25,30,31,32|6,9,17,23,28,39|8,10,15,21,29,34
2,14,16,27,30,32|6,8,13,15,26,34|9,11,17,23,31,39
2,14,26,30,39,40|6,8,21,27,32,34|9,15,16,17,23,28
2,15,21,26,30,40|6,9,17,23,28,39|8,13,25,31,32,34
6,13,14,28,34,38|8,12,25,33,35,39|9,15,17,20,21,23
6,13,15,20,34,38|8,12,25,33,35,39|9,14,17,21,23,28
6,13,22,31,34,38|8,12,25,33,35,39|9,14,17,21,23,28
8,12,25,33,35,39|9,14,17,21,23,28|11,13,15,22,34,38
8,17,25,29,38,39|12,14,16,23,27,35|15,20,21,32,33,34
2,3,6,28,34,39|8,9,10,15,21,38|12,16,23,25,27,35
2,3,11,31,34,39|8,9,10,15,21,38|12,16,23,25,27,35
2,3,14,16,25,34|8,9,10,15,21,38|12,20,23,27,35,39
2,3,14,20,34,39|8,9,10,15,21,38|12,16,23,25,27,35
2,3,15,20,21,34|8,9,10,14,38,39|12,16,23,25,27,35
2,3,21,22,31,34|8,9,10,14,38,39|12,16,23,25,27,35
2,3,31,32,38,39|8,10,15,17,21,34|12,16,23,25,27,35
2,10,15,17,21,30|6,13,25,28,34,38|12,20,23,27,35,39
2,13,14,25,26,30|6,11,21,27,34,38|9,10,23,31,32,39
2,13,15,26,28,30|6,11,21,27,34,38|9,10,23,31,32,39
2,13,16,20,26,30|6,11,21,27,34,38|9,10,23,31,32,39
2,16,25,27,30,32|6,21,26,31,33,34|8,9,10,14,38,39
6,21,26,31,33,34|8,9,10,14,38,39|12,16,23,25,27,35
6,22,26,33,34,39|8,9,10,15,21,38|12,16,23,25,27,35
8,9,10,14,38,39|11,15,21,26,33,34|12,16,23,25,27,35
8,9,10,15,21,38|11,14,26,33,34,39|12,16,23,25,27,35
8,10,14,17,34,39|12,16,23,25,27,35|15,21,26,32,33,38
8,10,15,17,21,34|12,16,23,25,27,35|14,26,32,33,38,39
1,3,6,23,31,35|2,8,9,12,15,33|7,11,14,22,32,34
1,3,11,15,23,35|6,7,14,20,32,34|9,12,22,30,31,33
1,3,14,22,23,35|2,8,9,12,15,33|6,7,11,31,32,34
1,2,8,15,34,40|3,6,9,23,31,32|14,22,26,29,30,33
1,22,30,31,34,40|2,6,23,27,29,32|7,8,11,14,28,35
2,6,9,23,25,40|3,8,14,28,29,34|15,17,20,30,32,33
2,6,23,27,29,32|7,8,11,14,28,35|15,17,20,30,38,40
2,6,29,31,33,38|3,9,11,15,23,32|7,8,14,20,22,35
2,8,9,11,15,33|6,7,12,14,32,34|17,22,30,31,38,40
2,8,15,17,38,40|3,6,9,23,31,32|14,22,26,29,30,33
2,9,14,23,28,40|3,6,8,25,29,34|15,17,20,30,32,33
2,9,15,20,23,40|3,6,8,14,17,34|25,28,29,30,32,33
2,9,22,23,31,40|3,6,8,14,17,34|11,15,26,29,30,33
2,14,22,29,33,38|3,6,9,23,31,32|7,8,11,15,20,35
2,15,23,26,29,40|3,6,8,9,14,38|17,22,30,31,32,33
3,6,9,23,31,32|7,8,11,14,28,35|15,17,20,30,38,40
3,9,11,15,23,32|6,7,8,20,31,35|14,17,28,30,38,40
3,9,14,22,23,32|6,7,8,11,25,35|15,17,20,30,38,40
1,3,6,23,25,35|7,11,14,28,32,34|8,9,12,22,27,30
1,3,14,23,28,35|6,7,11,25,32,34|8,9,12,22,27,30
1,3,15,20,23,35|6,7,11,25,32,34|8,9,12,22,27,30
3,6,10,14,23,35|7,11,15,20,32,34|8,9,12,22,27,30
1,3,12,15,23,35|2,6,8,9,25,33|10,14,22,30,34,40
1,22,25,30,34,40|2,6,8,27,29,38|3,9,14,23,28,32
1,28,30,31,34,40|2,6,8,9,25,33|3,15,23,26,29,32
2,6,8,9,25,33|3,15,23,26,29,32|10,14,22,30,34,40
2,6,8,27,29,38|3,9,14,23,28,32|10,11,15,30,34,40
2,8,9,14,28,33|3,15,23,26,29,32|6,10,30,31,34,40
2,8,9,15,20,33|6,7,12,31,32,34|11,22,27,29,30,38
2,8,15,26,29,33|3,6,9,23,25,32|10,14,22,30,34,40
2,9,22,23,25,40|3,6,8,17,31,34|14,26,28,29,30,33
2,9,23,28,31,40|3,8,11,15,17,34|6,20,27,29,30,38
2,22,23,27,29,32|3,6,8,9,31,38|10,11,15,30,34,40
2,22,29,31,33,38|3,6,9,23,25,32|7,8,14,20,28,35|10,11,15,30,34,40
3,6,8,9,31,38|7,11,12,15,32,34|14,26,28,29,30,33
3,6,9,23,25,32|7,8,11,28,31,35|10,14,22,30,34,40
3,8,9,11,15,38|6,7,12,31,32,34|14,26,28,29,30,33
3,8,9,14,22,38|6,7,12,31,32,34|15,20,26,29,30,33
3,9,14,23,28,32|6,7,8,20,25,35|10,11,15,30,34,40
3,9,22,23,31,32|6,7,8,20,25,35|10,11,15,30,34,40
3,15,23,26,29,32|6,7,8,20,25,35|9,11,28,30,31,33
2,6,9,23,31,40|3,8,11,15,29,34|14,17,22,30,32,33
2,9,11,15,23,40|3,6,8,29,31,34|14,17,22,30,32,33
2,9,14,22,23,40|3,6,8,29,31,34|11,15,17,30,32,33
2,15,17,23,32,40|3,6,8,29,31,34|9,11,14,22,30,33
1,12,27,28,30,34|3,10,22,23,25,35|7,15,20,26,32,38
3,10,22,23,25,35|6,7,20,26,31,34|12,17,27,28,30,38
1,2,28,31,33,34|3,6,9,23,25,26|17,20,22,27,30,38
1,3,6,25,34,38|2,9,11,23,27,28|10,15,26,30,32,33
1,3,14,28,34,38|2,9,20,22,23,27|10,15,26,30,32,33
1,3,15,20,34,38|2,9,11,23,27,28|17,22,25,26,30,33
1,3,22,31,34,38|2,9,11,23,27,28|10,15,26,30,32,33
1,10,15,17,30,38|2,9,11,23,27,28|6,7,12,26,31,34
1,11,27,28,30,34|2,10,15,32,33,38|3,6,9,23,25,26
1,20,22,27,30,34|2,10,15,32,33,38|3,6,9,23,25,26
1,27,28,30,32,38|2,6,10,31,33,34|3,9,15,20,23,26
2,9,11,23,27,28|3,6,10,14,34,38|17,22,25,26,30,33
2,9,20,22,23,27|3,6,10,14,34,38|17,26,28,30,31,33
2,10,11,15,33,34|3,6,9,23,25,26|17,20,22,27,30,38
2,10,14,22,33,34|3,6,9,23,25,26|11,17,27,28,30,38
2,17,22,25,33,38|3,9,14,23,26,28|6,10,11,27,30,34
1,3,22,23,25,35|2,12,15,17,33,38|6,7,11,14,26,34
1,3,23,28,31,35|2,12,15,17,33,38|6,7,11,14,26,34
2,12,15,17,33,38|3,6,10,23,31,35|7,11,22,25,32,34
3,6,10,23,31,35|7,11,22,25,32,34|8,9,12,27,28,30
3,10,11,15,23,35|6,7,14,26,32,38|8,9,12,27,28,30
3,10,14,22,23,35|6,7,20,25,32,34|8,9,12,27,28,30
1,10,15,29,30,38|2,6,9,11,23,27|3,8,14,17,28,34
1,15,26,30,32,33|2,6,9,11,23,27|3,8,14,17,28,34
1,15,26,30,38,40|2,6,9,11,23,27|3,8,14,17,28,34
1,25,28,30,34,40|2,6,9,11,23,27|3,8,15,26,29,38
2,6,9,11,23,27|3,8,14,17,28,34|22,25,26,29,30,33
2,6,17,23,27,32|3,8,9,14,28,38|10,15,20,30,34,40
2,8,9,22,25,33|6,11,17,27,30,38|7,12,14,28,32,34
2,8,9,28,31,33|6,7,12,25,32,34|20,22,27,29,30,38
2,8,10,15,34,40|3,6,9,14,23,26|11,27,28,29,30,38
2,8,22,27,29,38|3,6,9,14,23,26|7,12,15,20,32,34
2,10,15,17,23,29|3,6,8,9,25,38|7,12,14,28,32,34
2,11,15,17,33,38|3,6,9,14,23,26|7,8,20,22,25,35
2,15,17,23,26,40|3,6,8,9,25,38|7,12,14,28,32,34
2,22,25,29,33,38|3,6,9,14,23,26|7,8,20,28,31,35
2,23,27,28,29,32|3,6,8,9,25,38|10,15,20,30,34,40
3,6,8,9,25,38|7,12,14,28,32,34|11,15,17,26,30,33
3,6,9,14,23,26|7,8,11,25,28,35|10,15,20,30,34,40
3,8,9,14,28,38|6,7,12,25,32,34|11,15,17,26,30,33
3,8,9,15,20,38|6,7,12,25,32,34|14,17,22,26,30,33
3,8,9,22,31,38|6,7,12,25,32,34|11,15,17,26,30,33
3,8,15,26,29,38|6,7,12,25,32,34|9,20,28,30,31,33
3,9,22,23,25,32|6,11,17,27,30,38|7,8,20,28,31,35
1,3,23,25,28,35|6,7,11,26,31,34|12,17,22,27,30,38
1,12,22,27,30,34|3,6,10,23,25,35|7,11,15,26,32,38
3,10,14,23,28,35|6,7,11,26,31,34|12,17,22,27,30,38
3,10,15,20,23,35|6,7,11,26,31,34|12,17,22,27,30,38
1,2,14,28,33,34|3,6,9,23,26,31|11,17,22,27,30,38
1,2,15,20,33,34|3,6,9,23,26,31|11,17,22,27,30,38
1,2,22,31,33,34|3,9,11,15,23,26|6,17,20,27,30,38
1,3,11,15,34,38|2,6,9,20,23,27|14,17,26,28,30,33
1,3,14,22,34,38|2,6,9,20,23,27|25,26,28,29,30,33
1,6,20,27,30,34|2,8,9,25,28,33|3,10,12,15,23,35
1,11,22,27,30,34|2,6,17,25,33,38|3,10,12,15,23,35
1,22,27,30,32,38|2,6,10,14,33,34|3,9,11,15,23,26|7,8,20,25,28,35
2,6,8,17,27,38|3,9,11,15,23,26|7,12,22,25,32,34
2,6,9,20,23,27|3,8,10,15,32,34|14,17,26,28,30,33
2,6,23,26,27,29|3,8,9,22,25,38|7,12,28,31,32,34
2,8,9,25,28,33|3,10,12,15,23,35|6,17,20,27,30,38
2,8,27,28,29,38|3,6,9,23,26,31|7,12,22,25,32,34
2,9,11,22,23,27|3,8,10,15,32,34|6,17,25,26,30,33
2,14,17,28,33,38|3,6,9,23,26,31|7,12,22,25,32,34
2,15,17,20,33,38|3,6,9,23,26,31|7,12,22,25,32,34
2,17,22,23,27,32|3,8,9,28,31,38|6,7,12,14,26,34
3,6,9,23,26,31|7,8,20,25,28,35|11,17,22,27,30,38
3,9,11,15,23,26|6,17,20,27,30,38|7,12,22,25,32,34
3,9,14,22,23,26|6,17,20,27,30,38|7,12,28,31,32,34
3,9,23,25,28,32|6,7,12,14,26,34|11,17,22,27,30,38
1,3,6,25,30,34|2,7,12,15,32,38|9,14,22,23,26,33
1,3,14,28,30,34|2,7,12,15,32,38|6,9,23,26,31,33
1,6,31,33,34,38|2,3,9,14,23,28|7,12,15,26,30,32
1,14,22,33,34,38|2,3,6,9,23,25|7,12,15,26,30,32
2,3,6,9,23,25|7,12,15,26,30,32|8,17,28,31,33,34
2,3,9,14,23,28|7,12,15,26,30,32|8,17,22,25,33,34
2,6,7,12,31,34|3,8,9,25,28,30|10,15,17,23,29,38
2,7,11,12,15,34|3,6,17,25,30,38|8,9,23,27,28,32
2,7,12,14,22,34|3,6,17,25,30,38|8,9,23,27,28,32
6,9,11,23,27,38|7,12,15,26,30,32|8,17,22,25,33,34
6,11,17,23,27,34|7,12,15,26,30,32|8,9,22,25,33,38
7,12,15,26,30,32|8,9,22,25,33,38|11,23,27,28,29,34
2,6,7,12,25,34|3,10,15,30,32,38|9,14,23,26,28,33
2,7,12,14,28,34|3,10,15,30,32,38|6,8,9,23,26,27
2,7,12,15,20,34|3,17,22,25,30,38|6,8,9,23,26,27
2,7,12,22,31,34|3,10,15,30,32,38|6,8,9,23,26,27
1,3,12,15,30,34|2,6,7,31,32,38|10,14,22,23,33,35
1,8,22,23,27,35|2,6,7,11,31,34|3,12,15,17,30,38
1,22,23,25,33,35|2,6,7,11,31,34|3,12,15,17,30,38
1,23,28,31,33,35|2,6,7,14,20,34|3,12,15,17,30,38
2,6,7,11,31,34|3,12,15,17,30,38|10,14,22,23,33,35
2,7,11,14,22,34|3,12,15,17,30,38|6,10,23,31,33,35
1,9,11,25,38,39|2,3,15,21,26,32|10,14,16,17,31,34
1,9,16,25,31,38|2,3,14,26,32,39|10,11,15,17,21,34
1,9,21,28,31,38|2,3,14,26,32,39|10,15,16,17,22,34
1,9,22,28,38,39|2,3,15,21,26,32|10,14,16,17,31,34
1,11,17,25,34,39|2,3,15,21,26,32|9,10,14,16,31,38
1,16,17,25,31,34|2,3,14,26,32,39|9,10,11,15,21,38
1,17,21,28,31,34|2,3,14,26,32,39|9,10,15,16,22,38
1,17,22,28,34,39|2,3,15,21,26,32|9,10,14,16,31,38
1,6,9,21,25,38|8,12,20,27,35,39|10,15,16,28,29,34
1,6,9,28,38,39|8,12,16,25,27,35|10,15,20,21,29,34
1,6,17,28,34,39|8,12,16,25,27,35|13,14,26,31,32,38
1,8,9,14,26,39|6,10,15,16,17,34|12,21,25,28,33,35
1,9,11,31,38,39|6,10,14,17,21,34|8,12,16,25,27,35
1,9,14,20,38,39|6,10,15,16,17,34|8,12,21,27,28,35
1,9,14,21,28,38|6,10,15,16,17,34|8,12,20,27,35,39
1,9,15,16,28,38|6,10,14,17,21,34|8,12,20,27,35,39
1,9,15,20,21,38|6,10,28,29,34,39|8,12,16,25,27,35
1,9,21,22,31,38|6,10,15,16,17,34|8,12,20,27,35,39
1,11,17,31,34,39|6,9,10,14,21,38|8,12,16,25,27,35
1,14,17,20,34,39|6,9,10,15,16,38|8,12,21,27,28,35
1,14,17,21,28,34|6,9,10,15,16,38|8,12,20,27,35,39
1,14,26,29,38,39|6,10,15,16,17,34|8,12,21,27,28,35
1,15,16,17,28,34|6,9,10,14,21,38|8,12,20,27,35,39
1,15,21,26,29,38|6,16,27,28,32,34|8,9,17,20,25,39
1,17,21,22,31,34|6,9,10,15,16,38|8,12,20,27,35,39
1,21,25,28,29,34|6,9,10,15,16,38|8,12,20,27,35,39
6,9,10,14,21,38|8,12,16,25,27,35|11,13,15,22,26,34
6,9,10,15,16,38|8,12,20,27,35,39|11,13,14,26,31,34
6,10,14,17,21,34|8,12,16,25,27,35|13,15,22,26,32,38
6,10,15,16,17,34|8,12,20,27,35,39|13,14,26,31,32,38
6,10,21,25,29,34|8,12,20,27,35,39|11,13,16,26,32,38
6,10,28,29,34,39|8,12,16,25,27,35|13,14,26,31,32,38
6,13,15,20,26,34|8,9,10,31,32,39|12,21,25,28,33,35
8,9,10,31,32,39|11,13,15,22,26,34|12,21,25,28,33,35
8,9,17,20,25,39|10,14,21,28,29,34|11,13,16,26,32,38
8,9,17,21,25,28|10,11,29,31,34,39|13,15,22,26,32,38
8,12,16,25,27,35|10,11,29,31,34,39|13,15,22,26,32,38
8,12,20,27,35,39|10,14,16,25,29,34|13,15,22,26,32,38
8,12,21,27,28,35|10,11,29,31,34,39|13,15,22,26,32,38
10,11,29,31,34,39|12,21,25,28,33,35|13,15,22,26,32,38
10,14,20,29,34,39|11,13,16,26,32,38|12,21,25,28,33,35
10,14,21,28,29,34|11,13,16,26,32,38|12,20,25,33,35,39
10,15,16,28,29,34|12,20,25,33,35,39|13,14,26,31,32,38
10,21,22,29,31,34|11,13,16,26,32,38|12,20,25,33,35,39
10,29,31,32,38,39|11,13,15,22,26,34|12,21,25,28,33,35
1,6,9,14,21,38|8,12,13,25,31,35|22,28,32,34,39,40
1,6,9,15,16,38|8,12,13,25,31,35|22,28,32,34,39,40
1,6,14,17,21,34|8,9,20,25,29,39|12,15,16,28,33,35
1,6,15,16,17,34|8,9,20,25,29,39|12,14,21,28,33,35
1,6,21,25,29,34|8,9,11,17,31,39|12,15,16,28,33,35
1,6,28,29,34,39|8,9,14,16,17,25|12,15,20,21,33,35
1,8,9,31,32,39|6,10,14,21,29,34|12,15,16,28,33,35
1,11,29,31,34,39|6,8,9,17,21,25|12,15,16,28,33,35
1,14,16,25,29,34|6,8,9,17,28,39|12,15,20,21,33,35
1,14,20,29,34,39|6,8,9,17,21,25|12,15,16,28,33,35
1,15,16,28,29,34|6,8,9,17,21,25|11,12,31,33,35,39
1,15,20,21,29,34|6,8,9,17,28,39|12,14,16,25,33,35
1,21,22,29,31,34|6,8,9,17,28,39|12,14,16,25,33,35
1,29,31,32,38,39|6,8,9,17,21,25|12,15,16,28,33,35
6,8,9,17,21,25|11,12,31,33,35,39|13,14,22,28,32,34
6,8,9,17,28,39|11,13,14,25,32,34|12,15,20,21,33,35
6,8,12,21,27,35|11,13,14,25,32,34|15,16,17,28,29,38
6,10,14,21,29,34|8,9,11,17,31,39|12,15,16,28,33,35
6,10,15,16,29,34|8,9,11,17,31,39|12,14,21,28,33,35
6,12,21,25,33,35|8,9,11,17,31,39|13,14,22,28,32,34
6,12,28,33,35,39|8,9,14,16,17,25|13,15,20,22,32,34
6,13,22,25,32,34|8,9,11,17,31,39|12,14,21,28,33,35
6,13,28,31,32,34|8,9,14,16,17,25|12,15,20,21,33,35
6,14,21,26,34,40|8,9,11,17,31,39|12,15,16,28,33,35
6,15,16,26,34,40|8,9,11,17,31,39|12,14,21,28,33,35
6,17,21,25,29,38|8,12,14,16,27,35|11,13,15,28,32,34
8,9,11,17,31,39|12,14,16,25,33,35|13,15,20,22,32,34
8,9,14,16,17,25|11,12,31,33,35,39|13,15,20,22,32,34
8,9,14,17,20,39|11,13,15,28,32,34|12,21,22,31,33,35
8,9,14,17,21,28|11,12,31,33,35,39|13,15,20,22,32,34
8,9,15,16,17,28|11,12,31,33,35,39|21,22,25,32,34,40
8,9,15,17,20,21|11,12,31,33,35,39|13,14,22,28,32,34
8,9,17,21,22,31|11,13,14,25,32,34|12,15,16,28,33,35
8,9,20,25,29,39|11,13,15,28,32,34|12,21,22,31,33,35
8,9,21,25,28,29|11,12,31,33,35,39|13,15,20,22,32,34
8,12,14,16,27,35|11,13,15,28,32,34|17,21,22,29,31,38
8,14,17,26,29,39|11,13,15,28,32,34|12,21,22,31,33,35
8,15,17,21,26,29|11,12,31,33,35,39|13,14,22,28,32,34
11,12,31,33,35,39|13,14,22,28,32,34|15,17,20,21,29,38
11,13,14,25,32,34|12,15,16,28,33,35|17,21,22,29,31,38
11,13,15,28,32,34|12,14,16,25,33,35|17,21,22,29,31,38
11,17,29,31,38,39|12,14,16,25,33,35|13,15,20,22,32,34
12,14,20,33,35,39|15,16,17,28,29,38|21,22,25,32,34,40
1,6,9,21,31,38|8,11,12,27,35,39|10,15,16,22,29,34
1,6,9,22,38,39|8,12,16,27,31,35|10,11,15,21,29,34
1,6,17,22,34,39|8,9,10,15,21,32|12,16,25,31,33,35
1,9,11,15,21,38|6,10,22,29,34,39|8,12,16,27,31,35
1,9,14,21,22,38|6,11,13,15,26,34|8,12,16,27,31,35
1,9,15,16,22,38|6,10,21,29,31,34|8,11,12,27,35,39
1,11,14,17,34,39|6,13,15,26,32,38|8,12,16,27,31,35
1,11,15,17,21,34|8,9,10,14,32,39|12,16,25,31,33,35
1,11,25,29,34,39|6,13,15,26,32,38|8,9,17,21,28,31
1,14,16,17,31,34|6,13,15,26,32,38|8,11,12,27,35,39
1,14,17,21,22,34|6,13,15,26,32,38|8,11,12,27,35,39
1,15,16,17,22,34|8,9,10,14,32,39|12,21,28,31,33,35
1,15,17,21,32,38|6,10,22,29,34,39|8,12,16,27,31,35
1,16,25,29,31,34|6,13,15,26,32,38|8,9,17,22,28,39
1,20,29,31,34,39|6,13,15,26,32,38|8,9,17,21,22,25
1,21,22,25,29,34|6,13,15,26,32,38|8,9,17,20,31,39
1,21,28,29,31,34|6,13,15,26,32,38|8,9,11,17,25,39
1,22,28,29,34,39|6,13,15,26,32,38|8,9,16,17,25,31
1,25,29,32,38,39|6,11,13,15,26,34|8,9,17,21,28,31
6,10,22,29,34,39|8,9,16,17,25,31|15,21,26,32,38,40
6,11,13,15,26,34|8,9,10,14,32,39|12,16,25,31,33,35
6,11,21,27,32,34|8,9,16,17,25,31|12,22,28,33,35,39
6,13,14,22,26,34|8,9,10,15,21,32|11,12,25,33,35,39
6,13,15,26,32,38|8,9,11,17,25,39|10,14,16,29,31,34
6,16,22,27,32,34|8,9,11,17,25,39|12,21,28,31,33,35
6,22,26,34,39,40|8,9,10,15,21,32|12,16,25,31,33,35
8,9,10,14,32,39|11,15,21,26,34,40|12,16,25,31,33,35
8,9,10,15,21,32|11,12,25,33,35,39|14,16,26,31,34,40
8,9,11,17,25,39|10,14,16,29,31,34|15,21,26,32,38,40
8,9,16,17,25,31|10,11,14,29,34,39|15,21,26,32,38,40
8,9,17,22,28,39|10,11,15,21,29,34|12,16,25,31,33,35
8,11,12,27,35,39|10,14,16,29,31,34|15,21,26,32,38,40
8,12,16,27,31,35|10,11,14,29,34,39|15,21,26,32,38,40
8,17,26,29,31,39|11,14,16,27,32,34|12,21,22,25,33,35
10,11,14,29,34,39|12,16,25,31,33,35|15,21,26,32,38,40
10,11,15,21,29,34|12,16,25,31,33,35|14,26,32,38,39,40
10,14,16,29,31,34|11,12,25,33,35,39|15,21,26,32,38,40
10,14,29,32,38,39|11,15,21,26,34,40|12,16,25,31,33,35
10,15,21,29,32,38|11,12,25,33,35,39|14,16,26,31,34,40
11,14,16,27,32,34|12,20,31,33,35,39|17,21,22,25,29,38
11,15,21,26,34,40|12,16,25,31,33,35|17,22,28,29,38,39
11,17,25,29,38,39|12,21,28,31,33,35|14,15,22,27,32,34
6,12,14,21,33,35|8,9,11,29,31,39|15,16,22,32,34,40
6,12,15,16,33,35|8,9,11,29,31,39|14,21,22,32,34,40
1,6,21,29,31,34|8,9,11,14,17,39|12,15,16,22,33,35
1,6,22,29,34,39|8,9,11,15,17,21|12,14,16,31,33,35
1,8,9,14,32,39|6,12,21,31,33,35|15,16,17,22,29,38
1,8,9,15,21,32|6,12,22,33,35,39|14,16,17,29,31,38
1,11,14,29,34,39|6,8,9,17,21,31|12,15,16,22,33,35
1,11,15,21,29,34|6,8,9,17,22,39|12,14,16,31,33,35
1,14,16,29,31,34|6,8,9,17,22,39|11,12,15,21,33,35
1,14,29,32,38,39|6,8,9,17,21,31|12,15,16,22,33,35
1,15,16,22,29,34|6,8,9,17,21,31|11,12,14,33,35,39
1,15,21,29,32,38|6,8,9,17,22,39|12,14,16,31,33,35
6,8,9,17,21,31|11,12,14,33,35,39|15,16,28,32,34,40
6,8,9,17,22,39|11,12,15,21,33,35|14,16,25,32,34,40
6,12,21,31,33,35|8,9,11,14,17,39|15,16,28,32,34,40
6,12,22,33,35,39|8,9,11,15,17,21|14,16,25,32,34,40
6,17,21,29,31,38|8,12,13,14,25,35|15,16,28,32,34,40
6,17,22,29,38,39|8,12,13,14,25,35|15,16,28,32,34,40
6,21,25,32,34,40|8,9,11,14,17,39|12,15,16,22,33,35
6,28,32,34,39,40|8,9,11,15,17,21|12,14,16,31,33,35
8,9,11,25,29,39|12,14,16,31,33,35|15,20,21,32,34,40
8,9,16,25,29,31|11,12,14,33,35,39|15,20,21,32,34,40
8,9,20,29,31,39|11,12,15,21,33,35|14,16,25,32,34,40
8,9,21,22,25,29|11,12,14,33,35,39|15,16,28,32,34,40
8,9,22,28,29,39|11,12,15,21,33,35|14,16,25,32,34,40
8,12,13,15,28,35|11,14,17,29,38,39|21,22,31,32,34,40
8,12,13,16,20,35|11,14,17,29,38,39|21,22,31,32,34,40
8,12,25,35,39,40|11,13,14,31,32,34|15,16,17,22,29,38
1,2,6,25,34,40|3,8,9,28,31,32|10,15,17,20,29,30
1,2,14,28,34,40|3,6,9,11,31,38|10,15,17,20,29,30
1,2,15,20,34,40|3,6,8,9,14,26|10,17,22,29,30,31
1,2,22,31,34,40|3,6,8,9,14,26|10,15,17,20,29,30
1,3,6,31,32,34|2,8,9,25,28,40|10,15,17,20,29,30
1,3,11,15,32,34|2,6,9,20,31,33|10,14,17,28,29,30
1,3,14,22,32,34|2,6,8,9,11,27|10,15,17,20,29,30
1,6,9,10,14,30|2,8,15,17,26,40|3,11,22,25,29,34
2,6,8,9,11,27|3,14,17,22,32,38|25,26,28,29,30,40
2,6,8,17,27,32|3,9,11,14,22,38|25,26,28,29,30,40
2,6,9,20,31,33|3,11,14,17,22,34|25,26,28,29,30,40
2,6,11,27,29,38|3,8,9,22,25,32|14,17,26,28,30,40
2,6,26,29,31,33|3,8,9,22,25,32|7,11,14,20,28,35
2,8,15,17,26,40|3,6,9,11,31,38|20,27,28,29,30,32
2,8,27,28,29,32|3,6,9,11,31,38|15,17,20,26,30,40
2,9,11,22,31,33|3,6,14,17,20,34|25,26,28,29,30,40
2,9,14,20,22,33|3,6,11,17,31,34|25,26,28,29,30,40
2,17,22,31,38,40|3,6,8,9,14,26|20,27,28,29,30,32
2,25,28,29,32,33|3,6,8,9,14,26|7,11,20,22,31,35
2,25,28,29,38,40|3,6,8,9,14,26|7,11,20,22,31,35
1,2,22,25,34,40|3,6,8,9,26,31|11,17,27,28,30,32
1,2,28,31,34,40|3,6,9,11,25,38|17,20,22,27,30,32
1,3,6,25,32,34|2,8,9,11,22,27|10,17,28,29,30,31
1,3,14,28,32,34|2,6,8,9,20,27|10,17,22,25,29,30
1,6,9,10,30,31|2,8,17,22,27,32|3,11,15,26,29,38
1,9,10,11,15,30|2,6,8,26,27,29|3,14,17,20,22,34
1,9,10,14,22,30|2,6,8,26,27,29|3,11,15,17,20,34
1,10,15,17,30,32|2,6,8,9,20,27|3,11,25,28,29,34
2,6,8,9,20,27|3,11,14,17,28,34|10,15,26,30,32,40
2,6,9,20,25,33|3,8,10,12,15,35|11,17,27,28,30,32
2,6,10,31,34,40|3,8,9,11,15,26|17,20,22,27,30,32
2,6,25,26,29,33|3,8,10,12,15,35|9,11,20,22,27,30
2,8,9,11,22,27|3,6,10,14,32,34|17,26,28,30,31,40
2,9,11,22,25,33|3,6,10,14,32,34|17,26,28,30,31,40
2,9,11,28,31,33|3,6,10,14,32,34|17,22,25,26,30,40
2,9,14,20,28,33|3,6,11,17,25,34|10,15,26,30,32,40
2,10,11,15,34,40|3,6,8,9,26,31|17,20,22,27,30,32
2,10,14,22,34,40|3,6,8,9,26,31|11,17,27,28,30,32
2,10,15,32,38,40|3,6,8,9,26,31|7,11,20,22,25,35
2,14,26,28,29,33|3,6,9,11,25,38|17,20,22,27,30,32
2,17,28,31,38,40|3,6,10,14,32,34|7,11,20,22,25,35
3,6,10,14,32,34|7,11,20,22,25,35|17,26,28,30,31,40
1,2,8,9,10,15|3,6,14,17,26,38|7,11,20,25,28,35
1,2,10,15,29,38|3,6,8,9,25,26|17,20,27,28,30,32
1,2,15,26,38,40|3,6,10,31,32,34|7,11,20,25,28,35
1,6,9,10,25,30|2,8,17,27,28,32|3,15,20,26,29,38
1,6,26,27,30,32|2,9,11,25,28,33|3,17,20,22,31,34
1,9,10,22,30,31|2,6,11,17,27,38|3,20,25,28,29,34
2,8,9,20,22,27|3,6,10,31,32,34|17,25,26,28,30,40
2,9,11,25,28,33|3,6,10,31,32,34|20,22,26,27,29,30
2,9,20,22,25,33|3,6,10,31,32,34|11,26,27,28,29,30
2,10,22,31,34,40|3,6,8,9,25,26|17,20,27,28,30,32
2,17,25,28,38,40|3,6,10,31,32,34|20,22,26,27,29,30
2,22,25,26,29,33|3,6,10,31,32,34|9,11,20,27,28,30
1,2,6,31,34,40|3,8,9,14,28,32|10,11,15,17,29,30
1,2,11,15,34,40|3,6,8,9,25,32|10,14,17,22,29,30
1,2,14,22,34,40|3,6,8,9,25,32|10,11,15,17,29,30
1,3,6,14,32,34|2,8,9,22,25,40|10,11,15,17,29,30
1,3,8,12,15,35|2,6,9,11,31,33|10,14,17,22,29,30
1,15,26,30,32,40|2,6,9,11,31,33|3,14,20,22,29,34
2,6,17,31,32,33|3,11,14,28,29,34|9,20,22,25,30,40
2,8,9,28,31,40|3,6,11,14,17,34|20,22,27,29,30,32
2,9,11,14,22,33|3,6,20,29,31,34|17,25,28,30,32,40
2,14,17,22,32,33|3,6,11,25,29,34|9,20,28,30,31,40
2,28,29,31,38,40|3,6,8,9,25,32|7,11,14,20,22,35
3,6,8,9,25,32|7,11,14,20,22,35|26,28,29,30,31,40
3,8,9,14,28,32|6,7,11,20,31,35|22,25,26,29,30,40
2,3,17,22,25,38|6,9,20,23,26,27|10,28,31,32,33,34
2,3,17,28,31,38|6,9,20,23,26,27|10,22,25,32,33,34
2,7,22,26,31,32|6,10,20,23,27,35|9,12,25,28,33,38
1,2,3,6,25,34|8,9,11,27,28,38|10,15,17,23,26,29
1,2,3,14,28,34|6,9,10,17,23,25|8,22,26,27,29,38
1,2,3,15,20,34|6,9,10,17,23,25|8,22,26,27,29,38
1,6,11,27,34,38|2,3,8,9,25,28|10,15,17,23,26,29
1,8,10,15,17,34|2,3,25,28,29,38|6,9,11,23,26,27
1,9,17,23,25,28|2,3,6,10,14,34|8,22,26,27,29,38
1,11,15,26,33,34|2,3,6,17,25,38|9,20,23,27,28,32
1,12,23,27,28,35|2,3,6,10,14,34|8,9,22,25,26,33
1,14,22,26,33,34|2,3,6,17,25,38|9,20,23,27,28,32
1,25,28,32,33,34|2,3,8,15,17,26|6,10,12,23,27,35
1,25,28,34,38,40|2,3,8,15,17,26|6,10,12,23,27,35
2,3,8,9,25,28|6,10,12,23,27,35|11,15,17,26,33,38
2,3,8,15,17,26|6,10,12,23,27,35|9,11,25,28,33,38
2,3,15,17,20,38|6,8,10,27,32,34|9,23,25,26,28,40
2,3,17,22,31,38|6,8,10,27,32,34|9,23,25,26,28,40
2,7,12,15,26,32|3,9,20,25,28,30|10,22,31,34,38,40
2,10,15,26,30,40|8,9,11,27,28,38|17,20,22,25,33,34
3,6,17,25,26,30|8,9,11,27,28,38|10,15,20,32,33,34
3,9,20,25,28,30|6,8,10,27,32,34|11,15,17,26,33,38
3,14,17,26,28,30|6,8,10,27,32,34|9,20,22,25,33,38
3,15,17,20,26,30|6,8,10,27,32,34|9,11,25,28,33,38
3,17,22,26,30,31|6,8,10,27,32,34|9,11,25,28,33,38
2,7,14,22,26,32|3,9,12,25,28,30|6,10,11,23,27,35
1,2,22,27,30,32|6,8,9,25,26,33|10,11,15,34,38,40
1,3,15,26,30,32|6,8,9,20,27,38|11,17,22,25,33,34
1,9,10,15,23,32|2,3,6,17,31,38|8,20,27,28,29,34
1,9,17,22,23,25|2,3,28,29,31,38|10,11,15,32,33,34
1,9,17,23,28,31|2,3,22,25,29,38|10,11,15,32,33,34
1,12,22,23,27,35|2,3,6,17,31,38|8,9,14,26,28,33
2,3,22,25,29,38|6,8,17,20,27,34|9,23,26,28,31,40
2,6,17,20,27,30|8,9,14,26,28,33|10,11,15,34,38,40
2,20,27,28,29,30|6,8,9,25,26,33|10,11,15,34,38,40
3,6,17,26,30,31|8,9,11,22,27,38|20,25,28,29,33,34
3,9,11,25,28,30|6,8,17,20,27,34|22,26,29,31,33,38
3,9,20,22,25,30|6,8,26,27,29,38|10,11,15,32,33,34
3,9,20,28,30,31|6,8,26,27,29,38|10,11,15,32,33,34
3,11,15,17,26,30|6,8,9,20,27,38|10,14,22,32,33,34
3,14,17,22,26,30|6,8,9,20,27,38|10,11,15,32,33,34
3,22,25,26,29,30|6,8,9,20,27,38|10,11,15,32,33,34
3,26,28,29,30,31|6,8,9,20,27,38|10,11,15,32,33,34
1,11,22,23,27,35|2,6,7,14,26,32|3,9,12,28,30,31
2,6,7,14,26,32|3,9,12,22,25,30|8,10,15,20,33,35
1,2,10,15,29,30|6,8,9,11,27,38|14,17,20,22,33,34
1,2,15,26,30,40|6,8,9,11,27,38|14,17,20,22,33,34
1,6,8,27,32,34|2,3,14,28,29,38|9,15,20,23,26,40
1,6,12,23,27,35|2,3,8,9,14,28|11,15,17,20,33,34
1,8,10,15,29,34|2,3,6,14,17,38|9,11,22,23,27,32
1,8,15,26,34,40|2,3,6,14,17,38|9,10,22,23,29,31
1,9,14,17,23,28|2,3,6,25,29,38|8,10,12,15,33,35
1,9,17,22,23,31|2,3,6,25,29,38|8,10,12,15,33,35
1,9,23,25,28,29|2,3,6,14,17,38|8,10,12,15,33,35
2,3,22,29,31,38|6,8,11,17,27,34|9,14,23,26,28,40
3,6,25,26,29,30|8,10,12,15,33,35|9,11,22,23,27,32
3,9,11,22,25,30|6,8,17,27,32,38|20,28,29,31,33,34
3,9,11,28,30,31|6,8,17,27,32,38|20,22,25,29,33,34
3,9,20,22,30,31|6,8,11,17,27,34|25,28,29,32,33,38
3,17,22,25,30,32|6,8,9,11,27,38|20,28,29,31,33,34
3,17,28,30,31,32|6,8,9,11,27,38|20,22,25,29,33,34
6,11,17,25,33,34|8,27,28,29,32,38|9,15,20,23,26,40
6,17,25,32,33,38|8,11,27,28,29,34|9,15,20,23,26,40
6,23,26,27,29,32|8,9,25,28,38,40|11,15,17,20,33,34
6,26,29,31,33,38|8,17,25,28,34,40|9,11,22,23,27,32
8,27,28,29,32,38|9,15,20,23,26,40|11,17,22,31,33,34
1,9,14,17,22,23|2,3,6,29,31,38|8,10,15,32,34,40
1,14,22,32,33,34|2,3,6,8,9,31|10,12,15,23,35,40
1,14,22,34,38,40|2,3,6,8,9,31|10,15,17,23,29,32
2,3,6,8,9,31|10,12,15,23,35,40|11,14,17,22,33,34
2,3,6,29,31,38|8,9,22,25,32,33|10,12,15,23,35,40
2,3,8,9,14,22|6,11,17,31,33,34|10,12,15,23,35,40
2,3,14,22,29,38|6,9,11,23,27,32|8,17,28,31,34,40
2,6,20,27,29,30|8,9,22,25,32,33|10,12,15,23,35,40
2,11,22,27,29,30|6,8,9,14,26,33|10,12,15,23,35,40
3,6,26,29,30,31|8,9,22,25,32,33|10,12,15,23,35,40
3,9,11,14,28,30|6,8,20,27,29,34|10,12,15,23,35,40
3,9,11,15,20,30|6,14,26,29,33,38|8,17,22,25,34,40
3,9,11,22,30,31|6,8,20,27,29,34|10,12,15,23,35,40
3,9,14,20,22,30|6,11,17,31,33,34|10,12,15,23,35,40
3,11,15,26,29,30|6,9,14,20,33,38|8,17,22,25,34,40
3,14,17,28,30,32|6,8,20,27,29,34|9,11,15,23,26,40
3,14,22,26,29,30|6,9,11,23,27,32|8,17,28,31,34,40
3,17,22,30,31,32|6,8,9,14,26,33|10,12,15,23,35,40
3,25,28,29,30,32|6,8,9,14,26,33|10,12,15,23,35,40
6,8,20,27,29,34|9,11,14,22,33,38|10,12,15,23,35,40
6,17,31,32,33,38|8,11,22,27,29,34|10,12,15,23,35,40
1,8,12,15,33,35|2,3,6,14,29,38|9,22,23,25,32,40
3,6,9,11,30,31|8,14,17,28,34,40|15,20,29,32,33,38
3,6,17,30,31,32|8,9,14,28,38,40|11,15,20,29,33,34
3,9,11,14,22,30|6,8,17,25,34,40|15,20,29,32,33,38
3,11,15,17,30,32|6,8,9,25,38,40|14,20,22,29,33,34
3,14,17,22,30,32|6,8,9,25,38,40|11,15,20,29,33,34
3,22,25,29,30,32|6,9,11,14,33,38|8,15,17,20,34,40
1,6,11,26,34,39|8,10,12,21,25,35|9,16,20,28,31,38
1,6,16,26,31,34|8,10,12,21,25,35|9,11,20,28,38,39
1,6,21,22,26,34|8,10,12,28,35,39|9,15,20,25,31,38
1,6,26,32,38,39|8,10,12,21,25,35|16,17,20,28,31,34
1,11,14,21,26,34|8,10,12,28,35,39|9,15,20,25,31,38
1,11,15,16,26,34|8,10,12,21,25,35|17,20,28,32,38,39
1,14,15,26,31,34|8,10,12,21,25,35|9,11,20,28,38,39
1,14,16,22,26,34|8,10,12,21,25,35|9,11,20,28,38,39
1,14,21,26,32,38|8,10,12,28,35,39|15,17,20,25,31,34
1,15,16,26,32,38|8,10,12,21,25,35|11,17,20,28,34,39
1,20,28,32,34,39|6,16,17,26,31,38|8,10,12,21,25,35
1,6,14,16,26,34|8,10,12,21,31,35|9,11,20,22,38,39
6,9,15,25,28,38|8,10,12,21,31,35|11,17,20,22,34,39
6,9,20,21,28,38|8,10,12,22,35,39|11,15,17,25,31,34
6,16,25,26,29,38|8,10,12,21,31,35|11,17,20,22,34,39
6,20,26,29,38,39|8,10,12,21,31,35|11,16,17,22,25,34
6,21,26,28,29,38|8,10,12,22,35,39|11,15,17,25,31,34
8,10,12,22,35,39|9,11,15,25,31,38|14,16,17,20,28,34
1,8,12,21,31,35|6,9,14,15,28,38|11,16,22,25,29,34
1,8,12,22,35,39|6,9,11,16,31,38|14,15,20,25,29,34
1,8,12,21,25,35|6,9,11,20,38,39|14,15,17,22,28,34
1,8,12,28,35,39|6,9,11,16,25,38|14,15,17,20,31,34
1,11,21,31,32,34|6,8,10,12,35,39|9,14,15,22,28,38
6,8,9,11,26,39|14,15,17,20,31,34|16,25,28,29,32,38
6,8,9,16,26,31|11,14,15,17,25,34|20,28,29,32,38,39
6,8,9,21,22,26|11,14,15,17,25,34|20,28,29,32,38,39
6,8,10,12,35,39|9,11,14,15,25,38|16,20,28,29,31,34
6,8,17,26,32,39|9,11,14,15,25,38|16,20,28,29,31,34
6,9,11,20,38,39|8,10,12,14,21,35|15,22,25,28,29,34
6,9,14,25,31,38|8,10,12,15,16,35|11,20,28,29,34,39
6,9,15,22,25,38|8,10,12,14,21,35|11,20,28,29,34,39
6,9,15,28,31,38|8,10,12,14,21,35|16,20,22,25,29,34
6,9,16,20,31,38|8,10,12,14,21,35|15,22,25,28,29,34
6,9,16,22,28,38|8,10,12,14,21,35|15,20,25,29,31,34
6,9,20,21,22,38|8,10,12,15,16,35|14,25,28,29,31,34
6,11,16,17,25,34|8,9,14,15,26,31|20,28,29,32,38,39
6,11,17,20,34,39|8,9,14,15,26,31|16,25,28,29,32,38
6,11,26,29,38,39|8,9,16,25,28,32|14,15,17,20,31,34
6,14,17,25,31,34|8,9,11,15,16,26|20,28,29,32,38,39
6,15,17,22,25,34|8,9,11,14,21,26|20,28,29,32,38,39
6,16,26,29,31,38|8,9,20,21,25,32|14,15,17,22,28,34
6,17,20,32,38,39|8,9,11,14,21,26|15,22,25,28,29,34
6,21,22,26,29,38|8,9,16,25,28,32|14,15,17,20,31,34
1,16,22,25,34,38|2,10,28,30,32,39|9,20,21,23,26,31
1,16,28,31,34,38|2,10,21,25,30,32|9,20,22,23,26,39
1,20,21,31,34,38|2,10,28,30,32,39|9,16,22,23,25,26
1,20,22,34,38,39|2,10,21,25,30,32|9,16,23,26,28,31
1,2,6,26,30,39|8,9,16,25,28,38|10,12,21,23,31,35
1,2,14,21,26,30|8,9,16,25,28,38|10,12,22,23,35,39
1,2,15,16,26,30|8,9,20,21,25,38|10,12,22,23,35,39
1,6,16,25,34,38|2,10,21,30,31,32|9,11,22,23,26,39
1,6,20,34,38,39|2,10,21,30,31,32|9,14,15,23,25,26
1,6,21,28,34,38|2,10,22,30,32,39|9,14,15,23,25,26
1,11,21,31,34,38|2,10,22,30,32,39|6,9,16,23,25,26
1,11,22,34,38,39|2,10,21,30,31,32|6,9,16,23,25,26
1,14,15,25,34,38|2,10,21,30,31,32|6,9,20,23,26,39
1,14,16,28,34,38|2,10,21,30,31,32|6,9,20,23,26,39
1,14,20,21,34,38|2,10,22,30,32,39|6,9,16,23,25,26
1,15,16,20,34,38|2,10,21,30,31,32|9,11,22,23,26,39
2,16,17,25,28,30|6,9,20,23,26,39|8,10,21,31,32,34
2,17,20,21,25,30|6,10,14,16,34,38|9,11,22,23,26,39
2,17,20,28,30,39|6,9,16,23,25,26|8,10,21,31,32,34
1,6,12,23,35,39|2,11,14,17,21,30|8,15,25,29,31,34
1,12,14,21,23,35|2,6,11,17,30,39|8,15,25,29,31,34
1,12,15,16,23,35|2,6,11,17,30,39|8,20,21,29,31,34
1,2,21,25,30,32|6,9,11,23,26,39|8,16,17,28,31,34
1,2,28,30,32,39|6,9,16,23,26,31|8,11,17,21,25,34
1,8,21,25,32,34|2,11,17,28,30,39|6,9,16,23,26,31
1,8,28,32,34,39|2,11,17,21,25,30|6,9,16,23,26,31
1,12,21,23,25,35|2,6,10,30,32,39|8,9,16,28,31,38
1,12,23,28,35,39|2,10,14,21,30,32|8,9,15,25,31,38
2,10,14,21,30,32|6,9,11,23,26,39|8,15,17,25,31,34
2,10,15,16,30,32|6,9,11,23,26,39|8,17,20,21,31,34
2,11,17,21,25,30|6,8,10,32,34,39|9,14,15,23,26,31
2,11,17,28,30,39|6,9,16,23,26,31|8,10,14,21,32,34
2,15,17,25,30,31|6,8,10,32,34,39|9,11,14,21,23,26
2,16,17,22,25,30|6,8,10,32,34,39|9,11,14,21,23,26
2,16,17,28,30,31|6,8,10,32,34,39|9,11,14,21,23,26
2,17,20,21,30,31|6,8,10,32,34,39|9,11,15,16,23,26
2,17,20,22,30,39|6,9,16,23,26,31|8,10,14,21,32,34
2,17,21,22,28,30|6,8,10,32,34,39|9,11,15,16,23,26
1,6,14,16,34,38|2,11,17,21,30,31|9,20,22,23,32,39
1,12,21,23,31,35|2,6,16,17,25,30|8,9,11,22,38,39
1,12,22,23,35,39|2,6,16,17,25,30|8,9,11,21,31,38
2,6,16,17,25,30|8,9,11,21,31,38|22,23,26,29,32,39
2,11,17,21,30,31|6,8,9,16,25,38|22,23,26,29,32,39
2,11,17,22,30,39|6,8,9,16,25,38|21,23,26,29,31,32
2,14,15,17,25,30|6,8,9,20,38,39|21,23,26,29,31,32
2,14,16,17,28,30|6,8,9,20,38,39|21,23,26,29,31,32
2,14,17,20,21,30|6,8,9,16,25,38|22,23,26,29,32,39
2,15,16,17,20,30|6,8,9,21,28,38|22,23,26,29,32,39
2,20,21,25,29,30|6,9,14,16,23,26|8,11,17,22,34,39
1,8,9,13,16,31|6,14,18,21,25,34|15,17,28,29,33,39
2,3,6,13,21,32|8,14,17,27,29,39|15,16,18,22,31,34
6,14,18,28,34,39|8,15,17,21,27,29|13,16,25,32,38,40
6,18,22,31,34,39|8,15,17,21,27,29|13,16,25,32,38,40
6,19,28,31,34,39|8,15,17,21,27,29|13,16,25,32,38,40
8,14,17,27,29,39|11,13,16,25,34,40|15,18,21,31,32,38
8,15,17,21,27,29|11,13,16,25,34,40|14,18,31,32,38,39
13,14,25,31,34,40|15,17,28,29,33,39|16,18,21,22,32,38
13,15,22,25,34,40|14,18,31,32,38,39|16,17,21,28,29,33
13,15,28,31,34,40|14,17,25,29,33,39|16,18,21,22,32,38
13,16,22,28,34,40|14,17,25,29,33,39|15,18,21,31,32,38
6,14,18,21,31,34|8,13,16,17,25,29|15,19,22,32,38,39
6,14,18,22,34,39|8,13,16,17,25,29|15,19,21,31,32,38
6,15,18,21,22,34|8,13,16,17,25,29|14,19,31,32,38,39
6,15,18,32,38,39|8,13,16,17,25,29|14,19,21,22,31,34
6,19,22,31,34,39|8,13,16,17,25,29|14,15,18,21,32,38
1,8,9,14,27,39|2,3,13,16,25,32|15,19,21,26,31,38
1,8,9,15,21,27|2,3,13,16,25,32|14,19,26,31,38,39
1,9,15,28,33,39|2,3,13,16,25,32|21,22,27,31,34,40
1,13,16,17,31,38|6,9,10,15,33,39|14,18,21,25,28,34
1,13,17,21,22,38|6,9,10,15,33,39|14,16,25,27,34,40
1,15,21,27,29,38|2,3,13,16,25,32|18,22,28,31,34,39
2,3,13,16,25,32|6,9,10,15,33,39|14,21,27,28,34,40
2,3,13,21,28,32|6,9,10,15,33,39|14,16,25,27,34,40
6,9,10,15,33,39|11,13,14,27,31,34|16,19,21,22,26,38
6,13,22,27,31,34|9,10,14,15,21,33|11,16,19,26,38,39
6,15,18,26,38,39|8,9,10,13,16,31|14,21,27,28,34,40
6,27,28,34,39,40|8,9,10,13,16,31|14,15,18,21,26,38
8,9,10,13,16,31|14,15,18,21,26,38|19,22,25,28,34,39
8,17,25,27,29,39|9,10,14,15,21,33|13,16,26,31,38,40
9,10,14,15,21,33|11,13,16,27,32,38|18,22,28,31,34,39
1,8,9,13,16,25|6,15,19,26,38,39|14,18,21,28,31,34
1,8,9,13,21,28|6,15,19,26,38,39|14,16,18,25,31,34
1,9,14,31,33,39|2,3,13,21,22,32|15,16,19,25,28,34
1,9,15,22,33,39|2,3,13,16,31,32|14,19,21,25,28,34
2,3,13,16,31,32|6,15,19,26,38,39|14,18,21,22,25,34
2,3,13,21,22,32|6,15,19,26,38,39|14,16,18,25,31,34
6,13,14,22,27,34|8,9,10,16,39,40|15,18,21,25,32,38
6,13,15,27,32,38|8,9,10,16,39,40|14,18,21,22,25,34
6,13,21,26,38,40|8,17,27,29,31,39|15,16,18,22,25,34
6,16,19,21,26,38|8,17,27,29,31,39|13,15,25,28,34,40
6,18,22,25,34,39|8,9,10,13,14,16|15,21,27,32,38,40
6,18,28,31,34,39|8,9,10,13,14,16|15,21,27,32,38,40
6,19,25,28,34,39|8,9,10,13,14,16|15,21,27,32,38,40
6,21,27,31,34,40|8,9,10,13,14,16|15,18,28,32,38,39
6,22,27,34,39,40|8,9,10,13,14,16|15,18,21,25,32,38
8,17,27,29,31,39|11,15,18,21,25,34|13,14,16,26,32,33
1,2,3,16,17,39|6,13,22,25,27,34|9,10,15,21,31,33
1,13,16,17,25,38|2,3,14,27,32,39|9,10,15,21,31,33
2,3,10,16,29,39|6,13,22,25,27,34|15,18,21,26,31,38
2,3,13,14,16,26|9,10,15,21,31,33|11,25,27,34,39,40
2,3,15,21,27,32|8,9,10,13,16,25|14,18,26,31,38,39
6,13,22,25,27,34|9,10,11,16,33,39|15,18,21,26,31,38
6,13,27,28,31,34|9,10,11,16,33,39|15,19,21,25,26,38
9,10,11,16,33,39|13,14,20,27,31,34|15,19,21,25,26,38
9,10,14,31,33,39|11,13,15,27,28,34|16,18,21,22,26,38
9,10,15,21,31,33|11,13,14,25,27,34|16,19,20,26,38,39
9,10,15,22,33,39|11,13,14,25,27,34|16,19,21,26,28,38
9,10,16,21,22,33|11,13,14,25,27,34|15,19,26,28,38,39
10,16,17,32,33,39|11,13,14,25,27,34|15,18,21,26,31,38
