1,7,21,22,33,35|2,8,13,18,25,34|3,9,16,23,27,29
2,8,16,19,27,34|3,9,13,17,23,31|10,18,29,30,38,39
2,13,17,23,27,29|3,6,18,21,34,38|7,8,10,35,39,40
2,16,19,25,33,34|3,9,13,17,23,31|7,8,10,35,39,40
2,18,21,22,33,34|3,9,13,17,23,31|7,8,10,35,39,40
2,18,32,33,38,39|3,9,13,17,23,31|14,19,25,27,30,34
2,19,20,33,34,39|3,9,13,17,23,31|16,18,27,30,32,38
2,19,21,28,33,34|3,9,13,17,23,31|7,8,10,35,39,40|16,18,27,30,32,38
3,8,9,17,33,39|7,12,13,25,29,34|16,18,27,30,32,38
3,9,13,17,23,31|7,8,10,35,39,40|11,16,18,27,30,34
3,9,16,23,27,29|7,8,10,13,14,35|18,26,30,32,33,39
3,16,19,31,34,38|7,8,10,13,14,35|18,26,30,32,33,39
3,17,29,33,38,39|7,8,10,13,14,35|11,16,18,27,30,34
3,19,21,22,34,38|7,8,10,13,14,35|18,26,30,32,33,39
2,12,18,33,34,39|3,11,13,23,27,35|7,9,16,25,38,40
1,17,19,30,38,39|2,6,18,21,33,34|3,9,13,23,25,29
2,6,18,21,33,34|3,9,13,14,17,23|10,19,29,30,38,39
2,8,13,18,31,34|3,9,17,23,39,40|16,19,27,30,32,38
2,13,31,33,34,40|3,12,18,23,35,39|16,19,27,30,32,38
2,14,16,18,33,34|3,9,13,23,25,29|19,26,30,38,39,40
2,19,32,33,38,39|3,9,13,14,17,23|6,15,18,27,30,34
2,12,19,33,34,39|3,16,18,23,25,35|6,7,9,13,22,38
3,18,20,23,35,39|6,7,9,13,22,38|12,16,19,27,30,34
3,18,21,23,28,35|6,7,9,13,22,38|12,16,19,27,30,34
1,3,12,23,28,35|2,6,8,17,26,33|10,20,22,30,34,40
1,8,9,10,22,30|2,6,17,20,33,38|3,23,26,28,29,32
1,10,22,29,30,38|2,6,8,17,26,33|3,9,20,23,28,32
1,22,26,30,38,40|2,8,9,20,28,33|3,6,10,12,23,35
1,2,8,28,34,40|3,9,20,22,23,32|6,11,17,26,30,33
1,2,17,23,28,29|3,6,8,9,20,38|7,11,12,22,32,34
1,3,8,22,32,34|2,6,10,17,23,29|9,11,20,28,30,33
1,3,12,22,23,35|2,6,8,10,34,40|9,11,20,28,30,33
1,20,28,30,34,40|2,6,10,17,23,29|3,8,9,11,22,38
2,6,8,10,34,40|3,9,11,23,28,32|20,22,26,29,30,33
2,8,9,11,28,33|3,22,23,26,29,32|6,10,20,30,34,40
2,8,22,26,29,33|3,9,11,23,28,32|6,10,20,30,34,40
2,9,20,23,28,40|3,6,8,26,29,38|7,11,12,22,32,34
2,23,26,28,29,40|3,6,8,9,20,38|7,11,12,22,32,34
1,6,10,17,30,38|3,9,11,22,23,26|7,12,20,28,32,34
1,8,9,10,28,30|2,17,20,22,33,38|6,7,11,12,26,34
1,3,7,11,35,39|2,13,18,26,30,31|8,9,16,17,27,33
1,3,7,16,31,35|2,10,17,19,30,39|6,15,18,27,34,38
1,3,7,21,22,35|2,10,17,19,30,39|6,15,18,27,34,38
1,9,19,23,26,39|2,3,13,25,34,40|16,17,27,29,33,38
2,7,9,12,13,31|3,18,26,30,32,39|11,16,19,27,34,38
2,13,18,26,30,31|3,7,9,12,32,39|11,16,19,27,34,38
2,13,19,25,26,30|3,7,9,12,32,39|6,15,18,27,34,38
3,18,26,30,32,39|8,9,16,17,27,33|13,19,20,25,34,38
8,13,19,25,26,34|9,10,18,23,32,39|16,17,27,29,33,38
1,2,13,17,27,30|3,6,7,10,21,35|11,18,26,33,34,39
1,3,7,16,25,35|2,10,13,27,29,30|11,18,26,33,34,39
1,3,7,20,35,39|2,10,13,27,29,30|16,18,26,31,33,34
1,3,7,21,28,35|2,10,13,27,29,30|11,18,26,33,34,39
1,8,13,17,27,34|3,6,7,10,21,35|18,26,32,33,38,39
1,13,17,25,33,34|2,16,19,26,27,30|3,6,7,10,21,35
2,13,18,25,26,30|3,6,7,10,21,35|15,19,27,28,34,38
2,16,19,26,27,30|3,6,7,10,21,35|13,18,20,25,34,38
3,13,14,17,29,30|6,19,21,32,33,34|12,18,23,35,39,40
3,17,29,30,39,40|6,19,21,32,33,34|12,13,14,18,23,35
2,6,7,9,21,40|8,16,18,25,33,35|12,13,14,19,34,38
2,7,9,14,16,40|6,15,18,23,27,35|12,19,32,33,34,39
2,7,13,29,31,32|6,15,18,23,27,35|12,19,34,38,39,40
1,9,19,23,32,39|3,13,17,29,30,31|6,18,21,34,38,40
1,29,33,34,39,40|2,13,18,30,31,32|9,17,19,21,22,23
2,7,9,11,13,14|12,18,32,33,34,39|15,19,23,27,28,35
2,7,9,11,39,40|12,13,14,18,34,38|15,19,23,27,28,35
3,6,7,9,21,32|8,11,13,27,33,35|12,18,34,38,39,40
3,7,9,14,16,32|8,11,13,27,33,35|12,18,34,38,39,40
1,2,17,19,30,39|6,13,18,22,34,38|8,9,16,27,29,33
1,3,9,30,39,40|6,13,18,22,34,38|12,16,19,23,27,35
1,9,18,23,32,39|2,3,6,19,21,34|13,17,29,31,33,38
1,13,29,31,33,34|2,16,19,27,30,32|9,11,17,18,23,39
2,13,14,19,26,30|8,9,16,27,29,33|11,18,34,38,39,40
2,13,18,25,30,32|8,9,16,27,29,33|19,20,34,38,39,40
2,13,27,30,32,40|8,10,19,29,34,39|9,16,17,18,23,31
2,19,26,30,39,40|6,13,18,22,34,38|8,9,16,27,29,33
8,9,13,17,31,33|11,18,34,38,39,40|12,16,19,23,27,35
1,2,13,27,29,30|6,19,21,26,33,34|9,16,17,18,23,25
1,3,6,7,21,35|2,10,18,29,30,39|8,9,13,17,25,33
1,3,7,14,16,35|2,10,18,29,30,39|6,15,19,27,34,38|8,9,13,17,25,33
1,3,9,13,30,31|6,15,19,27,34,38|17,18,23,26,29,39
1,8,13,27,29,34|2,3,19,32,38,39|9,16,17,18,23,25
1,13,14,17,33,34|2,3,19,32,38,39|12,16,18,23,27,35
1,13,25,29,33,34|2,3,19,32,38,39|9,16,17,23,27,40
2,3,11,19,34,39|8,9,13,17,25,33|12,16,18,23,27,35
2,3,19,21,22,34|8,9,13,17,25,33|12,16,18,23,27,35
2,3,19,32,38,39|8,9,13,17,25,33|12,16,18,23,27,35
2,7,9,12,13,14|3,16,17,27,29,30|6,19,21,26,33,34
2,7,9,12,39,40|3,16,17,27,29,30|6,13,18,28,34,38
2,10,18,29,30,39|6,15,19,27,34,38|8,9,13,17,25,33
2,13,19,26,30,31|8,10,18,29,34,39|9,16,17,23,27,40
2,18,26,30,39,40|6,15,19,27,34,38|8,9,13,17,25,33
3,16,17,27,29,30|6,13,18,28,34,38|9,10,19,23,32,39
3,19,26,30,32,39|6,13,18,28,34,38|9,16,17,23,27,40
8,12,13,27,33,35|9,10,19,23,32,39|16,18,25,34,38,40
1,20,22,23,33,35|2,6,7,11,32,38|3,8,9,12,28,30
1,3,11,28,30,34|2,7,12,22,32,38|6,9,20,23,26,33
1,3,28,30,32,38|2,6,7,12,20,34|8,9,10,17,22,23
1,6,20,33,34,38|2,3,9,11,23,28|7,12,22,26,30,32
1,20,23,28,33,35|2,6,7,8,26,32|3,12,17,22,30,38
1,3,11,22,30,34|2,6,7,12,32,38|8,9,10,23,28,29
1,3,22,30,32,38|2,6,7,11,12,34|8,9,10,23,28,29
1,3,9,13,25,38|2,15,18,27,28,34|10,17,19,26,30,39
1,7,14,25,27,35|2,9,10,13,31,33|3,11,18,26,34,39
1,7,15,27,28,35|2,9,10,13,31,33|3,11,18,26,34,39
1,7,16,20,27,35|2,9,10,13,31,33|3,11,18,26,34,39
1,2,8,9,13,27|3,6,18,21,26,34|7,10,16,25,35,40
1,2,9,13,25,33|3,6,18,21,26,34|7,10,20,35,39,40
1,2,13,27,29,38|3,6,18,21,26,34|7,10,16,25,35,40
1,2,17,18,38,39|3,10,13,29,31,34|7,9,12,16,27,32
1,3,9,13,31,38|2,11,16,18,27,34|7,10,20,35,39,40
1,7,11,16,27,35|2,8,9,10,18,39|3,13,26,31,34,40
1,7,13,20,25,35|2,8,9,10,18,39|3,16,17,27,29,38
1,7,14,27,31,35|2,8,9,10,18,39|3,19,21,22,26,34
1,7,15,22,27,35|2,8,9,10,18,39|3,13,26,31,34,40
1,9,13,20,27,30|2,10,18,29,38,39|3,16,19,26,31,34
2,11,16,18,27,34|3,9,17,20,33,39|6,7,10,13,28,35
2,13,14,18,26,38|3,8,9,16,17,27|7,10,20,35,39,40
2,13,18,20,25,34|3,8,9,16,17,27|7,10,21,28,35,40
2,13,19,26,31,38|3,8,9,16,17,27|7,10,20,35,39,40
2,13,20,27,34,40|3,9,16,17,25,33|10,18,26,29,30,39
2,14,18,27,31,34|3,9,16,17,25,33|6,7,10,13,28,35
2,14,19,25,27,34|3,9,17,20,33,39|6,7,10,13,28,35
2,15,18,22,27,34|3,9,16,17,25,33|6,7,10,13,28,35
2,15,19,27,28,34|3,9,16,17,25,33|7,10,11,13,31,35
2,16,18,27,32,38|3,9,17,20,33,39|6,7,10,13,28,35
2,16,19,20,27,34|3,9,17,21,28,33|7,10,11,13,31,35
2,18,26,32,33,39|3,8,9,16,17,27|6,7,10,13,28,35
2,18,26,38,39,40|3,8,9,16,17,27|6,7,10,13,28,35
3,9,17,20,33,39|6,7,10,13,28,35|16,18,26,27,30,32
3,9,17,21,28,33|7,10,11,13,31,35|16,18,26,27,30,32
1,7,9,11,17,39|2,12,13,18,25,34|3,14,27,31,33,35
1,7,9,16,17,31|2,12,13,18,25,34|3,15,22,27,33,35
1,7,9,17,21,22|2,12,13,18,25,34|3,11,16,27,33,35
2,12,13,18,25,34|3,11,16,27,33,35|7,9,10,21,22,29
2,12,16,19,27,34|3,13,20,25,33,35|7,9,10,11,29,39
1,2,9,13,31,33|3,6,19,21,26,34|7,10,11,35,39,40
1,2,17,19,38,39|3,8,12,13,27,35|9,10,16,18,30,31
1,3,9,13,14,38|2,6,15,18,27,34|7,10,11,35,39,40
1,3,9,32,33,39|2,6,15,18,27,34|7,10,11,13,14,35
1,3,9,38,39,40|2,6,15,18,27,34|7,10,11,13,14,35
1,3,17,34,39,40|2,13,14,19,26,38|9,10,16,18,30,31
1,6,7,15,27,35|2,8,9,10,19,39|3,13,14,26,34,40
1,7,11,13,25,35|2,6,15,18,27,34|3,9,16,17,31,33|10,19,26,29,30,39
1,7,13,20,31,35|2,6,15,18,27,34|3,9,11,17,33,39
1,7,13,22,28,35|2,6,15,18,27,34|3,9,11,17,33,39
1,9,11,13,27,30|2,10,19,29,38,39|3,16,18,25,32,34
1,17,19,26,30,39|2,6,15,18,27,34|3,12,13,25,33,35
2,6,15,18,27,34|3,8,9,13,17,25|7,10,11,35,39,40
2,11,13,18,25,34|3,9,16,17,31,33|7,10,21,22,35,40
2,11,13,27,34,40|3,9,16,17,31,33|10,19,26,29,30,39
2,11,16,19,27,34|3,8,9,13,17,25|7,10,21,22,35,40
2,13,14,19,26,38|3,9,11,17,33,39|7,10,16,31,35,40
2,13,18,20,31,34|3,9,11,17,33,39|7,10,21,22,35,40|16,19,26,27,30,32
2,13,18,22,28,34|3,9,11,17,33,39|7,10,16,31,35,40
2,13,18,25,32,38|3,6,19,21,26,34|7,10,11,35,39,40
2,13,19,20,25,34|3,9,11,17,33,39|7,10,16,31,35,40
2,13,27,32,38,40|3,6,19,21,26,34|9,10,11,18,30,39
2,14,19,27,31,34|3,8,9,13,17,25|7,10,11,35,39,40
2,15,19,22,27,34|3,8,9,13,17,25|7,10,11,35,39,40
2,16,17,27,29,33|3,6,19,21,26,34|7,9,12,13,25,32
2,16,19,27,32,38|3,8,9,13,17,25|7,10,11,35,39,40
2,19,26,32,33,39|3,8,9,13,17,25|7,10,16,31,35,40
3,8,9,13,17,25|7,10,11,35,39,40|16,19,26,27,30,32
3,9,11,17,33,39|6,7,10,13,22,35|16,19,26,27,30,32
3,9,17,21,22,33|7,10,11,13,14,35|16,19,26,27,30,32
3,13,17,25,29,38|7,10,11,35,39,40|16,19,26,27,30,32
1,7,9,14,16,17|2,12,13,18,31,34|3,6,15,27,33,35
1,7,9,16,25,29|2,12,13,18,31,34|3,6,15,27,33,35
1,7,9,20,29,39|2,12,13,18,31,34|3,6,15,27,33,35
1,7,9,21,28,29|2,12,13,18,31,34|3,6,15,27,33,35
2,12,13,18,31,34|3,6,15,27,33,35|7,9,10,14,16,29
2,12,13,19,25,34|3,6,15,27,33,35|7,9,10,14,16,29
1,2,9,13,14,33|3,11,18,32,34,39|6,7,10,21,35,40
1,2,18,29,38,39|3,6,9,17,21,33|7,10,14,16,35,40|13,19,25,26,30,32
1,6,7,13,28,35|2,16,18,25,34,40|3,9,20,29,33,39
1,7,11,13,31,35|2,6,15,19,27,34|3,9,14,16,17,33
1,7,13,14,20,35|2,6,15,19,27,34|3,9,16,25,29,33
1,7,16,25,35,40|2,6,13,18,28,34|3,9,20,29,33,39
1,7,20,35,39,40|2,6,13,18,28,34|3,8,9,16,27,29
1,7,21,28,35,40|2,6,15,19,27,34|3,8,9,13,17,31
1,9,16,18,25,30|2,6,15,19,27,34|3,12,13,31,33,35
1,9,18,20,30,39|2,6,15,19,27,34|3,12,13,31,33,35
1,9,18,21,28,30|2,6,15,19,27,34|3,12,13,31,33,35
1,18,26,29,30,39|2,6,15,19,27,34|3,8,9,13,17,31|7,10,14,16,35,40
2,6,13,18,28,34|3,8,9,16,27,29|10,17,19,30,32,39
2,6,15,19,27,34|3,8,9,13,17,31|7,10,14,16,35,40
2,8,13,17,27,29|3,11,18,32,34,39|6,7,10,21,35,40
2,11,13,18,31,34|3,6,9,17,21,33|7,10,14,16,35,40
2,11,13,19,25,34|3,6,9,17,21,33|7,10,14,16,35,40
2,13,17,25,29,33|3,11,18,32,34,39|6,7,10,21,35,40
2,13,18,31,32,38|3,6,9,17,21,33|7,10,14,16,35,40
2,13,19,20,31,34|3,6,9,17,21,33|7,10,14,16,35,40
2,13,19,22,28,34|3,6,9,17,21,33|7,10,14,16,35,40
2,13,19,25,32,38|3,6,9,17,21,33|7,10,14,16,35,40
2,18,20,34,39,40|3,6,9,17,21,33|13,19,25,26,30,32
3,6,9,17,21,33|7,10,14,16,35,40|13,18,26,30,31,32
3,8,9,16,27,29|6,7,10,21,35,40|13,18,26,30,31,32
3,9,14,16,17,33|6,7,10,21,35,40|13,18,26,30,31,32
3,9,16,25,29,33|6,7,10,21,35,40|13,18,26,30,31,32
3,9,20,29,33,39|6,7,10,21,35,40|13,18,26,30,31,32
3,9,21,28,29,33|7,10,14,16,35,40|13,18,26,30,31,32
3,11,18,32,34,39|6,7,10,21,35,40|13,17,20,27,29,30
3,16,18,31,32,34|6,7,10,21,35,40|13,17,20,27,29,30
3,16,19,25,32,34|6,7,10,21,35,40|13,17,20,27,29,30
3,18,21,22,32,34|7,10,14,16,35,40|13,17,20,27,29,30
3,19,21,28,32,34|7,10,14,16,35,40|13,17,20,27,29,30
1,7,9,11,29,39|2,12,13,14,18,34|3,8,16,27,35,40
1,7,9,16,29,31|2,12,13,14,18,34|3,20,33,35,39,40
1,7,9,21,22,29|2,12,13,14,18,34|3,8,16,27,35,40
1,7,17,29,32,39|2,12,13,14,18,34|3,8,16,27,35,40
2,12,13,19,31,34|3,8,16,18,25,35|7,9,20,32,39,40
1,2,8,9,19,39|3,6,18,21,32,34|11,13,17,27,29,30
1,2,19,29,38,39|3,6,18,21,32,34|9,10,13,14,30,40
1,3,13,14,29,34|2,18,32,38,39,40|6,9,10,19,21,30
1,3,29,34,39,40|2,13,14,18,32,38|6,9,10,19,21,30
1,6,7,13,22,35|2,11,18,34,39,40|3,9,16,29,31,33
1,7,11,13,14,35|2,16,18,31,34,40|3,9,21,22,29,33
1,7,11,35,39,40|2,6,13,18,22,34|3,9,16,29,31,33
1,7,16,31,35,40|2,6,13,18,22,34|3,9,11,29,33,39
1,7,21,22,35,40|2,6,13,19,28,34|3,9,11,29,33,39
1,9,16,18,30,31|2,6,13,19,28,34|3,12,33,35,39,40
1,9,16,19,25,30|2,6,13,18,22,34|3,12,33,35,39,40
1,9,18,21,22,30|2,6,13,19,28,34|3,12,33,35,39,40
1,9,19,21,28,30|2,6,13,18,22,34|3,12,33,35,39,40
1,17,18,30,32,39|2,6,13,19,28,34|3,9,16,29,31,33
2,13,17,29,31,33|3,6,18,21,32,34|9,10,14,16,19,30
2,16,19,25,34,40|3,8,9,13,14,17|10,18,29,30,32,39
2,19,21,28,34,40|3,8,9,13,14,17|10,18,29,30,32,39
1,6,7,9,21,29|2,12,13,14,19,34|3,8,11,18,35,39
1,7,9,14,16,29|2,12,19,34,39,40|3,6,13,22,33,35
2,12,13,14,19,34|3,8,11,18,35,39|7,9,16,31,32,40
1,6,7,21,35,40|2,8,17,18,29,39|3,14,16,19,32,34
1,7,14,16,35,40|2,6,13,19,22,34|17,18,20,29,30,39
1,9,13,30,31,40|2,8,17,18,29,39|3,6,19,21,32,34
1,9,19,21,22,30|2,8,17,18,29,39|3,13,14,32,34,40
1,17,19,30,32,39|2,6,18,21,34,40|3,8,9,13,29,31
3,8,16,19,31,35|6,7,9,21,32,40|12,17,18,29,30,39
3,8,19,21,22,35|7,9,14,16,32,40|12,17,18,29,30,39
1,9,11,13,27,38|2,3,18,26,32,39|10,16,17,19,25,34
1,17,19,26,38,39|2,3,9,10,13,14|18,25,27,31,32,34
1,2,3,9,13,14|6,10,17,19,21,34|18,26,32,38,39,40
1,2,3,9,39,40|6,10,17,19,21,34|11,12,13,27,33,35
1,8,9,19,26,39|2,3,13,17,25,29|11,16,18,27,32,34
1,9,11,18,38,39|2,3,13,17,25,29|15,19,27,28,32,34
1,9,16,18,31,38|2,3,13,17,25,29|15,19,27,28,32,34
1,9,18,21,22,38|2,3,13,17,25,29|15,19,27,28,32,34
1,9,19,20,38,39|2,3,13,17,25,29|11,16,18,27,32,34
1,9,19,21,28,38|2,3,13,17,25,29|11,16,18,27,32,34
1,16,17,18,31,34|6,9,10,19,21,38|11,12,13,27,33,35
1,16,17,19,25,34|8,9,10,18,32,39|11,12,13,27,33,35
1,17,18,32,38,39|6,13,19,26,28,34|9,14,25,27,29,33
1,17,19,21,28,34|8,9,10,18,32,39|11,12,13,27,33,35
1,19,26,29,38,39|6,9,15,17,27,33|13,18,20,25,32,34
2,3,13,17,25,29|6,9,10,19,21,38|11,16,18,27,32,34
6,9,10,19,21,38|11,12,13,27,33,35|16,18,26,31,34,40
6,9,15,17,27,33|10,11,18,29,34,39|13,19,26,31,32,38
6,10,17,19,21,34|9,14,25,27,29,33|18,26,32,38,39,40
8,9,10,18,32,39|11,12,13,27,33,35|16,19,25,26,34,40
9,10,14,16,19,38|11,12,13,27,33,35|18,21,22,26,34,40
10,14,16,17,19,34|11,12,13,27,33,35|18,26,32,38,39,40
10,16,19,25,29,34|11,12,13,27,33,35|18,26,32,38,39,40
10,18,29,32,38,39|11,12,13,27,33,35|16,19,25,26,34,40
10,19,21,28,29,34|11,12,13,27,33,35|18,26,32,38,39,40
1,9,16,18,25,38|2,3,19,26,32,39|10,13,17,31,34,40
1,9,16,27,38,40|2,3,19,26,32,39|6,10,17,18,21,34
1,9,18,20,38,39|2,3,16,17,27,29|11,13,19,25,26,34
1,9,18,21,28,38|2,3,16,17,27,29|11,13,19,25,26,34
1,13,20,27,29,34|2,3,19,26,32,39|6,9,10,18,21,38
1,16,17,18,25,34|2,3,19,26,32,39|9,10,13,31,38,40
1,16,17,27,34,40|2,3,19,26,32,39|6,9,10,18,21,38
1,17,18,21,28,34|2,3,19,26,32,39|9,10,13,31,38,40
2,3,16,17,27,29|6,9,10,18,21,38|11,13,19,25,26,34
2,3,19,26,32,39|6,9,10,18,21,38|12,13,20,27,33,35
9,10,11,19,38,39|12,13,20,27,33,35|16,18,25,26,34,40
9,10,16,19,31,38|12,13,20,27,33,35|18,21,26,28,34,40
9,11,16,17,27,33|10,18,20,29,34,39|13,19,25,26,32,38
1,6,9,18,21,38|2,3,13,17,29,31|11,16,19,27,32,34
1,6,17,18,21,34|8,9,10,19,32,39|12,16,27,33,35,40
1,9,11,19,38,39|2,3,13,17,29,31|6,15,18,27,32,34
1,9,14,16,18,38|2,3,13,17,29,31|11,19,26,34,39,40
1,9,19,21,22,38|2,3,13,17,29,31|6,15,18,27,32,34
1,11,17,19,34,39|8,9,13,20,27,29|12,16,18,25,33,35
1,13,17,31,34,40|8,9,10,19,32,39|12,16,18,25,33,35
1,16,17,19,31,34|8,9,13,20,27,29|12,18,21,28,33,35
1,16,18,25,29,34|6,9,13,17,28,33|19,26,32,38,39,40
1,17,19,21,22,34|8,9,13,20,27,29|12,16,18,25,33,35
1,17,19,32,38,39|6,10,18,21,29,34|12,16,27,33,35,40
1,18,21,28,29,34|8,9,10,19,32,39|12,16,27,33,35,40
6,9,13,17,28,33|8,12,16,18,27,35|10,11,19,29,34,39
6,10,18,21,29,34|8,9,16,17,27,40|13,14,19,26,32,38
8,9,13,20,27,29|11,19,26,34,39,40|12,16,18,25,33,35
8,9,16,17,27,40|10,11,19,29,34,39|12,18,21,28,33,35
8,9,17,18,21,28|10,11,19,29,34,39|12,16,27,33,35,40
8,12,16,18,27,35|9,11,13,17,31,33|10,19,21,22,29,34
9,11,13,17,31,33|10,14,16,18,29,34|19,26,32,38,39,40
1,6,9,19,21,38|2,3,13,14,17,29|11,12,18,33,35,39
1,6,17,19,21,34|8,9,11,13,27,29|12,16,18,31,33,35
1,8,9,18,32,39|2,3,13,14,17,29|6,19,21,26,34,40
1,9,13,14,32,33|2,3,17,29,39,40|8,12,16,19,27,35
1,9,13,14,38,40|6,10,19,21,29,34|11,12,18,33,35,39
1,9,14,16,19,38|2,3,17,29,39,40|6,13,18,28,32,34
1,9,32,33,39,40|2,3,13,14,17,29|8,12,16,19,27,35
1,11,18,29,34,39|6,9,13,17,22,33|8,12,16,19,27,35
1,13,25,29,34,40|8,9,11,17,18,39|12,19,21,28,33,35
1,14,16,17,19,34|6,9,15,27,29,33|8,12,13,18,25,35
1,18,21,22,29,34|8,9,13,17,25,40|12,19,20,33,35,39
1,18,29,32,38,39|6,9,13,17,22,33|8,12,16,19,27,35
2,3,13,14,17,29|6,15,19,27,32,34|11,12,18,33,35,39
2,3,17,29,39,40|6,13,18,28,32,34|8,12,16,19,27,35
6,9,13,17,22,33|8,12,16,19,27,35|18,20,32,34,39,40
6,9,15,27,29,33|8,12,13,18,25,35|14,16,19,26,34,40
6,10,19,21,29,34|8,9,11,17,18,39|12,13,25,33,35,40
6,15,19,27,32,34|8,9,11,17,18,39|12,13,25,33,35,40
6,19,21,26,34,40|8,9,11,13,27,29|12,16,18,31,33,35
8,9,11,17,18,39|10,13,14,29,34,40|12,16,19,25,33,35
8,9,13,17,25,40|10,14,16,19,29,34|11,12,18,33,35,39
8,9,16,17,18,31|10,13,14,29,34,40|12,19,20,33,35,39
8,9,16,17,19,25|10,13,14,29,34,40|11,12,18,33,35,39
8,9,17,18,21,22|10,13,14,29,34,40|12,16,19,25,33,35
8,9,17,19,20,39|10,13,14,29,34,40|12,16,18,31,33,35
8,9,17,19,21,28|10,13,14,29,34,40|11,12,18,33,35,39
8,12,13,18,25,35|9,11,17,33,39,40|10,14,16,19,29,34
8,12,16,19,27,35|9,11,13,14,17,33|18,20,32,34,39,40
8,13,17,27,29,32|11,12,18,33,35,39|14,16,19,26,34,40
1,6,18,21,29,34|8,9,11,17,19,39|12,13,31,33,35,40
1,8,9,19,32,39|6,12,18,21,33,35|13,17,29,31,38,40
1,11,19,29,34,39|6,8,9,17,18,21|12,13,31,33,35,40
1,13,29,31,34,40|6,8,9,17,18,21|11,12,19,33,35,39
1,14,16,18,29,34|6,9,17,21,33,40|8,12,13,19,25,35
1,19,21,22,29,34|8,9,13,17,31,40|12,14,16,18,33,35
1,19,29,32,38,39|6,8,9,17,18,21|12,13,31,33,35,40
1,2,11,27,31,34|3,9,22,25,28,38|10,13,20,26,30,32
1,26,27,30,31,32|2,10,11,13,20,34|3,9,22,25,28,38
1,2,8,9,10,16|3,6,15,17,26,38|7,20,22,25,28,35
2,10,11,13,32,38|3,6,17,25,28,34|20,26,27,29,30,31
2,10,14,25,34,40|3,6,15,17,26,38|9,20,22,27,28,30
2,10,16,20,34,40|3,6,9,25,28,38|11,14,17,26,27,30
2,20,27,29,31,38|3,6,17,25,28,34|10,11,13,26,30,32
1,2,11,13,20,34|3,6,9,22,25,38|10,16,26,30,32,40
1,2,13,20,32,38|3,6,17,22,25,34|11,26,27,29,30,31
1,2,25,31,34,40|3,8,9,11,16,26|17,22,27,28,30,32
1,3,14,25,32,34|2,6,8,9,27,28|11,13,17,20,26,30
1,3,16,20,32,34|2,6,8,9,27,28|10,17,25,29,30,31
1,9,10,11,16,30|2,6,15,17,26,33|3,20,25,29,31,34
1,9,10,14,30,31|2,6,15,17,26,33|3,22,25,28,29,34
1,9,10,15,22,30|2,6,27,28,29,38|3,8,16,17,26,32|7,11,20,25,31,35
1,10,16,17,30,32|2,6,8,9,27,28|3,14,26,29,31,38
1,13,20,26,30,32|2,6,8,9,27,28|3,11,14,17,25,34
2,6,8,9,27,28|3,11,14,17,25,34|10,16,26,30,32,40
2,6,9,25,28,33|3,8,10,12,16,35|11,13,17,20,26,30
2,6,15,17,26,33|3,8,10,12,16,35|9,11,20,27,30,31
2,8,9,14,20,27|3,6,10,15,32,34|7,11,22,25,28,35
2,9,11,25,31,33|3,6,10,15,32,34|14,20,26,27,29,30
2,9,14,20,25,33|3,6,10,15,32,34|11,26,27,29,30,31
2,9,15,20,28,33|3,6,17,22,25,34|10,16,26,30,32,40
2,9,22,28,31,33|3,6,10,15,32,34|11,13,17,20,26,30
2,10,11,16,34,40|3,6,9,22,25,38|14,20,26,27,29,30
2,10,14,31,34,40|3,6,9,22,25,38|11,13,17,20,26,30
2,10,15,22,34,40|3,6,9,28,31,38|11,13,17,20,26,30
2,10,16,32,38,40|3,6,17,22,25,34|9,11,20,27,30,31
2,14,20,27,29,38|3,6,10,15,32,34|7,11,22,25,28,35
2,15,26,28,29,33|3,6,9,22,25,38|17,20,27,30,31,32
2,17,25,31,38,40|3,6,10,15,32,34|9,11,22,27,28,30
3,9,14,22,28,38|7,11,20,25,31,35|10,16,26,30,32,40
3,14,17,22,28,34|7,11,20,25,31,35|10,16,26,30,32,40
1,2,11,13,32,38|3,6,8,9,15,26|7,14,20,22,28,35
1,2,14,25,34,40|3,6,8,9,15,26|7,11,22,28,31,35|10,16,17,20,29,30
1,2,15,28,34,40|3,6,9,22,31,38|7,11,14,20,25,35
1,2,16,20,34,40|3,6,8,9,15,26|7,11,22,28,31,35|10,14,17,25,29,30
1,3,11,16,32,34|2,6,8,9,22,27|10,14,17,25,29,30
1,3,14,31,32,34|2,6,8,9,22,27|7,11,15,20,28,35
1,3,15,22,32,34|2,6,9,28,31,33|7,11,14,20,25,35
1,6,9,10,15,30|2,8,13,20,26,29|3,11,14,17,31,34
1,11,13,26,30,32|2,6,8,9,22,27|3,14,20,25,29,34
2,6,9,28,31,33|3,11,15,17,22,34|20,25,27,29,30,32
2,6,10,15,34,40|3,8,9,25,31,32|7,14,20,22,28,35
2,6,22,27,29,38|3,8,9,25,31,32|7,11,15,20,28,35
2,8,13,20,26,29|3,6,9,14,28,38|11,17,27,30,31,32
2,8,14,17,27,32|3,6,9,15,20,38|7,11,22,28,31,35
2,8,16,17,26,40|3,6,9,14,28,38|20,25,27,29,30,32
2,8,25,27,29,32|3,6,9,14,28,38|16,17,20,26,30,40
2,9,11,15,28,33|3,6,17,22,31,34|20,25,27,29,30,32
2,14,17,25,32,33|3,6,8,9,15,26|7,11,22,28,31,35
2,14,17,25,38,40|3,6,8,9,15,26|7,11,22,28,31,35
2,15,17,28,32,33|3,6,9,22,31,38|7,11,14,20,25,35
2,15,17,28,38,40|3,8,9,25,31,32|6,22,26,27,29,30
2,15,22,26,29,33|3,6,9,14,28,38|11,17,27,30,31,32
2,16,17,20,32,33|3,6,8,9,15,26|7,11,22,28,31,35
2,16,17,20,38,40|3,6,8,9,15,26|7,11,22,28,31,35
3,6,9,15,20,38|7,11,22,28,31,35|10,14,17,25,29,30
3,6,9,22,31,38|7,11,14,20,25,35|10,15,17,28,29,30
3,8,9,25,31,32|6,22,26,27,29,30|7,11,15,20,28,35
3,9,11,14,31,38|6,7,20,22,25,35|10,15,17,28,29,30
3,9,11,15,22,38|6,7,20,28,31,35|10,14,17,25,29,30
1,2,11,16,34,40|3,6,9,14,22,38|20,27,29,30,31,32
1,2,14,31,34,40|3,6,9,11,15,38|22,27,28,29,30,32
1,2,15,22,34,40|3,8,9,14,25,32|6,7,11,28,31,35
1,3,6,15,32,34|2,8,9,11,13,20|10,14,17,29,30,31
1,3,8,12,16,35|2,6,9,14,28,33|10,15,17,22,29,30
1,10,16,29,30,32|2,6,9,14,28,33|7,11,15,20,22,35
1,16,26,30,32,40|2,6,9,14,28,33|3,15,20,22,29,34
1,17,25,29,30,31|2,6,9,14,28,33|7,11,15,20,22,35
2,6,9,14,28,33|3,8,16,26,29,32|7,11,15,20,22,35
2,6,9,15,20,33|3,8,16,26,29,32|7,11,14,22,28,35
2,8,9,11,13,20|3,6,14,17,22,34|25,26,29,30,31,40
2,8,9,25,31,40|3,6,11,15,17,34|22,27,28,29,30,32
2,8,13,17,20,32|3,6,9,11,15,38|25,26,29,30,31,40
2,11,16,17,32,33|3,6,9,14,22,38|25,26,29,30,31,40
3,6,15,17,32,38|7,11,14,20,31,35|9,22,25,28,30,40
3,8,9,14,25,32|6,7,11,28,31,35|10,15,17,22,29,30
3,8,9,15,28,32|6,7,11,22,25,35|10,14,17,29,30,31
3,8,9,16,20,32|6,7,11,22,25,35|10,14,17,29,30,31
3,14,25,29,32,38|6,7,11,28,31,35|15,17,22,26,30,40
3,15,28,29,32,38|6,7,11,22,25,35|14,17,26,30,31,40
3,16,20,29,32,38|6,7,11,22,25,35|14,17,26,30,31,40
2,8,9,15,28,40|3,6,22,29,31,34|11,13,17,20,30,32
2,8,14,27,29,32|6,7,11,15,20,35|9,22,28,30,31,40
2,14,25,29,32,33|6,7,11,15,20,35|9,22,28,30,31,40
2,15,28,29,32,33|6,7,11,22,31,35|9,14,20,25,30,40
2,15,28,29,38,40|3,8,9,11,16,32|6,7,14,20,22,35
3,8,9,11,16,32|6,7,14,20,22,35|15,26,28,29,30,40
3,8,9,15,22,32|6,7,11,14,28,35|16,20,26,29,30,40
1,6,15,18,29,34|8,9,11,13,17,40|12,14,19,31,33,35
1,8,9,13,32,40|6,12,15,18,33,35|11,16,17,19,29,38
1,8,9,16,19,32|6,12,15,18,33,35|11,13,17,29,38,40
1,11,13,29,34,40|6,8,9,15,17,18|12,14,19,31,33,35
1,13,29,32,38,40|6,8,9,15,17,18|11,12,16,19,33,35
1,14,19,29,31,34|6,8,9,15,17,18|11,12,13,33,35,40
1,16,19,29,32,38|6,8,9,15,17,18|11,12,13,33,35,40
1,6,9,15,19,38|2,3,16,17,29,40|8,12,13,18,20,35
1,6,15,17,19,34|8,9,18,25,29,31|12,13,20,33,35,40
1,8,9,16,18,32|6,10,15,19,29,34|12,13,20,33,35,40
1,9,16,32,33,40|6,10,15,19,29,34|8,12,13,18,20,35
1,11,16,18,29,34|8,9,13,17,20,40|12,14,19,25,33,35
1,13,20,29,34,40|8,9,11,16,17,18|12,14,19,25,33,35
1,14,18,29,31,34|8,9,13,17,20,40|12,15,19,28,33,35
1,14,19,25,29,34|8,9,11,16,17,18|12,13,20,33,35,40
1,15,18,22,29,34|8,9,13,17,20,40|12,14,19,25,33,35
1,15,19,28,29,34|8,9,11,16,17,18|12,13,20,33,35,40
6,10,15,19,29,34|8,9,11,16,17,18|12,13,20,33,35,40
8,12,14,19,27,35|9,11,13,20,29,33|15,18,28,32,34,40
1,2,3,13,29,32|6,15,18,26,34,40|8,9,17,19,25,31
1,6,9,15,18,38|2,3,11,13,17,29|8,12,19,27,31,35
1,6,15,17,18,34|8,9,10,13,32,40|12,19,25,31,33,35
1,9,11,13,32,33|6,10,15,18,29,34|8,12,19,27,31,35
1,9,11,13,38,40|6,10,15,18,29,34|8,12,19,27,31,35
1,9,11,16,19,38|6,10,15,18,29,34|12,14,27,33,35,40
1,9,14,19,31,38|2,3,11,13,17,29|6,15,18,26,34,40
1,9,15,19,22,38|2,3,11,13,17,29|8,12,14,18,27,35
1,14,27,29,34,40|8,9,10,16,19,32|12,15,18,28,33,35
1,15,17,19,22,34|8,9,10,13,32,40|12,14,18,25,33,35
1,15,18,28,29,34|8,9,10,13,32,40|12,19,25,31,33,35
1,16,18,20,29,34|8,9,10,13,32,40|12,19,25,31,33,35
1,19,25,29,31,34|8,9,10,13,32,40|12,15,18,28,33,35
2,3,11,13,17,29|6,15,18,26,34,40|8,9,10,16,19,32
6,10,15,18,29,34|8,9,14,17,27,40|12,19,25,31,33,35
8,9,14,17,27,40|10,11,16,19,29,34|12,15,18,28,33,35
8,9,15,17,18,28|10,11,13,29,34,40|12,19,25,31,33,35
8,9,16,17,18,20|10,11,13,29,34,40|12,19,25,31,33,35
8,9,17,19,25,31|10,11,13,29,34,40|12,15,18,28,33,35
8,12,14,18,27,35|9,15,17,28,33,40|10,11,16,19,29,34
8,12,19,27,31,35|9,14,17,25,33,40|11,13,18,20,32,34
11,13,18,20,32,34|12,14,27,33,35,40|17,19,25,29,31,38
1,2,3,9,11,13|6,10,15,17,18,34|12,25,27,33,35,40
1,2,3,13,17,32|6,9,10,15,18,38|12,25,27,33,35,40
1,8,9,16,18,26|2,3,10,13,29,32|12,25,27,33,35,40
1,9,10,16,29,33|2,3,13,26,32,40|8,12,18,25,27,35
1,9,15,18,28,38|2,3,10,13,29,32|12,25,27,33,35,40
1,9,16,18,20,38|2,3,10,13,29,32|12,25,27,33,35,40
1,9,16,26,33,40|2,3,10,13,29,32|8,12,18,25,27,35
1,9,19,25,31,38|2,3,10,13,29,32|15,18,26,28,34,40
1,15,17,18,28,34|2,3,10,13,29,32|12,25,27,33,35,40
1,16,17,18,20,34|2,3,10,13,29,32|12,25,27,33,35,40
1,25,27,29,34,40|2,3,16,19,26,32|6,9,10,15,18,38
2,3,10,13,29,32|6,9,17,22,27,33|14,18,25,26,34,40
2,3,14,17,27,29|6,9,10,15,18,38|11,13,19,20,26,34
2,3,16,19,26,32|6,9,10,15,18,38|12,25,27,33,35,40
6,9,10,15,18,38|11,13,19,20,26,34|12,25,27,33,35,40
6,9,17,22,27,33|10,14,18,25,29,34|13,19,20,26,32,38
6,10,15,17,18,34|9,11,25,27,29,33|13,19,20,26,32,38
8,9,17,25,27,40|10,15,18,28,29,34|13,19,20,26,32,38
9,10,15,19,22,38|11,18,27,31,32,34|13,17,20,26,29,33
9,11,14,17,27,33|10,15,18,28,29,34|13,19,20,26,32,38
10,14,17,19,31,34|11,13,18,26,32,38|12,25,27,33,35,40
10,15,17,19,22,34|11,13,18,26,32,38|12,25,27,33,35,40
10,15,18,28,29,34|12,25,27,33,35,40|13,19,20,26,32,38
1,2,3,9,16,40|6,10,15,17,19,34|8,12,18,27,31,35
1,8,9,13,26,40|6,10,15,17,19,34|12,18,25,31,33,35
1,8,9,16,19,26|2,3,13,17,20,29|6,18,22,27,32,34
1,9,11,16,18,38|2,3,13,17,20,29|6,19,27,28,32,34
1,9,13,20,32,33|6,10,15,17,19,34|8,12,18,27,31,35
1,9,13,20,38,40|6,10,15,17,19,34|8,12,18,27,31,35
1,9,14,18,31,38|2,3,13,17,20,29|6,19,27,28,32,34
1,9,14,19,25,38|2,3,13,17,20,29|6,18,22,27,32,34
1,9,15,18,22,38|2,3,13,17,20,29|6,19,27,28,32,34
1,9,15,19,28,38|2,3,13,17,20,29|6,18,22,27,32,34
1,9,16,19,20,38|6,18,22,27,32,34|11,13,17,26,29,33
1,11,16,17,18,34|6,9,10,15,19,38|12,27,31,33,35,40
1,13,17,20,34,40|6,9,10,15,19,38|8,12,18,27,31,35
1,13,26,29,32,33|6,9,10,15,19,38|8,12,18,27,31,35
1,13,26,29,38,40|6,10,15,17,19,34|8,12,18,27,31,35
1,14,17,19,25,34|6,9,27,28,29,33|16,18,26,32,38,40
1,15,17,18,22,34|6,9,27,28,29,33|11,13,19,26,32,38
1,15,17,19,28,34|8,9,10,16,18,32|12,27,31,33,35,40
1,16,17,18,32,38|6,9,27,28,29,33|14,19,25,26,34,40
1,16,19,26,29,38|6,18,22,27,32,34|9,11,13,17,20,33
2,3,13,17,20,29|6,9,10,15,19,38|8,12,18,27,31,35
6,9,10,15,19,38|8,12,18,27,31,35|11,13,17,26,29,33
10,15,18,22,29,34|11,13,19,26,32,38|12,27,31,33,35,40
1,2,3,9,13,20|6,19,22,26,27,34|10,16,17,18,32,38
1,9,27,31,38,40|2,3,16,18,26,32|10,14,17,19,25,34
1,17,18,25,31,34|2,3,9,10,16,40|14,19,26,27,32,38
1,17,27,31,34,40|2,3,16,18,26,32|9,10,14,19,25,38
1,2,10,16,29,30|6,8,9,22,27,38|11,13,17,23,26,32
1,2,14,27,30,32|6,9,10,15,17,23|8,13,20,26,29,38
1,2,16,26,30,40|6,8,9,22,27,38|10,11,12,13,23,35|14,17,20,31,33,34
1,8,10,16,29,34|2,3,6,15,17,38|9,11,23,27,31,32
1,8,14,27,32,34|2,3,6,15,17,38|9,10,16,20,23,29
1,8,16,26,34,40|2,3,6,15,17,38|9,10,14,23,25,29
1,9,14,17,23,25|2,3,8,16,26,29|6,10,15,32,33,34
1,9,16,17,20,23|2,3,14,25,29,38|6,10,15,32,33,34
1,12,14,23,27,35|2,3,6,15,17,38|8,9,11,16,26,33
1,14,25,32,33,34|2,3,6,15,17,38|9,10,16,20,23,29
1,14,25,34,38,40|2,3,8,9,15,28|10,11,12,13,23,35
1,15,28,32,33,34|2,3,8,9,14,25|10,11,12,13,23,35
1,15,28,34,38,40|2,3,8,9,14,25|10,11,12,13,23,35
1,16,17,23,26,29|2,3,8,9,14,25|6,10,15,32,33,34
1,16,20,32,33,34|2,3,6,15,17,38|9,10,14,23,25,29
1,16,20,34,38,40|2,3,8,9,14,25|10,11,12,13,23,35
2,3,8,9,15,28|6,17,22,25,33,34|10,11,12,13,23,35
2,3,14,25,29,38|6,8,17,22,27,34|9,15,23,26,28,40
2,3,15,28,29,38|6,8,17,22,27,34|9,14,23,25,26,40
2,3,16,20,29,38|6,8,17,22,27,34|9,14,23,25,26,40
2,10,11,13,30,32|6,8,9,22,27,38|14,17,20,31,33,34
3,6,9,25,28,30|8,10,11,13,32,34|14,26,29,31,33,38
3,6,15,17,26,30|8,9,11,14,27,38|20,25,29,31,33,34
3,9,14,20,25,30|6,8,17,22,27,34|10,11,12,13,23,35
3,9,15,20,28,30|6,8,17,22,27,34|10,11,12,13,23,35|14,26,29,31,33,38
3,9,22,28,30,31|6,10,15,32,33,34|8,13,20,26,29,38
3,14,25,26,29,30|6,8,9,22,27,38|10,11,12,13,23,35
3,15,26,28,29,30|6,8,9,22,27,38|10,11,12,13,23,35|14,17,20,31,33,34
3,16,20,26,29,30|6,8,9,22,27,38|10,11,12,13,23,35
3,17,25,30,31,32|6,8,9,22,27,38|10,11,12,13,23,35
6,8,9,22,27,38|10,11,12,13,23,35|14,17,20,31,33,34
8,13,20,26,29,38|9,11,23,27,31,32|14,17,22,28,33,34
8,25,27,29,32,38|9,15,23,26,28,40|11,16,17,20,33,34
1,11,12,13,34,38|2,6,7,15,26,32|8,10,14,25,33,35
1,11,23,27,31,35|2,6,7,15,26,32|9,12,14,25,33,38
1,14,20,23,27,35|2,6,7,15,26,32|3,9,12,25,30,31
2,6,7,15,26,32|3,9,12,25,30,31|8,10,16,20,33,35
1,2,3,11,16,34|6,8,9,27,28,38|10,12,13,20,23,35
1,2,3,14,31,34|6,8,9,27,28,38|10,12,13,20,23,35
1,2,3,15,22,34|6,8,9,27,28,38|10,12,13,20,23,35
1,2,3,16,32,38|6,8,17,27,28,34|9,10,23,25,29,31
1,2,11,13,26,30|6,8,9,27,28,38|10,14,31,32,33,34
1,2,27,30,31,32|6,9,25,28,33,38|10,12,13,20,23,35
1,3,16,26,30,32|6,8,9,27,28,38|10,12,13,20,23,35|11,17,25,31,33,34
1,6,15,26,33,34|2,3,8,9,25,31|10,12,13,20,23,35
1,8,11,13,26,34|2,3,14,17,31,38|9,22,23,27,28,32
1,8,13,26,32,38|2,6,17,27,28,30|9,10,23,25,29,31
1,8,27,31,32,34|2,3,11,16,17,38|10,12,13,20,23,35
1,9,10,16,23,32|2,3,14,17,31,38|8,20,25,27,29,34
1,9,17,23,25,31|2,10,13,20,30,32|8,14,26,27,29,38
1,12,23,27,31,35|2,3,11,16,17,38|8,9,14,25,26,33
1,25,31,32,33,34|2,3,11,16,17,38|10,12,13,20,23,35
1,25,31,34,38,40|2,6,17,27,28,30|8,9,16,20,26,33
2,3,8,9,25,31|6,15,17,26,33,38|10,12,13,20,23,35
2,3,11,16,17,38|8,9,14,25,26,33|10,12,13,20,23,35
2,3,14,17,31,38|8,9,15,26,28,33|10,12,13,20,23,35
2,3,15,17,22,38|8,9,14,25,26,33|10,12,13,20,23,35
2,3,25,29,31,38|6,8,17,27,28,34|9,11,13,20,23,26
2,6,17,27,28,30|8,9,14,25,26,33|10,11,16,34,38,40
2,10,13,20,30,32|6,8,9,27,28,38|11,17,25,31,33,34
2,11,17,27,30,31|6,9,25,28,33,38|8,10,13,20,32,34
3,9,22,25,28,30|6,15,17,26,33,38|8,10,13,20,32,34
3,11,16,17,26,30|6,8,9,27,28,38|10,12,13,20,23,35
3,14,17,26,30,31|6,8,9,27,28,38|10,11,16,32,33,34
3,15,17,22,26,30|6,8,9,27,28,38|10,11,16,32,33,34
3,25,26,29,30,31|6,8,9,27,28,38|10,11,16,32,33,34
6,17,25,28,33,34|8,9,11,27,31,38|10,12,13,20,23,35
1,12,13,20,34,38|2,7,11,16,26,32|6,10,22,23,27,35
2,7,11,16,26,32|6,10,22,23,27,35|9,12,25,31,33,38
1,2,13,20,26,30|8,9,11,25,27,38|10,15,28,32,33,34
1,12,23,25,27,35|2,3,6,10,15,34|8,13,17,20,26,38
1,14,26,31,33,34|2,3,15,17,28,38|9,20,23,25,27,32
2,3,8,16,17,26|9,20,23,25,27,32|10,15,28,34,38,40
2,3,14,17,25,38|6,9,22,23,26,27|10,15,28,32,33,34
2,3,15,17,28,38|6,9,22,23,26,27|10,14,25,32,33,34
2,3,16,17,20,38|6,9,22,23,26,27|10,14,25,32,33,34
2,17,20,27,30,31|8,10,16,26,34,40|9,22,25,28,33,38
2,17,22,27,28,30|8,9,25,26,31,33|10,16,20,34,38,40
3,14,17,25,26,30|8,9,20,27,31,38|10,15,28,32,33,34
3,15,17,26,28,30|8,9,11,25,27,38|10,16,20,32,33,34
3,16,17,20,26,30|8,9,11,25,27,38|10,15,28,32,33,34
1,20,23,25,27,35|2,7,15,26,28,32|10,11,12,13,34,38
1,12,16,23,35,40|2,11,13,20,29,30|8,9,14,31,32,33
1,6,15,32,33,34|2,11,14,27,29,30|8,9,16,20,38,40
1,6,15,34,38,40|2,11,14,27,29,30|8,9,16,20,32,33
1,8,12,16,33,35|2,3,6,15,29,38|9,11,13,20,23,32
1,11,12,13,23,35|2,3,6,8,9,15|14,20,29,31,33,34
2,14,17,25,30,40|6,8,22,27,29,34|9,11,13,20,23,32
2,15,17,28,30,40|6,8,22,27,29,34|9,11,13,20,23,32
3,6,9,14,28,30|8,11,13,17,32,38|15,20,22,29,33,34
3,6,9,15,20,30|8,11,13,17,32,38|14,22,28,29,33,34
3,15,17,22,30,32|6,28,29,31,33,34|8,9,14,25,38,40
3,25,29,30,31,32|6,9,11,15,33,38|8,16,17,20,34,40
6,9,14,22,33,38|8,15,17,28,34,40|11,13,23,26,29,32
6,9,15,23,26,40|8,11,13,17,32,38|14,20,29,31,33,34
6,14,17,22,33,34|8,9,15,28,38,40|11,13,23,26,29,32
1,2,13,20,30,32|6,8,9,15,26,33|10,12,16,23,35,40
1,8,13,20,32,34|2,3,11,16,29,38|9,14,23,26,31,40
1,11,16,34,38,40|2,3,8,9,14,31|13,20,23,26,29,32
1,12,13,20,23,35|2,3,8,9,11,16|6,14,17,28,33,34
1,14,31,34,38,40|2,3,8,9,11,16|13,20,23,26,29,32
1,15,22,34,38,40|2,3,8,9,11,16|13,20,23,26,29,32
2,3,8,9,11,16|6,14,17,28,33,34|13,20,23,26,29,32
2,3,8,9,14,31|6,15,17,20,33,34|10,12,16,23,35,40
2,3,8,9,15,22|6,14,17,28,33,34|10,12,16,23,35,40
2,3,14,29,31,38|6,8,9,15,26,33|10,12,16,23,35,40
2,3,15,22,29,38|6,14,17,28,33,34|9,11,16,23,26,40
2,6,27,28,29,30|8,9,11,13,20,38|10,12,16,23,35,40
2,11,13,17,20,30|6,8,9,15,26,33|10,12,16,23,35,40
2,11,27,29,30,31|6,8,9,15,26,33|10,12,16,23,35,40
2,14,20,27,29,30|6,8,9,15,26,33|10,12,16,23,35,40
3,9,11,14,25,30|6,8,27,28,29,34|10,12,16,23,35,40|15,17,22,32,33,38
3,9,11,15,28,30|6,17,22,31,33,34|10,12,16,23,35,40
3,9,11,16,20,30|6,8,27,28,29,34|14,17,31,32,33,38
3,9,14,20,30,31|6,8,27,28,29,34|10,12,16,23,35,40|15,17,22,32,33,38
3,9,14,22,28,30|6,15,17,20,33,34|8,11,13,26,29,38|10,12,16,23,35,40
3,9,15,20,22,30|6,8,27,28,29,34|10,12,16,23,35,40|14,17,31,32,33,38
3,11,16,26,29,30|6,9,14,28,33,38|8,17,25,31,34,40
3,14,17,25,30,32|6,8,9,15,26,33|10,12,16,23,35,40
3,14,26,29,30,31|6,9,15,20,33,38|8,10,16,32,34,40
3,15,17,28,30,32|6,9,22,31,33,38|8,14,20,27,29,34|10,12,16,23,35,40
3,15,22,26,29,30|6,9,14,28,33,38|8,10,16,32,34,40
6,8,27,28,29,34|9,11,14,31,33,38|10,12,16,23,35,40
6,14,17,28,33,34|8,9,11,13,20,38|10,12,16,23,35,40
6,17,22,31,33,34|8,9,11,13,20,38|10,12,16,23,35,40
6,25,28,29,33,34|8,9,11,13,20,38|10,12,16,23,35,40
