1,13,23,26,34,40|2,10,16,19,30,38|3,7,8,25,31,35
2,7,11,12,13,34|3,8,9,27,30,31|16,17,19,23,26,38
2,10,13,30,32,33|3,7,8,25,31,35|16,17,19,23,26,38
2,10,16,19,30,38|3,7,8,25,31,35|9,11,13,23,26,33
2,14,17,27,30,33|3,7,8,25,31,35|10,16,18,23,32,34
2,25,27,29,30,33|3,7,12,16,32,34|8,9,10,13,17,23
7,12,13,26,30,32|8,9,14,27,33,38|17,18,23,25,31,34
2,7,12,13,20,34|3,8,9,25,27,30|16,17,18,23,26,38
1,8,12,15,19,35|6,9,31,32,33,40|11,14,18,22,29,34
1,6,9,14,17,33|8,10,12,15,19,35|11,18,22,25,29,34
1,6,18,31,32,34|2,3,9,11,15,40|14,19,22,26,29,38
1,11,15,18,32,34|2,3,6,9,31,40|14,19,22,26,29,38
1,14,18,22,32,34|2,3,6,9,31,40|8,10,12,15,19,35
1,19,22,31,32,34|2,3,9,11,15,40|6,14,18,26,29,38
2,3,6,9,31,40|8,10,12,15,19,35|11,14,17,18,22,34
2,3,9,14,22,40|6,11,17,18,31,34|8,10,12,15,19,35
2,3,15,17,32,40|6,8,9,14,18,26|11,19,25,28,29,34
6,8,9,14,18,26|11,15,17,19,20,34|22,27,29,32,38,40
6,9,14,18,20,38|8,10,12,15,19,35|11,22,27,29,34,40
6,9,14,26,33,40|8,10,12,15,19,35|11,18,22,25,29,34
6,14,17,18,20,34|8,9,11,15,19,26|22,27,29,32,38,40
6,20,27,29,34,40|8,9,11,15,19,26|14,17,18,22,32,38
1,8,12,15,18,35|2,3,6,9,14,40|11,19,22,25,29,34
1,12,15,33,35,40|6,8,9,14,19,26|11,18,22,29,31,34
2,13,23,27,31,40|3,8,19,25,38,39|7,12,15,17,21,33
2,14,16,18,23,27|3,8,19,25,38,39|7,12,15,17,21,33
3,10,13,16,23,29|7,12,14,17,33,39|8,18,21,27,28,30
3,13,16,23,26,40|7,8,12,27,29,39|18,21,25,28,30,33
2,13,14,18,23,25|3,8,19,31,38,39|21,22,27,30,33,40
2,13,14,23,27,40|3,8,15,18,21,38|7,12,29,31,33,39
2,13,15,18,23,28|3,8,19,31,38,39|21,22,27,30,33,40
2,13,16,18,20,23|3,8,19,31,38,39|21,22,27,30,33,40
2,13,19,23,25,31|3,8,14,18,38,39|21,22,27,30,33,40
2,18,23,25,39,40|3,6,13,15,33,38|8,19,21,27,28,30
2,11,13,16,18,23|3,8,14,19,38,39|6,21,27,30,33,40
2,13,15,18,22,23|3,8,14,19,38,39|6,21,27,30,33,40
2,13,15,19,23,28|6,8,18,21,27,30|7,12,14,29,33,39
2,13,16,19,20,23|6,8,18,21,27,30|7,12,14,29,33,39
3,15,18,21,23,32|7,12,14,29,33,39|8,13,27,30,31,40
1,2,3,15,17,29|6,8,9,18,26,31|10,14,19,22,32,34
1,6,9,17,31,33|2,3,15,26,29,40|10,14,19,22,32,34
1,6,14,19,26,34|2,3,9,15,20,40|17,18,22,31,32,38
1,6,18,25,32,34|2,3,9,14,28,40|15,19,20,26,29,38
1,9,14,17,22,33|2,3,6,27,29,32|8,10,12,15,18,35
1,10,15,29,34,40|6,8,9,18,26,31|17,19,22,25,32,38
1,14,18,28,32,34|2,3,6,9,25,40|15,19,20,26,29,38
1,15,18,20,32,34|2,3,6,9,25,40|14,19,26,28,29,38
1,18,22,31,32,34|2,3,6,9,25,40|14,19,26,28,29,38
1,19,22,25,32,34|2,3,9,14,28,40|6,18,26,29,31,38
1,19,28,31,32,34|2,3,6,9,25,40|8,10,12,15,18,35
2,3,6,9,25,40|8,10,12,15,18,35|11,17,19,28,31,34
2,3,9,14,28,40|6,10,19,31,32,34|11,15,18,26,29,38
2,3,9,15,20,40|6,10,14,18,32,34|19,22,26,29,31,38
2,3,9,22,31,40|6,10,14,18,32,34|15,19,20,26,29,38
2,3,15,26,29,40|6,9,11,18,25,38|10,14,19,22,32,34
6,8,9,19,25,26|10,12,15,33,35,40|11,14,17,18,28,34
6,9,11,18,25,38|10,12,15,33,35,40|14,17,19,20,28,34
6,9,11,27,32,33|8,10,12,15,18,35|14,17,19,20,28,34
6,9,11,27,38,40|8,10,12,15,18,35|14,17,19,20,28,34
6,9,19,20,25,38|8,10,12,15,18,35|11,27,28,29,34,40
6,9,26,31,33,40|8,10,12,15,18,35|11,17,19,22,25,34
6,11,17,18,25,34|8,9,14,19,26,28|10,12,15,33,35,40
6,14,17,19,26,38|8,9,18,25,28,32|10,12,15,33,35,40
6,17,18,20,31,34|8,9,14,19,26,28|10,12,15,33,35,40
6,17,18,25,32,38|8,9,14,19,26,28|10,12,15,33,35,40
6,17,19,20,25,34|8,9,11,15,18,26|27,28,29,32,38,40
6,17,27,32,38,40|8,9,11,15,18,26|19,20,25,28,29,34
8,9,14,19,26,28|10,12,15,33,35,40|11,17,18,22,31,34
8,9,18,25,28,32|10,12,15,33,35,40|17,19,20,22,31,34
8,9,19,22,26,31|10,12,15,33,35,40|11,14,17,18,28,34
8,9,27,28,32,40|11,15,17,18,20,34|19,22,26,29,31,38
9,11,14,18,28,38|10,12,15,33,35,40|17,19,20,22,31,34
9,11,18,22,31,38|10,12,15,33,35,40|14,17,19,20,28,34
9,11,19,22,25,38|10,12,15,33,35,40|18,20,28,29,31,34
9,11,19,28,31,38|10,12,15,33,35,40|14,17,18,20,22,34
9,14,19,20,28,38|10,12,15,33,35,40|11,17,18,22,31,34
9,19,20,22,31,38|10,12,15,33,35,40|11,14,17,18,28,34
9,25,28,32,33,40|11,15,17,18,20,34|19,22,26,29,31,38
10,12,15,33,35,40|11,14,17,18,28,34|19,22,26,29,31,38
1,6,8,9,17,27|10,11,15,18,32,34|19,22,25,26,29,38
1,6,12,27,33,35|2,3,9,22,25,40|10,11,15,18,32,34|19,26,28,29,31,38
1,6,17,27,29,38|2,3,9,22,25,40|10,11,15,18,32,34
1,8,9,27,28,29|6,10,18,31,32,34|11,15,17,19,26,38
1,9,17,22,31,33|6,10,19,25,32,34|14,18,26,28,29,38
1,9,25,28,29,33|6,10,18,31,32,34|11,15,17,19,26,38
1,11,15,19,26,34|2,3,9,22,25,40|17,18,28,31,32,38
1,15,17,26,29,33|2,3,9,22,25,40|6,10,18,31,32,34
1,15,19,26,32,38|2,3,9,22,25,40|11,17,18,28,31,34
1,18,22,25,32,34|2,3,9,28,31,40|11,15,17,19,26,38
1,18,28,31,32,34|2,3,9,22,25,40|11,15,17,19,26,38
2,3,9,22,25,40|6,10,18,31,32,34|11,15,17,19,26,38
2,3,9,28,31,40|6,10,19,25,32,34|15,18,20,26,29,38
2,3,22,27,29,32|6,8,9,18,25,26|17,19,20,28,31,34
6,18,25,26,29,38|9,11,22,27,32,33|17,19,20,28,31,34
6,26,27,29,32,33|9,11,18,22,25,38|17,19,20,28,31,34
1,6,19,25,26,34|2,3,10,15,17,29|9,11,27,28,32,33
1,9,17,22,25,33|2,3,27,28,29,32|6,10,14,19,26,34
1,10,15,17,34,40|2,3,6,9,11,27|18,22,25,26,29,38
1,11,15,18,26,34|2,3,6,17,27,32|9,10,22,25,29,33
1,12,22,27,33,35|2,3,9,25,28,40|6,10,14,19,26,34
1,15,18,26,32,38|2,3,6,9,11,27|17,19,20,25,28,34
1,15,19,20,26,34|2,3,6,9,11,27|17,18,25,28,32,38
1,17,22,27,29,38|2,3,9,25,28,40|6,10,14,19,26,34
1,18,25,28,32,34|2,3,6,9,11,27|15,17,19,20,26,38
1,19,22,26,31,34|2,3,6,9,11,27|17,18,25,28,32,38
1,27,28,32,34,40|2,3,10,15,17,29|8,9,18,22,25,26
2,3,6,9,11,27|10,14,18,28,32,34|15,17,19,20,26,38
2,15,18,21,23,40|6,19,28,30,33,39|7,8,12,13,16,29
2,19,23,31,39,40|7,8,12,13,16,29|11,15,18,21,30,33
3,14,19,23,32,39|6,18,21,30,31,33|7,8,12,13,16,29
3,15,19,21,23,32|6,18,22,30,33,39|7,8,12,13,16,29
1,3,8,22,27,35|2,10,12,15,19,34|6,7,9,17,20,25
1,3,22,25,33,35|2,10,12,15,19,34|7,9,11,17,28,31
1,3,28,31,33,35|2,10,12,15,19,34|6,7,9,17,20,25
1,2,6,18,25,34|3,8,9,22,27,32|7,12,15,17,26,29
1,2,6,27,34,40|3,9,22,25,32,33|7,12,15,17,26,29
1,2,14,18,28,34|3,8,9,22,27,32|7,12,15,17,26,29
1,2,18,22,31,34|3,6,9,14,26,33|7,20,25,28,35,40
1,6,7,10,14,35|2,8,9,18,25,28|3,11,22,27,29,34
1,17,27,28,29,30|2,6,10,14,18,34|3,9,22,25,32,33
2,6,9,11,27,33|3,10,15,32,34,40|14,17,18,26,28,30
2,6,10,14,18,34|3,8,9,22,27,32|7,12,15,17,26,29
2,6,10,19,31,34|3,8,9,22,27,32|7,12,15,17,26,29
2,8,9,18,25,28|3,6,20,27,29,34|10,15,19,26,30,32
2,9,25,28,33,40|3,6,20,27,29,34|10,15,19,26,30,32
2,10,11,15,19,34|3,6,9,14,26,33|7,20,25,28,35,40
2,10,14,19,22,34|3,9,28,31,32,33|6,7,11,20,27,35
2,10,15,17,29,33|3,8,9,22,27,32|7,20,25,28,35,40
2,10,15,19,32,38|3,6,9,14,26,33|7,20,25,28,35,40
2,14,17,18,28,38|3,6,20,27,29,34|10,15,19,26,30,32
2,17,18,22,31,38|3,6,9,14,26,33|7,20,25,28,35,40
2,27,28,29,32,33|3,9,22,25,38,40|15,17,18,20,26,30
3,6,20,27,29,34|7,9,12,14,17,28|10,15,19,26,30,32
3,9,22,25,32,33|6,7,11,20,27,35|14,17,18,26,28,30
3,9,22,25,38,40|6,7,11,20,27,35|10,15,19,26,30,32
3,9,28,31,32,33|6,7,11,20,27,35|17,19,22,25,26,30
3,9,28,31,38,40|6,7,11,20,27,35|10,15,19,26,30,32
3,11,22,27,29,34|6,7,9,12,17,25|10,15,19,26,30,32
3,17,22,25,34,40|6,7,11,20,27,35|10,15,19,26,30,32
3,17,28,31,34,40|6,7,11,20,27,35|10,15,19,26,30,32
1,2,12,15,18,34|3,6,10,14,33,35|7,9,11,17,22,31
1,3,6,8,27,35|2,12,15,17,18,38|7,9,11,25,28,29
1,3,6,25,33,35|2,12,15,17,18,38|7,9,20,28,29,31
1,3,14,28,33,35|2,12,15,17,18,38|7,9,20,22,25,29
1,3,22,31,33,35|2,12,15,17,18,38|6,7,9,10,14,32
1,7,9,22,31,32|2,12,15,17,18,38|3,6,10,14,33,35
1,7,15,26,29,32|3,6,10,14,33,35|9,12,18,25,28,30
2,12,15,17,18,38|3,6,10,14,33,35|7,9,11,25,28,29
1,2,6,18,31,34|3,8,9,10,15,29|7,11,25,28,35,40
1,2,6,19,25,34|3,8,9,10,15,29|7,20,28,31,35,40|14,17,18,22,26,30
1,2,11,15,18,34|3,6,8,9,27,32|7,20,22,25,35,40|14,17,19,26,28,30
1,2,14,18,22,34|3,6,8,9,27,32|7,11,25,28,35,40|15,17,19,20,26,30
1,2,14,19,28,34|3,6,8,9,27,32|7,20,22,25,35,40|11,15,17,18,26,30
1,2,15,18,32,38|3,6,11,27,29,34|7,9,12,14,17,22
1,2,15,19,20,34|3,6,8,9,27,32|7,11,25,28,35,40|14,17,18,22,26,30
1,2,19,22,31,34|3,6,8,9,27,32|7,11,25,28,35,40
1,3,8,9,15,17|2,6,10,14,19,34|7,11,25,28,35,40
1,3,12,15,33,35|2,6,10,14,19,34|9,11,18,25,28,30
1,3,15,17,29,38|2,6,10,14,19,34|7,11,25,28,35,40
1,7,9,12,15,32|2,6,10,14,19,34|18,22,25,26,29,30
1,15,18,26,30,32|2,6,10,14,19,34|3,9,22,31,38,40
1,17,22,27,29,30|2,6,10,14,19,34|3,8,9,15,26,40
2,6,10,14,19,34|3,8,9,15,26,40|17,18,25,28,30,32
2,6,17,18,31,38|3,8,9,10,15,29|7,11,25,28,35,40
2,6,17,19,25,38|3,8,9,10,15,29|7,20,28,31,35,40
2,8,9,18,22,25|3,6,11,27,29,34|7,20,28,31,35,40
2,8,9,18,28,31|3,6,11,27,29,34|7,20,22,25,35,40
2,8,9,19,25,28|3,6,11,27,29,34|14,17,18,22,26,30
2,8,15,17,19,26|3,6,9,25,32,33|7,20,28,31,35,40
2,9,22,25,33,40|3,6,11,27,29,34|14,17,19,26,28,30
2,9,28,31,33,40|3,6,11,27,29,34|14,17,18,22,26,30
2,11,15,17,18,38|3,6,8,9,27,32|7,20,22,25,35,40
2,14,17,18,22,38|3,6,8,9,27,32|7,11,25,28,35,40
2,14,17,19,28,38|3,6,8,9,27,32|7,20,22,25,35,40
2,15,17,19,20,38|3,6,8,9,27,32|7,11,25,28,35,40
2,17,19,22,31,38|3,6,8,9,27,32|7,11,25,28,35,40
2,18,22,25,29,38|3,6,8,9,27,32|7,20,28,31,35,40
2,18,28,29,31,38|3,6,8,9,27,32|7,20,22,25,35,40
2,19,25,28,29,38|3,6,8,9,27,32|11,15,17,18,26,30
2,22,27,29,32,33|3,6,9,25,38,40|11,15,17,18,26,30
2,22,27,29,38,40|3,6,9,25,32,33|11,15,17,18,26,30
3,6,8,9,27,32|7,11,25,28,35,40|14,17,18,22,26,30
3,6,9,25,32,33|7,20,28,31,35,40|11,15,17,18,26,30
3,8,9,10,15,29|6,17,18,26,30,31|7,11,25,28,35,40
3,9,14,28,32,33|6,17,18,26,30,31|7,20,22,25,35,40
3,9,15,20,32,33|6,17,18,26,30,31|7,11,25,28,35,40
1,7,9,12,15,26|2,6,10,18,25,34|3,17,22,27,32,38
1,3,8,27,28,35|2,10,12,15,18,34|7,9,17,20,22,25
1,2,19,25,28,34|3,6,9,11,27,38|10,15,18,26,30,32
1,3,10,15,29,34|2,6,9,20,27,33|17,18,22,25,26,30
1,6,7,10,31,35|2,9,11,22,27,33|3,15,17,26,38,40
1,7,10,11,15,35|2,6,9,20,27,33|3,17,25,28,34,40
1,7,10,14,22,35|2,6,9,20,27,33|3,15,17,26,38,40
2,10,14,18,22,34|3,6,9,11,27,38|17,19,25,26,28,30
2,10,14,19,28,34|3,6,9,11,27,38|17,18,22,25,26,30
2,10,15,18,32,38|3,6,9,26,31,33|7,11,20,22,27,35
2,10,15,19,20,34|3,6,9,11,27,38|17,18,22,25,26,30
2,17,19,25,28,38|3,6,9,26,31,33|7,11,20,22,27,35
3,9,25,28,38,40|7,11,20,22,27,35|10,15,18,26,30,32
3,11,27,28,29,34|7,9,10,12,15,32|17,18,22,25,26,30
3,20,22,27,29,34|7,9,10,12,15,32|17,18,26,28,30,31
2,6,8,9,14,18|3,11,15,29,34,40|17,19,22,30,31,32
2,6,8,9,19,31|3,11,15,29,34,40|14,17,18,22,30,32
2,8,9,11,15,19|3,6,29,31,34,40|14,17,18,22,30,32
2,8,9,14,19,22|3,6,29,31,34,40|11,15,17,18,30,32
2,8,15,17,19,32|3,6,29,31,34,40|9,11,14,18,22,30
1,3,6,31,33,35|2,12,15,17,19,38|7,9,11,22,25,29
1,3,14,22,33,35|2,12,15,17,19,38|6,7,9,20,25,29
1,2,6,14,18,34|3,9,11,15,32,33|7,20,22,31,35,40
1,2,6,19,31,34|3,9,11,15,32,33|7,14,20,28,35,40
1,2,11,15,19,34|3,6,9,31,32,33|7,14,20,28,35,40
1,2,14,19,22,34|3,6,9,31,32,33|15,18,20,26,29,30
1,2,15,19,32,38|3,6,17,31,34,40|7,9,12,14,28,29
1,3,15,32,34,40|2,6,8,9,18,25|14,17,19,22,26,30
1,6,17,27,29,30|2,8,9,14,18,28|7,11,22,25,35,40
1,15,19,26,30,32|2,6,8,9,18,25|3,14,17,22,34,40
2,6,8,9,18,25|3,11,15,17,34,40|19,26,28,29,30,31
2,6,14,17,18,38|3,9,11,15,32,33|7,20,22,31,35,40
2,6,17,19,31,38|3,9,11,15,32,33|7,14,20,28,35,40
2,6,18,25,29,38|3,9,11,15,32,33|7,14,20,28,35,40
2,6,27,29,32,33|3,9,11,15,38,40|14,17,19,22,26,30
2,6,27,29,38,40|3,9,11,15,32,33|14,17,19,22,26,30
2,8,9,14,18,28|3,6,17,31,34,40|19,22,25,26,29,30
2,8,9,15,18,20|3,6,17,31,34,40|19,22,25,26,29,30
2,8,9,19,22,25|3,6,17,31,34,40|14,18,26,28,29,30
2,8,9,19,28,31|3,11,15,17,34,40|6,18,25,26,29,30
2,8,15,18,26,29|3,6,9,31,32,33|7,11,22,25,35,40
2,11,15,17,19,38|3,6,9,31,32,33|7,14,20,28,35,40
2,14,17,19,22,38|3,6,9,31,32,33|15,18,20,26,29,30
2,14,18,28,29,38|3,6,9,31,32,33|7,11,22,25,35,40
2,15,18,20,29,38|3,6,9,31,32,33|7,11,22,25,35,40
2,18,22,29,31,38|3,9,11,15,32,33|6,7,20,25,35,40
2,19,22,25,29,38|3,6,9,31,32,33|7,14,20,28,35,40
2,19,28,29,31,38|3,9,11,15,32,33|6,7,20,25,35,40
3,6,9,31,32,33|7,11,22,25,35,40|14,18,26,28,29,30
3,9,11,15,32,33|6,7,20,25,35,40|14,17,19,22,26,30
3,9,14,22,32,33|6,7,20,25,35,40|11,15,17,19,26,30
1,3,6,14,33,35|2,8,9,12,15,18|7,17,22,29,31,32
1,2,6,14,19,34|7,9,11,12,15,29|17,18,22,30,31,32
1,3,8,9,15,29|2,6,14,17,19,38|7,11,22,31,35,40
2,6,8,9,18,31|3,14,28,29,34,40|17,19,22,25,30,32
2,6,8,9,19,25|3,14,28,29,34,40|15,17,18,20,30,32
2,6,14,17,19,38|3,15,20,29,34,40|9,11,18,22,30,31
2,6,18,29,31,38|7,11,14,28,35,40|17,19,22,25,30,32
2,6,19,25,29,38|7,11,14,28,35,40|15,17,18,20,30,32
2,8,9,11,15,18|3,6,14,17,34,40|19,22,26,29,30,31
2,8,9,14,18,22|3,6,25,29,34,40|17,19,28,30,31,32
2,8,9,14,19,28|3,6,25,29,34,40|15,17,18,20,30,32
2,8,9,15,19,20|3,6,14,17,34,40|18,25,28,29,30,32
2,8,9,19,22,31|3,6,14,17,34,40|11,15,18,26,29,30
2,8,15,17,18,32|3,6,9,14,38,40|19,22,26,29,30,31
2,8,15,19,26,29|3,6,9,14,32,33|7,11,22,31,35,40
2,14,18,22,29,38|6,7,11,25,35,40|17,19,28,30,31,32
2,14,19,28,29,38|6,7,11,25,35,40|15,17,18,20,30,32
2,15,19,20,29,38|3,6,9,14,32,33|7,11,22,31,35,40
2,19,22,29,31,38|3,6,9,14,32,33|7,11,15,20,35,40
3,6,9,14,32,33|7,11,15,20,35,40|19,22,26,29,30,31
3,8,15,19,32,39|6,7,12,13,16,29|14,18,21,25,30,40
3,8,16,19,21,32|6,13,14,18,25,30|7,12,15,29,39,40
1,2,15,18,30,32|3,6,7,11,14,35|8,9,19,22,31,38
1,8,15,18,32,34|2,6,17,19,25,30|9,14,22,33,38,40
1,9,15,17,23,40|2,18,22,25,29,30|3,6,7,11,14,35
1,12,15,18,23,35|2,6,17,19,25,30|8,22,27,29,34,40
1,15,32,33,34,40|2,6,17,18,30,31|8,9,14,19,28,38
2,3,15,29,38,40|6,8,17,18,31,34|9,19,22,23,25,32
2,6,17,18,30,31|8,9,14,19,28,38|22,25,29,33,34,40
2,6,17,19,25,30|8,9,11,15,18,38|28,29,31,33,34,40
2,11,15,17,18,30|6,8,9,19,25,38|28,29,31,33,34,40
2,14,17,18,22,30|6,8,9,19,25,38|28,29,31,33,34,40
2,14,17,19,28,30|6,8,9,18,31,38|22,25,29,33,34,40
2,15,17,19,20,30|3,6,7,11,14,35|8,18,22,25,29,34
2,17,19,22,30,31|3,6,7,11,14,35|9,10,15,23,29,40
2,18,22,25,29,30|3,6,7,11,14,35|8,9,15,19,20,38
2,18,28,29,30,31|3,6,7,11,14,35|8,9,15,19,20,38
2,19,25,28,29,30|3,6,7,11,14,35|8,15,17,18,32,38
2,22,27,29,30,40|3,6,7,11,14,35|8,9,15,19,20,38
3,6,7,11,14,35|8,9,15,19,20,38|22,25,29,33,34,40
3,6,27,29,30,32|8,9,11,15,18,38|14,17,22,33,34,40
3,9,22,30,31,40|6,8,17,19,25,34|15,18,23,26,29,32
1,14,18,23,28,35|2,6,7,17,29,31|9,12,15,33,38,40
1,19,22,23,25,35|2,6,7,17,29,31|8,9,12,15,18,38
2,6,7,17,29,31|8,9,12,15,18,38|10,14,19,22,23,35
2,7,14,17,22,29|6,10,19,23,31,35|8,9,12,15,18,38
1,6,9,23,27,29|2,10,15,19,30,32|3,7,11,14,22,35
1,6,14,18,34,38|2,7,12,15,17,29|3,9,22,25,30,40
1,6,19,31,34,38|2,7,12,15,17,29|3,9,22,25,30,40
1,8,9,15,17,33|2,18,25,28,29,30|3,6,7,11,31,35
1,14,19,22,34,38|2,6,17,18,25,30|8,9,10,15,29,33
1,15,17,29,33,38|3,6,7,11,31,35|9,14,19,22,23,26
2,6,17,18,25,30|3,7,11,14,22,35|8,9,10,15,29,33
2,6,17,27,30,40|3,7,11,14,22,35|8,9,10,15,29,33
2,10,15,19,30,32|3,6,7,11,31,35|8,9,14,18,28,38
2,14,17,18,28,30|3,6,7,11,31,35|8,9,10,15,29,33
2,15,17,18,20,30|3,6,7,11,31,35|8,9,19,22,25,38
2,17,18,22,30,31|3,6,7,14,20,35|8,9,10,15,29,33
2,17,19,22,25,30|3,6,7,11,31,35|8,9,10,15,29,33
2,17,19,28,30,31|3,6,7,14,20,35|8,9,10,15,29,33
2,18,25,28,29,30|3,6,7,11,31,35|8,9,15,26,33,40
2,27,28,29,30,40|3,6,7,11,31,35|8,9,15,18,20,38
3,7,11,14,22,35|6,8,9,18,25,38|15,17,19,23,26,32
3,9,22,25,30,40|6,11,27,29,33,34|10,12,15,19,23,35
3,9,28,30,31,40|6,8,17,18,25,34|10,12,15,19,23,35
3,22,27,29,30,32|6,8,9,18,25,38|10,12,15,19,23,35|14,17,28,33,34,40
6,8,9,18,25,38|10,12,15,19,23,35|14,17,28,33,34,40
6,11,27,29,33,34|8,9,14,18,28,38|10,12,15,19,23,35
6,17,25,33,34,40|8,9,14,18,28,38|10,12,15,19,23,35
6,27,29,32,33,38|8,14,17,18,28,34|9,11,15,19,23,26
8,9,14,18,28,38|10,12,15,19,23,35|17,22,31,33,34,40
8,9,18,22,31,38|10,12,15,19,23,35|14,17,28,33,34,40
8,15,18,26,29,38|9,19,23,25,28,32|17,22,31,33,34,40
1,6,8,27,33,35|2,7,14,17,28,29|9,12,15,19,23,26
1,12,15,19,34,38|2,6,7,17,25,29|10,14,18,22,23,35
1,2,15,19,30,32|6,8,9,14,18,38|22,29,31,33,34,40
1,12,15,19,23,35|2,6,14,17,18,30|22,29,31,33,34,40
2,6,14,17,18,30|8,9,11,15,19,38|22,29,31,33,34,40
2,11,15,17,19,30|6,8,9,14,18,38|22,29,31,33,34,40
2,18,22,29,30,31|6,9,14,33,38,40|8,11,15,17,19,34
1,19,22,23,31,35|2,6,7,14,17,29|3,9,12,15,30,40
1,22,27,32,33,34|2,10,15,19,26,30|3,7,11,25,28,35
2,10,15,19,26,30|3,7,11,25,28,35|6,9,20,27,33,38
3,7,11,25,28,35|6,8,9,26,27,33|10,14,18,22,34,38
3,7,20,22,25,35|6,8,9,26,27,33|10,11,15,18,34,38
3,7,20,28,31,35|6,8,9,26,27,33|10,11,15,18,34,38
1,2,6,7,9,31|10,14,18,23,28,35|12,22,27,29,33,34
1,2,7,9,11,15|6,10,18,23,25,35|12,22,27,29,33,34
1,2,7,15,17,32|3,6,9,12,27,30|10,14,18,23,28,35
1,12,15,18,34,38|2,7,17,22,25,29|6,10,23,27,35,40
2,7,15,26,32,40|3,6,9,12,27,30|10,14,18,23,28,35
2,7,17,22,25,29|3,6,9,12,27,30|10,14,18,23,28,35
2,7,17,28,29,31|3,6,9,12,27,30|10,15,18,20,23,35
1,2,3,15,34,40|6,9,18,23,26,31|22,27,29,32,33,38
1,2,15,19,26,30|3,6,7,11,25,35|8,9,18,28,31,38
1,9,22,23,27,29|2,3,15,17,32,33|6,10,14,19,34,38
1,14,19,28,34,38|2,3,6,9,31,33|10,12,15,18,23,35
2,3,15,17,38,40|6,9,18,23,26,31|11,22,27,29,33,34
2,10,15,18,30,32|3,6,7,11,25,35|8,9,22,27,38,40
2,17,18,22,25,30|3,6,7,20,31,35|9,14,19,23,26,28|10,15,32,33,34,40
2,17,18,28,30,31|3,6,7,11,25,35|8,9,22,27,32,33
2,17,19,25,28,30|3,6,7,20,31,35|8,9,22,27,32,33
2,17,22,27,30,40|3,6,7,11,25,35|8,9,18,28,31,38
3,6,7,11,25,35|8,9,18,28,31,38|10,15,32,33,34,40
3,6,7,20,31,35|8,9,18,22,25,38|10,15,32,33,34,40
3,7,11,14,28,35|6,9,18,23,26,31|8,17,22,27,34,40
3,7,11,15,20,35|6,9,18,23,26,31|8,17,19,25,28,34|22,27,29,32,33,38
3,7,11,22,31,35|6,9,19,23,25,26|8,10,15,18,32,34
3,7,14,20,22,35|6,9,18,23,26,31|8,17,19,25,28,34
3,9,25,28,30,40|6,10,14,19,34,38|15,17,18,23,26,32
3,15,17,26,30,40|6,10,14,19,34,38|8,9,22,27,32,33
3,27,28,29,30,32|6,9,18,23,26,31|17,22,25,33,34,40
6,9,18,23,26,31|8,17,19,25,28,34|22,27,29,32,33,38
8,9,19,25,28,38|10,12,15,18,23,35|11,22,27,29,33,34
8,15,17,19,26,38|9,18,23,25,28,32|11,22,27,29,33,34
8,17,18,28,31,34|9,15,19,20,23,26|22,27,29,32,33,38
8,17,19,25,28,34|9,11,15,18,23,26|22,27,29,32,33,38
1,2,7,15,26,29|3,9,12,22,27,30|10,18,23,28,31,35
1,2,7,9,12,15|3,6,26,27,29,30|8,17,18,25,28,34
1,2,15,18,26,30|3,6,7,20,25,35|8,9,27,28,32,33|10,14,19,22,34,38
1,6,9,17,23,27|2,3,15,26,29,33|10,14,19,22,34,38
1,6,27,32,33,34|2,17,18,25,28,30|3,7,20,22,31,35
1,9,23,27,28,29|3,6,7,20,25,35|8,15,17,18,26,38
2,17,18,25,28,30|3,7,20,22,31,35|6,9,10,23,27,29
2,17,27,28,30,40|3,6,7,20,25,35|9,18,22,23,26,31|10,11,15,19,34,38
3,7,11,22,25,35|6,9,10,23,27,29|8,15,17,18,26,38
3,7,11,28,31,35|6,9,10,23,27,29|8,15,17,18,26,38
3,7,14,20,28,35|6,9,10,23,27,29|8,15,17,18,26,38
3,7,20,22,31,35|6,9,10,23,27,29|8,15,17,18,26,38
3,17,22,27,30,32|6,9,18,23,25,26|10,11,15,19,34,38
1,6,27,29,33,39|2,3,11,16,18,21|8,13,15,19,25,26
1,11,13,17,21,33|2,3,6,18,31,39|14,16,19,22,27,38
1,13,16,17,22,33|2,3,6,18,31,39|8,19,21,25,27,32
1,14,21,27,29,33|2,3,6,18,31,39|8,13,15,19,25,26
1,15,16,27,29,33|2,3,6,18,31,39|8,10,13,17,21,40
2,3,6,18,31,39|8,10,13,17,21,40|11,15,16,19,27,38
2,3,6,19,25,39|8,10,13,17,21,40|14,15,16,18,26,33
2,3,11,15,18,39|6,13,27,31,32,33|8,10,16,17,19,21
2,3,11,16,18,21|6,13,27,31,32,33|8,10,15,17,19,39
2,3,13,16,28,40|6,11,19,27,38,39|18,21,25,31,32,33
2,3,13,20,21,40|6,11,19,27,38,39|14,15,16,18,26,33
2,3,14,18,21,31|6,11,19,27,38,39|10,13,16,22,29,33
2,3,14,18,22,39|6,13,27,31,32,33|8,10,16,17,19,21
2,3,15,16,18,31|6,11,19,27,38,39|8,10,13,17,21,40
2,3,15,19,21,28|6,13,18,25,31,38|22,27,32,33,39,40
2,3,16,19,20,21|6,13,18,25,31,38|22,27,32,33,39,40
2,3,19,22,31,39|6,14,16,18,27,38|8,10,13,17,21,40
6,11,19,27,38,39|8,10,13,17,21,40|14,15,16,18,26,33
6,14,16,18,27,38|8,10,13,17,21,40|11,15,19,26,33,39
6,14,18,26,33,39|8,10,13,17,21,40|11,15,16,19,27,38
6,16,19,27,31,38|8,10,13,17,21,40|18,22,25,32,33,39
8,10,13,17,21,40|11,15,16,19,27,38|18,22,25,32,33,39
8,10,15,17,19,39|11,13,16,18,28,38|21,27,31,32,33,40
8,10,16,17,19,21|11,13,15,18,25,38|22,27,32,33,39,40
8,18,21,27,31,32|10,13,16,22,29,33|19,25,28,38,39,40
1,8,13,15,17,27|2,3,6,18,25,39|16,19,20,21,26,33
1,13,16,17,28,33|2,3,6,18,25,39|8,14,19,21,26,27
1,13,17,20,21,33|2,3,6,18,25,39|8,15,16,19,26,27
2,3,6,13,14,27|8,10,15,17,18,39|16,19,20,21,26,33
2,3,6,18,25,39|8,10,13,15,27,29|16,19,20,21,26,33
2,3,6,27,39,40|8,10,16,17,18,21|13,19,25,28,31,38
2,3,14,18,21,25|6,8,19,26,27,39|10,13,16,28,29,33
2,3,14,18,28,39|6,10,13,16,17,33|11,19,21,27,31,38
2,3,15,16,18,25|6,8,19,26,27,39|10,13,20,21,29,33
2,3,15,18,20,39|6,10,13,16,17,33|8,14,19,21,26,27
2,3,16,18,20,21|6,8,19,26,27,39|10,13,14,15,17,33
2,3,18,22,31,39|6,10,13,16,17,33|8,14,19,21,26,27
2,3,19,21,25,31|6,10,13,16,17,33|8,18,27,28,32,39
2,3,19,22,25,39|6,10,13,16,17,33|11,14,18,21,27,38
2,3,19,28,31,39|6,10,13,16,17,33|8,18,21,25,27,32
6,10,13,16,17,33|8,14,19,21,26,27|18,25,28,38,39,40
6,13,25,27,38,40|8,10,15,17,18,39|16,19,20,21,26,33
6,16,19,25,27,38|8,10,15,17,18,39|13,20,21,26,33,40
6,19,20,27,38,39|8,10,16,17,18,21|13,15,25,26,33,40
8,10,15,17,18,39|11,19,21,27,31,38|13,16,26,28,33,40
8,10,16,17,18,21|11,19,22,27,38,39|13,15,25,26,33,40
8,13,15,18,25,26|10,16,17,21,33,40|11,19,22,27,38,39
8,13,16,18,26,28|10,15,17,33,39,40|11,19,21,27,31,38
8,13,18,20,21,26|10,15,17,33,39,40|14,16,19,27,28,38
8,15,16,19,26,27|10,13,20,21,29,33|18,25,28,38,39,40
1,8,13,17,21,40|2,3,6,14,19,39|15,16,18,31,32,33
1,8,15,17,19,39|2,3,6,13,16,40|14,18,21,31,32,33
1,8,16,17,19,21|2,3,13,14,15,40|6,18,31,32,33,39
1,11,13,21,29,33|2,3,6,14,19,39|15,16,18,31,38,40
1,13,15,29,31,33|2,3,6,14,19,39|11,16,18,21,38,40
2,3,6,13,16,40|8,10,15,19,29,39|14,18,21,31,32,33
2,3,6,14,19,39|8,10,13,21,29,40|15,16,18,31,32,33
2,3,14,15,16,19|6,18,31,32,33,39|8,10,13,21,29,40
1,6,13,16,17,33|2,3,11,15,19,39|8,14,18,21,27,32
1,8,13,15,27,29|2,3,6,14,18,39|19,21,25,31,32,33
1,8,15,17,18,39|2,3,11,13,21,40|6,14,16,19,27,38
1,8,16,17,18,21|2,3,6,19,31,39|10,13,14,15,29,33
1,13,14,15,17,33|2,3,6,19,31,39|8,10,16,18,21,29
1,13,15,25,29,33|2,3,6,14,18,39|8,19,21,27,31,32
1,13,16,28,29,33|2,3,6,14,18,39|8,19,21,27,31,32
1,15,17,33,39,40|2,3,11,16,19,21|6,13,14,18,25,38
1,16,17,21,33,40|2,3,6,14,18,39|8,13,15,19,26,31
2,3,6,14,18,39|8,11,13,19,21,26|15,16,27,32,33,40
2,3,6,19,31,39|8,10,16,18,21,29|13,14,15,26,33,40
2,3,11,13,21,40|6,8,18,27,32,39|14,15,16,19,26,33
2,3,11,15,19,39|6,8,13,16,18,26|14,21,27,32,33,40
2,3,11,16,19,21|6,8,18,27,32,39|10,13,14,15,29,33
2,3,14,19,21,31|6,8,13,16,18,26|10,15,29,33,39,40
6,8,18,27,32,39|10,13,14,15,29,33|19,21,25,31,38,40
6,10,13,16,29,33|8,14,18,21,27,32|19,22,25,38,39,40
6,13,14,18,25,38|8,19,21,27,31,32|10,15,29,33,39,40
6,13,14,27,32,33|8,10,15,18,29,39|19,21,25,31,38,40
6,13,14,27,38,40|8,10,15,18,29,39|19,21,25,31,32,33
6,13,16,18,20,38|8,19,21,27,31,32|10,15,29,33,39,40
6,13,19,25,31,38|8,10,15,18,29,39|14,21,27,32,33,40
6,27,32,33,39,40|8,10,16,18,21,29|11,13,15,19,25,38
8,10,15,18,29,39|11,13,16,19,28,38|14,21,27,32,33,40
8,14,18,21,27,32|10,15,29,33,39,40|11,13,16,19,28,38
8,19,22,27,32,39|10,13,14,15,29,33|16,18,20,21,38,40
1,10,13,21,32,33|2,3,18,22,25,39|16,19,27,28,31,38
1,10,15,19,38,39|2,3,6,13,27,31|14,18,21,25,26,33
1,10,16,19,21,38|2,3,6,13,27,31|14,18,26,28,33,39
3,6,9,20,30,32|8,12,17,22,33,35|11,28,29,34,38,40
1,6,10,29,34,38|2,7,11,20,28,35|3,17,22,26,30,32
1,6,26,34,38,40|2,7,11,20,28,35|9,10,17,22,23,32
1,8,17,28,29,34|2,6,7,11,20,35|9,22,23,26,32,40
2,3,6,20,29,34|8,12,17,28,33,35|9,22,23,26,32,40
1,3,12,28,30,35|6,9,10,17,23,32|11,22,26,29,33,34
1,12,22,33,35,38|2,3,6,11,17,34|9,10,23,28,29,32
3,6,10,12,30,35|8,9,22,26,32,33|11,17,28,34,38,40
2,3,13,15,31,33|6,8,18,27,38,39|10,16,17,19,21,23
3,6,13,27,30,31|8,15,18,26,33,39|10,16,17,19,21,23
3,11,13,15,27,30|6,18,25,33,38,39|10,16,17,19,21,23
3,13,14,22,27,30|6,18,25,33,38,39|10,16,17,19,21,23
3,18,21,25,30,31|6,13,14,27,33,38|10,15,17,19,23,39
3,18,22,25,30,39|6,13,14,27,33,38|10,16,17,19,21,23
3,18,28,30,31,39|6,13,14,27,33,38|10,16,17,19,21,23
3,21,27,30,31,40|6,18,25,33,38,39|13,16,19,23,26,28
1,2,7,12,13,21|3,18,25,28,30,39|15,16,19,23,26,27
2,3,8,13,15,27|10,16,17,18,21,23|19,25,28,33,38,39
3,13,15,20,27,30|10,16,17,18,21,23|19,25,28,33,38,39
2,3,8,13,21,40|6,14,18,33,38,39|15,16,19,23,27,32
2,3,8,16,19,21|6,14,18,33,38,39|13,15,23,27,32,40
3,11,16,18,21,30|6,19,23,27,32,39|13,15,31,33,38,40
3,13,15,25,30,40|6,14,18,33,38,39|10,16,19,21,23,29
3,13,20,21,30,40|6,14,18,33,38,39|15,16,19,23,27,32
3,15,16,18,30,31|6,19,23,27,32,39|11,13,21,33,38,40
3,15,16,19,25,30|6,14,18,33,38,39|10,13,21,23,29,40
3,16,19,20,21,30|6,14,18,33,38,39|13,15,23,27,32,40
1,13,15,23,27,29|2,3,8,16,18,21|6,19,25,33,38,39
1,15,17,18,23,39|2,3,6,13,16,33|8,14,19,21,27,38
1,16,17,18,21,23|2,3,13,14,15,33|6,8,19,27,38,39
2,3,6,13,16,33|8,14,19,21,27,38|10,15,18,23,29,39
2,3,13,14,15,33|6,8,19,27,38,39|10,16,18,21,23,29
2,3,15,33,39,40|6,13,16,18,23,26|8,14,19,21,27,38
2,3,16,21,33,40|6,8,19,27,38,39|13,14,15,18,23,26
3,6,13,14,27,30|8,15,19,26,33,39|10,16,18,21,23,29
3,7,12,15,29,39|6,13,16,18,23,26|8,14,19,21,27,38
3,7,12,16,21,29|6,8,19,27,38,39|13,14,15,18,23,26
3,14,21,27,30,40|6,13,16,18,23,26|15,19,20,33,38,39
3,15,16,27,30,40|6,18,31,33,38,39|11,13,19,21,23,26
1,16,18,21,23,29|3,6,19,30,31,39|13,14,15,33,38,40
1,7,14,28,29,34|3,10,15,23,35,40|6,9,12,27,30,33
1,7,22,29,31,34|3,10,15,23,35,40|6,9,12,27,30,33
1,2,15,33,34,40|6,7,8,11,27,35|14,17,18,28,30,38
1,6,18,25,30,34|2,9,19,23,28,31|7,11,15,20,33,35
1,6,27,30,34,40|2,8,15,17,18,38|7,11,14,28,33,35
1,7,12,15,29,34|2,6,9,18,23,25|17,19,28,30,31,38
1,14,18,28,30,34|2,6,9,23,27,40|7,11,15,20,33,35
1,15,18,20,30,34|2,6,9,23,27,40|7,11,14,28,33,35
1,18,22,30,31,34|2,6,9,23,27,40|7,11,14,28,33,35
1,19,22,25,30,34|2,6,9,23,27,40|7,11,14,28,33,35
1,19,28,30,31,34|2,6,9,18,23,25|7,11,15,20,33,35
2,6,9,18,23,25|3,14,28,29,33,34|10,15,19,30,32,38
2,6,9,23,27,40|3,14,28,29,33,34|8,15,17,18,26,30
2,9,14,18,23,28|3,6,8,27,29,34|7,11,15,20,33,35|17,19,22,25,30,38
2,9,15,18,20,23|3,6,8,27,29,34|7,11,14,28,33,35|17,19,22,25,30,38
2,9,18,22,23,31|3,6,8,27,29,34|7,11,14,28,33,35|10,15,19,30,32,38
2,9,19,22,23,25|3,6,8,27,29,34|7,11,14,28,33,35|15,17,18,20,30,38
2,9,19,23,28,31|3,6,8,27,29,34|7,11,15,20,33,35
2,15,18,23,26,29|3,6,9,14,33,38|7,8,25,28,35,40
3,6,8,27,29,34|7,11,14,28,33,35|10,15,19,30,32,38
3,6,9,14,33,38|7,8,25,28,35,40|10,11,15,19,30,34
3,6,14,17,33,34|7,8,25,28,35,40|10,15,19,30,32,38
3,14,28,29,33,34|6,7,8,11,27,35|10,15,19,30,32,38
3,15,20,29,33,34|6,7,8,11,27,35|14,17,18,28,30,38
3,22,29,31,33,34|6,7,8,11,27,35|10,15,19,30,32,38
1,2,8,15,19,34|6,7,11,31,33,35|14,17,18,22,30,38
1,3,9,15,23,29|6,7,11,31,33,35|14,17,18,22,30,38
1,6,18,30,31,34|2,8,15,17,19,38|7,11,14,22,33,35
1,6,19,25,30,34|2,9,11,15,18,23|7,8,28,31,35,40
1,11,15,18,30,34|2,6,9,19,23,25|7,8,28,31,35,40
1,14,18,22,30,34|2,6,9,19,23,25|3,15,29,32,33,38|7,8,28,31,35,40
1,14,19,28,30,34|2,6,9,18,23,31|3,15,29,32,33,38|7,8,22,25,35,40
1,15,18,30,32,38|2,6,9,19,23,25|3,14,22,29,33,34|7,8,28,31,35,40
1,15,19,20,30,34|2,6,9,18,23,31|7,8,22,25,35,40
1,19,22,30,31,34|2,9,11,15,18,23|6,7,14,20,33,35
2,6,9,18,23,31|3,8,15,17,34,40|7,11,14,22,33,35|19,25,28,29,30,38
2,6,9,19,23,25|3,8,15,17,34,40|7,11,14,22,33,35|18,28,29,30,31,38
2,9,11,15,18,23|3,6,29,31,33,34|7,8,22,25,35,40|14,17,19,28,30,38
2,9,14,18,22,23|3,6,29,31,33,34|8,15,17,19,26,30
2,9,14,19,23,28|3,6,29,31,33,34|7,8,22,25,35,40|11,15,17,18,30,38
2,9,15,19,20,23|3,6,29,31,33,34|7,8,22,25,35,40
2,9,19,22,23,31|3,8,15,17,34,40|6,7,14,20,33,35
2,15,17,18,23,32|3,6,29,31,33,34|7,8,22,25,35,40
2,15,19,23,26,29|6,7,11,31,33,35|8,9,18,22,25,30
3,6,29,31,33,34|7,8,22,25,35,40|11,15,17,18,30,38
3,8,15,17,34,40|6,7,11,31,33,35|18,22,25,29,30,38
3,11,15,29,33,34|6,17,18,30,31,38|7,8,22,25,35,40
3,15,29,32,33,38|6,10,14,19,30,34|7,8,22,25,35,40
1,11,15,19,30,34|2,6,9,14,18,23|7,8,22,31,35,40
1,15,17,29,30,33|2,6,9,14,18,23|7,8,22,31,35,40
1,15,19,30,32,38|2,6,9,14,18,23|7,8,22,31,35,40
2,6,9,14,18,23|7,8,15,20,35,40|19,22,25,29,30,38
2,6,9,19,23,31|7,8,14,28,35,40|15,18,20,29,30,38
2,9,11,15,19,23|3,6,14,29,33,34|7,8,22,31,35,40
2,9,14,19,22,23|6,7,8,25,35,40|15,18,20,29,30,38
2,15,17,19,23,32|3,6,14,29,33,34|7,8,22,31,35,40
3,9,15,23,32,40|6,7,11,14,33,35|18,22,29,30,31,38
3,8,17,22,27,34|7,20,25,28,33,35|10,15,19,26,30,38
3,17,22,25,33,34|7,8,20,27,28,35|10,15,19,26,30,38
1,27,28,30,34,40|2,15,17,18,23,26|3,6,9,25,33,38
2,15,17,18,23,26|3,6,8,9,27,38|7,11,25,28,33,35
3,6,9,25,33,38|7,8,11,27,28,35|10,15,18,20,30,34
3,8,9,15,26,33|6,7,12,27,32,34|17,18,25,28,30,38
3,9,22,23,27,32|6,10,18,25,30,34|7,20,28,31,33,35
1,3,9,15,17,23|2,6,27,29,33,38|10,14,18,22,30,34
1,3,15,32,33,34|2,9,18,22,23,25|6,7,8,20,27,35
1,22,27,30,34,40|2,9,18,23,28,31|3,15,17,32,33,38
2,6,27,29,33,38|3,9,15,23,26,40|10,14,18,22,30,34
2,8,10,15,19,34|3,6,9,23,27,32|7,11,22,25,33,35|17,18,28,30,31,38
2,9,18,23,28,31|3,8,22,27,29,34|6,7,20,25,33,35
2,9,19,23,25,28|3,6,17,31,33,34|7,8,11,22,27,35|10,15,18,30,32,38
2,9,22,23,27,40|3,6,17,31,33,34|10,15,18,30,32,38
2,15,17,19,23,26|3,6,9,31,33,38|7,8,11,22,27,35
3,6,9,23,27,32|7,11,22,25,33,35|10,14,19,28,30,34
3,6,9,31,33,38|7,8,11,22,27,35|10,14,19,28,30,34
3,6,17,31,33,34|7,8,11,22,27,35|10,15,18,30,32,38
3,8,22,27,29,34|6,7,20,25,33,35|10,15,18,30,32,38
3,9,10,15,23,29|6,7,8,20,27,35|17,18,22,25,30,38
3,9,11,15,33,38|6,7,8,20,27,35|10,14,18,22,30,34
3,9,14,22,33,38|6,7,8,20,27,35|10,11,15,18,30,34
3,9,15,23,26,40|6,7,8,20,27,35|10,14,18,22,30,34
3,14,17,22,33,34|6,7,8,20,27,35|10,15,18,30,32,38
3,15,17,32,33,38|6,7,8,20,27,35|10,14,18,22,30,34
3,22,25,29,33,34|6,7,8,20,27,35|10,15,18,30,32,38
3,28,29,31,33,34|6,7,8,20,27,35|10,15,18,30,32,38
1,3,8,13,17,21|2,6,18,25,33,39|7,12,15,16,27,29
1,7,12,13,21,32|2,6,8,18,27,39|3,15,16,19,25,38
1,10,13,21,30,40|2,6,8,18,27,39|3,15,16,19,25,38
1,10,15,19,30,39|2,6,13,14,27,33|3,11,16,18,21,38
1,10,16,19,21,30|2,6,8,18,27,39|3,13,15,25,32,33
2,6,18,25,33,39|3,8,10,13,21,29|16,19,27,28,30,31
2,8,14,18,21,27|3,6,19,25,38,39|7,12,13,15,17,31
2,8,15,16,18,27|3,6,19,25,38,39|7,11,12,13,17,21
2,8,19,21,27,31|3,11,15,18,38,39|7,12,13,16,17,22
2,8,19,22,27,39|3,11,16,18,21,38|7,12,13,15,17,31
2,14,18,28,33,39|3,8,10,13,21,29|15,19,25,27,30,31
2,14,21,27,33,40|3,6,18,31,38,39|7,12,13,16,17,22
2,15,16,18,25,33|3,8,10,13,21,29|11,19,27,28,30,39
2,15,16,27,33,40|3,6,18,31,38,39|7,11,12,13,17,21
2,15,18,20,33,39|3,8,10,13,21,29|16,19,22,25,27,30
2,15,18,21,28,33|3,6,19,25,38,39|7,12,13,16,17,22
2,16,18,20,21,33|3,6,19,25,38,39|7,12,13,15,17,31
2,19,22,25,33,39|3,8,10,13,21,29|14,16,18,27,28,30
2,19,28,31,33,39|3,8,10,13,21,29|6,16,18,25,27,30
3,6,18,31,38,39|7,11,12,13,17,21|16,19,22,25,27,30
3,6,19,25,38,39|7,11,12,13,17,21|14,16,18,27,28,30
3,8,15,19,26,39|6,16,18,25,27,30|7,11,12,13,17,21
3,8,16,19,21,26|6,7,12,27,29,39|13,18,25,28,30,31
3,11,15,18,38,39|7,12,13,16,17,22|19,20,21,27,30,31
3,14,18,22,38,39|7,11,12,13,17,21|15,19,25,27,30,31
3,14,19,28,38,39|6,16,18,25,27,30|7,11,12,13,17,21
3,15,19,20,38,39|6,16,18,25,27,30|7,11,12,13,17,21
3,16,19,20,21,38|6,7,12,27,29,39|13,18,25,28,30,31
3,19,22,31,38,39|6,16,18,25,27,30|7,11,12,13,17,21
1,10,16,18,21,30|2,6,13,27,31,33|3,19,22,25,38,39
2,21,27,31,33,40|3,6,18,25,38,39|7,12,13,16,17,28
2,22,27,33,39,40|3,8,16,18,21,26|7,12,13,15,17,25
3,8,15,18,26,39|7,12,13,16,17,28|19,20,21,25,27,30
3,8,16,18,21,26|7,12,13,15,17,25|19,20,27,28,30,39
3,10,15,29,33,39|7,12,13,16,17,28|11,18,21,25,27,30
3,10,16,21,29,33|7,12,13,15,17,25|11,18,27,28,30,39
3,15,26,33,39,40|7,12,13,16,17,28|11,18,21,25,27,30
3,16,21,26,33,40|7,12,13,15,17,25|11,18,27,28,30,39
3,19,21,25,31,38|7,12,13,16,17,28|18,20,22,27,30,39
3,19,22,25,38,39|7,12,13,16,17,28|18,20,21,27,30,31
1,3,8,13,21,29|2,6,14,18,33,39|11,15,16,19,27,30
2,6,15,18,21,33|7,12,13,16,22,29|19,25,28,30,39,40
2,6,19,31,33,39|3,8,16,18,21,32|11,13,15,27,30,40
2,8,13,19,20,21|3,15,32,33,39,40|6,14,16,18,27,30
2,11,16,19,21,33|3,8,15,18,32,39|6,13,27,30,31,40
2,15,16,19,31,33|7,11,12,13,21,29|18,22,25,30,39,40
3,6,15,19,21,38|7,12,13,16,22,29|18,28,30,31,39,40
3,8,16,18,21,32|6,11,19,27,30,39|7,12,13,15,29,31
3,16,21,32,33,40|6,11,19,27,30,39|7,12,13,15,29,31
1,3,15,29,33,39|2,8,13,16,18,28|11,19,21,27,30,31
1,3,16,21,29,33|2,6,8,19,27,39|7,12,13,14,15,17
2,6,18,31,33,39|3,11,13,21,38,40|14,15,19,25,27,30
2,6,19,25,33,39|3,11,13,21,38,40|14,15,18,27,30,31
2,8,13,15,18,25|3,6,19,31,38,39|7,12,16,17,21,40
2,8,14,19,21,27|3,13,15,31,32,33|18,25,28,30,39,40
2,8,15,16,19,27|3,6,14,18,38,39|7,12,13,20,21,29
2,11,15,18,33,39|3,13,16,22,38,40|6,19,21,27,28,30
2,11,16,18,21,33|3,6,19,31,38,39|7,12,13,14,15,17
2,13,15,25,33,40|3,6,14,18,38,39|11,19,21,27,30,31
2,13,16,28,33,40|3,6,14,18,38,39|11,19,21,27,30,31
