2,8,19,25,26,38|3,9,10,23,31,32|7,12,17,22,28,34
2,10,23,27,29,32|3,6,22,26,33,34|7,9,11,12,25,38
2,18,23,25,26,32|3,8,9,10,14,38|7,12,17,20,31,34
2,23,26,27,32,40|3,8,9,10,14,38|7,11,12,17,25,34
3,8,10,25,29,34|7,9,12,20,31,38|11,26,27,30,32,33
3,8,20,27,32,34|7,9,11,12,25,38|10,26,29,30,31,33
3,9,10,23,31,32|7,11,12,17,25,34|18,22,26,28,30,38
3,9,17,20,23,25|7,8,10,22,28,35|11,26,27,30,32,33
3,20,25,32,33,34|7,8,9,12,26,31|10,11,27,29,30,38
1,2,8,9,25,33|3,11,12,23,27,35|6,18,26,28,30,38
1,2,8,27,29,38|3,9,10,14,23,32|6,7,12,17,28,34
1,3,9,23,25,32|2,8,14,18,26,38|6,7,12,17,28,34
1,7,12,31,32,34|2,8,9,10,14,33|6,18,26,28,30,38
1,8,9,20,27,30|2,10,14,29,33,38|6,7,12,17,28,34
1,8,26,27,29,30|2,9,10,23,31,40|3,11,25,32,33,34
1,9,20,25,30,33|2,8,14,18,26,38|3,11,12,23,27,35
1,10,30,31,34,40|2,8,14,18,26,38|3,9,11,17,23,25
1,14,17,26,30,33|2,8,18,20,25,34|3,11,12,23,27,35
1,20,27,29,30,38|2,8,9,10,14,33|6,7,12,17,28,34
1,25,26,29,30,33|2,8,20,27,34,40|3,9,10,14,23,32
2,8,9,10,14,33|3,11,12,23,27,35|6,18,26,28,30,38
2,8,18,20,25,34|3,9,10,14,23,32|19,22,26,28,30,38
2,8,19,26,31,38|3,9,10,14,23,32|6,7,12,17,28,34
2,8,20,27,34,40|3,9,10,14,23,32|6,18,26,28,30,38
2,9,10,23,31,40|3,8,11,27,32,34|6,18,26,28,30,38
2,17,20,23,27,29|3,8,26,31,34,40|6,7,9,12,28,38
2,18,23,26,31,32|3,11,25,34,38,40|6,7,8,10,28,35
2,19,23,25,26,32|3,8,10,29,31,34|6,7,9,12,28,38
2,20,25,33,34,40|3,9,10,14,23,32|6,18,26,28,30,38
3,8,11,27,32,34|6,7,9,12,28,38|10,14,26,29,30,33
3,9,10,14,23,32|6,7,12,17,28,34|11,18,26,30,31,38
3,9,11,17,23,25|6,7,8,10,28,35|14,18,20,26,30,38
3,9,17,20,23,31|6,7,8,10,28,35|11,19,25,26,30,38
3,9,17,22,23,28|7,8,10,11,31,35|14,18,20,26,30,38
3,11,25,32,33,34|6,7,8,10,28,35|14,18,20,26,30,38
3,20,31,32,33,34|6,7,8,10,28,35|11,19,25,26,30,38
3,22,28,32,33,34|7,8,9,12,14,26|10,17,30,31,38,40
3,22,28,34,38,40|7,8,9,12,14,26|10,17,30,31,32,33
1,6,7,28,32,34|2,12,17,23,27,29|3,8,20,25,33,35
1,7,11,31,32,34|2,12,17,23,27,29|3,8,20,25,33,35
1,12,27,29,30,38|3,8,20,25,33,35|6,7,11,17,28,34
2,12,17,23,27,29|3,8,20,25,33,35|6,7,9,11,28,38
1,2,9,23,25,40|3,6,28,32,33,34|7,8,10,11,14,35
1,2,23,27,29,32|3,6,28,34,38,40|7,8,10,11,14,35
1,2,29,31,33,38|3,6,9,17,23,28|7,8,10,11,14,35
1,3,8,9,14,38|2,11,17,23,27,29|18,20,22,28,30,34
1,3,8,14,17,34|2,19,23,26,31,32|6,7,9,12,22,38
1,3,8,25,29,34|2,9,10,14,23,40|6,18,22,26,30,38
1,3,9,23,31,32|2,8,11,18,25,34|6,19,26,28,30,38
1,7,12,14,32,34|2,11,17,23,27,29|6,9,10,22,30,33
1,8,9,11,27,30|2,14,18,23,26,32|3,6,28,34,38,40
1,8,17,27,30,32|2,9,10,14,23,40|7,11,12,25,29,34
1,9,11,25,30,33|2,8,14,19,26,38|6,7,12,17,22,34
1,9,20,30,31,33|2,8,11,18,25,34|3,14,17,23,26,29
1,9,22,28,30,33|2,8,11,18,25,34|3,14,17,23,26,29
1,10,14,30,34,40|2,8,18,25,32,38|3,6,9,17,23,28
1,11,27,29,30,38|2,8,18,20,31,34|3,6,9,17,23,28
1,17,25,30,32,33|2,8,11,27,34,40|6,7,9,12,22,38
1,26,29,30,31,33|2,8,11,18,25,34|3,6,9,17,23,28
2,8,11,18,25,34|3,6,9,17,23,28|14,19,20,26,30,38
2,8,11,27,34,40|3,6,9,17,23,28|7,12,25,29,32,38
2,8,14,19,26,38|3,6,9,17,23,28|7,11,12,25,29,34
2,8,18,20,31,34|3,6,9,17,23,28|7,12,25,29,32,38
2,8,18,22,28,34|3,9,11,17,23,31|7,12,25,29,32,38
2,8,18,25,32,38|3,6,9,17,23,28|7,12,20,29,31,34
2,8,19,20,25,34|3,6,9,17,23,28|11,14,18,26,30,38
2,8,27,32,38,40|3,6,9,17,23,28|7,11,12,25,29,34
2,9,10,14,23,40|3,6,28,32,33,34|11,19,26,30,31,38
2,11,17,23,27,29|3,6,28,32,33,34|8,9,10,25,30,40
2,11,25,33,34,40|3,6,9,17,23,28|8,10,27,29,30,32
2,19,23,26,31,32|3,6,28,34,38,40|7,8,10,11,14,35
2,20,31,33,34,40|3,6,9,17,23,28|7,8,10,11,14,35
2,25,32,33,38,40|3,6,9,17,23,28|7,8,10,11,14,35
3,6,9,17,23,28|7,8,10,11,14,35|18,20,25,30,32,38
3,8,10,14,29,34|6,7,9,12,22,38|25,26,30,32,33,40
3,8,14,26,34,40|6,7,9,12,22,38|10,25,29,30,32,33
3,9,11,17,23,31|6,7,8,10,22,35|14,19,20,26,30,38
3,9,14,17,20,23|6,7,8,10,22,35|11,19,26,30,31,38
3,9,20,23,25,29|6,7,8,10,22,35|11,14,18,26,30,38
3,11,31,32,33,34|6,7,8,10,22,35|14,19,20,26,30,38
3,14,17,23,26,29|6,7,8,10,22,35|11,18,20,25,30,34
3,14,20,32,33,34|6,7,8,10,22,35|11,19,26,30,31,38
1,6,7,22,32,34|3,8,11,25,33,35|12,14,19,26,30,38
1,9,12,30,31,33|3,20,23,25,35,40|6,7,11,17,22,34
2,8,12,18,31,34|3,20,23,25,35,40|6,7,9,11,22,38
3,8,11,25,33,35|6,7,17,22,32,38|12,18,20,30,31,34
3,8,22,28,33,35|7,11,14,17,32,38|12,18,20,30,31,34
1,2,9,23,31,40|3,6,22,32,33,34|8,17,20,27,29,30
1,2,14,29,33,38|3,6,9,17,22,23|8,18,26,30,31,32
1,3,9,14,23,32|2,6,8,18,28,34|10,29,30,31,38,40
1,6,9,28,30,33|2,8,11,18,31,34|3,12,23,25,35,40
1,9,11,30,31,33|2,6,8,18,28,34|3,12,23,25,35,40
1,9,14,20,30,33|2,6,8,18,28,34|3,12,23,25,35,40
1,14,26,29,30,33|2,6,8,18,28,34|3,12,23,25,35,40
1,17,30,31,32,33|2,6,8,18,28,34|3,9,11,23,25,29
1,17,30,31,38,40|2,6,8,18,28,34|3,9,11,23,25,29
2,6,8,18,28,34|3,9,11,14,17,23|7,12,29,31,32,38
2,8,11,18,31,34|3,6,9,17,22,23|19,20,25,30,32,38
2,8,11,19,25,34|3,6,9,17,22,23|7,12,29,31,32,38
2,8,14,18,20,34|3,6,9,17,22,23|7,12,29,31,32,38
2,8,18,31,32,38|3,6,9,17,22,23|7,12,14,20,29,34
2,8,19,20,31,34|3,6,9,17,22,23|11,18,25,30,32,38
2,8,19,22,28,34|3,9,11,14,17,23|7,12,29,31,32,38
2,8,19,25,32,38|3,6,9,17,22,23|7,11,12,29,31,34
2,11,31,33,34,40|3,6,9,17,22,23|8,19,25,26,30,32
2,14,19,23,26,32|3,6,22,34,38,40|8,17,20,27,29,30
2,14,20,33,34,40|3,6,9,17,22,23|7,12,29,31,32,38
2,31,32,33,38,40|3,6,9,17,22,23|7,12,14,20,29,34
3,6,9,17,22,23|7,11,12,29,31,34|8,19,25,26,30,32
3,6,22,34,38,40|7,8,9,12,31,32|17,20,25,29,30,33
3,9,11,14,17,23|6,7,12,28,29,34|8,18,26,30,31,32
3,11,14,34,38,40|7,8,9,12,31,32|17,20,25,29,30,33
1,9,12,14,30,33|3,11,23,25,35,40|6,7,20,22,29,34
2,8,12,14,18,34|3,11,23,25,35,40|6,7,28,29,32,38
2,8,12,19,31,34|3,11,23,25,35,40|6,7,28,29,32,38
3,6,8,28,33,35|7,11,14,20,29,34|12,18,30,31,32,38
3,8,11,31,33,35|6,7,20,22,29,34|12,19,25,30,32,38
3,8,14,20,33,35|6,7,11,28,29,34|12,18,30,31,32,38
3,11,23,25,35,40|6,7,8,9,28,32|12,14,18,20,30,34
3,20,23,31,35,40|6,7,8,9,28,32|11,12,19,25,30,34
3,22,23,28,35,40|7,8,9,11,31,32|12,14,18,20,30,34
1,2,9,14,23,40|6,7,12,22,29,34|8,19,26,30,31,32
1,6,9,22,30,33|2,8,11,14,18,34|3,12,23,31,35,40
1,9,11,14,30,33|2,6,8,18,22,34|3,12,23,31,35,40
1,14,17,30,32,33|2,6,8,18,22,34|3,9,11,23,29,31
1,14,17,30,38,40|2,6,8,18,22,34|3,9,11,23,29,31
1,25,29,30,32,33|2,6,8,18,22,34|3,12,23,31,35,40
2,6,8,18,22,34|3,9,11,23,29,31|14,26,30,32,33,40
2,6,8,19,28,34|3,9,11,23,29,31|14,18,20,30,32,38
2,8,11,14,18,34|3,6,9,23,28,29|19,20,30,31,32,38
2,8,11,19,31,34|3,6,9,23,28,29|14,18,20,30,32,38
2,8,14,18,32,38|3,6,9,23,28,29|11,19,20,30,31,34
2,8,14,19,20,34|3,6,9,23,28,29|11,18,30,31,32,38
2,8,19,31,32,38|3,6,9,23,28,29|11,14,18,20,30,34
2,11,14,33,34,40|3,6,9,23,28,29|8,19,26,30,31,32
2,14,32,33,38,40|3,6,9,23,28,29|11,19,20,30,31,34
2,17,23,25,29,40|3,8,12,14,33,35|6,11,18,28,30,34
3,6,23,28,35,40|7,8,9,11,14,32|12,17,29,30,31,33
3,11,23,31,35,40|6,7,8,9,22,32|12,14,19,20,30,34
3,14,20,23,35,40|6,7,8,9,22,32|11,12,19,30,31,34
1,29,30,31,32,33|2,6,8,19,22,34|3,12,14,23,35,40
1,2,6,15,19,30|8,9,11,16,33,40|14,18,23,25,29,32
1,2,6,15,18,30|8,9,14,25,33,40|11,16,19,23,26,29
1,2,11,13,30,40|6,8,15,17,18,38|9,14,19,20,23,31
1,2,11,16,19,30|6,8,15,17,18,38|23,27,29,31,32,40
1,2,14,19,30,31|6,8,15,17,18,38|9,11,13,20,23,40
1,2,15,19,22,30|6,9,14,18,23,28|8,11,13,17,32,33
1,3,16,30,32,40|6,8,15,17,18,38|9,11,14,19,23,25
1,6,8,15,18,34|3,11,13,20,29,30|9,14,19,22,23,28
1,6,15,33,34,40|2,3,8,11,13,29|9,14,19,20,23,31
1,8,11,13,34,40|2,3,6,15,29,33|9,14,19,20,23,31
1,8,11,16,19,34|2,3,6,15,29,33|13,17,20,23,32,40
1,8,13,32,38,40|2,3,6,15,29,33|9,11,14,18,23,31
1,8,14,19,31,34|2,3,6,15,29,33|9,11,13,20,23,40
1,8,15,19,22,34|3,11,13,20,29,30|6,9,14,18,23,28
1,8,16,19,32,38|2,3,6,15,29,33|9,11,13,20,23,40
2,3,6,15,29,33|8,11,13,17,38,40|9,14,19,20,23,31
3,11,13,20,29,30|6,8,15,17,18,38|9,14,19,22,23,28
3,11,16,17,30,40|6,9,14,18,23,28|8,19,25,29,31,38
3,15,17,22,30,40|6,9,14,18,23,28|8,19,25,29,31,38
3,25,29,30,31,40|6,8,15,17,18,38|9,11,16,19,20,23
1,2,11,16,18,30|6,8,10,15,19,34|13,20,23,26,29,40
1,2,13,20,30,40|6,8,10,15,19,34|9,11,14,18,23,25
1,2,14,18,30,31|6,8,10,15,19,34|11,13,20,29,33,38
1,2,14,19,25,30|6,9,18,23,28,31|8,11,13,26,29,33
1,2,15,18,22,30|6,9,19,23,25,28|8,11,13,26,29,33
1,2,15,19,28,30|6,9,18,22,23,25|8,11,13,26,29,33
1,2,16,19,20,30|6,9,18,22,23,25|8,11,13,26,29,33
1,3,11,13,30,32|6,8,10,15,19,34|9,14,18,20,23,31
1,8,11,16,18,34|2,3,14,29,31,33|6,9,19,23,25,28
1,8,13,20,34,40|2,3,11,16,29,33|6,9,18,22,23,25
1,8,14,18,31,34|2,3,11,16,29,33|6,9,19,23,25,28
1,8,14,19,25,34|2,3,11,16,29,33|6,9,18,23,28,31
1,8,15,18,22,34|2,3,11,16,29,33|6,9,19,23,25,28
1,8,15,19,28,34|2,3,11,16,29,33|6,9,18,22,23,25
1,8,16,18,32,38|2,3,14,29,31,33|6,9,19,23,25,28
1,8,16,19,20,34|2,3,14,29,31,33|6,9,18,22,23,25
1,11,16,33,34,40|2,3,8,13,20,29|6,9,18,22,23,25
1,13,17,20,23,29|2,6,10,15,19,30|8,9,25,31,33,40
1,14,31,33,34,40|2,3,8,13,20,29|6,9,18,22,23,25
1,15,22,33,34,40|2,3,8,13,20,29|6,9,18,23,28,31
1,16,32,33,38,40|2,3,8,13,20,29|6,9,18,22,23,25
2,3,8,13,20,29|6,9,18,22,23,25|11,16,17,33,38,40
2,3,8,16,17,40|6,9,18,22,23,25|11,13,20,29,33,38
2,3,11,16,29,33|6,8,10,15,19,34|9,14,18,20,23,31
2,3,14,29,31,33|6,8,10,15,19,34|9,11,16,18,20,23
2,3,15,22,29,33|6,9,18,23,28,31|8,13,17,20,38,40
2,6,10,15,19,30|8,9,11,13,20,33|14,17,18,23,25,32
2,7,12,16,32,40|3,6,22,27,29,30|8,9,11,13,20,33
3,6,22,27,29,30|8,9,11,13,20,33|14,17,18,23,25,32
3,11,14,27,29,30|6,8,10,15,19,34|16,17,18,20,23,32
3,14,17,25,30,40|6,8,10,15,19,34|9,11,16,18,20,23
3,15,17,28,30,40|6,9,18,22,23,25|8,11,13,26,29,33
3,16,17,20,30,40|6,8,10,15,19,34|9,11,14,18,23,25
1,2,3,8,13,32|6,9,18,23,25,28|11,14,27,29,33,38
1,2,7,12,16,29|3,11,13,17,20,30|6,8,9,22,27,33
1,2,14,18,25,30|6,8,9,22,27,33|10,11,13,17,23,29
1,2,14,27,30,40|6,8,10,15,18,34|9,19,20,23,25,31
1,2,15,18,28,30|6,8,9,22,27,33|10,11,13,17,23,29
1,2,16,18,20,30|6,8,9,22,27,33|10,11,13,17,23,29
1,2,19,25,30,31|6,8,9,22,27,33|10,11,13,17,23,29
1,3,13,20,30,32|6,8,9,22,27,33|11,16,17,19,23,26
1,8,14,18,25,34|2,3,6,15,17,33|9,11,23,27,31,40
1,8,14,27,34,40|2,3,6,15,17,33|9,11,18,23,25,31
1,8,15,18,28,34|2,3,14,25,29,33|9,11,23,27,31,40
1,8,16,18,20,34|2,3,6,15,17,33|9,11,23,27,31,40
1,8,19,25,31,34|2,3,6,15,17,33|9,14,20,23,27,40
1,11,13,32,33,38|2,3,8,14,27,29|6,9,18,23,25,28
1,13,23,26,32,40|2,3,6,15,17,33|8,10,11,16,19,34
1,14,25,33,34,40|2,3,8,11,13,17|9,15,18,20,23,28
1,15,28,33,34,40|2,3,8,11,13,17|9,14,18,20,23,25
1,16,19,23,26,32|2,3,6,15,17,33|8,10,11,13,34,40
1,16,20,33,34,40|2,3,8,11,13,17|6,9,18,23,25,28
2,3,6,15,17,33|8,10,11,13,34,40|9,14,18,20,23,25
2,3,8,14,27,29|6,9,18,23,25,28|16,17,20,33,38,40
2,3,14,25,29,33|6,8,10,15,18,34|9,11,23,27,31,40
2,3,15,28,29,33|8,10,11,13,34,40|9,14,18,20,23,25
2,3,16,20,29,33|6,8,10,15,18,34|9,11,23,27,31,40
2,6,10,15,18,30|8,9,11,14,27,33|19,23,25,26,29,31
2,7,11,12,13,32|3,6,27,28,29,30|8,10,14,19,31,34|16,17,20,33,38,40
2,10,11,13,30,40|6,8,9,22,27,33|14,17,19,23,26,31
2,10,11,16,19,30|6,8,9,22,27,33|14,18,23,25,26,29
2,10,14,19,30,31|6,8,9,22,27,33|11,13,17,23,26,40
2,10,15,19,22,30|6,9,18,23,25,28|8,13,20,26,29,33
3,6,27,28,29,30|8,10,11,13,34,40|9,14,18,20,23,25
3,10,16,30,32,40|6,8,9,22,27,33|14,17,19,23,26,31
3,11,13,17,20,30|6,8,9,22,27,33|14,18,23,25,26,29
3,11,27,29,30,31|6,8,10,15,18,34|9,19,22,23,25,28|16,17,20,33,38,40
3,14,20,27,29,30|6,8,10,15,18,34|9,19,22,23,25,28
3,17,25,30,31,40|6,8,9,22,27,33|15,18,23,26,28,29
6,22,27,29,33,38|8,10,11,13,34,40|9,14,18,20,23,25
8,10,11,16,19,34|9,14,18,20,23,25|15,17,28,33,38,40
8,10,15,19,22,34|9,11,18,23,25,31|16,17,20,33,38,40
1,2,3,16,32,33|8,10,13,20,34,40|9,18,22,23,25,28
1,2,3,16,38,40|6,8,9,27,28,33|10,13,17,20,23,29
1,2,18,25,30,31|6,8,9,27,28,33|10,13,17,20,23,29
1,2,27,30,31,40|8,10,11,16,18,34|14,17,19,23,25,26
1,3,10,16,29,30|2,7,12,13,20,32|6,8,9,27,28,33|14,17,18,23,26,31
1,3,14,27,30,32|8,10,11,16,18,34|13,17,20,23,26,40
1,3,16,26,30,40|2,7,12,13,20,32|6,8,9,27,28,33
1,8,10,13,29,38|2,3,11,16,17,33|9,18,20,23,25,31
1,8,13,26,32,33|2,10,11,16,18,30|9,20,23,27,31,40
1,8,13,26,38,40|2,3,11,16,17,33|9,18,20,23,25,31
1,8,16,19,26,38|2,3,14,17,31,33|9,11,23,25,27,40
1,8,18,25,31,34|2,3,11,16,17,33|9,22,23,27,28,40
1,8,27,31,34,40|2,3,11,16,17,33|9,18,22,23,25,28
1,9,10,16,23,40|2,3,8,13,17,20|6,27,28,29,33,38
1,11,13,20,33,34|2,3,8,27,29,31|9,18,22,23,25,28
1,13,20,32,33,38|2,3,8,27,29,31|9,18,22,23,25,28
1,16,18,23,26,32|2,3,8,13,17,20|6,27,28,29,33,38
1,17,23,27,29,31|2,7,12,13,20,32|8,10,11,16,18,34
2,3,8,27,29,31|9,18,22,23,25,28|10,11,16,33,34,40
2,3,11,16,17,33|8,10,13,20,34,40|9,18,22,23,25,28
2,3,14,17,31,33|8,10,11,16,18,34|9,22,23,27,28,40
2,3,15,17,22,33|8,10,11,16,18,34|9,20,23,27,31,40
2,3,25,29,31,33|8,10,11,16,18,34|9,22,23,27,28,40
2,7,12,13,20,32|3,6,17,22,27,30|8,10,11,16,18,34
2,10,11,16,18,30|6,8,9,27,28,33|13,17,20,23,26,40
2,10,13,20,30,40|6,8,9,27,28,33|11,16,17,18,23,26
2,10,14,18,30,31|6,8,9,27,28,33|13,17,20,23,26,40
2,10,14,19,25,30|6,8,9,27,28,33|11,16,17,18,23,26
2,10,15,18,22,30|6,8,9,27,28,33|13,17,20,23,26,40
2,10,15,19,28,30|8,9,11,27,31,33|13,17,20,23,26,40
2,10,16,19,20,30|6,8,9,27,28,33|14,17,18,23,26,31
3,10,11,13,30,32|6,8,9,27,28,33|14,17,18,23,26,31
3,11,14,17,27,30|8,10,13,20,34,40|9,18,22,23,25,28
3,11,25,27,29,30|8,10,13,20,34,40|14,17,18,23,26,31
3,20,27,29,30,31|8,10,11,16,18,34|14,17,19,23,25,26
3,22,27,28,29,30|8,10,11,16,18,34|13,17,20,23,26,40
6,27,28,29,33,38|8,10,11,16,18,34|13,17,20,23,26,40
8,10,13,20,34,40|9,18,22,23,25,28|11,27,29,31,33,38
1,2,3,11,13,38|8,9,20,27,31,33|10,16,19,23,26,32
1,2,7,12,16,17|3,10,13,20,30,32|8,9,11,25,27,33
1,3,11,13,26,30|2,7,10,12,16,29|6,17,22,27,33,38
1,3,27,30,31,32|2,7,10,12,16,29|8,13,17,20,26,33
1,6,22,27,33,34|2,3,8,10,13,32|14,17,18,23,25,26
1,8,9,10,16,33|2,7,12,14,27,32|15,17,18,23,26,28
1,8,25,27,34,40|2,3,15,17,28,33|10,16,19,23,26,32
1,11,14,27,33,34|2,3,8,10,13,32|15,17,18,23,26,28
1,14,27,32,33,38|2,7,10,12,16,29|15,17,18,23,26,28
2,3,8,25,27,29|10,11,13,32,33,38|15,17,18,23,26,28
2,7,12,14,27,32|8,10,15,18,28,34|17,19,23,25,26,31
2,7,12,16,26,40|3,6,17,27,28,30|8,10,14,18,25,34
1,3,10,16,17,30|2,7,11,12,13,26|8,9,20,25,27,33
1,6,27,28,33,34|2,3,10,16,38,40|17,18,23,25,26,31
1,14,20,27,33,34|2,3,10,16,38,40|17,18,23,25,26,31
2,10,18,25,30,31|3,7,12,16,26,32|6,17,27,28,33,38
3,7,12,16,26,32|6,17,27,28,33,38|8,10,18,25,31,34
1,3,8,9,30,31|2,7,12,14,29,38|6,19,22,23,26,34
1,3,29,30,31,38|2,7,8,9,12,14|6,19,22,23,26,34
2,3,8,31,34,40|6,7,9,12,28,30|14,17,23,26,29,33
2,3,17,23,29,31|6,7,9,12,28,30|8,11,19,25,34,38
2,7,12,14,29,38|3,11,25,30,34,40|6,9,17,23,28,33
6,8,18,28,34,38|7,9,11,12,30,31|14,17,23,26,29,33
6,9,17,23,28,33|7,12,14,26,29,30|8,11,18,31,34,38
6,19,22,23,26,34|7,9,11,12,30,31|8,17,25,29,33,38
2,3,8,14,34,40|6,7,9,12,22,30|17,23,25,29,32,33
2,3,14,17,23,29|6,7,9,12,22,30|8,11,19,31,34,38
6,7,9,12,22,30|8,11,14,18,34,38|17,23,25,29,32,33
6,8,18,22,34,38|7,9,11,12,14,30|17,23,25,29,32,33
6,8,19,28,34,38|7,9,11,12,14,30|17,23,25,29,32,33
6,9,17,22,23,33|7,12,25,29,30,32|8,11,14,18,34,38
6,18,23,28,32,34|7,9,11,12,14,30|8,17,29,31,33,38
6,22,33,34,38,40|7,9,11,12,14,30|8,17,23,27,29,32
2,6,7,22,29,38|3,12,30,31,34,40|8,18,20,23,25,35
2,7,11,14,29,38|3,12,30,31,34,40|8,18,20,23,25,35
6,7,9,11,28,30|8,12,14,18,34,38|20,23,25,33,35,40
6,7,22,26,29,30|8,12,14,18,34,38|20,23,25,33,35,40
7,11,14,26,29,30|8,12,19,31,34,38|20,23,25,33,35,40
6,7,9,11,22,30|8,12,14,19,34,38|20,23,31,33,35,40
7,11,25,29,30,32|8,12,14,19,34,38|20,23,31,33,35,40
2,3,9,10,23,31|7,12,17,25,26,30|11,20,27,33,34,38
1,2,7,12,31,34|3,8,9,10,25,30|23,26,27,32,38,40
2,3,8,11,27,34|7,12,17,26,30,31|9,10,23,25,32,33
2,3,11,25,33,34|7,12,17,26,30,31|8,9,10,23,27,32
2,3,22,28,33,34|7,12,17,26,30,31|8,9,10,23,27,32
2,3,25,32,33,38|7,12,17,26,30,31|10,11,23,27,29,34
2,7,12,17,31,38|3,8,9,10,25,30|11,23,26,27,34,40
1,8,10,23,27,35|2,3,12,25,33,34|7,17,20,26,30,31
1,10,23,25,33,35|2,3,8,12,27,34|7,17,20,26,30,31
1,2,3,9,23,31|7,12,14,17,26,30|8,10,25,29,33,34
1,2,7,12,14,34|3,8,9,10,30,31|17,20,23,27,29,38
1,3,17,30,31,38|2,7,8,9,12,25|6,18,23,26,28,34
1,20,23,27,29,34|2,3,31,32,33,38|7,12,14,17,26,30
2,3,6,28,33,34|7,9,12,20,25,30|8,17,23,26,27,29
2,3,11,31,33,34|7,9,12,20,25,30|8,17,23,26,27,29
2,3,14,20,33,34|7,12,25,26,29,30|9,10,23,31,38,40
2,3,31,32,33,38|6,18,23,26,28,34|7,9,12,20,25,30
2,7,8,9,12,25|3,10,29,30,31,38|6,18,23,26,28,34
2,7,12,14,17,38|3,8,9,10,30,31|6,18,23,26,28,34
2,7,12,25,29,38|3,8,9,10,30,31|6,18,23,26,28,34
7,9,12,20,25,30|8,10,14,17,33,34|18,23,26,31,32,38
1,10,23,31,33,35|2,6,7,17,28,38|3,11,12,27,30,34
1,2,3,9,14,23|7,12,17,25,30,32|8,10,29,31,33,34
1,3,8,9,25,30|2,7,12,29,31,38|6,18,22,23,26,34
1,3,14,17,30,38|2,7,8,9,12,31|6,18,22,23,26,34
1,3,25,29,30,38|2,7,8,9,12,31|6,18,22,23,26,34
1,8,9,23,27,32|2,3,6,22,33,34|7,12,26,29,30,31
1,9,23,25,38,40|2,3,6,22,33,34|7,12,26,29,30,31
1,11,23,27,29,34|2,3,14,32,33,38|7,9,12,20,30,31
1,17,23,25,34,40|2,3,14,32,33,38|7,9,12,20,30,31
1,23,27,29,32,38|2,3,6,22,33,34|7,9,11,12,25,30
2,3,6,22,33,34|7,9,11,12,25,30|14,18,23,26,32,38
2,3,8,25,34,40|7,9,12,20,30,31|11,17,23,27,29,38
2,3,14,32,33,38|6,18,22,23,26,34|7,9,11,12,25,30
2,3,17,23,25,29|7,9,12,20,30,31|8,11,27,32,33,34
2,7,8,9,12,31|3,10,14,29,30,38|6,18,22,23,26,34
2,7,12,29,31,38|3,8,9,10,14,30|6,18,22,23,26,34
7,9,11,12,25,30|8,10,29,31,33,34|14,18,23,26,32,38
7,9,12,22,28,30|8,10,29,31,33,34|14,18,23,26,32,38
7,12,26,29,30,31|8,9,11,17,23,27|22,28,33,34,38,40
6,7,17,22,26,30|8,12,18,25,34,38|11,20,23,27,33,35
1,2,8,13,26,33|3,6,9,23,27,28|7,10,12,16,29,38
1,2,13,20,33,38|3,6,9,23,27,28|8,10,16,18,26,30
1,2,16,18,23,26|3,6,10,15,33,34|7,12,14,27,32,38
1,3,13,23,26,32|2,8,10,16,18,38|6,7,12,22,27,34
1,3,16,20,33,34|2,17,23,25,27,40|10,15,18,28,30,38
1,13,20,26,30,33|2,8,10,16,18,38|3,6,9,23,27,28
1,25,27,30,32,33|2,8,10,16,18,38|3,11,13,17,23,26
3,8,16,17,26,33|6,7,12,22,27,34|10,14,18,25,30,38
3,11,13,17,23,26|6,7,12,22,27,34|10,14,18,25,30,38
3,14,17,25,33,38|6,7,12,22,27,34|8,10,16,18,26,30
3,15,17,28,33,38|6,7,12,22,27,34|8,10,16,18,26,30
1,2,11,13,33,38|3,6,9,22,23,27|7,12,25,31,34,40|8,10,16,19,26,30
1,2,13,23,26,40|3,8,9,25,31,33|10,11,16,18,30,38
1,2,16,19,23,26|3,8,9,25,31,33|7,11,12,13,20,34|10,15,18,22,30,38
1,3,8,13,20,34|2,10,16,18,23,32|6,17,27,28,30,33
1,3,16,32,33,38|2,17,18,23,25,31|7,11,12,13,20,34
2,8,10,13,32,33|3,6,9,22,23,27|7,12,25,31,34,40
2,8,10,16,19,38|3,6,9,22,23,27|7,11,12,13,20,34
2,8,14,17,27,33|3,13,20,23,26,29|7,12,25,31,34,40|10,11,16,18,30,38
2,8,25,27,29,33|3,16,17,23,26,40|7,11,12,13,20,34|10,14,18,30,31,38
2,10,16,18,23,32|3,8,9,25,31,33|7,11,12,13,20,34
2,17,18,23,25,31|3,8,10,16,34,40|7,12,13,20,32,38
2,17,23,27,31,40|7,8,12,13,26,32|10,11,16,18,30,38
3,6,9,22,23,27|7,8,12,13,26,32|10,11,16,18,30,38
3,8,9,25,31,33|7,11,12,13,20,34|10,15,18,22,30,38
3,8,10,16,34,40|6,17,27,28,30,33|7,12,13,20,32,38
3,9,11,14,23,27|7,8,12,13,26,32|10,15,18,22,30,38
3,13,20,23,26,29|6,17,27,28,30,33|7,12,25,31,34,40
3,14,17,23,27,32|7,11,12,13,20,34|8,10,16,19,26,30
3,16,17,23,26,40|7,11,12,13,20,34|10,14,18,30,31,38
3,23,25,27,29,32|7,11,12,13,20,34|8,10,16,19,26,30
1,3,9,10,16,23|2,8,17,25,27,33|7,11,12,13,26,38
3,13,17,20,23,26|6,7,12,27,28,34|10,18,25,30,31,38
1,6,15,18,30,38|2,8,13,20,29,33|3,9,11,16,23,40
1,15,19,22,30,38|2,8,13,20,29,33|3,9,11,16,23,40
3,13,20,23,29,32|6,7,12,15,34,40|8,14,17,18,25,30
1,2,8,16,18,38|3,9,11,13,20,23|6,17,22,27,30,33|7,12,14,25,34,40
1,3,8,11,13,34|2,10,16,19,23,32|6,17,22,27,30,33
1,3,8,13,32,38|2,14,17,18,23,25|7,12,15,28,34,40|20,27,29,30,31,33
1,7,8,9,12,16|2,10,13,23,32,40|3,6,15,17,33,38
1,7,12,16,29,38|2,8,13,17,20,33|3,9,23,25,31,40
1,8,16,18,26,30|2,10,13,23,32,40|3,6,15,17,33,38
1,10,16,29,30,33|2,14,17,18,23,25|7,11,12,13,32,38
1,14,18,25,30,38|2,8,13,17,20,33|3,23,27,29,31,32|7,12,15,28,34,40
1,14,27,30,32,33|2,15,17,18,23,28|7,12,16,20,34,40
1,15,18,28,30,38|2,8,13,17,20,33|3,9,23,25,31,40
1,16,18,20,30,38|2,8,27,29,31,33|7,12,14,25,34,40
1,16,26,30,33,40|2,14,17,18,23,25|7,11,12,13,32,38
1,19,25,30,31,38|2,8,13,17,20,33|7,12,15,28,34,40
2,8,13,17,20,33|3,9,23,25,31,40|6,10,15,18,30,38
2,8,27,29,31,33|3,9,11,13,20,23|6,10,15,18,30,38|7,12,14,25,34,40
2,10,16,19,23,32|3,6,15,17,33,38|7,12,14,25,34,40
2,14,17,18,23,25|3,8,9,15,28,33|7,11,12,13,32,38
2,14,17,23,27,40|3,8,9,15,28,33|7,11,12,13,32,38
2,15,17,18,23,28|3,8,9,14,25,33|7,11,12,13,32,38
2,16,17,18,20,23|3,8,9,14,25,33|7,11,12,13,32,38
2,17,19,23,25,31|3,8,9,15,28,33|7,11,12,13,32,38
3,8,9,14,25,33|6,10,15,18,30,38|7,12,16,20,34,40
3,8,9,16,20,33|6,10,15,18,30,38|7,12,14,25,34,40
3,8,11,13,17,38|7,12,14,25,34,40|20,27,29,30,31,33
3,8,14,27,29,38|7,12,15,28,34,40|10,11,13,30,32,33
3,8,16,26,29,33|6,10,15,18,30,38|7,12,14,25,34,40
3,9,11,13,20,23|6,10,15,18,30,38|7,12,14,25,34,40
3,11,13,23,26,29|6,10,15,18,30,38|7,12,14,25,34,40
3,13,17,20,23,32|6,10,15,18,30,38|7,12,14,25,34,40
3,23,27,29,31,32|6,10,15,18,30,38|7,12,14,25,34,40
1,2,8,13,32,33|3,9,14,23,25,40|6,10,15,19,30,38
1,2,8,16,19,38|3,9,14,23,25,40|6,27,28,29,30,33
1,2,16,18,23,32|3,8,9,14,31,33|6,10,15,19,30,38
1,3,8,16,34,40|2,14,17,18,23,31|6,10,15,19,30,38
1,3,16,17,23,29|6,10,15,19,30,38|7,12,14,31,34,40
1,8,10,13,29,30|2,11,16,17,18,23|7,12,14,31,34,40
1,8,13,26,30,40|2,11,16,17,18,23|3,14,29,31,33,38
1,8,16,19,26,30|2,13,17,20,23,40|3,14,29,31,33,38
1,11,16,18,30,38|2,8,14,27,29,33|3,9,15,23,28,40
1,13,20,30,32,33|2,11,16,17,18,23|7,12,14,31,34,40
1,14,18,30,31,38|2,8,11,13,17,33|3,9,15,23,28,40
1,14,19,25,30,38|2,8,11,13,17,33|3,9,15,23,28,40
1,15,18,22,30,38|2,8,11,13,17,33|3,9,14,23,25,40
1,15,19,28,30,38|2,8,11,13,17,33|3,9,14,23,25,40
1,16,19,20,30,38|2,8,11,13,17,33|3,9,14,23,25,40
2,8,11,13,17,33|3,9,14,23,25,40|6,10,15,19,30,38
2,11,16,17,18,23|3,8,9,14,31,33|6,10,15,19,30,38
2,13,17,20,23,40|3,8,9,11,16,33|6,10,15,19,30,38
2,14,17,18,23,31|3,8,9,11,16,33|6,10,15,19,30,38
2,14,17,19,23,25|3,8,9,11,16,33|7,12,15,22,34,40
2,15,17,18,22,23|3,8,9,11,16,33|7,12,14,31,34,40
2,15,17,19,23,28|3,8,9,11,16,33|7,12,14,31,34,40
2,16,17,19,20,23|3,8,9,14,31,33|7,12,15,22,34,40
2,18,23,25,29,31|3,8,9,11,16,33|6,10,15,19,30,38
2,23,27,29,31,40|3,8,9,11,16,33|6,10,15,19,30,38
3,8,9,11,16,33|6,10,15,19,30,38|7,12,14,31,34,40
3,8,9,14,31,33|6,10,15,19,30,38|7,11,12,16,34,40
3,8,16,17,32,33|6,10,15,19,30,38|7,12,14,31,34,40
3,11,13,17,23,32|6,10,15,19,30,38|7,12,14,31,34,40
3,14,23,27,29,32|6,10,15,19,30,38|7,11,12,16,34,40
3,15,22,29,33,38|7,11,12,16,34,40|8,17,18,25,30,31
2,6,16,29,33,34|7,8,11,21,32,35|9,15,30,31,38,40
2,14,15,29,33,34|6,9,11,13,30,38|7,8,16,22,32,35
1,2,9,21,23,29|6,7,11,16,35,38|15,17,25,30,34,40
1,8,9,17,21,30|2,15,29,31,33,34|6,7,11,16,35,38
2,6,8,13,17,34|7,11,14,15,35,38|9,16,28,30,32,33
2,8,13,28,29,34|6,7,11,16,35,38|9,15,25,30,32,33
2,8,17,21,34,40|6,7,11,16,35,38|9,15,25,30,32,33
2,11,21,29,33,34|6,7,14,31,35,38|8,9,15,27,30,32
2,15,29,31,33,34|6,7,11,16,35,38|8,9,21,26,30,40
2,16,22,29,33,34|6,7,14,31,35,38|8,9,15,27,30,32
3,6,8,9,16,34|7,11,14,15,35,38|21,26,29,30,32,33
3,8,9,14,15,34|6,7,11,16,35,38|21,26,29,30,32,33
1,13,28,30,32,34|2,6,9,16,33,38|3,12,17,21,23,35
2,8,9,13,22,38|3,12,17,21,23,35|6,25,27,29,30,34
2,8,15,27,29,34|3,12,17,21,23,35|6,9,16,26,30,33
2,9,13,23,28,32|3,11,21,29,34,38|6,7,8,16,26,35
2,20,21,29,33,34|6,7,8,16,26,35|9,11,13,28,30,38
1,2,9,17,21,23|3,15,25,29,34,38|7,8,16,22,26,35
1,2,21,32,33,34|6,7,25,31,35,38|8,9,13,26,28,30
1,6,13,26,30,34|2,9,10,21,23,29|7,11,15,25,35,38
1,10,21,29,30,34|2,6,9,13,23,26|7,11,15,25,35,38
1,15,27,30,32,34|2,6,9,13,23,26|7,11,16,28,35,38
2,6,9,13,23,26|3,14,15,17,34,38|10,12,21,30,33,35
2,8,13,17,28,34|6,7,25,31,35,38|9,11,21,26,30,33
2,9,10,21,23,29|3,6,16,17,34,38|7,8,15,26,31,35
2,9,11,21,33,38|6,17,27,30,31,34|7,8,16,22,26,35
2,9,15,23,27,32|3,6,16,17,34,38|7,8,11,21,26,35
2,11,17,21,33,34|6,7,25,31,35,38|8,9,13,26,28,30
2,15,17,31,33,34|7,8,11,21,26,35|9,13,20,28,30,38
2,16,17,22,33,34|6,7,25,31,35,38|8,9,13,26,28,30
3,8,9,16,28,34|6,7,25,31,35,38|17,21,26,30,32,33
2,8,10,21,33,35|6,7,16,26,32,34|9,12,15,27,30,38
2,9,12,21,33,38|6,7,16,26,32,34|8,10,15,27,30,35
2,10,13,22,23,35|6,7,16,26,32,34|9,12,15,27,30,38
2,8,15,17,27,34|3,9,21,23,26,32|7,14,25,28,35,38
2,9,15,25,33,38|7,8,16,26,28,35|17,22,27,30,31,34
2,9,16,28,33,38|6,17,25,27,30,34|7,8,20,21,26,35
2,9,20,21,33,38|6,17,25,27,30,34|7,8,16,26,28,35
2,15,17,25,33,34|3,9,21,23,26,32|7,16,20,28,35,38
2,16,17,28,33,34|3,9,21,23,26,32|7,15,20,25,35,38
2,17,20,21,33,34|6,9,25,27,30,38|7,8,16,26,28,35
3,9,21,23,26,32|6,17,25,27,30,34|7,16,20,28,35,38
2,6,8,19,31,39|7,12,14,15,16,29|11,13,20,21,30,40
2,8,11,13,21,40|6,7,12,14,29,39|15,16,19,20,30,31
2,8,11,16,19,21|6,7,12,14,29,39|13,15,20,30,31,40
2,8,13,15,31,40|6,7,12,14,29,39|11,16,19,20,21,30
2,8,13,16,22,40|6,7,12,14,29,39|11,15,19,21,28,30
2,8,14,19,22,39|6,7,12,15,21,29|11,13,16,28,30,40
2,8,15,16,19,31|6,7,12,14,29,39|11,13,20,21,30,40
2,8,15,19,21,22|6,7,12,14,29,39|11,13,16,28,30,40
2,6,7,9,31,39|12,16,18,21,34,38|13,14,23,27,28,35
2,7,9,11,15,39|6,13,23,25,27,35|12,16,18,21,34,38
2,7,9,11,16,21|6,13,23,25,27,35|12,15,18,34,38,39
2,7,9,14,21,31|6,13,23,25,27,35|12,15,18,34,38,39
2,7,9,14,22,39|6,13,23,25,27,35|12,16,18,21,34,38
2,7,15,17,32,39|6,13,23,25,27,35|12,16,18,21,34,38
2,7,16,17,21,32|6,13,23,25,27,35|12,15,18,34,38,39
1,3,9,16,21,30|6,18,31,34,38,39|12,13,15,23,27,35
2,16,19,21,26,30|6,18,31,34,38,39|9,13,15,17,23,25
3,13,21,26,30,32|6,9,17,23,27,39|15,16,18,25,34,38
2,16,18,21,30,32|6,14,19,34,38,39|9,13,15,23,25,29
2,6,7,9,14,39|8,15,16,27,33,35|12,13,21,34,38,40
2,7,9,14,15,16|6,8,27,33,35,39|12,13,21,34,38,40
1,6,7,31,35,39|2,11,16,18,21,34|9,10,13,14,15,30
1,7,11,15,35,39|2,13,16,28,34,40|17,21,27,29,30,31
1,7,11,16,21,35|2,6,18,31,34,39|9,10,13,14,15,30
1,9,13,15,25,30|2,6,18,31,34,39|3,12,16,21,33,35
1,2,9,15,33,39|3,13,16,28,32,34|17,21,25,27,29,30
1,2,9,16,21,33|3,13,15,25,32,34|6,7,10,14,35,39
1,6,7,25,35,39|2,14,21,27,34,40|9,10,13,15,30,31
1,7,14,21,25,35|2,6,27,34,39,40|9,10,13,15,30,31
1,7,14,28,35,39|2,15,16,18,25,34|9,10,11,13,21,30
3,13,16,28,32,34|6,7,10,14,35,39|17,21,25,27,29,30
1,6,7,14,35,39|2,11,13,21,34,40|15,16,17,27,29,30
1,7,14,15,16,35|2,6,19,31,34,39|10,13,21,29,30,32
2,6,14,18,34,39|3,8,12,13,21,35|15,16,17,27,29,30
2,6,19,31,34,39|3,8,12,13,21,35|15,16,17,27,29,30
2,14,15,16,18,34|3,8,12,13,21,35|6,17,27,29,30,39
2,14,19,22,34,39|3,8,12,13,21,35|15,16,17,27,29,30
2,15,16,19,31,34|3,8,12,13,21,35|6,17,27,29,30,39
2,12,15,19,34,39|3,8,13,16,28,35|7,9,14,21,31,32
1,2,13,17,21,38|3,6,27,32,34,39|7,10,15,16,31,35
1,3,9,15,38,39|2,6,13,27,31,34|7,10,11,16,21,35
1,3,9,16,21,38|2,6,13,27,31,34|7,10,11,15,35,39
1,3,16,17,21,34|2,13,15,27,32,38|6,7,10,31,35,39
1,7,28,31,35,39|2,8,9,10,13,21|3,15,16,27,32,34
1,13,17,21,26,30|2,18,22,25,34,39|7,10,15,16,31,35
2,13,21,26,38,40|3,6,27,32,34,39|7,10,15,16,31,35
2,16,19,21,26,38|3,6,27,32,34,39|9,10,13,15,25,30
2,18,22,25,34,39|7,10,11,16,21,35|13,15,26,27,30,32
2,18,28,31,34,39|7,10,11,16,21,35|13,15,26,27,30,32
2,19,25,28,34,39|7,10,11,16,21,35|13,15,26,27,30,32
2,12,13,15,27,34|3,25,28,33,35,39|7,9,11,16,21,26
1,7,25,28,35,39|2,9,10,16,21,33|3,13,15,26,31,34
2,18,25,28,34,39|3,13,21,26,32,38|9,10,15,16,27,30
2,27,28,34,39,40|3,13,21,26,32,38|7,10,15,16,25,35
1,6,8,17,27,39|2,3,11,13,15,25|10,16,20,21,29,33
1,6,17,25,33,39|2,3,11,13,16,28|8,10,14,21,27,29
1,8,10,13,21,32|2,3,6,14,16,27|11,18,22,25,38,39
1,8,14,17,21,27|2,3,6,13,25,31|10,15,20,29,33,39
1,8,15,16,17,27|2,3,6,13,25,31|10,14,28,29,33,39
1,8,21,25,27,29|2,3,11,13,16,28|6,10,14,17,33,39
1,8,27,28,29,39|2,3,6,13,25,31|10,14,15,16,17,33
1,14,17,21,25,33|2,3,11,13,16,28|6,8,10,27,29,39
1,14,17,28,33,39|2,3,6,13,25,31|8,10,15,16,27,29
1,15,16,17,25,33|2,3,11,13,20,21|6,8,10,27,29,39
1,15,17,20,33,39|2,3,6,13,25,31|8,10,14,21,27,29
1,15,17,21,28,33|2,3,6,13,25,31|11,22,27,38,39,40
1,16,17,20,21,33|2,3,6,13,25,31|8,14,18,26,28,39
1,17,22,31,33,39|2,3,6,14,16,27|8,15,18,21,26,28
1,25,28,29,33,39|2,3,6,14,16,27|8,10,11,13,17,21
2,3,6,13,25,31|8,10,14,21,27,29|15,20,26,33,39,40
2,3,6,14,16,27|8,10,11,13,17,21|15,20,26,33,39,40
2,3,11,13,15,25|6,8,10,27,29,39|16,20,21,26,33,40
2,3,11,13,16,28|6,8,10,27,29,39|14,18,20,21,25,38
2,3,11,13,20,21|6,8,10,27,29,39|14,16,18,25,28,38
2,3,13,14,22,25|6,8,10,27,29,39|15,18,20,21,28,38
2,3,13,14,28,31|6,8,10,27,29,39|15,16,18,20,25,38
2,3,13,15,20,31|6,8,10,27,29,39|14,16,18,25,28,38
2,3,13,15,22,28|6,8,10,27,29,39|11,18,21,25,31,38
2,3,13,16,20,22|6,8,10,27,29,39|11,18,21,25,31,38
2,3,21,25,31,40|6,8,10,27,29,39|11,13,16,22,26,33
2,3,22,25,39,40|6,8,13,14,26,27|10,15,21,28,29,33
2,3,28,31,39,40|6,8,13,14,26,27|10,15,16,25,29,33
6,8,10,27,29,39|11,13,15,26,31,33|14,16,18,25,28,38
6,8,13,14,26,27|10,15,16,25,29,33|11,18,28,31,38,39
6,8,18,25,26,39|10,14,15,16,17,33|11,21,27,31,38,40
6,8,26,27,39,40|10,14,15,16,17,33|11,18,21,25,31,38
6,10,14,17,33,39|8,13,22,25,27,32|15,18,20,21,28,38
6,10,15,17,21,33|8,13,22,25,27,32|11,18,28,31,38,39
6,11,13,27,31,38|8,14,18,21,25,26|10,15,20,29,33,39
6,13,14,20,27,38|8,15,16,18,25,26|10,22,29,31,33,39
6,13,14,25,26,33|8,10,15,16,27,29|11,18,28,31,38,39
6,13,15,26,28,33|8,10,14,21,27,29|11,18,22,25,38,39
6,13,16,20,26,33|8,10,14,21,27,29|11,18,22,25,38,39
6,16,25,27,32,33|8,10,11,13,17,21|14,18,20,28,38,39
6,18,20,25,38,39|8,10,11,13,17,21|14,16,27,28,32,33
6,18,21,25,28,38|8,10,13,15,17,31|11,22,27,32,33,39
6,20,27,32,33,39|8,10,11,13,17,21|14,16,18,25,28,38
6,21,27,28,32,33|8,10,13,15,17,31|11,18,22,25,38,39
8,10,11,13,17,21|14,15,25,27,32,33|18,20,22,31,38,39
8,10,13,15,17,31|11,18,22,25,38,39|14,16,27,28,32,33
8,10,13,16,17,22|11,18,21,25,31,38|14,26,28,33,39,40
8,10,14,21,27,29|11,13,15,26,31,33|19,20,22,25,38,39
8,10,15,16,27,29|11,18,21,25,31,38|14,26,28,33,39,40
8,13,22,25,27,32|10,14,15,16,17,33|11,18,28,31,38,39
8,13,27,28,31,32|10,14,15,16,17,33|11,18,22,25,38,39
8,14,18,21,25,26|10,15,20,29,33,39|16,22,27,31,38,40
8,14,18,26,28,39|10,15,16,25,29,33|11,21,27,31,38,40
8,14,21,26,27,40|10,15,16,25,29,33|11,18,28,31,38,39
8,15,16,18,25,26|10,14,28,29,33,39|11,21,27,31,38,40
8,15,16,26,27,40|10,14,21,25,29,33|11,18,28,31,38,39
8,15,18,20,26,39|10,14,21,25,29,33|16,22,27,31,38,40
8,19,21,25,26,31|10,14,15,16,17,33|11,22,27,38,39,40
8,19,22,25,26,39|10,14,15,16,17,33|11,21,27,31,38,40
1,6,17,31,33,39|2,3,11,13,16,22|8,14,19,21,25,26
1,8,13,15,17,25|2,3,14,28,39,40|6,16,27,31,32,33
1,8,13,16,17,28|2,3,6,25,39,40|10,14,21,29,31,33
1,8,13,17,20,21|2,3,6,25,39,40|10,15,16,29,31,33
1,8,21,27,29,31|2,3,6,13,14,25|11,15,18,20,38,39
1,8,22,27,29,39|2,3,6,13,14,25|11,15,18,21,28,38
1,11,15,17,33,39|2,3,6,13,14,25|8,16,19,20,21,26
1,11,16,17,21,33|2,3,6,13,14,25|8,15,19,20,26,39
1,14,17,21,31,33|2,3,6,13,15,28|11,19,22,25,38,39
1,14,17,22,33,39|2,3,6,13,15,28|8,11,16,18,21,26
1,15,16,17,31,33|2,3,6,13,14,25|8,27,28,32,39,40
1,15,17,21,22,33|2,3,6,13,14,25|8,27,28,32,39,40
1,21,25,29,31,33|2,3,6,13,15,28|8,14,18,22,26,39
1,22,25,29,33,39|2,3,6,13,15,28|8,10,16,17,21,40
1,28,29,31,33,39|2,3,6,13,14,25|8,10,16,17,21,40
2,3,6,13,14,25|8,10,15,17,39,40|11,16,18,20,21,38
2,3,6,13,15,28|8,10,16,17,21,40|11,18,22,31,38,39
2,3,6,13,16,20|8,10,15,17,39,40|11,14,18,21,25,38
2,3,6,25,39,40|8,10,13,14,15,17|11,16,18,20,21,38
2,3,11,13,15,31|6,8,19,25,26,39|14,16,22,27,32,33
2,3,11,13,16,22|6,8,18,26,31,39|14,19,20,21,25,38
2,3,13,14,15,20|6,8,18,26,31,39|10,11,16,21,29,33
2,3,13,14,22,31|6,8,19,25,26,39|10,11,16,21,29,33
2,3,14,21,25,40|6,8,10,13,16,17|11,15,18,20,38,39
2,3,14,28,39,40|6,8,10,13,16,17|11,19,21,25,31,38
2,3,15,16,25,40|6,8,18,26,31,39|11,14,21,27,32,33
2,3,15,20,39,40|6,8,10,13,16,17|11,14,18,21,25,38
2,3,15,21,28,40|6,8,10,13,16,17|11,18,22,31,38,39
2,3,16,20,21,40|6,8,13,25,27,32|10,11,15,29,33,39
2,3,22,31,39,40|6,8,10,13,16,17|11,14,18,21,25,38
6,8,13,25,27,32|10,11,15,29,33,39|14,16,18,28,31,38
6,8,18,26,31,39|10,11,16,21,29,33|13,14,25,28,38,40
6,8,19,25,26,39|10,11,16,21,29,33|14,15,27,31,38,40
6,10,29,31,33,39|8,11,16,18,21,26|13,14,25,28,38,40
6,11,13,16,26,33|8,10,15,17,39,40|14,18,20,21,31,38
6,11,27,32,33,39|8,10,13,14,15,17|16,19,22,25,31,38
6,13,14,26,31,33|8,10,15,17,39,40|11,16,18,20,21,38
6,13,15,22,26,33|8,10,16,17,21,40|11,14,18,28,38,39
6,16,27,31,32,33|8,10,13,14,15,17|11,19,22,25,38,39
6,18,20,31,38,39|8,10,13,14,15,17|11,16,21,26,33,40
6,18,22,28,38,39|8,10,13,14,15,17|11,16,21,26,33,40
6,19,20,25,38,39|8,10,13,14,15,17|11,16,21,26,33,40
