3,6,16,25,30,31|8,11,13,20,21,38|10,14,22,23,29,39
3,6,20,30,31,39|8,11,13,15,25,38|14,16,22,23,27,32
3,6,21,22,25,30|8,11,13,16,28,38|14,15,23,27,31,32
3,6,21,28,30,31|8,11,13,15,25,38|10,14,22,23,29,39
3,6,22,28,30,39|8,11,13,15,25,38|10,14,21,23,29,31
3,11,14,21,25,30|6,10,23,29,31,39|8,13,15,22,28,38
3,11,14,28,30,39|6,8,13,25,31,38|10,15,21,22,23,29
3,11,15,20,30,39|6,8,13,25,31,38|14,16,22,23,27,32
3,11,15,21,28,30|6,8,13,25,31,38|10,14,22,23,29,39
3,11,16,20,21,30|6,8,13,25,31,38|10,14,22,23,29,39
3,11,22,30,31,39|6,8,14,16,27,38|13,15,20,23,25,32
3,14,20,21,30,31|6,11,13,16,23,26|8,22,25,32,33,39
3,14,20,22,30,39|6,8,13,25,31,38|10,11,16,21,23,29
3,14,21,22,28,30|6,8,13,25,31,38|10,11,15,23,29,39
3,15,16,22,28,30|6,8,13,25,31,38|11,14,21,23,27,32
2,3,8,14,21,25|6,13,15,23,26,28|11,22,31,33,38,39
3,6,21,25,28,30|8,11,15,16,27,38|10,22,23,29,31,39
3,11,21,25,30,31|6,10,14,17,23,39|8,13,16,20,28,38
3,11,22,25,30,39|6,8,16,27,31,38|10,15,21,23,28,29
3,11,28,30,31,39|6,8,21,22,27,38|10,14,15,16,17,23
3,15,16,20,25,30|6,8,11,27,38,39|13,14,22,23,26,31
3,15,20,21,28,30|6,8,11,27,38,39|13,14,22,23,26,31
3,16,22,25,30,31|6,8,11,27,38,39|10,15,21,23,28,29
3,20,22,30,31,39|6,10,15,17,21,23|8,13,14,25,28,38
3,21,22,28,30,31|6,8,11,27,38,39|10,14,15,16,17,23
2,3,8,22,25,39|6,14,16,23,26,27|15,20,21,28,33,38
3,16,25,28,30,31|6,8,20,27,38,39|10,15,17,21,22,23
3,20,22,25,30,39|6,8,21,27,28,38|10,15,16,17,23,31
3,20,28,30,31,39|6,8,16,25,27,38|10,15,17,21,22,23
3,21,22,25,28,30|6,8,20,27,38,39|10,15,16,17,23,31
1,6,10,31,38,39|2,3,21,22,25,28|8,15,16,20,26,27
1,10,11,15,38,39|2,3,16,25,28,31|8,14,20,21,26,27
1,10,14,21,31,38|2,3,11,25,28,39|8,15,16,20,26,27
1,10,15,16,31,38|2,3,11,25,28,39|8,14,20,21,26,27
1,6,10,14,38,39|2,3,11,21,25,31|8,13,16,20,26,28
1,6,10,15,21,38|2,3,11,22,25,39|8,13,16,20,26,28
2,3,6,20,25,39|8,10,15,17,21,28|11,16,22,27,31,38
2,3,6,21,25,28|8,10,15,17,20,39|11,16,22,27,31,38
2,3,11,21,25,31|6,16,22,27,28,38|8,10,15,17,20,39
2,3,15,20,21,28|6,8,10,17,25,39|11,16,22,27,31,38
2,3,20,22,31,39|6,11,16,25,27,38|8,10,15,17,21,28
2,3,21,22,28,31|6,8,10,17,25,39|11,15,16,20,27,38
6,8,10,17,25,39|11,14,16,27,28,38|15,20,21,22,26,33
6,11,16,25,27,38|8,10,14,17,28,39|15,20,21,22,26,33
6,11,20,27,38,39|8,10,14,17,21,25|15,16,22,26,28,33
6,11,21,27,28,38|8,10,15,16,17,25|14,20,22,26,33,39
6,11,25,26,33,39|8,10,15,17,21,28|14,16,20,22,27,38
6,15,22,25,27,38|8,10,14,17,28,39|11,16,20,21,26,33
6,16,22,27,28,38|8,10,14,17,21,25|11,15,20,26,33,39
6,20,21,22,27,38|8,10,14,17,28,39|11,15,16,25,26,33
6,21,22,25,26,33|8,10,14,17,28,39|11,15,16,20,27,38
6,22,26,28,33,39|8,10,14,17,21,25|11,15,16,20,27,38
1,8,21,25,29,31|2,3,6,11,14,39|15,16,22,28,32,33
1,8,22,25,29,39|2,3,6,11,15,21|14,16,28,31,32,33
1,8,28,29,31,39|2,3,6,11,15,21|14,16,22,25,32,33
6,11,25,32,33,39|8,10,14,21,29,31|15,16,22,28,38,40
6,11,25,38,39,40|8,10,14,21,29,31|15,16,22,28,32,33
6,16,25,31,32,33|8,10,11,15,29,39|14,21,22,28,38,40
6,16,25,31,38,40|8,10,11,15,29,39|14,21,22,28,32,33
6,21,22,25,32,33|8,10,11,15,29,39|14,16,28,31,38,40
6,21,22,25,38,40|8,10,11,15,29,39|14,16,28,31,32,33
6,21,28,31,32,33|8,10,11,15,29,39|14,16,22,25,38,40
6,21,28,31,38,40|8,10,11,15,29,39|14,16,22,25,32,33
6,22,28,32,33,39|8,10,11,16,21,29|14,15,25,31,38,40
6,22,28,38,39,40|8,10,11,16,21,29|14,15,25,31,32,33
1,8,14,17,28,39|2,3,6,15,20,21|16,22,25,31,32,33
1,8,15,17,20,39|2,3,6,14,16,25|21,22,28,31,32,33
1,8,17,22,31,39|2,3,6,14,16,25|15,20,21,28,32,33
2,3,6,14,16,25|8,10,15,20,29,39|21,22,28,31,32,33
2,3,6,14,20,39|8,10,15,16,25,29|21,22,28,31,32,33
2,3,6,14,21,28|8,10,15,16,25,29|20,22,31,32,33,39
2,3,6,15,16,28|8,10,14,21,25,29|20,22,31,32,33,39
2,3,6,15,20,21|8,10,14,28,29,39|16,22,25,31,32,33
2,3,14,15,16,20|6,8,10,25,29,39|21,22,28,31,32,33
6,11,14,16,27,38|8,10,15,20,29,39|21,22,28,31,32,33
6,11,14,26,33,39|8,10,15,16,25,29|21,22,28,31,38,40
6,11,15,21,26,33|8,10,14,28,29,39|16,22,25,31,38,40
6,14,15,22,27,38|8,10,16,20,21,29|11,28,31,32,33,39
6,14,21,22,26,33|8,10,15,16,25,29|11,28,31,38,39,40
6,15,16,22,26,33|8,10,14,21,25,29|11,28,31,38,39,40
6,20,25,32,33,39|8,10,14,15,16,17|21,22,28,31,38,40
6,20,25,38,39,40|8,10,14,15,16,17|21,22,28,31,32,33
6,21,25,28,32,33|8,10,14,15,16,17|20,22,31,38,39,40
6,21,25,28,38,40|8,10,14,15,16,17|20,22,31,32,33,39
1,8,10,16,21,32|2,3,6,11,25,39|13,14,20,28,31,38
1,8,17,21,25,31|2,3,6,22,28,39|14,15,16,20,26,33
1,8,17,22,25,39|2,3,6,21,28,31|14,15,16,20,26,33
1,8,17,28,31,39|2,3,6,21,22,25|14,15,16,20,26,33
2,3,6,11,25,39|8,10,14,17,21,31|13,15,20,22,28,38
2,3,6,21,22,25|8,10,11,15,17,39|13,14,20,28,31,38
2,3,6,21,28,31|8,10,11,15,17,39|13,14,20,22,25,38
2,3,11,14,21,25|6,8,10,17,31,39|13,15,20,22,28,38
2,3,11,15,21,28|6,8,10,17,31,39|13,14,20,22,25,38
2,3,14,20,21,31|6,13,22,25,28,38|8,10,11,15,17,39
2,3,14,21,22,28|6,8,10,17,31,39|11,13,15,20,25,38
2,3,15,20,21,22|6,8,10,17,31,39|11,13,14,25,28,38
6,14,15,27,28,38|8,10,11,16,17,21|20,22,25,32,33,39
6,14,16,20,27,38|8,10,11,15,17,39|21,22,25,28,32,33
6,15,16,26,28,33|8,10,14,17,21,31|20,22,25,38,39,40
6,15,20,21,26,33|8,10,14,17,22,39|16,25,28,31,38,40
2,6,14,16,23,27|3,8,11,15,38,39|21,22,28,30,31,33
2,11,13,16,23,28|3,6,8,31,38,39|14,20,21,25,30,33
2,11,13,20,21,23|3,6,8,31,38,39|14,16,25,28,30,33
2,13,14,22,23,25|3,6,8,31,38,39|15,20,21,28,30,33
2,13,15,22,23,28|3,6,8,31,38,39|14,20,21,25,30,33
1,2,3,8,17,21|6,9,10,13,20,23|11,14,22,27,33,34
1,2,6,10,13,30|8,11,18,21,26,38|17,22,23,25,27,29
1,2,7,12,21,32|3,6,10,16,17,30|8,13,26,28,38,40|11,14,22,27,33,34
1,2,10,21,30,40|6,11,13,26,33,38|8,18,25,28,31,34
1,3,15,17,25,30|6,9,10,13,20,23|8,11,18,21,26,38
1,3,16,17,28,30|6,9,10,13,20,23|8,11,18,21,26,38
1,3,17,20,21,30|6,10,13,23,26,29|8,18,25,28,31,34|11,15,27,32,33,38
1,6,8,10,13,34|2,3,15,25,32,33|17,23,27,28,29,31
1,6,9,23,27,31|2,3,8,10,21,29|11,13,20,28,33,34
1,6,13,17,23,26|2,3,8,10,21,29|11,14,22,27,33,34
1,8,10,21,34,40|2,3,6,13,20,38|15,18,23,25,26,32
1,8,13,17,28,38|2,3,15,25,32,33|9,10,20,21,23,40
1,9,11,15,23,27|2,3,6,8,13,26|10,16,22,29,33,38
1,9,13,20,23,28|2,3,8,10,21,29|6,11,27,31,33,34
1,9,14,22,23,27|2,3,6,8,13,26|10,11,21,29,33,38
1,10,17,21,23,29|2,3,6,8,13,26|11,14,22,27,33,34
1,11,17,21,33,38|2,3,6,8,13,26|9,10,15,23,25,40
1,15,17,23,27,32|2,3,6,8,13,26|10,11,21,29,33,38
1,15,17,31,33,38|2,3,6,8,13,26|9,10,16,23,28,40
1,16,17,22,33,38|2,3,6,8,13,26|9,10,15,23,25,40
1,17,21,23,26,40|2,3,6,13,20,38|8,9,10,15,31,33
2,3,6,8,13,26|9,10,15,23,25,40|11,14,22,27,33,34
2,3,6,13,20,38|8,9,10,11,21,33|15,18,23,25,26,32
2,3,8,15,27,32|6,9,10,13,20,23|11,21,26,33,38,40
2,3,8,21,26,40|6,9,10,13,20,23|11,14,22,27,33,34
2,3,11,13,22,38|6,14,20,27,33,34|9,10,15,23,25,40
2,3,15,25,38,40|6,9,10,13,20,23|11,14,22,27,33,34
2,3,16,28,38,40|6,9,10,13,20,23|11,14,22,27,33,34
2,3,20,21,38,40|6,10,13,23,26,29|8,18,25,28,31,34
2,7,11,12,17,21|3,6,13,20,26,30|8,9,10,15,31,33
2,7,12,15,17,31|3,6,13,20,26,30|8,9,10,11,21,33
2,7,12,16,17,22|3,6,13,20,26,30|8,9,10,11,21,33
2,18,25,28,30,31|6,8,10,13,17,38|11,14,22,27,33,34
2,22,25,27,30,40|6,8,10,13,17,38|16,18,23,26,28,32
2,27,28,30,31,40|6,8,10,13,17,38|15,18,23,25,26,32
3,6,10,16,17,30|8,11,18,21,26,38|25,28,31,33,34,40
3,6,13,20,26,30|8,9,10,11,21,33|17,22,23,25,27,29
3,10,14,15,17,30|6,11,13,26,33,38|8,18,25,28,31,34
3,10,15,25,29,30|6,11,13,26,33,38|8,27,28,31,34,40
3,10,16,28,29,30|6,11,13,26,33,38|8,22,25,27,34,40
3,10,20,21,29,30|6,11,13,26,33,38|8,18,25,28,31,34
3,11,13,22,26,30|6,14,20,27,33,34|8,10,17,21,38,40
3,15,20,27,30,32|6,8,10,13,17,38|25,28,31,33,34,40
3,15,25,26,30,40|6,8,10,13,17,38|11,14,22,27,33,34
3,16,26,28,30,40|6,8,10,13,17,38|11,14,22,27,33,34
3,20,21,26,30,40|6,8,10,13,17,38|11,14,22,27,33,34
6,8,10,13,17,38|11,14,22,27,33,34|15,18,23,25,26,32
6,9,10,13,20,23|8,11,18,21,26,38|25,28,31,33,34,40
6,10,13,23,26,29|8,18,25,28,31,34|11,15,27,32,33,38
6,11,13,26,33,38|8,18,25,28,31,34|9,10,20,21,23,40
6,11,27,31,33,34|8,10,13,28,29,38|15,18,23,25,26,32
6,14,20,27,33,34|8,10,13,28,29,38|15,18,23,25,26,32
8,10,13,28,29,38|11,14,22,27,33,34|15,18,23,25,26,32
8,10,17,21,38,40|11,13,20,28,33,34|15,18,23,25,26,32
8,16,18,22,26,38|9,10,15,23,25,40|11,13,20,28,33,34
8,19,20,21,26,38|9,10,11,13,22,23|25,28,31,33,34,40
8,22,25,27,34,40|10,11,21,29,33,38|16,18,23,26,28,32
1,2,10,13,22,30|6,11,25,27,33,34|8,16,18,26,28,38
1,3,10,21,30,32|2,7,12,15,17,25|6,13,20,26,33,38
1,6,9,23,25,27|2,3,8,13,22,26|10,14,15,17,33,38
1,6,10,16,33,34|2,3,8,13,22,26|17,23,25,27,28,29
1,8,15,17,27,38|2,3,6,16,26,33|9,10,11,13,23,28
1,8,17,21,26,33|2,3,6,14,27,38|9,10,11,13,23,28
1,9,14,23,27,28|2,3,6,16,26,33|8,10,13,17,22,38
1,9,15,20,23,27|2,3,6,16,26,33|8,10,13,17,22,38
1,10,14,15,33,34|2,3,8,13,22,26|17,23,25,27,28,29
1,13,17,22,23,26|2,3,6,14,27,38|8,9,10,15,25,33
1,15,17,25,33,38|2,3,8,13,22,26|6,9,10,14,23,27
1,15,23,26,27,29|2,3,11,13,28,38|8,9,10,20,21,33
1,16,17,28,33,38|2,3,8,13,22,26|6,9,10,14,23,27
1,17,20,21,33,38|2,3,8,13,22,26|6,9,10,14,23,27
2,7,12,15,17,25|3,6,14,26,27,30|8,9,10,16,28,33
2,7,12,16,17,28|3,6,14,26,27,30|8,9,10,15,25,33
2,7,12,17,20,21|3,6,14,26,27,30|8,9,10,15,25,33
3,10,11,17,21,30|6,13,20,26,33,38|8,25,27,28,34,40
3,10,15,17,30,31|6,11,25,27,33,34|8,16,18,26,28,38
3,10,16,17,22,30|6,11,25,27,33,34|8,18,20,21,26,38
8,15,18,25,26,38|9,10,11,13,23,28|14,20,22,27,33,34
1,9,22,23,25,27|2,3,8,10,17,21|11,13,26,28,33,38
1,9,23,27,28,31|2,3,8,10,17,21|13,20,22,26,33,38
1,13,22,23,29,32|2,6,11,16,18,30|8,14,15,19,20,34
2,14,19,22,30,31|6,8,11,16,18,34|15,17,23,25,29,40
3,6,11,13,30,32|8,14,15,19,20,34|16,17,23,28,29,40
6,8,16,19,20,34|11,13,17,22,23,29|14,15,32,33,38,40
1,3,11,21,29,30|6,8,14,18,25,34|15,31,32,33,38,40
1,3,15,29,30,31|6,8,14,18,25,34|11,21,32,33,38,40
1,3,16,22,29,30|6,8,14,18,25,34|11,21,32,33,38,40
1,6,8,9,16,33|2,7,12,14,15,29|3,11,13,22,30,32
1,6,13,17,23,32|2,7,12,14,15,29|8,11,16,18,22,34
1,8,9,14,15,33|2,6,7,12,16,29|3,11,13,22,30,32
1,8,13,22,29,38|2,6,14,18,25,30|11,15,31,33,34,40
1,13,23,28,29,32|2,6,14,18,25,30|8,11,19,20,21,34
1,17,21,23,32,40|2,6,7,12,16,29|8,11,15,18,31,34
2,6,7,12,16,29|3,11,13,22,30,32|8,14,15,18,20,34
2,6,14,27,30,40|8,11,15,18,31,34|13,17,20,22,23,29
2,6,15,18,28,30|8,11,19,20,21,34|16,22,32,33,38,40
2,6,16,18,20,30|8,11,13,28,34,40|14,15,19,23,26,32
2,7,12,14,15,29|3,6,13,20,30,32|8,11,16,18,22,34
2,11,15,18,30,31|6,8,14,27,34,40|13,17,20,22,23,29
2,11,15,19,25,30|6,8,14,27,34,40|13,17,20,22,23,29
2,11,16,19,28,30|6,8,14,18,25,34|10,21,23,29,32,40
2,11,19,20,21,30|6,8,14,18,25,34|15,31,32,33,38,40
2,14,15,18,20,30|6,8,19,25,31,34|10,21,23,29,32,40
2,14,18,22,30,31|6,10,13,23,29,32|8,11,15,19,25,34
2,14,19,22,25,30|6,8,15,18,28,34|10,21,23,29,32,40
2,14,19,28,30,31|6,8,16,18,20,34|10,21,23,29,32,40
2,15,19,20,30,31|6,8,14,18,25,34|10,21,23,29,32,40
2,15,19,22,28,30|6,8,14,18,25,34|10,21,23,29,32,40
2,16,19,20,22,30|6,8,14,18,25,34|10,21,23,29,32,40
3,15,25,30,32,40|6,8,16,18,20,34|11,13,17,23,28,29
3,16,28,30,32,40|6,8,14,18,25,34|13,17,20,22,23,29
3,20,21,30,32,40|6,8,14,18,25,34|11,13,17,23,28,29
6,14,25,33,34,40|8,11,18,21,32,38|13,17,20,22,23,29
6,15,28,33,34,40|8,11,18,21,32,38|13,17,20,22,23,29
8,15,19,25,32,38|11,13,17,23,28,29|14,22,31,33,34,40
8,16,18,22,32,38|11,13,17,23,28,29|14,15,20,33,34,40
8,16,19,28,32,38|11,15,31,33,34,40|13,17,20,22,23,29
8,19,20,21,32,38|11,13,17,23,28,29|14,22,31,33,34,40
1,2,3,8,21,29|6,9,10,16,23,40|11,13,22,32,33,38
1,3,6,16,17,30|2,7,11,12,21,29|8,13,20,28,34,40|14,15,18,23,26,32
1,3,14,15,17,30|2,7,11,12,21,29|6,8,13,26,32,33
1,3,16,28,29,30|6,8,13,26,32,33|9,10,14,15,23,40
1,3,20,21,29,30|6,8,13,26,32,33|9,10,14,15,23,40
1,6,9,13,20,23|2,3,14,15,32,33|8,10,21,29,38,40
1,6,13,23,26,29|2,3,14,15,32,33|8,11,16,18,28,34
1,8,9,11,21,33|2,3,6,16,38,40|10,13,22,23,29,32
1,8,9,15,31,33|2,3,6,16,38,40|10,13,22,23,29,32
1,8,9,16,22,33|2,3,14,15,38,40|6,17,23,27,29,31
1,8,13,28,29,38|2,3,6,16,32,33|9,10,14,15,23,40
1,9,11,13,22,23|2,3,6,16,32,33|8,10,21,29,38,40
1,9,15,23,25,40|2,3,6,16,32,33|8,11,18,20,21,34
1,9,20,21,23,40|2,3,6,16,32,33|8,11,15,18,25,34
1,11,21,29,33,38|2,3,8,13,22,32|6,9,10,16,23,40
1,13,17,22,23,32|2,3,6,16,38,40|8,11,15,18,25,34
1,15,23,27,29,32|2,3,6,16,38,40|8,11,18,20,21,34
1,15,29,31,33,38|2,3,8,13,22,32|6,9,10,16,23,40
1,16,22,29,33,38|2,6,18,25,30,31|8,11,15,27,34,40
1,21,23,26,29,40|2,3,6,16,32,33|8,11,15,18,25,34
2,7,11,12,21,29|3,6,14,27,30,32|8,13,20,28,34,40
2,7,12,15,29,31|3,6,14,27,30,32|8,11,16,18,28,34
2,7,12,16,22,29|3,6,14,27,30,32|8,11,15,18,25,34
2,11,15,18,25,30|6,8,10,13,29,38|14,28,31,33,34,40|16,19,22,23,26,32
2,11,15,27,30,40|6,8,10,13,29,38|16,19,22,23,26,32
2,11,16,18,28,30|6,8,10,13,29,38|14,22,25,33,34,40|15,19,23,26,31,32
2,11,18,20,21,30|6,8,10,13,29,38|14,22,25,33,34,40|15,19,23,26,31,32
2,13,20,28,30,40|6,8,16,19,26,38|11,15,17,23,27,29
2,14,18,22,25,30|6,8,10,13,29,38|11,16,28,33,34,40|15,19,23,26,31,32
2,14,18,28,30,31|6,8,10,13,29,38|11,15,25,33,34,40|16,19,22,23,26,32
2,14,19,25,28,30|6,8,10,13,29,38|11,20,21,33,34,40
2,14,22,27,30,40|6,8,10,13,29,38|11,19,21,23,26,32
2,15,18,20,30,31|6,8,10,13,29,38|11,16,28,33,34,40
2,15,18,22,28,30|6,8,10,13,29,38|11,19,21,23,26,32
2,15,19,20,25,30|6,8,10,13,29,38|11,16,28,33,34,40
2,16,18,20,22,30|6,8,10,13,29,38|11,15,25,33,34,40
2,16,19,20,28,30|6,8,10,13,29,38|11,15,25,33,34,40
2,19,22,25,30,31|6,8,10,13,29,38|11,16,28,33,34,40|14,15,18,23,26,32
3,6,10,16,29,30|8,11,15,18,25,34|13,22,23,26,32,40
3,11,13,28,30,32|6,8,16,19,26,38|9,10,14,15,23,40
3,13,20,22,30,32|6,8,16,19,26,38|9,10,14,15,23,40
6,8,10,13,29,38|11,15,25,33,34,40|16,19,22,23,26,32
6,8,18,25,31,34|9,10,14,15,23,40|11,13,22,32,33,38
6,11,13,20,33,34|8,10,21,29,38,40|14,15,18,23,26,32
6,13,20,32,33,38|8,11,15,18,25,34|14,17,22,23,27,29
6,17,23,27,29,31|8,11,15,18,25,34|16,28,32,33,38,40
6,25,31,33,34,40|8,14,15,19,26,38|10,13,22,23,29,32
8,14,15,19,26,38|10,13,22,23,29,32|11,16,28,33,34,40
8,14,18,22,25,34|11,15,17,23,27,29|16,28,32,33,38,40
8,15,18,25,32,38|11,16,28,33,34,40|14,17,22,23,27,29
8,16,19,20,28,34|9,10,14,15,23,40|11,13,22,32,33,38
1,3,11,17,21,30|2,7,12,15,25,29|6,8,9,10,16,33|13,23,26,28,32,40
1,3,15,17,30,31|2,7,12,16,28,29|6,8,25,27,34,40|11,18,21,23,26,32
1,3,16,17,22,30|2,7,12,15,25,29|6,9,10,11,13,23|8,14,27,28,34,40
1,6,9,14,23,27|2,3,8,13,28,32|15,20,25,33,34,40
1,6,16,17,33,38|2,3,8,13,28,32|9,10,11,21,23,40
1,8,9,15,25,33|2,3,6,11,13,38|10,17,21,23,32,40
1,8,9,16,28,33|2,3,6,11,13,38|10,17,21,23,32,40
1,8,9,20,21,33|2,3,6,11,13,38|14,17,23,27,28,29
1,8,13,17,22,38|2,3,11,21,32,33|9,10,15,23,31,40
1,8,15,27,29,38|2,3,11,21,32,33|9,10,16,22,23,40
1,8,21,26,29,33|2,3,6,11,13,38|9,10,15,23,31,40
1,9,11,13,23,28|2,3,15,31,32,33|6,8,16,18,26,38
1,9,13,20,22,23|2,3,11,21,32,33|6,8,16,18,26,38
1,13,17,23,28,32|2,3,11,21,38,40|6,8,9,10,16,33
1,13,22,23,26,29|2,3,11,21,32,33|6,8,25,27,34,40
1,14,15,17,33,38|2,3,8,13,28,32|9,10,11,21,23,40
1,15,25,29,33,38|2,3,8,13,28,32|9,10,11,21,23,40
1,16,28,29,33,38|2,6,25,27,30,40|11,18,21,23,26,32
1,20,21,29,33,38|2,3,8,13,28,32|9,10,15,23,31,40
2,3,6,11,13,38|8,9,10,14,15,33|16,18,22,23,26,32
2,3,11,21,32,33|6,8,16,18,26,38|9,10,15,23,31,40
2,3,11,21,38,40|6,8,9,10,16,33|14,17,23,27,28,29
2,3,15,31,32,33|6,8,16,18,26,38|9,10,11,21,23,40
2,3,15,31,38,40|6,8,9,10,16,33|11,18,21,23,26,32
2,3,16,22,38,40|6,9,10,11,13,23|8,14,18,25,28,34
2,6,7,12,16,17|3,10,11,21,29,30|8,13,22,26,32,33
2,6,25,27,30,40|8,9,10,14,15,33|11,18,21,23,26,32
2,7,12,14,15,17|3,6,11,13,26,30|8,16,18,20,28,34
2,7,12,15,25,29|3,6,11,13,26,30|8,14,27,28,34,40
2,7,12,16,28,29|3,6,11,13,26,30|8,9,10,14,15,33
2,7,12,20,21,29|3,6,11,13,26,30|8,9,10,14,15,33
2,14,18,25,28,30|6,8,9,10,16,33|15,17,20,23,27,29
2,14,27,28,30,40|6,8,9,10,16,33|11,18,21,23,26,32
2,15,18,20,25,30|6,8,9,10,16,33|13,23,26,28,32,40
2,15,20,27,30,40|6,8,9,10,16,33|11,18,21,23,26,32
2,16,18,20,28,30|6,8,25,27,34,40|10,14,15,29,33,38
2,18,22,25,30,31|6,8,9,10,16,33|13,23,26,28,32,40
2,19,25,28,30,31|6,8,9,10,16,33|11,18,21,23,26,32
2,22,27,30,31,40|6,8,9,10,16,33|11,18,21,23,26,32
3,6,11,13,26,30|8,9,10,14,15,33|17,22,23,27,29,31
3,10,11,21,29,30|6,8,16,18,26,38|14,25,28,33,34,40
3,10,15,29,30,31|6,8,16,18,26,38|11,13,20,22,33,34
3,10,16,22,29,30|6,8,25,27,34,40|11,13,28,32,33,38
3,11,21,26,30,40|6,8,9,10,16,33|14,17,23,27,28,29
3,13,20,28,30,32|6,8,9,10,16,33|17,22,23,27,29,31
3,15,26,30,31,40|6,8,9,10,16,33|14,17,23,27,28,29
3,16,22,26,30,40|6,9,10,11,13,23|8,14,18,25,28,34
6,9,10,11,13,23|8,14,15,18,26,38|16,20,28,33,34,40
6,10,13,17,23,32|8,11,19,21,26,38|14,25,28,33,34,40
6,10,16,29,33,38|8,14,18,25,28,34|19,20,21,23,26,32
6,11,14,27,33,34|8,10,13,22,29,38|15,18,23,26,31,32
6,14,27,32,33,38|8,15,18,20,25,34|9,10,11,21,23,40
6,16,26,33,38,40|8,14,18,25,28,34|15,17,20,23,27,29
8,10,13,22,29,38|11,18,21,23,26,32|14,25,28,33,34,40
8,14,18,25,28,34|9,10,11,21,23,40|13,20,22,32,33,38
8,19,25,28,31,34|9,10,11,21,23,40|13,20,22,32,33,38
1,10,13,22,30,38|2,15,18,23,25,26|3,8,14,27,28,34
2,8,13,26,28,33|3,9,10,11,21,23|7,12,15,17,25,38
2,11,15,27,33,38|3,9,10,16,22,23|7,8,12,17,21,26
2,15,18,23,25,26|3,8,14,27,28,34|7,12,17,20,21,38
2,15,23,26,27,40|3,14,25,28,33,34|7,12,17,20,21,38
2,16,18,23,26,28|3,6,8,25,27,34|7,12,17,20,21,38
2,18,20,21,23,26|3,6,8,25,27,34|7,12,16,17,28,38
3,8,13,22,26,38|6,7,10,12,16,34|25,27,28,30,32,33
3,8,22,27,31,34|7,12,15,17,25,38|13,20,26,28,30,33
3,9,10,11,21,23|6,26,27,30,31,33|7,12,15,17,25,38
3,9,10,15,23,31|7,8,12,17,21,26|25,27,28,30,32,33
3,9,10,16,22,23|6,26,27,30,31,33|7,12,15,17,25,38
1,3,8,17,21,38|2,10,13,23,28,29|6,14,26,27,30,33
1,3,9,15,23,25|2,6,14,27,33,38|8,10,13,17,28,30
1,3,9,20,21,23|2,6,14,27,33,38|8,10,13,17,28,30
1,3,21,23,26,29|2,6,14,27,33,38|8,10,13,17,28,30
1,6,10,13,30,38|2,11,18,21,23,26|3,8,14,22,27,34
1,10,21,30,32,33|2,13,23,26,28,40|3,6,8,27,31,34|7,12,16,17,22,38
2,6,10,13,17,23|3,8,11,15,27,34|18,25,28,30,31,38
2,8,13,22,26,33|3,6,9,10,16,23|7,11,12,17,21,38
2,10,13,23,28,29|3,6,8,27,31,34|7,11,12,17,21,38
2,10,17,21,23,40|3,6,8,13,26,38|22,25,27,30,32,33
2,11,18,21,23,26|3,6,8,27,31,34|7,12,16,17,22,38
2,13,23,26,28,40|3,6,8,27,31,34|7,11,12,17,21,38
2,15,18,23,26,31|3,8,10,21,29,38|22,25,27,30,32,33
2,15,19,23,25,26|3,6,8,27,31,34|7,11,12,17,21,38
2,16,18,22,23,26|3,6,8,27,31,34|7,11,12,17,21,38
2,16,19,23,26,28|3,6,8,27,31,34|7,11,12,17,21,38
2,19,20,21,23,26|3,6,8,27,31,34|7,12,16,17,22,38
3,6,8,27,31,34|7,11,12,17,21,38|13,20,22,26,30,33
3,6,9,10,16,23|7,11,12,17,21,38|13,20,22,26,30,33
3,8,13,20,28,34|6,14,26,27,30,33|7,11,12,17,21,38
3,9,10,14,15,23|7,11,12,17,21,38|13,20,22,26,30,33
1,3,17,21,23,26|2,6,25,27,33,38|7,10,12,15,31,34
1,2,13,22,23,29|3,8,11,21,34,40|6,14,18,25,30,38
1,3,21,23,29,32|2,6,8,16,18,38|14,15,26,30,33,40
2,6,8,16,18,38|3,11,17,21,23,29|13,20,22,30,32,33
2,6,16,33,38,40|3,11,17,21,23,29|7,8,9,12,14,15
2,8,11,19,21,38|3,15,17,23,29,31|6,14,27,30,32,33
2,8,13,22,32,33|3,11,17,21,23,29|6,14,18,25,30,38
2,8,13,22,38,40|3,11,17,21,23,29|6,14,27,30,32,33
2,8,14,15,18,38|3,11,17,21,23,29|6,16,26,30,33,40
2,8,15,19,31,38|3,11,17,21,23,29|6,14,27,30,32,33
2,8,16,19,22,38|3,11,17,21,23,29|6,14,27,30,32,33
2,11,18,21,23,32|3,8,15,31,34,40|6,7,12,16,29,38
2,13,23,28,32,40|6,7,8,9,12,16|10,14,15,29,30,33
2,15,18,23,31,32|3,6,8,11,13,34|14,19,22,25,30,38
2,15,19,23,25,32|3,6,8,11,13,34|14,18,22,30,31,38
2,16,18,22,23,32|3,6,8,11,13,34|7,12,14,15,29,38
2,16,19,23,28,32|3,6,8,11,13,34|7,12,14,15,29,38
2,19,20,21,23,32|3,6,8,11,13,34|7,12,14,15,29,38
3,8,11,21,34,40|6,7,12,16,29,38|13,20,22,30,32,33
3,8,15,31,34,40|6,7,12,16,29,38|11,13,28,30,32,33
3,11,17,21,23,29|6,7,8,9,12,16|13,20,22,30,32,33
3,15,17,23,29,31|6,7,8,9,12,16|11,13,28,30,32,33
1,2,6,13,23,29|3,8,14,15,34,40|11,16,19,22,30,38
2,6,8,13,32,33|3,14,15,17,23,29|11,16,19,22,30,38
2,6,8,16,19,38|3,14,15,17,23,29|11,13,22,30,32,33
2,8,14,15,19,38|3,6,16,17,23,29|11,13,22,30,32,33
2,8,21,32,33,40|3,6,16,17,23,29|11,14,15,18,30,38
1,2,8,17,21,33|3,6,13,23,26,32|7,12,15,25,29,38
1,2,13,17,22,23|3,6,8,14,27,34|7,12,15,25,29,38|16,26,28,30,33,40
1,2,15,23,27,29|3,6,14,25,33,34|7,8,9,12,16,28
1,3,9,11,21,23|2,6,8,13,26,33|7,12,14,15,17,38
1,3,9,15,23,31|2,6,8,13,26,33|7,12,16,28,29,38
1,3,9,16,22,23|2,6,8,13,26,33|7,12,14,15,17,38
1,3,17,21,23,32|2,6,8,13,26,33|7,12,15,25,29,38
1,8,15,17,27,30|2,6,13,20,33,38|3,10,21,23,29,32
1,15,17,25,30,33|2,6,16,18,23,26|3,8,11,13,28,34|7,12,20,21,29,38
1,16,17,28,30,33|2,8,15,18,25,38|3,6,13,23,26,32
1,17,20,21,30,33|2,6,16,18,23,26|3,8,11,13,28,34|7,12,15,25,29,38
2,6,8,13,26,33|3,10,21,23,29,32|7,12,14,15,17,38
2,6,13,20,33,38|3,10,21,23,29,32|7,8,9,12,15,25
2,6,16,18,23,26|3,8,11,13,28,34|7,12,14,15,17,38|10,20,21,29,30,33
2,8,10,21,29,33|3,6,13,23,26,32|7,12,14,15,17,38
2,8,15,18,25,38|3,6,13,23,26,32|10,16,28,29,30,33
2,8,15,27,38,40|3,6,13,23,26,32|10,16,28,29,30,33
2,8,16,18,28,38|3,6,13,23,26,32|10,14,15,17,30,33
2,8,18,20,21,38|3,6,13,23,26,32|10,14,15,17,30,33
2,10,13,22,23,29|3,6,8,14,27,34|15,18,20,25,30,38
2,11,19,21,23,26|3,6,8,14,27,34|7,12,15,25,29,38
2,13,22,23,26,40|3,6,8,14,27,34|7,12,15,25,29,38
2,14,15,18,23,26|3,6,16,20,33,34|8,10,13,17,22,30
2,15,19,23,26,31|3,6,8,14,27,34|7,12,16,28,29,38
2,16,19,22,23,26|3,6,8,14,27,34|7,12,15,25,29,38
3,6,8,14,27,34|7,12,15,25,29,38|11,13,22,26,30,33
3,6,13,23,26,32|7,8,9,12,15,25|10,16,28,29,30,33
3,6,14,25,33,34|7,8,9,12,16,28|15,20,27,30,38,40
3,6,15,28,33,34|7,8,9,12,20,21|18,22,25,30,31,38
3,6,16,20,33,34|7,8,9,12,15,25|14,27,28,30,38,40
3,8,11,13,28,34|6,7,12,16,17,38|10,15,25,29,30,33
3,8,13,20,22,34|6,7,12,16,17,38|10,15,25,29,30,33
3,10,21,23,29,32|6,7,12,16,17,38|8,15,18,25,26,30
3,11,15,31,33,34|6,7,12,16,17,38|8,18,20,21,26,30
3,11,16,22,33,34|6,25,27,30,38,40|7,8,9,12,20,21
3,14,22,31,33,34|6,7,12,16,17,38|8,10,15,27,29,30
3,21,23,26,32,40|6,7,12,16,17,38|8,10,15,27,29,30
1,2,6,13,17,23|3,8,15,25,34,40|7,11,12,21,29,38|14,22,27,30,32,33
1,2,13,23,28,29|3,6,11,16,33,34|7,8,9,12,15,31|14,18,22,25,30,38
1,2,17,21,23,40|3,6,8,13,20,34|7,12,15,29,31,38|14,22,27,30,32,33
1,3,6,9,16,23|2,8,11,18,21,38|10,15,29,30,31,33
1,3,8,21,29,38|2,6,13,23,26,40|11,15,27,30,32,33
1,3,9,14,15,23|2,6,11,13,33,38|7,8,12,17,21,32
1,8,13,17,28,30|2,6,16,19,23,26|3,11,14,15,33,34
1,11,17,21,30,33|2,6,10,13,23,29|3,8,15,25,34,40
1,15,17,30,31,33|2,6,10,13,23,29|3,8,16,28,34,40
1,16,17,22,30,33|2,6,10,13,23,29|3,8,15,25,34,40
2,6,10,13,23,29|3,8,15,25,34,40|11,16,18,28,30,38
2,6,13,23,26,40|3,11,14,15,33,34|7,8,9,12,16,22
2,6,16,19,23,26|3,8,11,13,22,34|7,12,15,29,31,38
2,8,13,28,32,33|3,15,17,23,25,29|6,27,30,31,38,40
2,10,21,23,29,40|3,6,8,13,20,34|11,15,18,25,30,38
2,14,15,19,23,26|3,6,8,13,20,34|7,11,12,21,29,38
2,15,18,23,25,32|3,6,8,13,20,34|7,11,12,21,29,38|16,22,26,30,33,40
2,15,23,27,32,40|3,6,8,13,20,34|7,11,12,21,29,38
2,16,18,23,28,32|3,6,8,13,20,34|7,11,12,21,29,38|15,26,30,31,33,40
2,18,20,21,23,32|3,6,11,16,33,34|7,8,9,12,15,31|14,19,25,28,30,38
3,6,8,13,20,34|7,11,12,21,29,38|14,22,27,30,32,33
3,6,11,16,33,34|7,8,9,12,15,31|13,20,28,30,38,40
3,6,14,31,33,34|7,8,9,11,12,21|13,20,28,30,38,40
3,6,15,22,33,34|7,8,9,11,12,21|13,20,28,30,38,40
3,8,15,25,34,40|6,11,13,26,30,33|7,12,16,22,29,38
3,8,16,28,34,40|6,11,13,26,30,33|7,12,15,29,31,38
3,8,20,21,34,40|6,11,13,26,30,33|7,12,15,29,31,38
3,11,14,15,33,34|6,8,10,13,17,30|7,12,16,22,29,38
3,15,17,23,25,29|6,11,13,26,30,33|7,8,9,12,16,22
3,16,17,23,28,29|6,11,13,26,30,33|7,8,9,12,15,31
3,17,20,21,23,29|6,11,13,26,30,33|7,8,9,12,15,31
1,2,3,21,23,29|6,8,14,27,33,34|7,12,15,17,30,31
1,7,12,21,30,32|2,3,6,8,13,38|11,15,18,23,25,34
1,9,11,21,23,33|2,3,6,8,13,38|7,12,15,17,30,31
1,9,15,23,31,33|2,3,6,8,13,38|7,11,12,17,21,30
1,9,16,22,23,33|2,3,6,8,13,38|7,11,12,17,21,30
1,13,23,28,29,38|2,3,8,21,32,33|7,12,15,17,30,31
2,3,6,8,13,38|7,11,12,17,21,30|14,18,22,23,25,34
2,3,8,21,32,33|6,10,13,23,29,38|7,12,15,17,30,31
2,3,8,21,38,40|6,13,23,26,32,33|7,12,15,17,30,31
2,3,13,22,23,32|6,8,14,27,33,34|7,11,12,17,21,30
6,8,14,27,33,34|7,11,12,17,21,30|15,18,23,25,32,38
6,16,19,23,26,38|7,11,12,17,21,30|8,13,20,22,33,34
6,18,23,25,31,34|7,11,12,17,21,30|8,13,28,32,33,38
6,23,27,31,34,40|7,11,12,17,21,30|8,13,28,32,33,38
7,11,12,17,21,30|8,13,20,22,33,34|14,15,19,23,26,38
1,8,9,15,23,27|2,3,6,16,33,38|7,12,17,20,21,30
1,9,15,23,25,33|2,3,8,13,22,38|7,12,16,17,28,30
1,9,16,23,28,33|2,3,8,13,22,38|7,12,15,17,25,30
1,9,20,21,23,33|2,3,8,13,22,38|7,12,15,17,25,30
1,15,23,27,29,38|2,7,8,12,17,21|3,6,16,26,30,33
1,21,23,26,29,33|2,3,8,13,22,38|7,12,15,17,25,30
2,3,6,16,33,38|7,12,15,17,25,30|8,9,10,13,22,23
2,3,8,13,22,38|6,9,10,16,23,33|7,12,15,17,25,30
2,3,13,23,28,32|6,8,27,31,33,34|7,12,15,17,25,30
2,3,14,15,33,38|6,23,25,27,34,40|7,12,16,17,28,30
2,7,8,12,17,21|3,6,14,27,30,38|13,22,23,26,32,33
6,8,13,26,33,38|7,12,15,17,25,30|14,23,27,28,34,40
6,8,27,31,33,34|7,12,15,17,25,30|10,13,22,23,29,38
6,16,18,23,26,38|7,12,15,17,25,30|8,13,20,28,33,34
6,23,25,27,34,40|7,12,16,17,28,30|8,10,21,29,33,38
6,8,11,13,33,34|7,12,15,29,30,31|16,19,22,23,32,38
6,8,13,32,33,38|7,11,12,21,29,30|14,15,19,20,23,34
6,11,16,18,23,34|7,12,15,29,30,31|8,21,32,33,38,40
6,16,18,23,32,38|7,11,12,21,29,30|8,15,31,33,34,40
7,11,12,21,29,30|8,15,31,33,34,40|16,19,22,23,32,38
7,12,15,29,30,31|8,11,21,33,34,40|16,19,22,23,32,38
7,12,16,22,29,30|8,11,21,33,34,40|14,15,18,23,32,38
1,6,9,16,23,33|2,7,8,12,21,29|3,15,30,31,38,40
1,8,21,29,33,38|2,3,6,13,23,32|7,12,14,15,17,30
1,9,14,15,23,33|2,7,8,12,21,29|3,6,11,13,30,38
2,3,6,13,23,32|7,12,14,15,17,30|8,16,28,33,34,40
2,3,21,23,32,40|6,7,12,16,17,30|8,11,13,22,33,34
2,7,8,12,21,29|3,6,11,13,30,38|14,15,18,20,23,34
6,7,12,16,17,30|8,11,13,22,33,34|15,18,23,31,32,38
6,8,13,20,33,34|7,12,14,15,17,30|11,18,21,23,32,38
6,14,18,23,25,34|7,12,16,28,29,30|8,13,22,32,33,38
6,14,23,27,34,40|7,12,15,25,29,30|8,13,22,32,33,38
6,15,18,23,28,34|7,12,20,21,29,30|8,13,22,32,33,38
6,16,18,20,23,34|7,12,14,15,17,30|8,13,22,32,33,38
6,19,23,25,31,34|7,12,14,15,17,30|8,13,22,32,33,38
7,12,14,15,17,30|8,11,13,22,33,34|16,19,23,28,32,38
7,12,15,25,29,30|8,11,13,22,33,34|16,19,23,28,32,38
7,12,16,28,29,30|8,11,13,22,33,34|15,18,23,31,32,38
7,12,20,21,29,30|8,11,13,22,33,34|15,18,23,31,32,38
1,2,7,12,21,38|3,8,15,26,27,30|9,10,16,23,28,33
1,7,12,21,26,30|2,3,8,15,27,38|9,10,16,23,28,33
2,3,6,13,23,26|7,10,12,21,30,32|8,14,27,28,33,34
2,3,8,13,28,38|7,10,12,21,30,32|22,23,25,27,34,40
2,3,15,31,33,38|7,10,12,21,30,32|22,23,25,27,34,40
2,3,16,22,33,38|7,10,12,21,30,32|18,23,25,28,31,34
6,8,25,27,33,34|7,10,12,21,30,32|13,23,26,28,38,40
7,10,12,21,30,32|8,13,22,26,33,38|18,23,25,28,31,34
1,2,3,16,17,25|8,9,10,14,27,31|11,18,20,26,38,39
1,2,3,17,20,39|8,9,10,11,16,27|14,18,25,26,31,38
1,2,3,17,21,28|8,9,10,11,16,27|13,20,25,26,32,33
1,6,10,13,28,34|2,3,14,25,27,32|11,18,20,26,38,39
1,8,9,25,27,31|2,3,6,10,17,21|11,18,20,26,38,39
1,10,11,13,31,34|2,3,14,25,27,32|16,18,22,26,28,38
1,10,13,14,20,34|2,3,15,27,28,32|11,16,18,25,26,38
1,11,16,17,27,38|2,3,6,13,26,28|9,10,14,25,31,33
1,13,17,20,25,38|2,3,10,21,28,29|11,16,26,27,32,33
1,14,17,27,31,38|2,3,6,13,26,28|9,10,11,16,25,33
1,15,17,22,27,38|2,3,6,13,26,28|9,10,11,16,25,33
1,16,17,26,31,33|2,3,10,20,29,39|22,25,27,28,34,40
1,2,3,11,17,39|6,8,9,10,15,27|13,20,26,31,32,33
1,2,3,16,17,31|6,8,9,10,15,27|11,13,25,26,32,33
1,2,3,17,21,22|6,8,9,10,15,27|11,13,25,26,32,33
1,6,10,13,22,34|2,3,11,16,27,32|14,15,18,26,28,38
1,6,15,17,27,38|2,3,10,11,29,39|13,20,26,31,32,33
1,6,17,21,26,33|2,3,10,11,29,39|14,20,25,27,34,40
1,8,9,14,25,27|2,3,6,13,22,26|10,11,17,32,33,39
1,8,9,15,27,28|2,3,6,13,22,26|10,11,17,32,33,39
1,8,9,16,20,27|2,3,6,13,22,26|10,11,17,32,33,39
1,8,13,17,26,31|2,3,10,11,29,39|6,25,27,28,34,40
1,8,16,26,27,29|2,3,13,20,25,32|9,10,11,21,22,33
1,9,15,25,28,33|2,3,6,13,22,26|10,11,17,38,39,40
1,9,16,20,25,33|2,3,6,13,22,26|10,11,17,38,39,40
1,9,20,21,28,33|2,3,6,13,22,26|10,11,17,38,39,40
1,10,11,13,14,34|2,3,15,22,27,32|6,16,18,26,28,38
1,10,13,14,32,38|2,3,11,26,39,40|15,18,20,25,28,34
1,10,32,38,39,40|2,3,6,13,22,26|15,18,20,25,28,34
1,11,13,17,25,38|2,3,10,16,29,31|6,15,26,27,32,33
1,13,17,20,31,38|2,3,10,11,29,39|6,15,26,27,32,33
1,13,17,22,28,38|2,3,10,11,29,39|6,15,26,27,32,33
1,14,16,17,26,33|2,3,10,11,29,39|6,25,27,28,34,40
1,14,25,27,29,38|2,3,6,13,22,26|9,10,11,16,31,33
1,15,27,28,29,38|2,3,6,13,22,26|9,10,11,16,31,33
1,16,20,27,29,38|2,3,6,13,22,26|9,10,14,15,28,33
1,16,25,26,29,33|2,3,14,27,31,32|6,10,13,17,22,38
1,20,26,29,33,39|2,3,11,16,27,32|6,10,13,17,22,38
1,21,26,28,29,33|2,3,11,16,27,32|6,10,13,17,22,38
2,3,6,13,22,26|9,10,11,16,31,33|14,20,25,27,34,40
2,3,10,11,29,39|6,15,18,25,26,38|22,27,28,31,34,40
2,3,11,13,14,26|6,8,9,10,15,27|18,22,25,28,31,34
2,3,11,16,27,32|6,9,10,15,25,33|13,20,26,31,38,40
2,3,11,26,39,40|6,8,9,10,15,27|18,22,25,28,31,34
2,3,13,20,25,32|6,8,9,10,15,27|11,16,18,26,31,38
2,3,14,27,31,32|6,9,10,15,25,33|11,18,21,22,26,38
2,3,15,22,27,32|6,9,10,16,28,33|11,13,25,26,38,40
6,9,10,20,21,33|8,11,13,26,27,32|18,22,25,28,31,34
6,10,21,26,29,33|11,13,20,27,32,38|18,22,25,28,31,34
6,18,20,21,26,38|8,9,10,11,13,25|22,27,28,31,34,40
6,25,27,28,34,40|8,9,10,13,20,31|11,18,21,22,26,38
8,9,10,13,22,28|11,16,18,26,31,38|14,20,25,27,34,40
8,10,13,17,25,32|11,16,18,26,31,38|15,20,27,28,34,40
10,14,16,26,29,33|11,13,20,27,32,38|18,22,25,28,31,34
1,2,3,6,17,21|8,9,10,11,13,31|14,15,18,22,26,38
1,2,3,14,16,17|6,8,9,10,13,28|11,19,21,22,26,38
1,2,3,16,25,29|6,8,9,10,13,28|11,19,21,22,26,38|14,20,27,31,34,40
1,2,3,20,29,39|6,8,9,10,13,28|11,14,16,18,26,38
1,2,3,21,28,29|6,9,10,15,31,33|8,16,18,25,26,32
1,6,10,21,34,40|2,3,11,13,25,32|14,15,18,22,26,38
1,6,13,17,28,38|2,3,10,14,16,29|8,18,20,26,32,39
1,8,9,11,16,27|2,3,6,10,21,29|13,14,20,26,32,33|19,22,25,28,31,34
1,8,9,13,20,25|2,3,6,10,21,29|11,14,16,18,26,38
1,8,9,14,27,31|2,3,6,10,21,29|11,15,18,25,28,34|20,26,32,33,39,40
1,8,9,15,22,27|2,3,6,10,21,29|11,13,26,31,32,33
1,8,10,17,29,39|2,3,6,15,27,32|11,13,26,31,38,40|14,18,22,25,28,34
1,8,13,14,17,26|2,3,6,10,21,29|11,15,18,25,28,34|16,20,27,32,38,40
1,8,13,25,26,29|2,3,6,15,27,32|9,10,11,14,16,33
1,8,16,17,27,32|2,3,6,10,21,29|11,13,26,31,38,40|14,18,22,25,28,34
1,8,17,26,39,40|2,3,6,10,21,29|11,15,18,25,28,34
1,9,11,16,25,33|2,3,6,10,21,29|8,18,20,26,32,39|14,22,27,28,34,40
1,9,11,20,33,39|2,3,6,10,21,29|8,16,18,25,26,32|14,22,27,28,34,40
1,9,11,21,28,33|2,3,6,15,27,32|8,10,13,14,26,29
1,9,14,25,31,33|2,3,6,10,21,29|8,16,26,27,32,40
1,9,15,22,25,33|2,3,6,10,21,29|8,16,26,27,32,40
1,9,15,28,31,33|2,3,6,10,21,29|8,16,18,25,26,32
1,9,16,20,31,33|2,3,6,10,21,29|11,14,25,27,34,40
1,9,16,22,28,33|2,3,6,10,21,29|8,18,20,26,32,39|11,14,25,27,34,40
1,9,20,21,22,33|2,3,6,15,27,32|8,10,13,14,26,29
1,10,14,16,34,40|2,3,6,15,27,32|11,19,21,22,26,38
1,11,13,17,31,38|2,3,6,10,21,29|8,16,18,25,26,32|14,22,27,28,34,40
1,11,16,27,29,38|2,3,6,21,26,40|8,9,10,13,14,20|19,22,25,28,31,34
1,11,26,29,33,39|2,3,6,15,27,32|8,9,10,13,14,20|19,22,25,28,31,34
1,13,14,17,20,38|2,3,6,10,21,29|8,16,18,25,26,32|11,15,27,28,34,40
1,13,20,25,29,38|2,3,6,15,27,32|8,9,10,21,28,40
1,14,27,29,31,38|2,3,6,21,26,40|11,15,18,25,28,34
1,15,22,27,29,38|2,3,6,21,26,40|8,9,10,11,13,31
1,16,17,25,32,33|2,3,6,10,21,29|11,13,26,31,38,40
1,16,17,25,38,40|2,3,6,10,21,29|8,18,20,26,32,39
1,16,26,29,31,33|2,3,6,15,27,32|8,9,10,13,14,20
1,17,20,32,33,39|2,3,6,10,21,29|11,13,26,31,38,40|14,18,22,25,28,34
1,17,20,38,39,40|2,3,6,10,21,29|8,16,18,25,26,32
1,17,21,28,32,33|2,3,10,14,16,29|6,15,18,26,31,38
1,17,21,28,38,40|2,3,6,15,27,32|8,9,10,11,13,31
1,21,22,26,29,33|2,3,6,15,27,32|8,9,10,11,13,31
2,3,6,10,21,29|8,16,18,25,26,32|11,15,27,28,34,40
2,3,6,15,27,32|8,9,10,11,13,31|14,16,19,20,26,38
2,3,6,21,26,40|8,9,10,11,13,31|14,18,22,25,28,34
2,3,10,14,16,29|6,11,18,21,26,38|15,19,20,25,28,34
2,3,11,13,25,32|6,9,10,15,31,33|14,16,19,20,26,38
2,3,13,20,31,32|6,9,10,11,21,33|14,15,18,22,26,38
2,3,13,22,28,32|6,9,10,11,21,33|8,17,25,27,29,31|14,16,19,20,26,38
2,3,14,16,26,40|6,8,9,10,13,28|15,18,20,22,25,34
6,8,9,10,13,28|11,14,16,18,26,38|15,20,22,27,34,40
6,9,10,11,21,33|8,16,18,25,26,32|14,20,27,31,34,40
6,9,10,15,31,33|8,16,18,25,26,32|14,22,27,28,34,40
6,9,10,16,22,33|8,17,25,27,29,31|11,18,20,21,28,34
6,10,13,28,29,38|8,16,18,25,26,32|14,20,27,31,34,40
6,10,17,21,32,33|11,13,26,31,38,40|14,18,22,25,28,34
6,11,18,21,26,38|8,9,10,13,14,20|19,22,25,28,31,34
6,13,26,28,38,40|8,10,16,27,29,32|14,18,20,25,31,34
6,15,19,25,26,38|8,9,10,11,13,31|14,22,27,28,34,40
