1,19,20,26,34,39|2,3,9,11,16,27|10,12,13,25,33,35
1,19,21,26,28,34|2,3,9,11,16,27|10,12,13,25,33,35
1,2,3,17,29,39|6,9,13,22,26,33|10,14,16,18,32,34
1,6,19,21,26,34|2,3,9,11,13,31|8,10,12,18,35,39|16,17,27,32,38,40
1,8,9,13,17,25|2,3,16,27,29,32|10,12,33,35,39,40
1,8,12,13,27,35|2,3,9,16,25,40|6,10,18,21,32,34|19,20,26,29,38,39
1,9,11,17,33,39|2,3,13,14,26,29|6,10,18,21,32,34
1,9,16,17,31,33|2,3,13,14,26,29|6,10,18,21,32,34
1,9,17,21,22,33|2,3,13,14,26,29|8,10,12,18,35,39
1,10,13,14,29,34|2,3,9,16,25,40|6,17,19,21,26,38
1,10,29,34,39,40|2,3,6,9,13,28|14,16,17,19,26,38
1,12,13,25,33,35|2,3,9,20,39,40|6,10,18,21,32,34|14,16,17,19,26,38
1,13,14,26,34,40|2,3,16,27,29,32|8,10,12,18,35,39|9,15,19,25,28,38
1,13,17,25,29,38|2,3,9,20,39,40|6,10,18,21,32,34
1,14,16,19,26,34|2,3,6,9,13,28|8,10,12,18,35,39
1,16,18,25,32,34|2,3,6,9,13,28|10,12,33,35,39,40
1,16,27,32,34,40|2,3,6,9,13,28|8,10,12,18,35,39
1,18,20,32,34,39|2,3,6,9,13,28|14,16,17,19,26,38
1,18,21,28,32,34|2,3,9,11,13,31|10,12,33,35,39,40|14,16,17,19,26,38
2,3,6,9,13,28|8,10,12,18,35,39|11,16,17,27,34,40
2,3,9,11,13,31|6,10,18,21,32,34|14,16,17,19,26,38
2,3,9,13,14,20|6,10,18,21,32,34|16,19,25,26,29,38
2,3,9,16,25,40|6,10,18,21,32,34|19,20,26,29,38,39
2,3,9,20,39,40|6,10,18,21,32,34|14,16,17,19,26,38
2,3,9,21,28,40|8,10,12,18,35,39|11,13,20,27,29,34|14,16,17,19,26,38
2,3,13,14,26,29|6,10,18,21,32,34|9,11,16,27,38,40
2,3,16,27,29,32|6,9,13,22,26,33|8,10,12,18,35,39|15,17,19,25,28,34
2,3,26,29,39,40|6,10,18,21,32,34|9,15,19,25,28,38
6,9,13,22,26,33|8,10,12,18,35,39|11,16,17,27,34,40
8,9,11,18,26,39|10,12,13,14,33,35|15,17,19,25,28,34
8,9,13,20,27,32|10,12,33,35,39,40|11,16,17,18,25,34|19,21,26,28,29,38
8,9,16,19,25,26|10,12,13,14,33,35|11,17,18,20,34,39
8,9,19,20,26,39|10,12,13,14,33,35|11,16,17,18,25,34
8,9,19,21,26,28|10,12,13,14,33,35|11,16,17,18,25,34
8,10,12,18,35,39|9,11,13,14,26,33|15,17,19,25,28,34
8,13,26,27,29,32|9,11,16,18,25,38|10,12,33,35,39,40|17,19,20,21,28,34
9,11,16,18,25,38|10,12,13,14,33,35|15,17,22,27,34,40
9,11,16,27,38,40|10,12,13,14,33,35|15,17,18,22,25,34
9,11,18,20,38,39|10,12,13,14,33,35|15,17,19,25,28,34
9,11,18,21,28,38|10,12,13,14,33,35|15,17,22,27,34,40
9,15,19,25,28,38|10,12,13,14,33,35|11,16,17,27,34,40
9,16,19,20,25,38|10,12,13,14,33,35|11,17,18,21,28,34
9,19,20,21,28,38|10,12,13,14,33,35|11,16,17,18,25,34
10,12,13,14,33,35|11,16,17,18,25,34|19,20,26,29,38,39
10,12,33,35,39,40|11,13,20,27,29,34|14,16,17,19,26,38
1,8,9,16,17,27|2,3,13,26,29,31|10,11,18,32,34,39
1,9,16,17,25,33|2,3,13,26,29,31|10,11,18,32,34,39
1,9,17,20,33,39|2,3,13,26,29,31|10,16,19,25,32,34
1,9,17,21,28,33|2,3,13,26,29,31|10,11,18,32,34,39
1,10,13,29,31,34|2,3,6,9,15,27|11,17,19,26,38,39
1,11,13,27,32,34|6,9,10,17,21,33|16,18,25,26,29,38
1,11,19,26,34,39|2,3,6,9,15,27|10,12,13,31,33,35
1,12,16,27,33,35|2,3,9,11,13,25|6,17,18,21,26,38|10,19,20,32,34,39
1,14,16,18,26,34|2,3,6,9,15,27|10,12,13,31,33,35
1,16,17,27,29,38|2,3,9,11,13,25|10,18,21,22,32,34
1,17,26,29,33,39|2,3,6,9,15,27|10,13,25,32,34,40
1,19,21,22,26,34|2,3,6,9,15,27|10,12,13,31,33,35
1,19,26,32,38,39|2,3,6,9,15,27|10,12,13,31,33,35|16,17,18,20,25,34
2,3,6,9,15,27|10,11,18,32,34,39|13,17,26,31,38,40
2,3,9,11,13,25|6,17,18,21,26,38|10,19,20,32,34,39
2,3,9,13,20,31|6,17,18,21,26,38|10,16,19,25,32,34
2,3,9,13,22,28|6,17,18,21,26,38|10,16,19,25,32,34
8,9,16,18,25,26|10,12,13,31,33,35|15,17,27,28,34,40
8,9,18,20,26,39|10,12,13,31,33,35|14,17,25,27,34,40
8,9,18,21,26,28|10,12,13,31,33,35|14,17,25,27,34,40
9,15,18,25,28,38|10,12,13,31,33,35|16,17,20,27,34,40
9,16,18,20,25,38|10,12,13,31,33,35|15,17,27,28,34,40
9,18,20,21,28,38|10,12,13,31,33,35|14,17,25,27,34,40
1,7,9,11,17,21|2,12,13,18,28,34|3,6,27,31,33,35
1,7,9,15,17,31|2,12,13,18,28,34|3,14,22,27,33,35
1,7,9,16,17,22|2,12,13,18,28,34|3,6,27,31,33,35
2,12,13,18,28,34|3,6,27,31,33,35|7,9,10,11,21,29
2,12,15,19,27,34|3,13,20,28,33,35|7,9,10,11,21,29
3,11,15,27,33,35|6,7,13,17,26,32|9,10,12,18,21,30
1,2,9,13,22,33|3,6,16,19,26,34|7,10,11,21,35,40
1,3,6,9,13,38|2,11,15,19,27,34|7,10,16,22,35,40
1,3,9,21,32,33|2,6,13,19,26,38|7,10,15,31,35,40
1,3,17,21,34,40|2,6,13,19,26,38|9,10,15,18,30,31
1,6,7,14,27,35|2,8,9,10,19,21|3,13,17,28,29,38
1,7,11,13,28,35|2,6,14,18,27,34|3,9,15,17,31,33|10,19,21,26,29,30
1,7,13,20,22,35|2,6,14,18,27,34|3,9,11,17,21,33
1,17,19,21,26,30|2,6,14,18,27,34|3,12,13,28,33,35
2,6,13,19,26,38|3,9,11,17,21,33|7,10,15,31,35,40
2,6,14,18,27,34|3,8,9,13,17,28|7,10,11,21,35,40
2,6,19,27,31,34|3,8,9,13,17,28|7,10,11,21,35,40
2,11,13,18,28,34|3,9,15,17,31,33|7,10,16,22,35,40
2,11,15,19,27,34|3,8,9,13,17,28|7,10,16,22,35,40
2,13,18,20,22,34|3,9,11,17,21,33|7,10,15,31,35,40
2,13,18,28,32,38|3,6,16,19,26,34|7,10,11,21,35,40
2,13,19,20,28,34|3,9,11,17,21,33|7,10,15,31,35,40
2,14,19,22,27,34|3,8,9,13,17,28|7,10,11,21,35,40
2,15,17,27,29,33|3,6,13,26,34,40|9,10,11,18,21,30
3,8,9,13,17,28|7,10,11,21,35,40|15,19,26,27,30,32
3,9,11,17,21,33|7,10,15,31,35,40|13,18,26,28,30,32
3,9,16,17,22,33|6,7,10,11,13,35|15,19,26,27,30,32
3,13,17,28,29,38|7,10,11,21,35,40|15,19,26,27,30,32
1,2,9,13,28,33|3,6,16,18,26,34|7,10,15,25,35,40
1,2,17,18,21,38|3,10,13,22,29,34|7,9,12,15,27,32
1,3,9,13,22,38|2,6,18,27,31,34|7,10,15,25,35,40
1,6,7,27,31,35|2,8,9,10,18,21|3,13,22,26,34,40
1,7,11,15,27,35|2,6,9,10,13,33|3,16,19,22,26,34
1,7,13,20,28,35|2,6,18,27,31,34|3,9,15,17,25,33
1,7,14,22,27,35|2,6,9,10,13,33|3,11,19,21,26,34
2,6,13,18,26,38|3,8,9,15,17,27|7,10,16,28,35,40
2,6,18,27,31,34|3,9,15,17,25,33|7,10,11,13,22,35
2,6,19,25,27,34|3,9,16,17,28,33|7,10,11,13,22,35
2,11,15,18,27,34|3,9,16,17,28,33|6,7,10,13,20,35
2,13,19,22,26,38|3,8,9,15,17,27|7,10,16,28,35,40
2,14,18,22,27,34|3,9,15,17,25,33|6,7,10,13,20,35
2,14,19,27,28,34|3,9,15,17,25,33|6,7,10,13,20,35
2,15,18,27,32,38|3,9,16,17,28,33|6,7,10,13,20,35
2,15,19,20,27,34|3,9,16,17,28,33|7,10,11,13,22,35
2,18,21,26,32,33|3,8,9,15,17,27|6,7,10,13,20,35
2,18,21,26,38,40|3,8,9,15,17,27|6,7,10,13,20,35
2,19,22,27,31,34|3,9,15,17,25,33|6,7,10,13,20,35
3,9,16,17,28,33|6,7,10,13,20,35|15,18,26,27,30,32
3,9,17,20,21,33|7,10,11,13,22,35|15,18,26,27,30,32
1,3,9,13,28,38|2,6,18,25,27,34|10,17,19,21,26,30
1,6,7,25,27,35|2,9,10,13,22,33|3,11,18,21,26,34
1,7,14,27,28,35|2,9,10,13,22,33|3,11,18,21,26,34
1,7,15,20,27,35|2,9,10,13,22,33|3,11,18,21,26,34
1,7,22,27,31,35|2,10,17,19,21,38|3,13,26,28,34,40
1,3,9,21,26,33|2,18,22,25,27,34|7,10,13,20,28,35
1,7,22,25,27,35|2,9,10,13,28,33|3,18,20,21,26,34
3,8,15,19,31,35|6,7,9,16,32,40|12,17,18,21,29,30
3,8,16,19,22,35|7,9,14,15,32,40|12,17,18,21,29,30
1,6,7,9,16,29|2,12,19,21,34,40|3,8,15,18,31,35
1,7,9,14,15,29|2,6,12,13,19,34|3,8,11,18,21,35
2,6,12,13,19,34|3,8,11,18,21,35|7,9,15,31,32,40
1,6,7,16,35,40|2,8,17,18,21,29|3,14,15,19,32,34
1,7,14,15,35,40|2,6,11,13,19,34|16,17,18,28,29,30
1,9,13,22,30,40|2,8,17,18,21,29|3,6,16,19,32,34
1,17,19,21,30,32|2,6,16,18,34,40|3,8,9,13,22,29
1,7,9,11,21,29|2,6,12,13,18,34|3,8,15,27,35,40
1,7,9,15,29,31|2,6,12,13,18,34|3,16,28,33,35,40
1,7,9,16,22,29|2,6,12,13,18,34|3,8,15,27,35,40
1,7,17,21,29,32|2,6,12,13,18,34|3,8,15,27,35,40
2,12,13,19,22,34|3,8,15,18,25,35|7,9,16,28,32,40
1,3,6,13,29,34|2,18,21,32,38,40|9,10,14,15,19,30
1,3,21,29,34,40|2,6,13,18,32,38|9,10,14,15,19,30
1,6,7,11,13,35|2,15,18,31,34,40|3,9,16,22,29,33
1,7,11,21,35,40|2,6,13,18,32,38|3,9,15,29,31,33
1,7,15,31,35,40|2,6,11,13,18,34|3,9,16,22,29,33
1,7,16,22,35,40|2,6,11,13,18,34|3,9,15,29,31,33
1,9,15,18,30,31|2,6,13,19,20,34|3,12,21,33,35,40
1,9,15,19,25,30|2,6,11,13,18,34|3,12,21,33,35,40
1,9,16,18,22,30|2,6,13,19,20,34|3,12,21,33,35,40
1,9,16,19,28,30|2,6,11,13,18,34|3,12,21,33,35,40
1,17,18,21,30,32|2,6,13,19,20,34|3,9,15,29,31,33
2,13,17,22,29,33|3,6,16,18,32,34|9,10,14,15,19,30
2,15,19,25,34,40|3,6,8,9,13,17|10,18,21,29,30,32
2,16,19,28,34,40|3,6,8,9,13,17|10,18,21,29,30,32
1,7,9,15,25,29|2,12,13,18,22,34|3,6,14,27,33,35
1,7,9,16,28,29|2,12,13,18,22,34|3,6,14,27,33,35
1,7,9,20,21,29|2,12,13,18,22,34|3,6,14,27,33,35
1,2,6,9,13,33|3,11,18,21,32,34|7,10,14,15,35,40
1,2,18,21,29,38|3,6,9,16,17,33|7,10,14,15,35,40|13,19,26,28,30,32
1,6,7,13,20,35|2,15,18,25,34,40|3,9,16,28,29,33|10,17,19,21,30,32
1,7,11,13,22,35|2,6,14,19,27,34|3,9,15,25,29,33
1,7,15,25,35,40|2,6,13,18,20,34|3,9,16,28,29,33|10,17,19,21,30,32
1,7,16,28,35,40|2,6,13,18,20,34|3,8,9,15,27,29|10,17,19,21,30,32
1,7,20,21,35,40|2,6,14,19,27,34|3,8,9,13,17,22
1,9,15,18,25,30|2,6,14,19,27,34|3,12,13,22,33,35
1,9,16,18,28,30|2,6,14,19,27,34|3,12,13,22,33,35
1,9,18,20,21,30|2,6,14,19,27,34|3,12,13,22,33,35
1,18,21,26,29,30|2,6,14,19,27,34|3,8,9,13,17,22
2,6,13,18,20,34|3,8,9,15,27,29|10,17,19,21,30,32
2,11,13,18,22,34|3,6,9,16,17,33|7,10,14,15,35,40
2,11,13,19,28,34|3,6,9,16,17,33|7,10,14,15,35,40
2,13,17,28,29,33|3,11,18,21,32,34|6,7,10,16,35,40
2,13,18,22,32,38|3,6,9,16,17,33|7,10,14,15,35,40
2,13,19,20,22,34|3,6,9,16,17,33|7,10,14,15,35,40
2,13,19,28,32,38|3,6,9,16,17,33|7,10,14,15,35,40
2,15,18,25,34,40|3,6,9,16,17,33|13,19,26,28,30,32
2,18,20,21,34,40|3,6,9,16,17,33|13,19,26,28,30,32
3,6,9,16,17,33|7,10,14,15,35,40|13,18,22,26,30,32
3,8,9,15,27,29|6,7,10,16,35,40|13,18,22,26,30,32
3,9,14,15,17,33|6,7,10,16,35,40|13,18,22,26,30,32
3,9,15,25,29,33|6,7,10,16,35,40|13,18,22,26,30,32
3,9,16,28,29,33|7,10,14,15,35,40|13,18,22,26,30,32
3,9,20,21,29,33|6,7,10,16,35,40|13,18,22,26,30,32
2,9,14,16,30,31|6,22,29,34,38,39|12,15,17,21,23,35
2,9,15,16,22,30|6,21,29,31,34,38|12,14,17,23,35,39
1,3,7,11,21,35|2,13,18,22,26,30|6,19,27,31,34,38
1,3,7,15,31,35|2,10,17,19,21,30|6,14,18,27,34,38
1,3,7,16,22,35|2,10,17,19,21,30|6,14,18,27,34,38
1,9,19,21,23,26|2,3,13,28,34,40|15,17,27,29,33,38
2,7,9,12,13,22|3,18,21,26,30,32|6,19,27,31,34,38
2,13,18,22,26,30|3,7,9,12,21,32|6,19,27,31,34,38
2,13,19,26,28,30|3,7,9,12,21,32|6,14,18,27,34,38
8,13,19,26,28,34|9,10,18,21,23,32|15,17,27,29,33,38
1,3,7,15,25,35|2,10,17,18,21,30|13,26,28,33,34,40
1,3,7,16,28,35|2,10,17,18,21,30|6,19,25,27,34,38
1,3,7,20,21,35|2,13,18,26,28,30|6,19,25,27,34,38
1,13,17,28,33,34|2,15,19,26,27,30|3,6,7,10,16,35
2,13,18,26,28,30|3,6,7,10,16,35|15,19,20,27,34,38
2,15,19,26,27,30|3,6,7,10,16,35|13,18,20,28,34,38
1,2,17,19,21,30|6,11,13,18,34,38|8,9,15,27,29,33
1,13,22,29,33,34|2,15,19,27,30,32|9,11,17,18,21,23
2,6,13,19,26,30|8,9,15,27,29,33|11,18,21,34,38,40
2,13,18,28,30,32|8,9,15,27,29,33|19,20,21,34,38,40
2,19,21,26,30,40|6,11,13,18,34,38|8,9,15,27,29,33
8,9,13,17,22,33|11,18,21,34,38,40|12,15,19,23,27,35
2,6,7,9,11,13|12,18,21,32,33,34|14,19,23,27,28,35
2,7,9,11,21,40|6,12,13,18,34,38|14,19,23,27,28,35
2,7,9,15,31,40|6,12,13,18,34,38|14,19,23,27,28,35
2,7,9,16,22,40|6,12,13,18,34,38|14,19,23,27,28,35
2,7,17,21,32,40|6,12,13,18,34,38|14,19,23,27,28,35
3,6,7,9,16,32|11,15,18,23,27,35|12,13,19,22,34,38
3,7,9,14,15,32|6,12,13,18,34,38|19,22,23,27,31,35
1,3,6,7,16,35|2,10,18,21,29,30|8,9,13,17,28,33
1,3,7,14,15,35|2,6,13,18,26,30|9,10,19,21,23,32
1,3,9,13,22,30|6,14,19,27,34,38|17,18,21,23,26,29
1,6,9,13,33,38|2,3,11,19,21,34|12,15,18,23,27,35
1,6,13,17,33,34|2,3,19,21,32,38|12,15,18,23,27,35
1,13,28,29,33,34|2,3,19,21,32,38|9,15,17,18,23,25
2,3,11,19,21,34|8,9,13,17,28,33|12,15,18,23,27,35
2,3,16,19,22,34|8,9,13,17,28,33|12,15,18,23,27,35
2,3,19,21,32,38|6,8,13,18,26,34|9,15,17,23,27,40
2,6,7,9,12,13|3,15,17,27,29,30|8,18,21,26,34,40
2,7,9,12,21,40|3,15,17,27,29,30|6,8,13,18,26,34
2,13,19,22,26,30|8,10,18,21,29,34|9,15,17,23,27,40
3,15,17,27,29,30|6,8,13,18,26,34|9,10,19,21,23,32
3,19,21,26,30,32|6,10,13,29,33,34|9,15,17,18,23,25
1,2,7,17,21,29|6,18,23,25,27,35|12,13,19,28,34,38
2,7,9,15,25,40|12,13,18,22,34,38|19,23,27,28,31,35
2,7,9,20,21,40|6,18,23,25,27,35|12,13,19,28,34,38
2,7,21,26,29,40|6,18,23,25,27,35|12,13,19,28,34,38
3,7,9,11,21,32|6,18,23,25,27,35|12,13,19,28,34,38
3,7,9,15,31,32|6,18,23,25,27,35|12,13,19,28,34,38
3,7,9,16,22,32|6,18,23,25,27,35|12,13,19,28,34,38
1,2,18,21,29,30|6,8,9,13,17,33|15,19,31,34,38,40
1,9,19,21,23,32|3,13,17,22,29,30|6,16,18,34,38,40
1,21,29,33,34,40|2,13,18,22,30,32|9,15,17,19,23,31
2,7,9,14,15,40|6,12,13,19,34,38|8,16,18,28,33,35
2,7,13,22,29,32|6,14,18,23,27,35|12,19,21,34,38,40
6,14,21,26,29,34|8,12,17,31,35,39|9,15,16,22,32,38
6,15,16,26,29,34|8,12,17,31,35,39|9,14,21,22,32,38
6,9,16,28,31,34|8,12,17,25,35,39|15,21,26,29,32,38
6,21,26,29,31,34|8,12,17,25,35,39|9,15,16,28,32,38
2,14,16,17,19,30|6,9,18,21,23,32|8,13,25,29,34,40
2,16,19,25,29,30|6,9,18,21,23,32|8,13,14,17,34,40
2,19,20,29,30,39|6,9,18,21,23,32|8,13,14,17,34,40
1,2,19,30,32,39|3,6,7,14,15,35|8,9,13,31,38,40
1,8,19,32,34,39|2,6,17,18,21,30|9,14,16,33,38,40
1,12,19,23,35,39|2,6,17,18,21,30|8,9,13,31,32,33
2,6,17,18,21,30|8,9,11,19,38,39|13,14,20,29,33,34
2,11,17,19,30,39|3,6,7,14,15,35|8,9,13,31,32,33
2,13,17,30,31,40|3,6,7,14,15,35|8,9,11,19,38,39
2,14,16,17,18,30|6,9,21,33,38,40|19,23,26,29,32,39
2,16,17,19,30,31|3,6,7,14,15,35|8,18,20,29,34,39|9,13,23,25,32,40
2,16,18,25,29,30|3,6,7,14,15,35|8,9,11,19,38,39
2,16,27,29,30,40|3,6,7,14,15,35|8,9,11,19,38,39
2,17,19,21,22,30|3,6,7,14,15,35|8,9,13,31,32,33
2,18,20,29,30,39|3,6,7,14,15,35|8,9,13,31,32,33
2,18,21,28,29,30|3,6,7,14,15,35|8,9,11,19,38,39
3,6,7,14,15,35|8,9,11,19,38,39|16,25,29,33,34,40
3,9,11,13,14,30|6,8,17,18,21,34|19,23,26,29,32,39
3,9,11,30,39,40|6,8,17,18,21,34|13,29,31,32,33,38
3,9,16,30,31,40|6,8,17,18,21,34|19,23,26,29,32,39
3,9,21,22,30,40|6,13,28,29,33,34|8,17,19,32,38,39
3,13,14,17,30,32|6,8,9,18,21,38|16,25,29,33,34,40
3,13,25,29,30,32|6,8,9,18,21,38|14,16,17,33,34,40
3,17,30,32,39,40|6,8,9,18,21,38|11,13,29,31,33,34
1,8,13,31,33,35|2,6,7,17,21,29|3,9,12,30,39,40
1,11,18,23,35,39|2,6,7,17,21,29|3,9,12,13,14,30
1,13,23,25,35,40|2,6,7,17,21,29|8,9,12,19,38,39
1,16,18,23,31,35|2,6,7,17,21,29|3,9,12,13,14,30
1,16,19,23,25,35|2,6,7,17,21,29|3,9,12,13,14,30
1,18,21,22,23,35|2,7,14,16,17,29|3,9,12,30,39,40
1,19,20,23,35,39|2,6,7,17,21,29|3,9,12,13,14,30
1,19,21,23,28,35|2,7,14,16,17,29|3,9,12,30,39,40
2,7,14,16,17,29|3,9,12,30,39,40|6,10,19,21,23,35
1,2,18,30,32,39|3,6,7,11,21,35|8,9,13,25,38,40
1,6,19,21,34,38|2,3,8,9,13,14|18,23,26,29,32,39
1,8,18,32,34,39|2,3,13,14,29,38|6,9,19,21,23,26
1,9,13,23,25,29|2,11,17,18,30,39|3,6,7,15,31,35
1,12,18,23,35,39|2,3,8,9,13,14|6,15,27,29,33,34
1,13,14,34,38,40|2,3,29,32,33,39|6,9,19,21,23,26
2,3,13,14,29,38|6,9,19,21,23,26|8,11,17,18,34,39
2,3,29,32,33,39|6,9,19,21,23,26|8,13,17,25,34,40
2,3,29,38,39,40|6,9,19,21,23,26|8,16,17,18,31,34
2,11,13,27,29,30|3,6,7,15,31,35|8,9,16,19,25,38|17,21,22,33,34,40
2,11,17,18,30,39|3,6,7,15,31,35|8,9,13,25,32,33
2,13,17,25,30,40|3,6,7,11,21,35|8,9,16,18,31,38
2,16,17,18,30,31|3,6,7,11,21,35|8,9,13,25,32,33
2,16,17,19,25,30|3,6,7,11,21,35|8,13,27,29,32,38
2,17,18,21,22,30|3,6,7,15,31,35|8,9,13,25,32,33
2,17,19,20,30,39|3,6,7,11,21,35|8,9,13,25,32,33
2,17,19,21,28,30|3,6,7,15,31,35|8,9,11,18,38,39
3,6,7,15,31,35|8,9,11,18,38,39|13,22,28,29,33,34
3,6,7,16,22,35|8,9,11,18,38,39|13,20,29,31,33,34
3,7,11,14,16,35|6,9,13,22,33,38|8,17,19,20,34,39
3,7,14,15,22,35|6,9,19,21,23,26|8,11,13,27,29,34|17,32,33,38,39,40
3,9,11,13,30,31|6,15,27,29,33,34|8,17,18,32,38,39
3,9,13,14,20,30|6,15,27,29,33,34|8,17,18,32,38,39
3,9,16,25,30,40|6,13,17,22,33,34|8,19,26,29,38,39
3,9,21,28,30,40|6,13,17,22,33,34|8,19,26,29,38,39
3,13,14,26,29,30|8,9,11,18,38,39|16,17,31,33,34,40
3,16,27,29,30,32|6,9,13,22,33,38|8,11,17,18,34,39
3,26,29,30,39,40|6,9,13,22,33,38|8,16,17,18,31,34
6,9,19,21,23,26|8,11,13,27,29,34|17,32,33,38,39,40
8,9,16,19,25,38|11,13,14,17,33,34|18,23,26,29,32,39
8,9,19,21,28,38|11,13,14,17,33,34|18,23,26,29,32,39
8,11,13,27,29,34|9,14,16,19,23,26|17,32,33,38,39,40
8,13,27,29,32,38|9,14,16,19,23,26|11,17,33,34,39,40
8,19,26,29,38,39|9,16,18,23,25,32|11,13,14,17,33,34
1,2,7,29,32,39|3,9,12,13,30,31|6,10,18,21,23,35
1,16,18,23,25,35|2,7,11,17,29,39|3,9,12,13,30,31
1,16,23,27,35,40|2,7,11,17,29,39|3,9,12,13,30,31
1,18,20,23,35,39|2,7,16,17,29,31|9,12,13,14,33,38
1,18,21,23,28,35|2,7,11,17,29,39|3,9,12,13,30,31
2,7,11,17,29,39|3,9,12,13,30,31|6,10,18,21,23,35
2,7,16,17,29,31|6,10,18,21,23,35|9,12,13,14,33,38
2,7,17,21,22,29|3,9,12,13,30,31|8,10,33,35,39,40
1,6,18,21,34,38|2,3,8,9,13,31|10,12,19,23,35,39
1,9,13,17,23,31|2,10,19,30,32,39|3,6,7,15,25,35|11,16,27,29,33,34
1,9,16,23,27,29|2,10,19,30,32,39|3,6,7,15,25,35|8,17,18,21,28,34
1,13,31,32,33,34|2,7,12,17,29,39|3,6,9,15,27,30
1,13,31,34,38,40|2,3,6,9,21,33|10,12,19,23,35,39
1,14,16,18,34,38|2,3,6,9,21,33|10,12,19,23,35,39
2,3,8,9,13,31|10,12,19,23,35,39|11,16,27,29,33,34
2,3,13,29,31,38|6,9,18,21,23,26|8,10,19,32,34,39
2,10,19,30,32,39|3,6,7,15,25,35|8,9,13,14,26,33
2,13,20,27,29,30|3,6,7,15,25,35|8,9,18,21,28,38|17,19,23,26,32,39
2,16,17,18,25,30|3,6,7,20,21,35|8,9,10,29,33,39
2,16,17,27,30,40|3,6,7,15,25,35|8,9,10,29,33,39
2,17,18,20,30,39|3,6,7,15,25,35|8,9,13,14,26,33
2,17,18,21,28,30|3,6,7,15,25,35|8,9,10,29,33,39
3,6,9,15,27,30|8,10,19,32,34,39|13,14,26,29,33,38
3,7,11,16,31,35|6,9,13,28,33,38|8,10,19,32,34,39
3,7,11,21,22,35|6,9,13,28,33,38|8,10,19,32,34,39
3,7,14,15,28,35|6,9,18,21,23,26|8,10,19,32,34,39
3,7,14,16,20,35|6,9,13,28,33,38|8,10,19,32,34,39
3,7,15,22,31,35|6,9,13,28,33,38|8,10,19,32,34,39
3,13,17,25,30,32|6,9,18,21,23,26|11,16,27,29,33,34
3,13,26,29,30,31|8,9,16,18,25,38|10,12,19,23,35,39|17,21,28,33,34,40
6,13,17,28,33,34|8,9,16,18,25,38|10,12,19,23,35,39
8,9,16,18,25,38|10,12,19,23,35,39|11,13,17,31,33,34
8,9,16,27,38,40|10,12,19,23,35,39|11,13,17,31,33,34
8,9,18,21,28,38|10,12,19,23,35,39|11,13,17,31,33,34
8,18,26,29,38,39|9,11,13,23,27,32|16,17,25,33,34,40
1,8,16,27,33,35|2,7,17,20,29,39|3,9,12,13,25,30
1,12,19,34,38,39|2,7,16,17,25,29|8,10,13,31,33,35
2,7,16,17,25,29|8,10,13,31,33,35|9,12,19,23,26,39
2,7,17,20,29,39|3,9,12,13,25,30|10,16,18,23,31,35
2,7,17,21,28,29|3,9,12,13,25,30|10,11,18,23,35,39
1,2,7,17,32,39|3,9,12,16,27,30|8,10,13,25,33,35
1,12,18,34,38,39|2,7,13,14,26,32|10,16,23,27,35,40
2,7,13,14,26,32|3,9,12,16,27,30|10,18,20,23,35,39
2,7,26,32,39,40|3,9,12,16,27,30|8,10,13,25,33,35
1,2,3,13,14,34|6,9,15,27,33,38|10,12,18,23,35,39
1,2,13,27,30,32|3,7,11,16,25,35|6,10,19,21,34,38
1,2,19,26,30,39|3,7,11,16,25,35|6,9,15,27,33,38
1,9,13,17,23,25|2,10,18,30,32,39|3,7,11,21,28,35|16,20,27,29,33,34
1,12,13,23,27,35|2,3,9,11,33,39|6,10,19,21,34,38
1,13,25,32,33,34|2,3,17,38,39,40|9,16,18,23,26,31
1,16,19,25,34,38|2,3,9,11,33,39|13,23,26,27,29,32
1,19,21,28,34,38|2,3,8,9,13,25|10,12,18,23,35,39
2,3,8,9,13,25|6,10,19,21,34,38|17,18,23,26,32,39
2,3,9,11,33,39|6,10,19,21,34,38|13,23,26,27,29,32
2,3,9,16,31,33|6,10,19,21,34,38|13,23,26,27,29,32
2,3,13,14,17,38|8,10,18,32,34,39|9,16,19,23,25,26
2,3,13,25,29,38|6,15,17,27,33,34|9,11,18,23,26,39
2,3,17,32,33,39|6,10,19,21,34,38|9,13,23,25,26,40
2,10,18,30,32,39|3,7,11,16,25,35|6,9,15,27,33,38
2,11,13,17,27,30|3,7,14,25,31,35|6,10,19,21,34,38
3,7,11,16,25,35|6,9,15,27,33,38|8,10,18,32,34,39
3,7,11,21,28,35|6,9,15,27,33,38|8,10,18,32,34,39
3,7,14,25,31,35|6,9,15,27,33,38|8,10,18,32,34,39
3,7,15,22,25,35|6,10,19,21,34,38|8,9,13,26,31,33
3,7,15,28,31,35|6,10,19,21,34,38|9,11,18,23,26,39
3,7,16,20,31,35|6,9,15,27,33,38|8,10,18,32,34,39
3,7,16,22,28,35|6,9,15,27,33,38|8,10,18,32,34,39
3,7,20,21,22,35|6,9,15,27,33,38|8,10,18,32,34,39
3,9,11,16,27,30|6,10,19,21,34,38|17,18,23,26,32,39
3,9,13,20,25,30|6,10,19,21,34,38|17,18,23,26,32,39
3,9,14,27,30,31|6,10,19,21,34,38|17,18,23,26,32,39
3,9,15,22,27,30|6,10,19,21,34,38|17,18,23,26,32,39
3,13,14,17,26,30|6,9,15,27,33,38|8,10,18,32,34,39
3,13,25,26,29,30|6,9,15,27,33,38|8,10,18,32,34,39
3,16,17,27,30,32|6,10,19,21,34,38|8,9,13,26,31,33
1,2,7,9,12,39|3,13,17,26,30,31|6,10,18,21,34,38
1,2,18,26,30,39|3,7,15,25,28,35|8,9,13,20,27,38
1,9,16,17,23,27|2,3,26,29,33,39|6,10,18,21,34,38
1,16,27,32,33,34|2,3,13,17,31,38|9,18,20,23,26,39
2,13,17,20,27,30|3,7,15,25,28,35|6,10,18,21,34,38
3,7,15,25,28,35|6,10,18,21,34,38|9,16,23,26,27,40
1,3,21,29,33,34|6,7,8,10,13,35|15,18,27,30,32,38
1,7,8,13,28,35|2,11,18,21,33,34|3,9,15,23,27,29
1,7,11,21,33,35|2,8,13,18,28,34|3,9,15,23,27,29
1,7,16,22,33,35|2,8,13,18,28,34|3,9,15,23,27,29
2,8,15,19,27,34|3,9,13,17,22,23|10,18,21,29,30,38
2,15,18,31,33,34|3,9,13,17,22,23|7,8,10,21,35,40
2,15,19,25,33,34|3,9,13,17,22,23|7,8,10,21,35,40
2,16,18,22,33,34|3,9,15,23,27,29|6,7,8,10,13,35
2,16,19,28,33,34|3,9,13,17,22,23|7,8,10,21,35,40|15,18,27,30,32,38
2,18,21,32,33,38|3,9,13,17,22,23|6,19,25,27,30,34
2,19,20,21,33,34|3,9,13,17,22,23|15,18,27,30,32,38
3,9,13,17,22,23|6,18,27,30,31,34|7,8,10,21,35,40
3,9,15,23,27,29|6,7,8,10,13,35|18,21,26,30,32,33
3,15,19,31,34,38|6,7,8,10,13,35|18,21,26,30,32,33
3,16,19,22,34,38|6,7,8,10,13,35|18,21,26,30,32,33
3,17,21,29,33,38|6,7,8,10,13,35|11,15,18,27,30,34
2,12,19,21,33,34|3,15,18,23,25,35|6,7,9,11,13,38
3,16,18,23,28,35|6,7,9,11,13,38|12,15,19,27,30,34
3,18,20,21,23,35|6,7,9,11,13,38|12,15,19,27,30,34
1,17,19,21,30,38|2,6,16,18,33,34|3,9,13,23,28,29
2,6,16,18,33,34|3,9,13,23,28,29|15,19,27,30,32,38
2,8,13,18,22,34|3,9,17,21,23,40|15,19,27,30,32,38
2,13,22,33,34,40|3,12,18,21,23,35|15,19,27,30,32,38
2,14,15,18,33,34|3,6,9,13,17,23|10,19,21,29,30,38
3,11,18,21,23,35|6,7,9,16,32,33|12,13,19,28,30,34
3,15,18,23,31,35|6,7,9,16,32,33|12,13,19,28,30,34
3,15,19,23,25,35|6,7,9,16,32,33|12,13,18,22,30,34
3,19,20,21,23,35|6,7,9,16,32,33|12,13,18,22,30,34
1,7,8,21,35,40|2,6,16,19,33,34|3,9,13,22,23,29
3,6,16,18,23,35|7,8,9,21,32,40|12,13,19,22,30,34
3,15,19,23,31,35|6,7,8,9,13,32|12,18,21,30,34,40
3,16,19,22,23,35|6,7,8,9,13,32|12,18,21,30,34,40
1,3,9,21,33,38|7,8,10,13,28,35|18,22,25,27,30,34
1,3,17,21,33,34|7,8,10,13,28,35|15,19,26,27,30,38
2,19,21,26,33,38|3,9,15,17,23,27|7,8,10,13,28,35
1,7,20,21,33,35|2,8,15,18,27,34|3,9,13,17,23,28
2,8,15,18,27,34|3,9,13,17,23,28|6,7,10,16,33,35
3,9,13,17,23,28|6,7,10,16,33,35|15,18,20,27,30,34
1,2,9,10,33,39|3,13,17,26,31,38|7,22,25,27,28,35
1,2,19,26,38,39|3,10,13,31,32,34|6,7,25,27,28,35
1,7,10,16,31,35|2,9,14,25,27,33|3,17,26,38,39,40
1,7,10,21,22,35|2,9,14,25,27,33|3,17,26,38,39,40
2,10,11,18,34,39|3,8,9,13,25,26|7,15,20,27,28,35
2,10,16,18,31,34|3,8,9,13,25,26|7,15,20,27,28,35
2,10,16,19,25,34|3,9,11,26,33,39|7,15,20,27,28,35
2,10,18,21,22,34|3,8,9,13,25,26|7,15,20,27,28,35
2,10,18,32,38,39|3,8,9,13,25,26|7,15,20,27,28,35
2,10,19,20,34,39|3,8,9,13,25,26|7,22,27,28,31,35
3,9,13,20,25,38|7,22,27,28,31,35|10,18,26,30,32,39
1,7,9,11,26,39|2,12,13,17,27,38|3,10,16,25,33,35
1,2,16,18,25,34|3,6,9,15,27,38|7,12,17,26,29,39
1,2,18,21,28,34|3,6,9,15,27,38|7,12,17,26,29,39
1,3,13,25,32,34|2,8,17,18,26,39|6,7,27,28,31,35
1,6,7,10,21,35|2,8,9,13,20,27|16,17,18,25,26,30
1,7,10,14,16,35|2,8,9,13,20,27|17,18,21,26,28,30
1,9,10,13,30,31|2,8,17,18,26,39|3,14,25,27,29,34
2,6,10,18,21,34|3,8,9,13,26,31|7,11,14,25,27,35
2,8,9,13,20,27|3,10,32,34,39,40|16,17,18,25,26,30
2,8,13,26,27,29|3,10,32,34,39,40|7,9,12,16,17,25
2,9,11,16,27,33|3,10,13,14,32,34|7,12,17,26,29,39
2,9,13,20,25,33|3,6,15,17,27,34|10,19,26,30,32,39
2,9,14,27,31,33|3,10,32,34,39,40|16,17,18,25,26,30
2,9,15,22,27,33|3,10,13,14,32,34|7,12,17,26,29,39
2,10,11,19,34,39|3,6,9,15,27,38|16,17,18,25,26,30
2,10,13,31,34,40|3,6,9,15,27,38|7,12,17,26,29,39
2,10,14,16,18,34|3,6,9,15,27,38|7,12,17,26,29,39
2,10,16,19,31,34|3,6,9,15,27,38|7,12,17,26,29,39
2,10,19,21,22,34|3,6,9,15,27,38|7,12,17,26,29,39
2,10,19,32,38,39|3,6,9,21,26,33|7,11,14,25,27,35
2,16,17,18,25,38|3,6,9,21,26,33|7,11,15,27,28,35
2,17,18,20,38,39|3,6,9,21,26,33|7,11,14,25,27,35
2,17,18,21,28,38|3,8,9,13,26,31|6,7,22,25,27,35
3,9,11,13,25,38|6,7,27,28,31,35|10,19,26,30,32,39
3,9,13,20,31,38|6,7,22,25,27,35|10,19,26,30,32,39
3,9,13,22,28,38|7,11,14,25,27,35|10,19,26,30,32,39
3,10,13,14,32,34|6,7,22,25,27,35|17,18,20,26,30,39
3,10,32,34,39,40|6,7,22,25,27,35|17,18,21,26,28,30
3,11,13,17,25,34|6,7,27,28,31,35|10,19,26,30,32,39
3,13,17,20,31,34|6,7,22,25,27,35|10,19,26,30,32,39
3,13,17,22,28,34|7,11,14,25,27,35|10,19,26,30,32,39
3,15,27,28,29,34|7,9,12,16,17,25|10,19,26,30,32,39
3,16,20,27,29,34|7,9,12,17,21,28|10,19,26,30,32,39
2,9,12,16,27,33|3,8,10,13,25,35|7,17,20,26,29,39
1,2,11,18,34,39|3,6,9,13,28,38|16,17,19,25,26,30
1,2,13,25,34,40|3,8,9,10,29,39|6,7,14,27,28,35|16,17,18,26,30,31
1,2,16,18,31,34|3,6,9,13,28,38|7,11,15,22,27,35|17,19,20,26,30,39
1,2,16,19,25,34|3,6,9,13,28,38|7,11,14,27,31,35|17,18,21,22,26,30
1,2,18,21,22,34|3,6,9,13,28,38|7,11,14,27,31,35|16,17,19,25,26,30
1,2,18,32,38,39|3,6,13,17,28,34|7,11,14,27,31,35
1,2,19,20,34,39|3,6,9,13,28,38|7,11,14,27,31,35|17,18,21,22,26,30
1,2,19,21,28,34|3,8,9,10,29,39|6,7,15,20,27,35|13,17,25,26,30,40
1,3,8,9,17,39|2,6,10,19,21,34|7,11,13,20,25,35
1,3,12,33,35,39|2,6,10,19,21,34|9,11,13,20,27,30
1,3,13,31,32,34|2,6,9,15,27,33|11,17,18,26,30,39
1,3,17,29,38,39|2,6,9,15,27,33|7,11,13,20,25,35
1,7,9,12,32,39|2,6,10,19,21,34|3,13,14,26,29,38
1,9,10,13,14,30|2,8,17,19,26,39|3,11,16,27,29,34
1,18,26,30,32,39|2,6,9,15,27,33|3,11,13,17,31,34
2,6,10,19,21,34|3,8,9,13,14,26|7,11,15,22,27,35
2,8,17,19,26,39|3,6,9,13,28,38|7,11,14,27,31,35
2,9,11,13,25,33|3,14,27,29,31,34|17,18,21,22,26,30
2,9,13,20,31,33|3,11,16,27,29,34|17,18,21,22,26,30
2,9,13,22,28,33|3,11,16,27,29,34|17,19,20,26,30,39
2,10,13,14,34,40|3,8,9,16,27,32|11,17,18,26,30,39
2,10,14,16,19,34|3,6,9,13,28,38|7,11,15,22,27,35
2,11,17,18,38,39|3,8,9,13,14,26|6,7,15,20,27,35
2,13,17,25,32,33|3,8,9,10,29,39|6,7,14,27,28,35
2,13,17,25,38,40|3,8,9,10,29,39|6,7,14,27,28,35
2,16,17,18,31,38|3,8,9,10,29,39|6,7,14,27,28,35
2,16,17,19,25,38|3,8,9,10,29,39|6,7,14,27,28,35
2,17,18,21,22,38|3,8,9,10,29,39|6,7,14,27,28,35
2,17,19,20,38,39|3,8,9,13,14,26|6,7,22,27,31,35
2,17,19,21,28,38|3,8,9,10,29,39|6,7,15,20,27,35
3,6,9,13,28,38|7,11,14,27,31,35|16,17,19,25,26,30
3,8,9,10,29,39|6,7,14,27,28,35|13,17,25,26,30,40
3,8,9,16,27,32|7,11,13,20,25,35|17,18,21,22,26,30
3,8,9,26,39,40|6,7,14,27,28,35|10,13,17,25,29,30
3,9,11,13,31,38|6,7,14,27,28,35|16,17,19,25,26,30
3,9,13,14,20,38|6,7,22,27,31,35|11,17,18,26,30,39
3,9,16,25,32,33|6,7,14,27,28,35|11,17,18,26,30,39
3,9,16,25,38,40|6,7,14,27,28,35|11,17,18,26,30,39
3,9,20,32,33,39|6,7,14,27,28,35|10,13,17,25,29,30
3,9,20,38,39,40|6,7,14,27,28,35|10,13,17,25,29,30
3,9,21,28,32,33|6,7,15,20,27,35|10,13,17,25,29,30
3,9,21,28,38,40|6,7,15,20,27,35|10,13,17,25,29,30
3,13,20,25,29,34|6,7,14,27,28,35|11,17,18,26,30,39
1,2,12,18,34,39|3,6,10,21,33,35|7,9,11,16,17,25
1,3,8,16,27,35|2,9,12,13,25,33|7,11,17,26,29,39
1,3,16,25,33,35|2,8,9,12,13,27|7,11,17,26,29,39
1,3,20,33,35,39|2,8,9,12,13,27|7,16,17,26,29,31
1,3,21,28,33,35|2,8,9,12,13,27|7,11,17,26,29,39
1,7,9,16,25,32|2,12,13,27,29,38|3,6,10,21,33,35
1,7,9,20,32,39|2,12,13,27,29,38|3,6,10,21,33,35
1,7,9,21,28,32|2,12,13,27,29,38|3,10,14,16,33,35
1,7,26,29,32,39|2,8,9,12,13,27|3,6,10,21,33,35
2,8,9,12,13,27|3,6,10,21,33,35|7,11,17,26,29,39
2,12,13,27,29,38|3,6,10,21,33,35|7,9,11,16,17,25
3,6,10,21,33,35|7,9,11,16,17,25|12,13,26,27,29,30
3,10,14,16,33,35|7,9,11,17,20,39|12,13,26,27,29,30
1,2,6,18,21,34|3,8,9,13,25,32|11,17,19,26,30,39
1,2,11,19,34,39|3,6,9,13,22,38|7,15,25,28,35,40|14,16,17,18,26,30
1,2,13,31,34,40|3,9,11,32,33,39|6,7,14,22,27,35|16,18,25,26,29,30
1,2,14,16,18,34|3,6,9,13,22,38|7,15,25,28,35,40|11,17,19,26,30,39
1,2,16,19,31,34|3,6,9,13,22,38|7,15,25,28,35,40|18,20,26,29,30,39
1,2,17,29,33,39|3,6,9,13,22,38|7,15,25,28,35,40
1,2,19,21,22,34|3,8,9,13,25,32|6,7,11,15,27,35|14,16,17,18,26,30
1,2,19,32,38,39|3,6,13,17,22,34|7,9,12,16,25,29
1,3,13,14,32,34|2,6,17,18,21,38|7,9,12,16,25,29
1,3,32,34,39,40|2,6,9,13,28,33|14,16,17,18,26,30
1,19,26,30,32,39|2,6,9,13,28,33|3,16,17,31,34,40
2,6,9,13,28,33|3,11,17,34,39,40|16,18,25,26,29,30
2,6,17,18,21,38|3,8,9,13,25,32|16,26,27,29,30,40
2,8,9,16,18,25|3,6,13,17,22,34|7,20,21,28,35,40
2,8,9,16,27,40|3,6,13,17,22,34|18,20,26,29,30,39
2,8,9,18,20,39|3,6,13,17,22,34|7,15,25,28,35,40
2,8,9,18,21,28|3,6,13,17,22,34|7,16,20,25,35,40
2,8,18,26,29,39|3,6,9,13,22,38|7,15,25,28,35,40
2,9,11,13,31,33|3,6,15,27,29,34|7,16,20,25,35,40|17,19,21,22,26,30
2,9,13,14,20,33|3,6,15,27,29,34|11,17,19,26,30,39
2,9,16,25,33,40|3,6,13,17,22,34|18,20,26,29,30,39
2,9,20,33,39,40|3,6,13,17,22,34|16,18,25,26,29,30
2,9,21,28,33,40|3,6,13,17,22,34|16,18,25,26,29,30
2,11,17,19,38,39|3,6,15,27,29,34|7,16,20,25,35,40
2,13,17,31,32,33|3,6,15,27,29,34|7,16,20,25,35,40
2,13,17,31,38,40|3,6,15,27,29,34|9,16,18,20,25,30
2,14,16,17,18,38|3,6,15,27,29,34|7,11,13,20,31,35
2,16,17,19,31,38|3,6,15,27,29,34|7,11,13,22,28,35
2,16,18,25,29,38|3,6,13,17,22,34|7,20,21,28,35,40
2,16,27,29,32,33|3,6,9,13,22,38|7,15,25,28,35,40|11,17,19,26,30,39
2,16,27,29,38,40|3,6,13,17,22,34|9,15,18,25,28,30
2,17,19,21,22,38|3,6,15,27,29,34|7,11,13,20,31,35
2,18,20,29,38,39|3,6,13,17,22,34|7,15,25,28,35,40
2,18,21,28,29,38|3,6,13,17,22,34|7,16,20,25,35,40
3,6,9,13,22,38|7,15,25,28,35,40|11,17,19,26,30,39
3,8,9,13,25,32|6,7,11,15,27,35|14,16,17,18,26,30
3,9,11,13,14,38|6,17,18,21,26,30|7,15,25,28,35,40
3,9,11,32,33,39|6,7,13,20,28,35|14,16,17,18,26,30
3,9,11,38,39,40|6,7,13,20,28,35|14,16,17,18,26,30
3,9,16,31,32,33|6,7,11,15,27,35|17,19,21,22,26,30
3,9,16,31,38,40|6,7,11,15,27,35|17,19,21,22,26,30
3,9,21,22,32,33|6,7,11,15,27,35|10,13,17,29,30,31
3,9,21,22,38,40|6,7,11,15,27,35|10,13,17,29,30,31
3,11,17,34,39,40|6,7,13,20,28,35|16,18,25,26,29,30
3,13,14,17,32,38|6,7,11,15,27,35|9,16,18,20,25,30
3,16,17,31,34,40|6,7,11,15,27,35|9,18,20,21,28,30
3,17,21,22,34,40|6,7,11,15,27,35|9,16,18,20,25,30
3,17,32,38,39,40|6,7,11,15,27,35|9,16,18,20,25,30
1,2,12,19,34,39|3,8,10,13,14,35|6,7,9,15,17,25
1,3,8,13,25,35|2,12,17,19,38,39|7,9,20,21,28,29
1,3,16,31,33,35|2,12,17,19,38,39|7,9,15,25,28,29
1,3,21,22,33,35|2,12,17,19,38,39|7,9,15,25,28,29
1,7,9,16,31,32|2,12,17,19,38,39|3,8,10,13,14,35
1,7,9,21,22,32|2,12,17,19,38,39|3,8,10,13,14,35
2,9,12,13,31,33|3,8,10,35,39,40|6,7,17,21,26,29
2,12,17,19,38,39|3,8,10,13,14,35|7,9,15,25,28,29
1,2,6,19,21,34|3,8,9,13,31,32|7,11,16,25,35,40
1,2,13,14,34,40|3,6,9,21,32,33|11,18,26,29,30,39
1,2,14,16,19,34|3,6,9,21,32,33|7,11,20,35,39,40
1,3,8,9,29,39|2,6,17,19,21,38|7,11,13,14,20,35
1,13,17,25,29,30|2,8,9,11,18,39|7,15,28,31,35,40
2,6,9,13,22,33|3,14,16,17,34,40|11,18,26,29,30,39
2,6,17,19,21,38|3,8,9,13,31,32|7,11,16,25,35,40
2,8,9,11,18,39|3,6,13,28,29,34|7,14,25,31,35,40
2,8,9,16,18,31|3,6,13,28,29,34|7,11,20,35,39,40
2,8,9,16,19,25|3,6,13,28,29,34|7,11,20,35,39,40
2,8,9,18,21,22|3,6,13,28,29,34|7,11,16,25,35,40
2,8,9,19,20,39|3,6,13,28,29,34|7,11,16,25,35,40
2,8,9,19,21,28|3,11,13,29,31,34|7,15,22,25,35,40|17,18,20,30,32,39
2,8,13,27,29,32|3,6,9,21,38,40|14,16,17,19,26,30
2,8,17,18,32,39|3,6,9,21,38,40|7,11,13,14,20,35|16,19,25,26,29,30
2,8,19,26,29,39|3,6,9,21,32,33|7,11,13,14,20,35
2,9,11,13,14,33|3,6,17,21,34,40|16,18,26,29,30,31
2,9,11,33,39,40|3,6,13,28,29,34|14,16,17,19,26,30
2,9,16,31,33,40|3,6,13,28,29,34|17,18,20,30,32,39
2,9,21,22,33,40|3,6,13,28,29,34|14,16,17,19,26,30
2,11,18,29,38,39|3,6,9,21,32,33|7,14,25,31,35,40
2,13,14,17,32,33|3,6,9,21,38,40|11,18,26,29,30,39
2,13,14,17,38,40|3,6,9,21,32,33|11,18,26,29,30,39
2,13,25,29,32,33|3,6,9,21,38,40|14,16,17,19,26,30
2,13,25,29,38,40|3,6,9,21,32,33|14,16,17,19,26,30
2,14,16,17,19,38|3,6,9,21,32,33|7,11,20,35,39,40
2,16,18,29,31,38|3,6,9,21,32,33|7,11,13,14,20,35
2,16,19,25,29,38|3,6,9,21,32,33|7,11,13,14,20,35
2,17,32,33,39,40|3,6,13,28,29,34|9,11,16,18,25,30
2,18,21,22,29,38|3,8,9,13,31,32|7,11,16,25,35,40
2,19,20,29,38,39|3,6,9,21,32,33|7,11,16,25,35,40
2,19,21,28,29,38|3,8,9,13,31,32|7,11,16,25,35,40
3,6,9,21,32,33|7,11,13,14,20,35|10,17,29,30,39,40
3,6,9,21,38,40|7,11,13,14,20,35|16,17,18,25,30,32
3,6,13,28,29,34|7,11,16,25,35,40|9,18,20,21,22,30
3,8,9,13,31,32|6,17,19,21,26,30|7,11,16,25,35,40
3,9,14,16,32,33|6,7,11,13,28,35|10,17,29,30,39,40
3,9,14,16,38,40|6,7,11,13,28,35|17,18,20,30,32,39
3,11,13,29,31,34|6,17,19,21,26,30|7,15,22,25,35,40
3,13,14,20,29,34|6,17,19,21,26,30|7,11,16,25,35,40
3,13,29,31,32,38|6,17,19,21,26,30|7,11,16,25,35,40
3,14,16,17,34,40|6,7,11,13,28,35|9,15,18,22,25,30
3,16,25,29,34,40|6,7,11,13,28,35|9,18,20,21,22,30
3,20,29,34,39,40|6,7,11,13,28,35|9,14,18,25,30,31
3,21,28,29,34,40|6,7,13,20,22,35|9,11,16,18,25,30
1,3,6,21,33,35|2,8,9,12,18,39|7,16,17,25,29,32
1,3,8,13,31,35|2,9,12,33,39,40|7,16,17,25,29,32
1,3,14,16,33,35|2,8,9,12,18,39|7,17,21,28,29,32
1,13,17,29,30,31|2,6,8,9,18,21|7,14,15,28,35,40
2,6,8,9,18,21|3,11,13,14,29,34|7,15,22,31,35,40|16,17,19,25,30,32
2,6,9,21,33,40|3,11,13,14,29,34|16,17,18,30,31,32
2,6,18,21,29,38|3,8,9,13,14,32|7,11,16,31,35,40
2,8,9,11,19,39|3,6,13,22,29,34|7,14,15,28,35,40|16,17,18,30,31,32
