6,8,15,26,27,29|9,11,14,25,31,33|16,17,22,28,38,40
6,10,11,21,34,40|8,9,13,20,22,28|14,17,25,31,32,33
6,10,15,31,34,40|8,9,11,13,20,25|16,17,22,28,32,33
6,10,16,22,34,40|8,9,11,13,20,25|14,15,26,28,29,33
6,10,21,32,38,40|8,9,11,13,20,25|14,15,26,28,29,33
6,11,13,17,28,38|8,25,27,29,31,32|10,14,15,22,34,40
6,15,25,26,29,33|8,9,11,14,27,31|16,17,22,28,38,40
6,16,26,28,29,33|8,9,11,13,20,25|10,14,15,22,34,40
6,20,21,26,29,33|8,9,11,14,27,31|15,17,22,25,38,40
8,13,20,26,29,31|9,11,15,22,25,33|10,14,16,32,38,40
1,3,6,8,27,29|2,11,14,18,28,33|7,12,15,17,20,40
1,3,6,14,17,33|2,8,11,19,22,27|7,12,25,28,29,40
1,3,6,25,29,33|2,8,11,19,22,27|7,12,14,17,28,40
1,3,14,28,29,33|2,6,8,11,18,27|7,12,15,17,20,40
1,3,15,20,29,33|2,6,8,11,18,27|7,12,14,17,28,40
1,3,22,29,31,33|2,6,8,11,18,27|7,12,14,17,28,40
1,6,10,14,18,30|2,8,11,19,22,27|3,28,31,32,33,40
1,10,11,15,19,30|2,6,18,20,31,33|3,8,22,27,32,40
1,10,14,19,22,30|2,6,8,11,18,27|3,28,31,32,33,40
2,6,8,11,18,27|3,14,19,20,22,38|7,12,25,28,29,40
2,6,8,19,20,27|3,11,14,18,22,38|7,12,25,28,29,40
2,6,11,18,25,33|3,8,14,19,22,26|7,12,15,17,20,40
2,6,18,20,31,33|3,8,11,15,19,26|7,12,14,17,28,40
2,8,11,19,22,27|3,6,10,14,29,33|7,12,15,17,20,40
2,8,18,25,28,40|3,6,10,14,29,33|11,19,20,22,27,30
2,11,14,18,28,33|3,6,8,19,26,31|7,12,15,17,20,40
2,11,15,18,20,33|3,6,8,19,26,31|7,12,14,17,28,40
2,11,18,22,31,33|3,8,19,25,28,32|7,12,15,17,20,40
2,11,19,22,25,33|3,6,8,14,18,26|7,12,15,17,20,40
2,11,19,28,31,33|3,6,8,14,18,26|7,12,15,17,20,40
2,14,18,20,22,33|3,6,8,19,26,31|7,12,25,28,29,40
2,19,20,22,31,33|3,6,8,14,18,26|7,12,25,28,29,40
3,8,14,19,22,26|6,7,11,12,27,29|18,20,25,28,30,40
1,3,14,22,29,33|2,6,8,11,19,27|18,20,28,30,31,40
2,11,15,19,20,33|3,6,8,18,25,32|7,12,14,17,22,40
2,14,19,20,22,33|3,6,8,18,25,32|7,11,12,15,17,40
2,6,11,14,18,33|3,8,15,19,20,32|7,12,22,29,31,40
2,6,11,19,31,33|3,8,14,18,22,32|7,12,15,20,29,40
2,6,14,19,20,33|3,8,11,15,18,32|7,12,22,29,31,40
2,11,14,19,22,33|3,6,8,18,31,32|7,12,15,20,29,40
1,2,8,10,15,18|3,6,20,27,32,33|7,12,17,25,28,40
1,2,10,15,33,40|3,6,8,18,25,26|7,11,12,27,28,29
1,6,10,18,25,30|2,8,19,20,27,28|3,22,26,31,33,40
1,7,10,12,15,29|2,8,11,18,27,28|3,6,25,26,33,40
1,7,12,15,26,40|2,8,11,18,27,28|3,6,10,14,17,33
1,10,15,18,20,30|2,11,27,28,33,40|3,8,19,22,25,26
1,10,18,22,30,31|2,8,19,20,27,28|3,6,25,26,33,40
1,10,19,22,25,30|2,8,11,18,27,28|3,15,20,26,33,40
1,10,19,28,30,31|2,8,18,20,22,27|3,6,25,26,33,40
1,2,8,10,15,19|3,6,11,18,25,38|7,12,17,28,31,40
1,3,6,17,31,33|2,8,11,18,22,27|7,10,12,15,32,40
1,3,8,22,27,29|2,6,18,20,25,33|7,10,12,15,32,40
1,3,14,17,22,33|2,6,8,18,20,27|7,10,12,15,32,40
1,3,22,25,29,33|2,6,8,18,20,27|7,10,12,15,32,40
1,3,28,29,31,33|2,6,8,18,20,27|7,10,12,15,32,40
1,6,10,18,30,31|2,8,11,19,27,28|3,14,22,26,33,40
1,6,10,19,25,30|2,8,11,18,22,27|7,12,17,28,31,40
1,10,11,15,18,30|2,6,20,27,33,40|3,8,14,19,26,28
1,10,14,18,22,30|2,6,20,27,33,40|3,11,19,28,31,38
1,10,14,19,28,30|2,6,8,18,20,27|3,11,15,26,33,40
1,10,15,19,20,30|2,8,11,18,22,27|3,6,26,31,33,40
1,10,19,22,30,31|2,6,8,18,20,27|3,11,15,26,33,40
2,6,8,18,20,27|3,10,11,15,29,33|7,12,17,22,25,40
2,6,18,20,25,33|3,8,10,15,17,40|7,11,12,22,27,29
2,8,11,19,27,28|3,6,10,29,31,33|7,12,17,22,25,40
2,11,18,22,25,33|3,8,10,15,17,40|6,7,12,20,27,29
2,11,18,28,31,33|3,6,8,19,25,26|7,10,12,15,32,40
2,11,19,25,28,33|3,6,8,18,26,31|7,10,12,15,32,40
2,14,18,20,28,33|3,6,8,19,25,26|7,10,12,15,32,40
2,18,20,22,31,33|3,6,8,19,25,26|7,10,12,15,32,40
2,19,20,22,25,33|3,6,8,18,26,31|7,10,12,15,32,40
2,19,20,28,31,33|3,6,11,18,25,38|7,10,12,15,32,40
3,6,8,18,26,31|7,10,12,15,32,40|11,19,20,27,28,30
3,6,8,19,25,26|7,10,12,15,32,40|11,18,20,22,27,30
3,6,10,29,31,33|7,12,17,22,25,40|11,19,20,27,28,30
1,2,8,13,14,32|3,6,11,21,29,38|15,17,22,25,30,40
1,6,13,28,30,32|2,8,11,17,39,40|3,14,15,22,29,38
1,20,30,32,39,40|2,6,8,13,17,22|3,11,14,16,29,38
1,21,28,30,32,40|2,6,8,13,17,22|3,11,14,16,29,38
2,6,15,25,29,33|3,8,9,11,14,16|17,20,21,22,30,40
2,6,16,28,29,33|3,8,9,14,15,22|11,17,20,30,39,40
2,6,20,21,29,33|3,8,9,11,14,16|15,17,22,25,30,40
2,11,21,22,29,33|3,6,8,9,15,31|10,14,16,30,32,40
2,14,15,28,29,33|3,6,8,9,11,21|16,17,20,30,31,40
2,14,16,20,29,33|3,6,8,9,11,21|15,17,22,25,30,40
2,15,22,29,31,33|3,6,8,9,11,21|10,14,16,30,32,40
1,2,6,21,32,33|3,8,9,11,16,31|14,22,27,28,29,30
1,2,6,21,38,40|3,8,9,11,16,31|14,22,27,28,29,30
1,2,8,13,31,32|3,6,14,15,17,38|11,16,20,27,29,30
1,2,14,16,32,33|3,6,8,9,15,25|11,13,17,20,30,31
1,2,14,16,38,40|3,6,8,9,15,25|11,13,17,20,30,31
1,3,6,14,15,34|2,8,11,13,17,31|10,21,22,30,32,40
1,6,15,27,30,32|2,8,11,13,17,31|3,14,16,20,29,38
1,6,21,26,30,40|2,8,11,13,17,31|3,14,15,28,29,38
1,11,13,25,30,32|2,6,15,17,31,33|3,8,9,14,16,20
1,13,20,30,31,32|2,6,11,17,21,33|3,8,9,14,15,28
1,13,22,28,30,32|2,6,11,17,21,33|3,8,9,14,16,20
1,14,16,26,30,40|2,6,8,13,17,28|3,11,21,22,29,38
2,6,8,13,17,28|3,11,16,29,31,38|10,21,22,30,32,40
2,6,11,17,21,33|3,8,9,14,15,28|10,16,30,31,32,40
2,6,16,17,22,33|3,8,9,14,15,28|10,11,30,32,39,40
2,8,11,13,17,31|3,6,15,25,29,38|10,21,22,30,32,40
2,8,11,16,27,29|3,6,14,15,17,38|10,21,22,30,32,40
2,8,13,14,17,20|3,6,15,25,29,38|10,11,30,32,39,40
2,8,13,20,25,29|3,6,14,15,17,38|10,11,30,32,39,40
2,8,16,17,25,40|3,6,20,21,29,38|10,11,13,14,30,32
2,8,17,20,39,40|3,6,15,25,29,38|10,11,13,14,30,32
2,8,17,21,28,40|3,6,15,25,29,38|10,11,13,14,30,32
2,11,14,16,17,33|3,6,8,9,15,25|10,21,22,30,32,40
2,11,20,29,33,39|3,6,8,9,15,25|10,16,30,31,32,40
2,11,21,28,29,33|3,6,8,9,15,25|10,16,30,31,32,40
2,14,15,17,22,33|3,6,8,9,16,28|10,11,30,32,39,40
2,14,25,29,31,33|3,6,8,9,16,28|10,11,30,32,39,40
2,15,22,25,29,33|3,6,8,9,16,28|10,11,13,14,30,32
2,15,28,29,31,33|3,6,8,9,20,21|10,11,13,14,30,32
2,16,20,29,31,33|3,6,8,9,15,25|10,11,13,14,30,32
2,16,22,28,29,33|3,6,8,9,15,25|10,11,13,14,30,32
2,20,21,22,29,33|3,6,8,9,15,25|10,11,13,14,30,32
1,2,6,13,22,38|3,8,9,11,16,25|10,20,30,32,39,40
1,2,8,13,25,32|3,6,11,17,21,38|15,20,27,28,29,30
1,2,11,13,14,38|3,8,9,15,22,25|10,20,30,32,39,40
1,2,11,32,33,39|3,6,15,17,31,38|14,20,25,27,29,30
1,2,11,38,39,40|3,8,9,14,25,31|6,10,13,28,30,32
1,2,16,31,32,33|3,6,11,17,21,38|14,20,25,27,29,30
1,2,16,31,38,40|3,8,9,11,20,39|6,10,13,28,30,32
1,2,21,22,32,33|3,6,15,17,31,38|14,20,25,27,29,30
1,2,21,22,38,40|3,8,9,11,16,25|6,10,13,28,30,32
1,3,6,11,21,34|2,8,10,13,14,32|15,20,27,28,29,30
1,3,6,16,22,34|2,8,10,13,14,32|11,25,27,29,30,31
1,3,6,21,32,38|2,8,11,13,17,25|15,20,27,28,29,30
1,3,11,14,16,34|2,6,8,15,17,27|10,20,30,32,39,40
1,3,14,15,22,34|2,6,16,17,28,33|10,11,13,30,31,32
1,6,13,22,26,30|2,8,10,32,39,40|3,11,14,16,17,38
1,11,13,14,26,30|2,6,8,15,17,27|3,16,20,29,31,38
1,11,16,27,30,32|2,6,15,17,25,33|3,8,9,20,21,22
1,11,26,30,39,40|2,6,8,15,17,27|3,14,25,29,31,38
1,13,20,25,30,32|2,6,8,15,17,27|3,11,21,28,29,38
1,14,27,30,31,32|2,6,15,17,25,33|3,8,9,11,20,39
1,15,22,27,30,32|2,6,16,17,28,33|3,8,9,11,20,39
1,16,26,30,31,40|2,6,8,15,17,27|3,11,20,29,38,39
1,21,22,26,30,40|2,6,8,15,17,27|3,11,16,25,29,38
2,6,8,15,17,27|3,11,16,25,29,38|10,13,14,20,30,32
2,6,15,17,25,33|3,8,9,11,20,39|10,21,28,30,32,40
2,6,17,20,21,33|3,8,9,11,16,25|22,27,28,29,30,31
2,8,10,13,14,32|3,6,11,17,21,38|15,20,27,28,29,30
2,8,10,32,39,40|3,6,11,17,21,38|14,20,25,27,29,30
2,8,11,13,17,25|3,15,28,29,31,38|10,20,30,32,39,40
2,8,13,17,20,31|3,11,16,25,29,38|10,21,28,30,32,40
2,8,13,17,22,28|3,11,16,25,29,38|10,20,30,32,39,40
2,8,14,25,27,29|3,6,11,17,21,38|10,20,30,32,39,40
2,8,15,27,28,29|3,6,11,17,21,38|10,13,14,20,30,32
2,11,16,17,31,33|3,8,9,15,22,25|6,10,13,28,30,32
2,11,17,21,22,33|3,8,9,14,25,31|6,10,13,28,30,32
2,14,15,17,28,33|3,8,9,11,16,25|10,20,30,32,39,40
2,15,17,22,31,33|3,8,9,11,16,25|6,10,13,28,30,32
2,15,25,28,29,33|3,6,11,17,21,38|10,13,14,20,30,32
2,20,21,28,29,33|3,6,15,17,31,38|10,16,25,30,32,40
1,2,8,10,29,39|3,6,15,17,25,38|7,12,14,16,26,32
1,2,8,26,39,40|3,6,10,14,15,34|11,16,17,20,27,30
1,2,11,13,31,38|3,6,8,17,21,26|22,25,27,28,29,30
1,2,13,14,20,38|3,6,8,17,21,26|22,25,27,28,29,30
1,2,16,25,38,40|3,6,8,17,21,26|10,13,20,30,31,32
1,2,20,32,33,39|3,6,8,17,21,26|22,25,27,28,29,30
1,2,20,38,39,40|3,6,8,17,21,26|10,11,13,25,30,32
1,2,21,28,32,33|3,6,10,14,15,34|11,16,17,20,27,30
1,2,21,28,38,40|3,6,10,14,15,34|11,16,17,20,27,30
1,3,6,15,25,34|2,8,10,13,31,32|11,16,17,20,27,30
1,3,6,16,28,34|2,8,10,13,31,32|11,14,17,25,27,30
1,3,6,20,21,34|2,8,10,13,31,32|11,14,17,25,27,30
1,3,11,16,31,34|2,6,10,21,32,33|14,17,22,27,28,30
1,3,11,32,38,39|2,8,13,17,20,25|6,10,21,26,30,40
1,3,14,15,28,34|2,6,10,21,32,33|11,16,17,20,27,30
1,3,14,16,20,34|2,6,10,21,32,33|11,15,17,27,28,30
1,3,15,22,31,34|2,6,10,21,32,33|11,14,17,25,27,30
1,3,16,31,32,38|2,8,13,17,20,25|6,10,21,26,30,40
1,6,10,17,21,30|2,8,25,27,29,31|7,12,14,16,26,32
1,10,14,16,17,30|2,8,25,27,29,31|6,7,12,21,26,32
1,10,16,25,29,30|2,8,14,17,27,31|6,7,12,21,26,32
1,10,20,29,30,39|2,8,11,16,17,27|6,7,12,21,26,32
1,11,13,26,30,31|2,6,10,21,32,33|3,8,9,15,25,28
1,13,14,20,26,30|2,6,10,21,32,33|3,8,9,15,25,28
1,14,25,27,30,32|2,6,10,21,38,40|3,8,20,26,29,39
1,15,27,28,30,32|2,6,10,21,38,40|3,8,9,16,20,25
1,16,20,27,30,32|2,6,10,21,38,40|3,8,9,15,25,28
1,16,25,26,30,40|2,6,10,21,32,33|3,14,15,17,28,38
1,20,26,30,39,40|2,6,10,21,32,33|3,8,9,15,25,28
1,21,26,28,30,40|2,8,10,13,31,32|3,6,15,17,25,38
2,6,10,21,32,33|3,8,9,15,25,28|11,16,17,20,27,30
2,6,10,21,38,40|3,8,9,15,25,28|7,12,14,16,26,32
2,8,14,17,27,31|3,15,25,28,29,38|6,7,12,21,26,32
2,8,15,17,22,27|3,16,20,25,29,38|6,7,12,21,26,32
2,10,14,16,32,33|3,6,8,17,21,26|20,25,27,29,30,31
2,10,14,16,38,40|3,6,8,17,21,26|20,25,27,29,30,31
2,11,17,20,33,39|3,6,10,14,15,34|22,25,27,28,29,30
2,11,17,21,28,33|3,6,10,14,15,34|20,25,27,29,30,31
2,14,17,25,31,33|3,8,9,20,21,28|6,10,15,27,30,32
2,15,17,22,25,33|3,8,9,20,21,28|7,12,14,16,26,32
2,15,17,28,31,33|3,8,9,16,20,25|6,7,12,21,26,32
2,16,17,20,31,33|3,6,10,14,15,34|22,25,27,28,29,30
2,16,17,22,28,33|3,6,10,14,15,34|20,25,27,29,30,31
3,6,17,20,21,38|7,12,14,16,26,32|22,25,27,28,29,30
3,8,9,15,25,28|6,7,12,21,26,32|11,16,17,20,27,30
3,8,9,16,20,25|6,7,12,21,26,32|11,15,17,27,28,30
3,11,16,17,31,38|6,7,12,21,26,32|22,25,27,28,29,30
3,14,15,17,28,38|6,7,12,21,26,32|20,25,27,29,30,31
3,14,16,17,20,38|6,7,12,21,26,32|22,25,27,28,29,30
3,15,25,28,29,38|6,7,12,21,26,32|11,16,17,20,27,30
3,16,20,25,29,38|6,7,12,21,26,32|11,15,17,27,28,30
1,2,6,15,27,38|3,8,11,17,26,39|10,13,20,25,30,32
1,2,6,21,26,33|3,10,11,14,16,34|15,17,20,27,28,30
1,2,8,13,26,31|3,6,10,11,21,34|14,17,20,25,27,30
1,2,11,13,25,38|3,6,10,15,31,34|7,12,21,22,26,32
1,2,13,22,28,38|3,6,10,11,21,34|7,12,16,26,31,32|14,17,20,25,27,30
1,2,14,16,26,33|3,6,10,11,21,34|15,17,20,27,28,30
1,3,8,26,32,39|2,6,10,13,22,38|11,17,25,27,30,31
1,3,11,16,25,34|2,6,10,13,22,38|15,17,20,27,28,30
1,3,11,20,34,39|2,6,10,13,22,38|7,12,16,26,31,32
1,3,11,21,28,34|2,6,10,13,22,38|7,12,16,26,31,32|14,17,20,25,27,30
1,3,14,25,31,34|2,6,10,13,22,38|7,11,12,26,32,39|15,17,20,27,28,30
1,3,15,22,25,34|2,8,16,17,20,27|7,11,12,26,32,39
1,3,15,28,31,34|2,6,10,13,22,38|7,11,12,26,32,39|14,17,20,25,27,30
1,3,16,20,31,34|2,6,10,13,22,38|7,11,12,26,32,39
1,3,16,25,32,38|2,8,15,17,27,28|6,10,13,22,26,30
1,3,20,32,38,39|2,8,14,17,25,27|6,10,13,22,26,30
1,3,21,28,32,38|2,8,14,17,25,27|6,10,13,22,26,30
1,6,15,26,27,30|2,8,10,13,25,32|3,11,17,20,38,39
1,11,13,25,26,30|2,8,15,17,27,28|3,6,10,16,22,34
1,13,20,26,30,31|2,8,14,17,25,27|3,6,10,11,21,34
1,13,22,26,28,30|2,8,14,17,25,27|3,6,10,11,21,34
1,25,27,30,31,32|2,6,10,13,22,38|3,8,11,17,26,39
2,8,14,17,25,27|3,6,10,11,21,34|7,12,16,26,31,32
2,8,15,17,27,28|3,6,10,11,21,34|7,12,16,26,31,32
2,15,17,25,28,33|3,6,10,11,21,34|7,12,16,26,31,32
2,17,20,21,28,33|3,6,10,15,31,34|7,11,12,26,32,39
3,6,10,11,21,34|7,12,16,26,31,32|14,17,20,25,27,30
3,6,10,15,31,34|7,11,12,26,32,39|14,17,20,25,27,30
3,6,10,16,22,34|7,11,12,26,32,39|14,17,20,25,27,30
3,10,11,14,16,34|6,17,25,27,28,30|7,12,21,22,26,32
3,10,14,15,22,34|6,17,25,27,28,30|7,11,12,26,32,39
1,2,11,16,27,38|3,6,10,15,25,34|7,12,20,26,32,39
1,2,14,27,31,38|3,6,10,15,25,34|7,12,20,26,32,39
1,2,15,22,27,38|3,6,10,16,28,34|7,12,20,26,32,39
2,8,17,25,27,31|3,6,10,16,28,34|7,12,20,26,32,39
3,10,11,16,31,34|7,12,20,26,32,39|17,22,25,27,28,30
1,6,10,18,31,38|2,3,11,27,28,40|19,20,22,25,26,33
1,6,10,19,25,38|2,3,11,27,28,40|18,20,22,26,31,33
1,10,19,22,31,38|2,3,11,18,25,28|6,20,26,27,33,40
1,6,20,27,29,33|2,3,11,14,18,28|8,10,17,19,22,31
1,8,10,15,18,32|2,3,6,11,27,40|14,19,20,22,26,33
1,8,17,18,28,31|2,3,6,11,27,40|14,19,20,22,26,33
1,11,22,27,29,33|2,3,6,18,20,31|8,10,14,17,19,28
2,3,6,11,18,25|8,10,14,17,19,28|20,22,27,32,33,40
2,3,6,11,27,40|8,10,14,17,18,22|19,20,25,28,32,33
2,3,11,14,18,28|6,8,10,17,19,25|20,22,27,32,33,40
2,3,11,19,28,31|6,14,18,20,26,33|8,10,22,27,29,40
2,3,14,18,20,22|6,8,10,17,19,25|11,27,28,32,33,40
1,6,10,19,31,38|2,3,11,18,22,25|20,27,28,32,33,40
2,3,6,20,27,40|8,10,14,17,18,28|11,19,22,25,26,33
2,3,11,18,22,25|6,8,10,17,27,40|14,19,20,26,28,33
2,3,11,19,25,28|6,8,10,17,27,40|14,18,20,22,26,33
2,3,11,22,27,40|6,8,10,17,18,25|14,19,20,26,28,33
2,3,14,18,20,28|6,8,10,17,27,40|11,19,22,25,26,33
2,3,19,20,22,25|6,8,10,17,27,40|11,14,18,26,28,33
1,6,8,17,18,25|2,3,11,14,19,28|10,15,20,29,33,40
1,6,8,17,27,40|2,3,11,14,18,22|19,20,28,31,32,33
1,6,17,25,33,40|2,3,11,14,18,22|8,10,19,28,29,31
1,8,14,17,18,28|2,3,6,11,19,25|10,15,20,29,33,40
1,8,15,17,18,20|2,3,6,11,19,25|10,14,28,29,33,40
1,8,17,18,22,31|2,3,6,11,19,25|10,14,28,29,33,40
1,8,17,19,22,25|2,3,6,11,18,31|10,14,28,29,33,40
1,8,17,19,28,31|2,3,6,14,18,20|11,22,27,32,33,40
1,8,18,25,28,29|2,3,6,19,20,31|11,22,27,32,33,40
1,8,27,28,29,40|2,3,6,11,18,31|19,20,22,25,32,33
1,14,17,28,33,40|2,3,6,11,18,31|8,10,19,22,25,29
1,15,17,20,33,40|2,3,6,11,18,31|8,10,19,22,25,29
1,17,22,31,33,40|2,3,6,11,19,25|8,10,14,18,28,29
1,25,28,29,33,40|2,3,6,11,18,31|8,10,14,17,19,22
2,3,6,19,20,31|8,10,14,18,28,29|11,22,27,32,33,40
1,2,10,15,19,23|3,8,18,22,25,38|7,12,14,17,28,33
2,6,18,20,23,27|3,8,19,25,28,38|7,12,17,22,31,33
2,11,18,22,23,27|3,8,19,25,28,38|7,12,15,17,20,33
2,11,19,23,27,28|3,8,18,22,25,38|7,12,15,17,20,33
2,19,20,22,23,27|3,8,18,28,31,38|6,7,12,17,25,33
3,19,22,23,26,31|6,7,8,12,17,27|18,20,25,28,30,33
2,6,18,23,25,40|3,8,11,15,19,38|7,12,14,22,29,33
2,14,18,23,28,40|3,6,8,19,31,38|7,11,12,15,29,33
2,15,18,20,23,40|3,6,8,19,31,38|7,12,14,22,29,33
2,19,22,23,25,40|3,6,8,14,18,38|7,11,12,15,29,33
2,19,23,28,31,40|3,6,8,14,18,38|7,11,12,15,29,33
3,6,18,23,31,32|7,8,12,15,17,40|11,19,22,25,30,33
3,6,19,23,25,32|7,8,12,15,17,40|11,14,18,28,30,33
3,15,19,20,23,32|6,7,12,29,31,33|8,18,25,28,30,40
3,11,15,19,23,32|6,7,12,14,29,33|8,18,22,25,30,40
1,7,12,15,32,33|2,6,11,18,23,27|3,8,19,22,25,38
1,7,12,15,38,40|2,6,11,18,23,27|19,20,25,28,30,33
1,8,10,15,18,30|2,6,19,20,23,27|3,14,28,33,38,40
1,10,15,30,33,40|2,6,11,18,23,27|3,8,19,22,25,38
2,11,19,22,23,27|3,6,8,18,25,38|7,12,28,29,31,33
3,6,14,18,23,26|7,8,12,22,27,29|19,20,25,28,30,33
3,6,19,23,26,31|7,8,12,22,27,29|11,18,25,28,30,33
3,11,15,19,23,26|6,7,12,17,31,33|8,18,20,22,27,30
3,14,19,22,23,26|6,7,12,17,31,33|8,11,18,27,28,30
3,18,22,23,25,32|6,7,12,17,31,33|8,19,20,27,28,30
3,19,23,25,28,32|6,7,12,17,31,33|8,18,20,22,27,30
1,8,10,15,19,30|2,18,22,23,25,40|6,7,12,14,17,33
2,6,11,19,23,27|3,8,14,18,22,38|7,12,15,20,29,33
2,18,22,23,25,40|3,8,14,19,28,38|7,12,15,20,29,33
2,18,23,28,31,40|3,6,8,19,25,38|7,12,15,20,29,33
2,19,23,25,28,40|3,6,8,18,31,38|7,12,15,20,29,33
3,6,14,19,23,26|7,12,15,20,29,33|8,11,18,22,27,30
3,6,18,23,25,32|7,12,14,28,29,33|8,19,20,22,27,30
3,10,15,23,29,40|6,7,12,14,17,33|8,11,18,22,27,30
3,14,18,23,28,32|6,7,8,12,27,29|19,20,22,25,30,33
3,15,18,20,23,32|6,7,8,12,27,29|11,19,25,28,30,33
3,18,22,23,31,32|6,7,8,12,27,29|11,19,25,28,30,33
3,19,22,23,25,32|6,7,8,12,27,29|11,18,28,30,31,33
3,19,23,28,31,32|6,7,8,12,27,29|11,18,22,25,30,33
1,6,17,19,23,31|3,11,14,18,22,30|8,10,15,29,33,40
1,14,17,19,22,23|3,6,11,18,30,31|8,10,15,29,33,40
1,6,8,27,29,33|3,11,14,18,28,30|15,19,20,23,26,40
1,22,23,27,29,40|2,3,6,8,18,31|11,14,19,28,33,38
3,6,7,12,29,31|8,11,15,19,26,33|18,23,25,28,32,40
3,7,12,14,22,29|6,8,11,19,27,38|18,23,25,28,32,40
3,14,19,20,28,30|6,10,18,23,29,31|8,22,27,32,33,40
1,2,7,12,15,40|3,6,18,20,25,30|8,11,19,22,27,38
1,6,17,23,27,40|2,3,8,14,18,28|11,19,22,25,33,38
1,8,22,27,29,33|3,6,7,12,14,17|15,18,20,23,26,40
1,14,17,18,23,28|2,3,6,8,27,40|11,19,22,25,33,38
1,15,17,18,20,23|2,3,6,8,27,40|11,19,22,25,33,38
1,17,18,22,23,31|2,3,6,8,27,40|14,19,20,28,33,38
1,17,19,22,23,25|2,3,6,8,27,40|11,14,18,28,33,38
1,18,23,25,28,29|2,3,6,8,27,40|19,20,22,31,33,38
1,23,27,28,29,40|2,3,6,8,18,25|19,20,22,31,33,38
2,3,6,8,27,40|10,11,15,17,19,23|14,18,20,22,33,38
2,3,6,25,33,40|8,11,19,22,27,38|10,14,18,23,28,29
2,3,8,18,22,31|6,10,23,27,29,40|14,19,20,28,33,38
2,3,14,28,33,40|6,8,11,18,27,38|10,19,22,23,25,29
2,3,15,20,33,40|6,8,11,18,27,38|10,14,17,19,22,23
3,6,7,12,14,17|8,11,15,18,26,33|10,19,22,23,25,29
3,6,7,12,25,29|8,10,15,17,33,40|11,18,22,23,27,32
3,6,18,20,25,30|8,10,15,17,33,40|11,19,23,27,28,32
3,6,20,27,30,40|8,11,15,18,26,33|10,14,17,19,22,23
3,7,12,14,28,29|6,8,11,18,27,38|19,22,23,25,26,40
3,7,12,15,20,29|6,8,11,18,27,38|10,14,17,19,22,23
1,3,7,12,15,32|6,8,10,27,29,33|18,22,23,25,26,40
1,6,8,17,27,33|3,7,12,22,25,29|18,23,26,28,31,40
1,8,10,15,19,38|2,3,22,25,33,40|11,18,23,27,28,32
1,8,27,28,29,33|3,6,7,12,17,31|18,22,23,25,26,40
1,10,15,18,23,32|2,3,8,19,25,28|6,20,27,33,38,40
2,3,8,18,28,31|6,10,17,19,23,25|11,22,27,33,38,40
2,3,8,19,25,28|6,10,17,18,23,31|11,22,27,33,38,40
2,3,8,22,27,40|6,10,17,18,23,31|11,19,25,28,33,38
2,3,22,25,33,40|6,8,18,20,27,38|10,14,17,19,23,28
3,6,7,12,17,31|8,11,18,22,27,38|10,19,23,25,28,29
3,7,11,12,15,17|6,8,10,27,29,33|18,22,23,25,26,40
3,7,12,14,17,22|6,8,10,27,29,33|18,23,26,28,31,40
3,7,12,22,25,29|6,8,18,20,27,38|10,14,17,19,23,28
3,11,27,28,30,40|6,8,18,25,26,33|10,15,17,19,20,23
3,20,22,27,30,40|6,8,18,25,26,33|10,14,17,19,23,28
1,8,17,22,27,33|2,7,10,12,15,40|3,18,20,25,28,30
1,10,15,33,38,40|2,3,8,18,25,28|6,19,20,23,26,27
2,7,10,12,15,40|3,18,20,25,28,30|11,19,22,23,26,27
3,7,12,17,22,31|6,11,18,23,26,27|19,20,25,28,33,38
1,2,3,6,9,16|8,13,17,26,28,29|11,12,15,27,33,35|18,22,25,31,32,34
1,2,3,9,14,15|6,10,13,20,29,34|11,19,21,26,32,38
1,6,8,9,13,26|2,3,15,17,25,29|12,14,22,27,33,35|16,18,20,28,32,34
1,6,9,13,20,38|2,3,15,17,25,29|11,16,19,22,26,34
1,6,13,17,20,34|8,9,22,25,27,29|11,19,21,26,32,38
1,6,13,26,29,38|8,9,11,15,17,27|14,18,25,28,32,34
1,8,9,10,21,29|6,11,16,18,26,34|12,13,20,28,33,35
1,8,9,15,27,32|2,3,16,17,28,29|6,13,20,26,34,40
1,8,9,21,26,40|2,3,15,17,25,29|6,12,27,31,33,35|16,18,20,28,32,34
1,9,11,13,22,38|2,3,15,17,25,29|6,12,27,31,33,35|16,18,20,28,32,34
1,9,15,25,32,33|2,3,16,17,28,29|6,13,20,26,34,40
1,9,15,25,38,40|2,3,16,17,28,29|6,12,27,31,33,35
1,9,16,28,32,33|2,3,15,17,25,29|6,13,20,26,34,40
1,9,16,28,38,40|2,3,15,17,25,29|6,12,27,31,33,35
1,9,20,21,32,33|2,3,15,17,25,29|6,11,16,18,26,34
1,9,20,21,38,40|2,3,15,17,25,29|6,11,16,18,26,34|12,14,22,27,33,35
1,13,17,22,32,38|6,11,16,18,26,34|8,9,27,28,29,31
1,13,20,28,29,34|6,8,9,17,27,31|11,19,21,26,32,38
1,15,27,29,32,38|6,9,17,25,31,33|11,13,22,26,34,40
1,16,17,28,34,40|6,12,27,31,33,35|8,9,10,13,22,32
1,21,26,29,38,40|6,8,9,17,27,31|12,13,20,28,33,35
2,3,15,17,25,29|6,9,10,16,32,33|11,13,22,26,34,40
2,3,16,17,28,29|6,12,27,31,33,35|8,9,10,13,22,32|11,14,15,18,26,34
2,3,17,20,21,29|6,9,10,16,32,33|11,13,22,26,34,40
6,8,9,17,27,31|10,11,13,22,29,34|14,15,18,26,32,38
6,9,10,16,38,40|8,13,17,26,28,29|11,12,15,27,33,35|18,22,25,31,32,34
6,9,17,25,31,33|10,11,13,22,29,34|14,15,18,26,32,38
6,10,13,20,29,34|8,9,11,15,17,27|16,19,22,26,32,38
6,10,16,17,34,40|8,9,22,25,27,29|11,19,21,26,32,38|12,13,20,28,33,35
6,12,27,31,33,35|8,9,10,13,22,32|11,14,15,18,26,34
6,14,18,26,31,34|8,9,10,13,22,32|11,12,15,27,33,35
6,14,19,25,26,34|8,9,10,13,22,32|11,12,15,27,33,35
6,16,18,26,32,38|8,9,11,15,17,27|10,20,21,29,34,40
6,16,19,20,26,34|8,9,10,13,22,32|11,12,15,27,33,35
6,17,27,29,31,38|8,9,10,13,22,32|11,14,15,18,26,34
8,9,13,17,20,28|10,15,25,29,34,40|11,19,21,26,32,38|12,14,22,27,33,35
8,9,14,17,22,27|10,15,25,29,34,40|11,19,21,26,32,38|12,13,20,28,33,35
8,9,22,25,27,29|10,14,15,17,34,40|11,19,21,26,32,38|12,13,20,28,33,35
8,9,27,28,29,31|10,14,15,17,34,40|11,19,21,26,32,38
9,10,14,15,38,40|11,16,19,22,26,34|12,13,20,28,33,35
9,11,16,17,28,33|10,13,22,29,32,38|14,15,19,20,26,34
9,14,17,22,25,33|10,16,28,29,34,40|11,19,21,26,32,38
9,16,17,20,22,33|10,15,25,29,34,40|11,19,21,26,32,38
9,25,28,29,31,33|10,14,15,17,34,40|11,19,21,26,32,38
10,14,15,17,34,40|11,19,21,26,32,38|12,13,20,28,33,35
10,15,25,29,34,40|11,19,21,26,32,38|12,13,20,28,33,35
10,20,21,29,34,40|11,12,15,27,33,35|16,19,22,26,32,38
11,12,15,27,33,35|13,17,20,28,29,38|14,19,22,26,31,34
11,15,17,27,29,38|12,13,20,28,33,35|14,19,22,26,31,34
11,15,19,26,31,34|12,13,20,28,33,35|14,17,22,27,29,38
1,2,3,9,11,21|6,10,13,17,32,38|12,14,27,28,33,35|15,19,20,26,31,34
1,2,3,9,15,31|6,10,11,13,17,34|12,14,27,28,33,35|16,18,22,26,32,38
1,2,3,9,16,22|6,10,11,13,17,34|12,14,27,28,33,35|15,18,26,31,32,38
1,2,3,17,21,32|6,9,10,11,13,38|12,14,27,28,33,35|15,19,20,26,31,34
1,6,9,14,27,38|2,3,10,21,29,32|11,13,26,28,34,40
1,6,25,27,29,34|2,3,21,26,32,40|9,16,17,20,28,33
1,8,9,13,22,26|2,3,10,21,29,32|6,12,25,27,33,35
1,9,11,13,28,38|2,3,10,21,29,32|6,12,25,27,33,35|14,15,18,20,26,34
1,9,13,20,22,38|2,3,10,21,29,32|6,12,25,27,33,35|11,15,18,26,31,34
1,11,13,17,28,34|2,3,10,21,29,32|6,12,25,27,33,35
1,13,17,20,22,34|2,3,10,21,29,32|6,12,25,27,33,35
1,14,27,28,29,34|2,3,6,13,26,32|9,10,11,21,38,40
1,15,20,27,29,34|2,3,6,13,26,32|9,10,11,21,38,40
1,22,27,29,31,34|2,3,6,13,26,32|9,10,11,21,38,40
2,3,10,21,29,32|6,8,9,17,25,27|11,13,26,28,34,40
2,3,21,26,32,40|6,8,9,17,25,27|10,11,13,28,29,34
6,8,9,17,25,27|10,11,13,28,29,34|15,18,26,31,32,38
6,9,10,11,13,38|8,15,17,26,27,29|18,25,28,31,32,34
6,10,11,13,17,34|8,9,25,27,28,29|15,18,26,31,32,38
6,10,13,17,32,38|8,9,25,27,28,29|11,15,18,26,31,34
6,10,14,27,29,34|9,15,17,20,25,33|11,18,21,26,32,38
6,12,25,27,33,35|8,9,10,13,28,32|11,15,18,26,31,34
6,14,18,25,26,34|8,9,10,13,28,32|12,15,20,27,33,35
6,16,18,20,26,34|8,9,10,13,28,32|12,22,27,31,33,35
6,17,25,27,29,38|8,9,10,13,28,32|11,15,18,26,31,34
6,19,25,26,31,34|8,9,10,13,28,32|12,15,20,27,33,35
8,9,14,17,27,28|10,13,20,22,29,34|11,18,21,26,32,38
8,9,15,17,20,27|10,11,13,28,29,34|16,18,22,26,32,38
8,9,17,22,27,31|10,11,13,28,29,34|15,19,25,26,32,38
8,9,25,27,28,29|10,11,17,21,34,40|15,18,26,31,32,38
9,10,11,21,32,33|13,20,22,26,34,40|14,17,27,28,29,38
9,10,11,21,38,40|12,14,27,28,33,35|15,19,20,26,31,34
9,10,15,31,38,40|11,16,18,22,26,34|12,14,27,28,33,35
9,10,16,22,32,33|11,13,26,28,34,40|15,17,20,27,29,38
9,10,16,22,38,40|11,15,18,26,31,34|12,14,27,28,33,35
9,14,17,25,28,33|10,13,20,22,29,34|11,18,21,26,32,38
9,15,17,20,25,33|10,11,13,28,29,34|16,18,22,26,32,38
9,17,22,25,31,33|10,11,13,28,29,34|19,20,21,26,32,38
10,11,13,28,29,34|12,15,20,27,33,35|16,18,22,26,32,38
10,11,17,21,34,40|12,14,27,28,33,35|15,18,26,31,32,38
10,13,20,22,29,34|11,18,21,26,32,38|12,14,27,28,33,35
10,15,17,31,34,40|11,18,21,26,32,38|12,14,27,28,33,35
10,16,17,22,34,40|11,18,21,26,32,38|12,14,27,28,33,35
10,17,21,32,38,40|11,15,18,26,31,34|12,14,27,28,33,35
1,2,3,9,15,25|6,10,13,17,20,34|12,27,28,31,33,35
1,2,3,9,16,28|6,10,13,17,20,34|12,22,25,27,33,35
1,2,3,9,20,21|6,10,13,26,29,38|12,22,25,27,33,35
1,2,3,21,26,29|6,9,10,13,20,38|12,22,25,27,33,35
1,6,9,27,31,38|2,3,13,22,26,32|10,15,17,25,34,40
1,6,13,17,26,38|2,3,9,10,14,15|12,22,25,27,33,35
1,6,17,27,31,34|2,3,9,10,14,15|16,18,26,28,32,38
1,8,9,10,17,21|2,3,13,22,26,32|12,27,28,31,33,35
1,9,11,15,27,38|2,3,13,22,26,32|10,16,17,28,34,40
1,10,12,21,33,35|2,3,13,22,26,32|8,9,17,27,28,31
1,10,17,21,29,38|2,3,13,22,26,32|12,27,28,31,33,35
1,11,15,17,27,34|2,3,6,9,10,16|18,20,21,26,32,38
1,13,17,20,28,34|2,3,6,9,10,16|12,22,25,27,33,35
1,13,26,28,29,38|2,3,6,9,10,16|12,22,25,27,33,35
1,14,17,22,27,34|2,3,6,9,10,16|15,18,25,26,32,38
1,15,17,27,32,38|2,3,6,9,10,16|11,18,20,21,26,34
1,17,21,26,38,40|2,3,6,9,10,16|12,22,25,27,33,35
1,22,25,27,29,34|2,3,6,9,10,16|18,20,21,26,32,38
1,27,28,29,31,34|2,3,6,9,10,16|15,18,25,26,32,38
2,3,6,9,10,16|11,15,18,25,26,34|12,27,28,31,33,35
6,9,10,13,20,38|11,15,18,25,26,34|12,27,28,31,33,35
6,10,13,17,20,34|12,22,25,27,33,35|16,18,26,28,32,38
9,10,11,13,22,38|12,27,28,31,33,35|15,19,20,25,26,34
9,10,20,21,32,33|11,15,18,25,26,34|17,27,28,29,31,38
9,10,20,21,38,40|11,15,18,25,26,34|12,27,28,31,33,35
9,17,25,28,31,33|10,11,15,27,29,34|18,20,21,26,32,38
10,11,13,17,22,34|12,27,28,31,33,35|15,18,25,26,32,38
10,13,17,22,32,38|11,15,18,25,26,34|12,27,28,31,33,35
10,15,17,25,34,40|12,27,28,31,33,35|18,20,21,26,32,38
10,16,17,28,34,40|12,22,25,27,33,35|18,20,21,26,32,38
10,17,20,21,34,40|12,22,25,27,33,35|16,18,26,28,32,38
1,6,9,25,27,38|2,3,10,17,21,32|16,18,20,26,28,34
1,9,14,27,28,38|2,3,10,17,21,32|15,18,20,25,26,34
1,9,15,20,27,38|2,3,10,17,21,32|14,18,25,26,28,34
1,9,22,27,31,38|2,3,10,17,21,32|14,18,25,26,28,34
1,13,17,22,26,38|2,3,9,10,11,21|12,25,27,28,33,35
6,9,15,28,29,33|8,11,12,18,21,35|14,19,22,31,32,34
6,9,16,20,29,33|8,11,12,18,21,35|14,19,22,31,32,34
6,11,16,18,32,34|8,9,13,20,22,29|12,15,31,33,35,40
6,13,20,32,34,40|8,11,12,18,21,35|9,14,22,29,31,33
6,14,18,31,32,34|8,9,11,13,28,29|12,16,22,33,35,40
6,14,19,25,32,34|8,9,11,13,28,29|12,15,31,33,35,40
6,16,19,20,32,34|8,9,11,13,28,29|12,15,31,33,35,40
1,2,3,21,29,32|6,8,9,14,17,27|11,12,13,28,33,35
1,6,9,11,13,38|2,3,15,17,29,31|14,18,22,25,32,34
1,6,14,27,29,34|8,9,10,21,32,40|11,12,13,28,33,35
1,8,9,13,28,32|2,3,11,17,21,29|6,12,14,27,33,35
1,9,11,21,38,40|2,3,15,17,29,31|6,12,14,27,33,35|16,18,20,22,32,34
1,9,15,31,38,40|2,3,11,17,21,29|6,12,14,27,33,35|16,18,20,22,32,34
1,9,16,22,32,33|2,3,11,17,21,29|6,14,19,26,31,34
1,9,16,22,38,40|2,3,11,17,21,29|6,12,14,27,33,35|15,18,20,31,32,34
1,17,21,32,38,40|6,8,9,25,27,29|11,12,13,28,33,35
2,3,16,17,22,29|6,8,9,10,13,32|11,14,15,19,26,34
6,8,9,14,17,27|10,11,21,29,34,40|12,13,20,22,33,35
6,8,9,25,27,29|11,12,13,28,33,35|14,15,19,26,32,38
6,9,16,17,20,33|10,11,21,29,34,40|14,15,19,26,32,38
6,11,16,19,26,34|8,9,10,21,32,40|12,13,20,22,33,35
6,12,14,27,33,35|8,9,10,21,32,40|11,13,17,28,29,38
6,14,17,27,29,38|8,9,10,21,32,40|11,12,13,28,33,35
6,14,19,26,31,34|8,9,10,21,32,40|11,12,13,28,33,35
6,15,19,22,26,34|8,9,10,21,32,40|11,12,13,28,33,35
6,16,19,26,32,38|8,9,11,13,17,28|10,15,29,31,34,40
8,9,13,17,20,22|10,11,21,29,34,40|14,15,19,26,32,38
8,9,14,27,28,29|11,15,18,25,32,34|12,13,20,22,33,35
8,9,15,20,27,29|11,12,13,28,33,35|14,18,22,25,32,34
8,9,22,27,29,31|11,12,13,28,33,35|14,15,19,26,32,38
10,11,21,29,34,40|12,13,20,22,33,35|14,15,19,26,32,38
10,16,22,29,34,40|11,12,13,28,33,35|14,15,19,26,32,38
1,6,9,16,32,33|2,3,14,15,17,29|8,12,18,20,21,35
1,6,9,16,38,40|2,3,14,15,17,29|8,12,18,20,21,35
1,8,9,13,22,32|2,3,6,16,17,29|12,15,25,33,35,40
1,9,14,15,32,33|2,3,6,16,17,29|8,12,18,20,21,35
1,9,14,15,38,40|2,3,6,16,17,29|8,12,18,20,21,35
1,11,13,22,29,34|6,9,14,17,31,33|8,12,15,18,25,35
1,13,22,29,32,38|6,9,11,16,17,33|8,12,15,18,25,35
1,14,15,17,34,40|6,8,9,27,29,31|11,12,13,22,33,35
1,20,21,29,34,40|6,9,11,16,17,33|8,12,15,18,25,35
2,3,6,16,17,29|8,12,15,18,25,35|11,13,28,32,34,40
2,3,14,15,17,29|6,12,13,20,33,35|11,16,18,22,32,34
6,8,9,27,29,31|11,12,13,22,33,35|14,15,18,20,32,34
6,8,13,17,26,29|11,15,18,31,32,34|12,16,28,33,35,40
6,9,11,16,17,33|8,12,15,18,25,35|13,20,22,32,34,40
6,9,14,17,31,33|8,12,15,18,25,35|11,13,28,32,34,40
6,9,15,17,22,33|8,12,16,18,28,35|11,19,20,21,32,34
6,9,25,29,31,33|8,12,15,27,35,40|11,16,18,22,32,34
6,12,13,20,33,35|8,9,11,15,27,29|14,18,22,31,32,34
6,13,17,20,29,38|8,12,15,18,25,35|11,16,19,28,32,34
6,14,18,25,32,34|8,9,11,13,17,22|12,16,28,33,35,40
6,15,18,28,32,34|8,9,11,13,17,22|12,20,21,33,35,40
6,16,18,20,32,34|8,9,11,13,17,22|12,15,25,33,35,40
6,19,25,31,32,34|8,9,11,13,17,22|12,16,28,33,35,40
8,9,11,15,27,29|12,16,28,33,35,40|14,18,22,31,32,34
8,9,15,17,25,40|11,12,13,22,33,35|14,19,28,31,32,34
8,9,16,17,28,40|11,12,13,22,33,35|14,15,18,20,32,34
8,9,17,20,21,40|11,12,13,22,33,35|14,19,28,31,32,34
8,12,15,18,25,35|9,11,16,28,29,33|13,20,22,32,34,40
8,12,15,27,35,40|9,11,16,28,29,33|14,18,22,31,32,34
8,12,16,18,28,35|9,11,14,15,17,33|13,20,22,32,34,40
8,17,21,26,29,40|11,12,13,22,33,35|14,15,18,20,32,34
11,12,13,22,33,35|14,15,18,20,32,34|16,17,28,29,38,40
11,13,17,22,29,38|12,15,25,33,35,40|14,19,28,31,32,34
1,6,9,11,13,30|2,14,15,17,29,33|3,8,12,21,35,40
1,6,13,17,30,32|2,11,14,15,19,34|3,8,9,16,22,29
1,9,15,30,31,40|2,6,11,16,19,34|3,8,17,21,29,32
1,9,16,22,30,40|2,6,14,19,31,34|3,8,17,21,29,32
1,13,28,29,30,32|2,6,11,16,19,34|3,8,12,21,35,40
1,17,21,30,32,40|2,6,11,16,19,34|3,8,9,15,29,31
2,6,16,17,29,33|3,8,12,21,35,40|14,15,19,26,30,32
2,11,14,15,19,34|3,6,8,12,13,35|10,21,29,30,32,40
3,8,15,25,35,40|6,7,9,11,16,32|12,13,17,28,29,30
3,8,20,21,35,40|6,7,9,11,16,32|12,13,17,28,29,30
1,2,6,9,16,33|3,8,12,13,28,35|10,17,21,30,32,40
1,2,8,9,13,22|3,11,12,21,33,35|6,17,25,27,29,30
1,2,9,14,15,33|3,6,13,20,32,34|17,22,27,29,30,31
1,2,13,22,29,38|3,8,9,11,17,21|15,18,26,30,31,32
1,3,8,9,21,32|2,6,14,18,25,34|15,17,20,27,29,30
1,3,15,29,31,34|2,8,19,21,26,32|6,9,10,11,13,30
1,3,16,22,29,34|2,8,19,21,26,32|6,9,10,11,13,30
1,3,21,29,32,38|2,6,14,18,25,34|9,10,15,30,31,40
1,6,7,14,25,35|2,8,15,17,27,29|3,11,13,22,32,34
1,6,7,15,28,35|2,8,19,21,26,32|3,16,17,22,29,38
1,6,7,16,20,35|2,8,15,17,27,29|3,11,13,22,32,34
1,6,9,14,27,30|2,8,19,21,26,32|3,12,15,31,33,35
1,7,11,15,31,35|2,6,14,18,25,34|3,8,9,16,17,22|10,13,28,29,30,32
1,7,11,16,22,35|2,6,14,18,25,34|3,8,9,15,17,31|10,13,28,29,30,32
1,7,14,15,20,35|2,6,19,25,31,34|3,8,9,11,17,21|10,13,28,29,30,32
1,7,14,22,31,35|2,6,15,18,28,34|3,8,9,11,17,21
1,9,11,13,28,30|2,6,14,18,25,34|3,12,15,31,33,35
1,9,13,20,22,30|2,6,14,18,25,34|3,11,12,21,33,35
1,13,17,28,30,32|2,6,14,18,25,34|3,11,12,21,33,35
1,13,22,26,29,30|2,6,14,18,25,34|3,8,9,11,17,21
2,6,14,18,25,34|3,8,9,11,17,21|10,13,28,29,30,32
2,6,14,27,34,40|3,8,9,11,17,21|10,13,28,29,30,32
2,6,16,18,20,34|3,8,9,11,17,21|10,13,28,29,30,32
2,6,19,25,31,34|3,8,9,11,17,21|10,13,28,29,30,32
2,8,15,17,27,29|3,6,13,20,32,34|9,10,11,21,30,40
2,8,19,21,26,32|3,12,15,31,33,35|6,9,10,11,13,30
2,11,13,28,34,40|3,8,9,15,17,31|16,18,22,26,30,32
2,11,15,18,31,34|3,8,9,16,17,22|10,13,28,29,30,32
2,11,15,19,25,34|3,8,9,16,17,22|10,13,28,29,30,32
2,11,16,18,22,34|3,8,9,15,17,31|10,13,28,29,30,32
2,11,19,20,21,34|3,8,9,15,17,31|10,13,28,29,30,32
2,13,20,22,34,40|3,8,9,11,17,21|15,18,26,30,31,32
2,14,15,18,20,34|3,8,9,11,17,21|10,13,28,29,30,32
2,14,18,22,31,34|3,8,9,11,17,21|10,13,28,29,30,32
2,14,19,22,25,34|3,8,9,11,17,21|10,13,28,29,30,32
2,14,19,28,31,34|3,8,9,11,17,21|16,18,22,26,30,32
2,15,17,25,29,33|3,6,13,20,32,34|9,10,11,21,30,40
2,15,19,20,31,34|3,8,9,11,17,21|10,13,28,29,30,32
2,16,17,28,29,33|3,6,13,20,32,34|9,10,11,21,30,40
2,16,19,20,22,34|3,8,9,11,17,21|10,13,28,29,30,32
2,17,20,21,29,33|3,8,12,13,28,35|9,10,15,30,31,40
1,9,12,13,28,30|3,6,8,27,31,35|7,11,21,26,29,32
2,11,12,18,21,34|3,6,8,27,31,35|7,9,14,22,25,32
2,12,13,28,34,40|3,6,8,27,31,35|7,9,11,15,25,32
2,12,15,18,31,34|3,8,13,20,28,35|7,9,14,22,25,32
2,12,15,19,25,34|3,6,8,27,31,35|7,9,11,16,28,32
2,12,16,18,22,34|3,6,8,27,31,35|7,9,11,15,25,32
2,12,16,19,28,34|3,6,8,27,31,35|7,9,11,15,25,32
2,12,19,20,21,34|3,6,8,27,31,35|7,9,11,15,25,32
3,11,15,25,33,35|6,9,10,12,13,30|7,16,22,26,29,32
3,14,22,25,33,35|6,9,10,12,13,30|7,11,21,26,29,32
3,14,28,31,33,35|6,9,10,12,13,30|7,11,21,26,29,32
3,15,20,31,33,35|6,9,10,12,13,30|7,11,21,26,29,32
1,2,6,8,9,13|3,11,21,32,34,40|14,17,22,27,29,30
1,2,6,13,29,38|3,8,9,14,15,17|11,19,21,26,30,32
1,2,8,9,21,40|3,6,11,13,32,34|14,17,22,27,29,30
1,2,21,29,38,40|3,6,8,9,16,17|14,15,18,26,30,32
1,3,6,16,29,34|2,11,19,21,32,38|9,10,14,15,30,40
1,6,7,11,16,35|2,8,13,17,28,29|3,15,31,32,34,40
1,6,7,14,31,35|2,8,13,17,28,29|3,11,21,32,34,40
1,6,7,15,22,35|2,8,13,17,28,29|3,11,21,32,34,40
1,7,11,14,15,35|2,6,13,20,34,40|3,8,9,16,28,29
1,9,15,25,30,40|2,6,11,16,18,34|3,8,12,13,22,35
1,9,16,28,30,40|2,6,14,18,31,34|3,8,12,13,22,35
1,9,20,21,30,40|2,6,11,16,18,34|3,8,12,13,22,35
1,13,17,22,30,32|2,6,11,16,18,34|3,8,9,15,25,29
1,15,27,29,30,32|2,6,11,16,18,34|3,8,12,13,22,35
1,21,26,29,30,40|2,6,11,16,18,34|3,8,9,14,15,17
