6,21,22,27,32,33|8,10,13,14,15,17|11,19,28,31,38,39
6,26,31,33,39,40|8,10,13,14,15,17|11,16,18,20,21,38
8,10,13,14,15,17|11,16,18,20,21,38|25,28,32,33,39,40
8,10,13,20,21,29|11,14,18,28,38,39|15,16,26,31,33,40
8,10,15,17,39,40|11,14,18,21,25,38|13,16,20,28,32,33
8,10,16,17,21,40|11,13,14,15,26,33|19,20,22,31,38,39
8,11,15,18,26,39|10,14,21,29,31,33|13,16,20,28,38,40
8,11,16,18,21,26|10,14,22,29,33,39|13,15,20,25,38,40
8,13,14,27,28,32|10,11,15,29,33,39|16,19,22,25,31,38
8,13,15,25,26,40|10,11,16,21,29,33|14,18,20,22,38,39
8,13,16,26,28,40|10,11,15,29,33,39|14,18,20,21,31,38
8,13,20,21,26,40|10,11,15,29,33,39|14,16,18,22,25,38
8,13,22,27,31,32|10,11,15,29,33,39|14,16,19,25,28,38
8,14,18,21,26,31|10,11,15,29,33,39|13,16,20,28,38,40
8,14,18,22,26,39|10,11,16,21,29,33|13,15,20,25,38,40
8,14,19,21,25,26|10,11,15,29,33,39|13,16,20,28,38,40
8,14,19,26,28,39|10,11,16,21,29,33|13,15,20,25,38,40
8,15,19,20,26,39|10,11,16,21,29,33|13,14,25,28,38,40
8,16,19,20,21,26|10,11,15,29,33,39|13,14,25,28,38,40
8,18,25,28,32,39|10,11,16,21,29,33|14,15,27,31,38,40
8,19,22,26,31,39|10,11,16,21,29,33|13,14,25,28,38,40
8,21,25,27,32,40|10,11,15,29,33,39|14,16,18,28,31,38
8,27,28,32,39,40|10,11,16,21,29,33|14,15,18,25,31,38
1,6,8,27,29,39|2,3,11,13,14,15|21,25,31,32,33,40
1,6,14,17,33,39|2,3,11,16,21,40|8,10,13,15,29,31
1,6,25,29,33,39|2,3,11,13,14,15|8,21,27,31,32,40
1,8,11,13,17,21|2,3,6,31,39,40|10,14,15,16,29,33
1,8,13,15,17,31|2,3,11,16,21,40|6,10,14,29,33,39
1,8,13,16,17,22|2,3,6,31,39,40|11,14,19,21,25,38
1,8,14,21,27,29|2,3,6,11,13,16|22,25,32,33,39,40
1,8,15,16,27,29|2,3,6,13,14,31|22,25,32,33,39,40
1,14,15,16,17,33|2,3,6,31,39,40|8,10,11,13,21,29
1,14,21,25,29,33|2,3,6,11,13,16|8,18,28,31,32,39
1,14,28,29,33,39|2,3,6,11,13,16|8,15,19,21,22,26
1,15,16,25,29,33|2,3,6,13,14,31|8,22,27,32,39,40
1,15,20,29,33,39|2,3,6,11,13,16|8,14,19,21,26,31
1,15,21,28,29,33|2,3,6,11,13,16|8,14,19,22,26,39
1,16,20,21,29,33|2,3,6,13,14,31|8,11,15,19,26,39
2,3,6,11,13,16|8,14,19,21,26,31|22,25,32,33,39,40
2,3,6,13,15,22|8,11,16,19,21,26|28,31,32,33,39,40
2,3,6,31,39,40|8,10,11,13,21,29|14,15,16,18,20,38
2,3,11,15,39,40|6,8,13,27,31,32|14,16,19,22,25,38
2,3,11,16,21,40|6,8,13,27,31,32|14,19,20,22,38,39
2,3,14,21,31,40|6,11,19,25,38,39|8,10,13,16,22,29
2,3,14,22,39,40|6,8,13,27,31,32|11,15,16,19,25,38
2,3,15,16,31,40|6,8,14,18,26,39|11,13,20,21,32,33
2,3,15,21,22,40|6,8,13,27,31,32|11,14,19,28,38,39
6,8,15,18,21,26|11,13,16,28,32,33|14,19,20,22,38,39
6,8,19,26,31,39|10,14,15,16,29,33|11,13,20,21,38,40
6,14,16,18,25,38|8,10,11,13,21,29|28,31,32,33,39,40
6,14,18,21,28,38|8,10,13,15,29,31|22,25,32,33,39,40
6,14,26,33,39,40|8,10,11,13,21,29|15,16,19,20,31,38
6,15,16,18,28,38|8,10,11,13,21,29|22,25,32,33,39,40
6,15,18,20,21,38|8,10,13,16,22,29|28,31,32,33,39,40
6,15,21,26,33,40|8,10,13,16,22,29|11,14,19,28,38,39
6,19,20,31,38,39|8,10,11,13,21,29|14,15,16,26,33,40
6,19,22,28,38,39|8,10,11,13,21,29|14,15,16,26,33,40
8,10,11,13,21,29|14,15,16,18,20,38|22,25,32,33,39,40
8,18,22,25,32,39|10,14,15,16,29,33|11,13,20,21,38,40
8,18,28,31,32,39|10,14,15,16,29,33|11,13,20,21,38,40
8,19,25,28,32,39|10,14,15,16,29,33|11,13,20,21,38,40
1,6,8,13,16,17|11,14,19,21,31,38|15,20,32,33,39,40
1,8,13,14,15,17|6,11,19,31,38,39|16,20,21,32,33,40
1,8,13,16,28,29|2,3,6,14,39,40|11,15,19,21,22,38
1,8,13,20,21,29|2,3,6,14,39,40|11,15,16,19,31,38
6,8,10,13,16,29|11,14,19,21,31,38|15,20,32,33,39,40
6,11,19,31,38,39|8,10,13,14,15,29|16,20,21,32,33,40
6,13,15,28,32,33|8,10,16,21,29,40|11,14,19,22,38,39
6,13,16,20,32,33|8,10,15,29,39,40|11,14,19,21,31,38
6,14,19,20,38,39|8,10,16,21,29,40|11,13,15,31,32,33
6,14,19,21,28,38|8,10,15,29,39,40|11,13,16,22,32,33
1,2,3,16,33,38|7,12,13,20,26,30|10,14,18,23,25,34
1,3,14,27,30,38|2,7,8,12,13,26|10,15,18,23,28,34
1,3,16,26,30,33|2,7,12,13,20,38|10,14,18,23,25,34
1,16,18,23,26,38|2,10,13,20,30,33|3,7,12,14,25,34
2,7,12,13,20,38|3,8,17,25,27,30|10,15,18,23,28,34
7,12,13,20,26,30|8,17,27,31,33,38|10,14,18,23,25,34
1,2,14,27,30,33|3,7,11,12,16,34|17,18,23,25,31,38
1,16,19,23,26,38|2,10,11,13,30,33|3,7,12,14,31,34
1,18,23,25,31,34|2,7,11,12,13,38|3,10,16,30,32,33
1,23,27,31,34,40|2,7,11,12,13,38|3,10,16,30,32,33
2,7,11,12,13,38|3,8,17,27,30,31|10,14,19,23,25,34
7,11,12,13,26,30|8,14,17,27,33,38|10,15,18,22,23,34
1,6,10,13,16,38|2,3,11,14,21,27|8,18,22,25,26,39
1,10,13,14,15,38|2,3,6,11,27,39|8,18,21,25,26,31
1,10,15,32,33,39|2,3,6,16,27,31|18,21,22,25,28,38
1,10,15,38,39,40|2,3,6,16,27,31|11,13,20,21,26,33
1,10,16,21,38,40|2,3,6,11,27,39|13,14,22,25,26,33
2,3,6,21,22,27|8,10,13,15,17,25|18,20,28,31,38,39
2,3,11,15,16,27|6,10,17,31,33,39|18,21,22,25,28,38
2,3,13,15,20,25|6,10,17,31,33,39|21,22,27,28,38,40
2,3,13,16,20,28|6,10,17,31,33,39|11,21,25,27,38,40
2,3,14,15,27,31|8,10,13,16,17,28|18,20,22,25,38,39
2,3,25,28,39,40|6,8,13,26,27,31|10,11,16,17,21,33
6,8,13,26,27,31|10,11,15,17,33,39|18,21,22,25,28,38
6,10,17,31,33,39|8,11,13,15,26,27|18,21,22,25,28,38
6,11,13,25,27,38|8,18,26,28,31,39|10,15,17,21,22,33
6,13,20,27,31,38|8,18,22,25,26,39|10,11,16,17,21,33
6,13,22,27,28,38|8,18,21,25,26,31|10,11,15,17,33,39
6,14,16,26,27,33|8,10,13,15,17,25|18,20,28,31,38,39
8,11,13,15,26,27|10,14,17,21,31,33|18,20,22,25,38,39
8,13,14,22,26,27|10,11,15,17,33,39|16,18,25,28,31,38
8,18,21,25,26,31|10,11,15,17,33,39|13,14,20,22,27,38
8,18,26,28,31,39|10,11,16,17,21,33|13,14,20,22,27,38
8,19,25,26,28,39|10,11,16,17,21,33|13,14,20,22,27,38
1,3,16,30,38,40|2,7,8,12,13,32|6,10,15,19,23,34
1,11,16,18,23,34|2,7,8,12,13,32|3,14,17,30,31,33
1,14,18,23,31,34|2,7,8,12,13,32|3,11,16,17,30,33
1,14,19,23,25,34|2,7,8,12,13,32|3,11,16,17,30,33
1,15,18,22,23,34|2,7,8,12,13,32|3,11,16,17,30,33
1,15,19,23,28,34|2,7,8,12,13,32|3,11,16,17,30,33
1,16,19,20,23,34|2,7,8,12,13,32|3,14,17,30,31,33
2,3,16,17,23,40|7,12,13,20,30,32|8,14,27,29,33,38
2,7,8,12,13,32|3,11,16,17,30,33|6,10,15,19,23,34
6,10,15,19,23,34|7,12,13,20,30,32|8,14,27,29,33,38
1,2,13,20,30,33|3,6,7,12,15,34|8,9,23,25,27,40
1,3,11,13,30,38|2,7,12,16,32,33|6,10,15,18,23,34
1,8,13,20,33,34|2,3,14,23,27,29|7,12,16,26,30,40
1,15,18,23,28,34|2,3,8,16,17,33|7,12,14,27,30,32
1,19,23,25,31,34|2,3,8,16,17,33|7,12,14,27,30,32
2,3,8,16,17,33|6,10,15,18,23,34|7,12,14,27,30,32
2,3,14,23,27,29|7,12,16,26,30,40|8,13,17,20,33,38
2,7,12,16,32,33|3,8,14,17,27,30|6,10,15,18,23,34
2,7,12,16,38,40|3,8,10,13,30,32|6,9,22,23,27,33
2,8,10,16,18,30|3,6,7,12,15,34|9,11,14,23,27,33
2,10,16,30,33,40|3,6,7,12,15,34|14,17,18,23,25,38
6,10,15,18,23,34|7,12,14,27,30,32|8,13,17,20,33,38
7,12,14,27,30,32|8,10,16,33,34,40|15,17,18,23,28,38
7,12,16,26,30,40|8,13,17,20,33,38|10,14,19,23,31,34
1,6,15,18,23,34|2,3,8,16,29,33|7,11,12,13,30,32
1,14,19,23,31,34|2,3,8,16,29,33|7,11,12,13,30,32
1,15,19,22,23,34|2,3,8,16,29,33|7,11,12,13,30,32
2,3,8,16,29,33|6,15,17,18,23,38|7,11,12,13,30,32
3,9,14,15,30,32|6,11,13,29,34,38|12,17,21,23,35,40
2,3,21,29,32,38|6,8,9,14,27,34|12,13,17,23,28,35
2,6,7,14,25,35|3,9,16,28,30,32|8,13,22,26,29,34
2,6,7,15,28,35|3,9,20,21,30,32|8,13,22,26,29,34
2,6,7,16,20,35|3,9,15,25,30,32|8,13,22,26,29,34
2,7,11,15,31,35|3,9,16,28,30,32|6,14,27,29,34,38
2,7,11,16,22,35|3,9,15,25,30,32|6,14,27,29,34,38
2,7,14,15,20,35|3,9,16,28,30,32|6,11,13,17,34,38
2,7,14,22,31,35|3,9,15,25,30,32|6,11,13,17,34,38
3,21,26,29,30,32|6,8,9,14,27,34|12,13,17,23,28,35
1,8,9,21,29,38|2,6,7,11,16,35|14,15,17,32,33,34
1,8,17,21,29,34|2,6,7,11,16,35|3,9,15,30,31,32
2,3,14,15,29,34|6,9,16,32,33,38|12,13,17,22,23,35
2,6,7,11,16,35|3,9,15,30,31,32|8,21,26,29,34,40
2,6,7,14,31,35|3,9,11,21,30,32|15,25,29,34,38,40
2,6,7,15,22,35|3,9,11,21,30,32|16,28,29,34,38,40
2,6,9,13,20,30|8,12,17,21,33,35|15,25,29,34,38,40
2,7,11,14,15,35|3,9,16,22,30,32|6,8,13,26,29,34
2,9,11,13,22,30|6,16,17,32,33,34|12,15,23,27,29,35
2,13,17,22,30,32|6,9,11,16,33,34|12,15,23,27,29,35
6,9,16,32,33,38|8,21,26,29,34,40|12,13,17,22,23,35
8,21,26,29,34,40|9,14,15,32,33,38|12,13,17,22,23,35
2,7,14,25,28,35|3,9,11,21,26,30|6,10,13,32,34,38
2,7,15,20,25,35|3,9,11,21,26,30|6,10,13,32,34,38
2,7,16,20,28,35|3,9,11,21,26,30|6,10,13,32,34,38
2,7,22,25,31,35|3,9,11,21,26,30|6,10,13,32,34,38
1,12,21,33,35,38|2,3,6,16,17,34|9,13,22,23,26,32
1,13,22,32,34,38|2,6,7,25,31,35|3,9,14,15,26,30
2,3,16,28,29,34|6,8,9,13,26,38|12,15,17,23,27,35
2,3,20,21,29,34|6,8,9,13,26,38|12,15,17,23,27,35
2,6,7,25,31,35|3,9,14,15,26,30|8,10,17,21,29,34
2,7,11,15,25,35|3,6,9,16,26,30|8,10,17,21,29,34
2,7,11,16,28,35|3,9,14,15,26,30|6,13,17,20,34,38
2,7,11,20,21,35|3,6,9,16,26,30|8,15,17,27,32,34
2,7,14,22,25,35|3,6,9,16,26,30|8,10,17,21,29,34
2,7,14,28,31,35|3,6,9,16,26,30|8,10,17,21,29,34
2,7,15,20,31,35|3,6,9,16,26,30|8,10,17,21,29,34
2,7,15,22,28,35|3,6,9,16,26,30|8,10,17,21,29,34
2,7,16,20,22,35|3,9,14,15,26,30|6,27,29,31,34,38
8,9,13,20,28,34|12,15,17,23,27,35|21,26,29,32,33,38
1,9,17,21,23,26|2,7,25,28,31,35|10,13,22,32,34,38
1,10,21,29,34,38|2,7,25,28,31,35|9,15,23,26,27,32
2,7,25,28,31,35|3,9,20,21,26,30|10,13,22,32,34,38
2,9,22,25,27,30|8,13,17,26,28,34|10,12,21,33,35,38
2,13,17,26,28,30|8,9,22,25,27,34|10,12,21,33,35,38
2,12,13,21,33,34|3,6,23,27,35,39|7,9,15,16,31,38
1,8,10,13,21,30|2,18,22,23,25,39|3,15,16,31,33,38
2,18,21,23,25,31|3,8,13,16,28,38|6,20,27,30,33,39
2,18,22,23,25,39|3,8,13,16,28,38|11,21,27,30,31,33
2,18,23,28,31,39|3,8,13,15,25,38|14,20,21,27,30,33
2,19,23,25,28,39|3,8,13,20,21,38|16,22,27,30,31,33
1,7,12,15,38,39|2,6,13,23,25,27|3,8,16,21,26,33
1,7,12,16,21,38|2,6,13,23,25,27|3,8,15,26,33,39
2,11,15,18,23,39|3,6,8,13,16,38|21,25,30,31,33,40
2,11,16,18,21,23|3,8,13,14,15,38|22,25,30,33,39,40
2,14,18,21,23,31|3,6,8,13,16,38|22,25,30,33,39,40
2,14,18,22,23,39|3,6,8,13,16,38|21,25,30,31,33,40
2,14,19,21,23,25|3,6,8,13,16,38|28,30,31,33,39,40
2,14,19,23,28,39|3,6,8,13,16,38|21,25,30,31,33,40
2,15,18,21,22,23|3,6,8,13,16,38|28,30,31,33,39,40
2,15,19,20,23,39|3,6,8,13,16,38|21,25,30,31,33,40
2,15,19,21,23,28|3,6,8,13,16,38|22,25,30,33,39,40
2,16,19,20,21,23|3,8,13,14,15,38|22,25,30,33,39,40
2,6,18,23,25,39|3,8,11,13,21,38|14,15,27,30,31,33
2,14,18,21,23,25|3,8,13,15,31,38|6,11,27,30,33,39
2,14,18,23,28,39|3,6,15,21,33,38|8,13,22,27,30,31
2,15,16,18,23,25|3,6,14,33,38,39|8,13,22,27,30,31
2,15,18,20,23,39|3,8,11,13,21,38|6,16,27,30,31,33
2,15,18,21,23,28|3,6,14,33,38,39|8,13,22,27,30,31
2,16,18,20,21,23|3,6,14,33,38,39|8,13,22,27,30,31
2,18,22,23,31,39|3,6,15,21,33,38|8,13,14,27,28,30
2,19,21,23,25,31|3,6,14,33,38,39|8,13,15,20,27,30
2,19,22,23,25,39|3,6,15,21,33,38|8,13,14,27,28,30
3,13,15,23,25,32|6,11,27,30,33,39|7,8,12,16,17,21
2,6,14,18,23,39|7,8,12,16,21,29|11,13,15,30,31,33
2,6,19,23,31,39|7,8,12,16,21,29|13,14,15,20,30,33
2,14,19,22,23,39|6,13,15,28,30,33|7,8,12,16,21,29
3,6,13,16,23,32|7,8,12,15,29,39|14,21,25,30,33,40
2,6,13,17,26,38|3,9,14,25,28,34|10,12,15,27,30,35
2,9,13,20,28,38|3,6,16,17,26,34|10,12,15,27,30,35
2,10,17,21,29,38|3,9,14,25,28,34|7,15,20,26,31,35
2,13,17,20,28,34|3,6,9,16,26,38|10,12,15,27,30,35
2,15,17,27,32,38|3,9,14,25,28,34|7,11,20,21,26,35
2,17,21,26,32,33|3,9,14,25,28,34|10,12,15,27,30,35
2,17,21,26,38,40|3,9,14,25,28,34|10,12,15,27,30,35
1,2,13,28,32,34|6,7,14,25,26,35|9,10,11,17,21,30
1,9,10,21,30,32|2,6,14,17,27,34|7,11,15,26,31,35
2,6,9,14,27,38|3,11,21,26,29,34|7,25,28,31,32,35
2,6,9,16,26,33|3,15,17,25,32,34|10,12,13,28,30,35
2,6,14,17,27,34|3,8,9,21,26,32|10,12,13,28,30,35
2,6,25,27,29,34|3,8,9,21,26,32|10,12,13,28,30,35
2,9,11,13,28,38|3,15,17,25,32,34|6,7,16,20,26,35
2,9,13,20,22,38|3,11,21,26,29,34|7,25,28,31,32,35
2,13,17,28,32,38|3,6,9,25,31,34|7,11,16,22,26,35
2,15,20,27,29,34|3,8,9,21,26,32|10,12,13,28,30,35
2,22,27,29,31,34|3,8,9,21,26,32|10,12,13,28,30,35
3,11,21,26,29,34|7,25,28,31,32,35|9,10,16,17,22,30
3,16,22,26,29,34|7,25,28,31,32,35|9,10,11,17,21,30
1,2,8,9,17,21|3,6,16,26,29,34|7,14,25,28,32,35
1,2,12,21,33,35|3,6,9,14,25,34|13,17,22,26,30,32
1,2,13,22,32,34|6,7,11,16,26,35|9,10,14,15,17,30
1,2,17,21,29,38|3,6,9,14,25,34|7,16,20,28,32,35
1,9,15,17,25,30|2,6,13,26,29,38|7,16,20,28,32,35
1,9,16,17,28,30|2,6,13,26,29,38|7,15,20,25,32,35
1,9,17,20,21,30|2,6,13,26,29,38|7,14,25,28,32,35
1,12,15,27,30,35|2,6,8,9,13,26|3,11,17,21,32,34
1,17,21,26,29,30|2,6,9,13,20,38|7,14,25,28,32,35
2,6,13,26,29,38|3,9,11,15,31,34|7,14,25,28,32,35
2,6,27,29,31,34|3,9,11,21,32,38|10,12,13,22,30,35
2,8,9,10,21,29|3,15,17,31,32,34|6,7,11,16,26,35
2,8,9,15,27,32|3,6,16,26,29,34|10,12,13,22,30,35
2,8,9,21,26,40|3,15,17,31,32,34|10,12,13,22,30,35
2,9,11,13,22,38|3,6,16,26,29,34|7,14,25,28,32,35
2,9,15,25,32,33|3,6,16,26,29,34|10,12,13,22,30,35
2,9,15,25,38,40|3,6,16,26,29,34|10,12,13,22,30,35
2,9,16,28,32,33|3,14,15,26,29,34|10,12,13,22,30,35
2,9,16,28,38,40|3,11,17,21,32,34|6,7,14,26,31,35
2,9,20,21,32,33|3,6,16,26,29,34|10,12,13,22,30,35
2,9,20,21,38,40|3,6,16,26,29,34|7,14,25,28,32,35
2,11,15,27,29,34|3,9,16,22,32,38|6,7,14,26,31,35
2,13,20,28,29,34|3,9,11,21,32,38|6,7,14,26,31,35
2,15,17,25,34,40|3,9,11,21,32,38|6,7,14,26,31,35
2,15,27,29,32,38|3,6,9,14,25,34|10,12,13,22,30,35
2,16,17,28,34,40|3,9,11,21,32,38|6,7,14,26,31,35
2,17,20,21,34,40|3,9,15,31,32,38|6,7,11,16,26,35
2,21,26,29,32,33|3,6,9,14,25,34|10,12,13,22,30,35
2,21,26,29,38,40|3,6,9,14,25,34|7,16,20,28,32,35
3,11,17,21,32,34|6,7,14,26,31,35|9,10,15,25,29,30
3,14,15,26,29,34|6,9,10,16,17,30|7,22,25,31,32,35
3,15,17,31,32,34|6,7,11,16,26,35|9,10,20,21,29,30
3,16,17,22,32,34|6,7,14,26,31,35|9,10,15,25,29,30
1,2,6,13,32,34|3,8,12,17,21,35|9,10,15,29,30,31
1,9,11,17,21,30|2,6,14,27,29,34|7,15,20,31,32,35
1,9,15,17,30,31|2,6,14,27,29,34|7,11,16,28,32,35
1,9,16,17,22,30|2,6,14,27,29,34|7,11,15,25,32,35
2,6,11,13,17,34|3,9,14,15,32,38|10,12,21,30,35,40
2,6,13,17,32,38|3,9,11,14,15,34|10,12,21,30,35,40
2,6,14,27,29,34|3,8,12,17,21,35|9,13,20,28,30,32
2,9,16,22,38,40|3,8,12,17,21,35|13,26,28,29,30,32
2,11,13,28,29,34|3,6,9,16,32,38|10,12,21,30,35,40
2,13,20,22,29,34|3,6,9,16,32,38|10,12,21,30,35,40
2,13,28,29,32,38|3,6,9,11,16,34|10,12,21,30,35,40
2,16,17,22,34,40|3,9,14,15,32,38|6,10,12,13,30,35
1,6,9,16,17,30|2,11,13,22,29,34|7,14,15,20,32,35
1,9,14,15,17,30|2,6,13,20,29,34|7,11,16,22,32,35
1,9,15,25,29,30|2,6,16,17,34,40|7,14,22,31,32,35
1,9,20,21,29,30|2,6,16,17,34,40|7,11,15,31,32,35
1,2,7,12,15,39|3,6,16,25,27,30|8,13,20,21,26,33
1,2,7,12,16,21|3,6,20,27,30,39|8,13,15,25,26,33
2,3,6,25,33,39|8,13,14,27,28,38|16,18,20,21,23,26
2,3,8,14,21,27|6,18,23,25,26,39|13,16,20,28,33,38
2,3,14,28,33,39|6,8,13,25,27,38|16,18,20,21,23,26
2,3,15,21,28,33|6,8,13,25,27,38|18,22,23,26,31,39
2,3,16,20,21,33|6,8,13,25,27,38|14,18,23,26,28,39
2,3,22,31,33,39|6,8,13,25,27,38|15,18,21,23,26,28
3,11,21,27,30,31|6,18,23,25,26,39|13,16,20,28,33,38
3,14,15,25,27,30|8,10,16,17,21,33|18,22,23,26,31,39
2,3,6,31,33,39|8,11,13,15,27,38|10,16,17,21,23,40
2,3,8,13,15,25|6,14,16,27,33,38|19,22,23,26,31,39
2,3,8,13,20,21|6,14,16,27,33,38|10,15,17,23,39,40
2,3,11,15,33,39|6,8,13,27,31,38|10,16,17,21,23,40
2,3,11,16,21,33|6,8,13,27,31,38|10,15,17,23,39,40
2,3,14,21,31,33|6,10,13,16,17,23|8,18,22,25,38,39
2,3,14,22,33,39|6,8,13,27,31,38|10,16,17,21,23,40
2,3,15,21,22,33|6,8,13,27,31,38|14,19,23,26,28,39
3,6,11,27,30,39|8,13,15,26,31,33|10,16,17,21,23,40
3,6,16,27,30,31|8,11,13,21,26,33|10,15,17,23,39,40
3,6,21,22,27,30|8,13,15,26,31,33|18,23,25,28,32,39
3,11,14,21,27,30|6,10,13,16,17,23|8,18,22,25,38,39
3,11,15,16,27,30|6,13,25,31,33,38|14,18,22,23,26,39
3,13,15,20,25,30|6,14,16,27,33,38|19,22,23,26,31,39
3,13,22,25,30,31|6,14,16,27,33,38|10,15,17,23,39,40
3,14,15,27,30,31|6,10,13,16,17,23|8,18,22,25,38,39
3,14,16,22,27,30|6,13,25,31,33,38|10,15,17,23,39,40
3,25,28,30,39,40|6,8,13,27,31,38|11,16,18,21,23,26
1,6,23,27,29,39|2,3,8,11,13,21|15,16,25,33,38,40
1,8,15,17,33,39|3,6,13,25,30,31|11,16,19,21,23,26
1,8,16,17,21,33|3,6,13,25,30,31|11,15,19,23,26,39
1,11,13,17,21,23|2,3,6,14,33,39|8,15,16,18,25,38
1,13,15,17,23,31|2,3,6,14,33,39|8,16,18,20,21,38
1,13,16,17,22,23|2,3,6,14,33,39|8,15,18,21,28,38
1,14,21,23,27,29|2,3,8,13,15,31|6,25,33,38,39,40
1,15,16,23,27,29|2,3,6,14,33,39|8,19,21,25,31,38
2,3,6,14,33,39|8,15,16,18,25,38|10,11,13,21,23,29
2,3,6,15,21,33|8,14,18,28,38,39|10,13,16,22,23,29
2,3,8,11,13,21|6,14,18,23,26,39|15,16,25,33,38,40
2,3,8,13,15,31|6,14,18,23,26,39|16,20,21,33,38,40
2,3,8,13,16,22|6,14,18,23,26,39|15,21,28,33,38,40
2,3,14,15,16,33|6,8,18,25,38,39|10,11,13,21,23,29
3,6,13,25,30,31|8,10,15,29,33,39|11,16,19,21,23,26
3,6,14,16,27,30|8,10,15,29,33,39|11,13,21,23,26,40
3,11,13,15,25,30|6,8,27,32,33,39|14,19,21,23,26,31
3,11,13,16,28,30|6,8,18,25,38,39|14,19,21,23,26,31
3,11,13,20,21,30|6,8,18,25,38,39|15,16,19,23,26,31
3,13,14,22,25,30|6,8,27,32,33,39|11,16,19,21,23,26
3,13,14,28,30,31|6,8,18,25,38,39|11,16,19,21,23,26
3,13,15,20,30,31|6,8,18,25,38,39|11,16,19,21,23,26
3,13,15,22,28,30|6,8,18,25,38,39|11,16,19,21,23,26
3,13,16,20,22,30|6,8,18,25,38,39|14,19,21,23,26,31
3,21,25,30,31,40|6,8,13,14,27,38|11,15,19,23,26,39
3,22,25,30,39,40|6,8,13,14,27,38|11,16,19,21,23,26
3,28,30,31,39,40|6,8,13,14,27,38|11,16,19,21,23,26
2,3,8,13,14,15|6,18,23,25,32,39|11,16,21,33,38,40
3,6,13,14,25,30|8,11,15,18,38,39|10,16,21,23,29,40
3,6,13,15,28,30|8,11,16,18,21,38|19,22,23,25,32,39
3,6,13,16,20,30|8,11,15,18,38,39|14,21,23,27,32,40
3,6,25,30,39,40|8,11,16,18,21,38|10,13,14,15,23,29
3,11,13,15,30,31|6,8,19,25,38,39|10,16,21,23,29,40
3,11,13,16,22,30|6,8,18,31,38,39|14,21,23,27,32,40
3,13,14,15,20,30|6,8,18,31,38,39|10,16,21,23,29,40
3,13,14,22,30,31|6,8,19,25,38,39|10,16,21,23,29,40
3,14,28,30,39,40|6,10,13,16,23,29|8,15,18,21,22,38
3,15,20,30,39,40|6,10,13,16,23,29|8,14,18,21,31,38
3,16,20,21,30,40|6,8,18,31,38,39|10,13,14,15,23,29
3,22,30,31,39,40|6,10,13,16,23,29|8,14,19,21,25,38
1,8,15,29,33,39|3,6,11,13,16,30|14,18,21,23,31,32
1,8,16,21,29,33|3,6,13,14,30,31|11,15,18,23,32,39
1,11,13,21,23,29|3,6,30,31,39,40|8,14,15,16,18,38
1,13,15,23,29,31|3,11,16,21,30,40|6,8,14,18,38,39
1,6,12,13,35,38|2,3,9,14,15,32|11,21,26,29,34,40
2,3,6,9,16,32|8,12,13,17,28,35|11,21,26,29,34,40
2,3,9,14,15,32|6,11,13,26,29,34|12,16,17,22,33,35
6,9,11,13,20,34|12,15,17,31,33,35|21,26,29,32,38,40
6,9,13,20,32,38|11,12,17,21,33,35|15,26,29,31,34,40
6,11,13,26,29,34|9,15,25,32,38,40|12,16,17,22,33,35
6,13,26,29,32,38|9,11,15,25,34,40|12,16,17,22,33,35
1,8,9,17,21,26|10,12,13,22,35,38|25,27,28,29,32,34
1,12,15,27,35,38|2,3,6,9,16,26|10,17,20,21,29,34
1,12,21,26,33,35|6,9,10,16,17,38|25,27,28,29,32,34
2,3,6,9,16,26|10,12,13,22,35,38|14,17,27,28,32,34
2,3,9,14,15,26|6,17,25,27,32,34|10,12,13,22,35,38
2,3,9,11,21,26|10,12,13,28,35,38|17,22,25,27,32,34
2,3,9,15,26,31|10,12,13,28,35,38|17,22,25,27,32,34
2,3,17,21,26,32|6,9,20,25,27,34|10,12,13,28,35,38
1,12,13,22,35,38|2,3,9,11,21,32|6,10,16,17,29,34
2,3,9,16,22,32|6,13,20,26,29,34|8,12,15,17,27,35
6,9,11,14,27,34|12,15,17,25,33,35|13,22,26,29,32,38
6,9,14,27,32,38|11,13,22,26,29,34|12,15,17,25,33,35
6,25,27,29,32,34|9,14,15,26,38,40|12,16,17,28,33,35
9,14,25,28,34,40|12,17,20,21,33,35|13,22,26,29,32,38
9,15,20,25,34,40|12,16,17,28,33,35|13,22,26,29,32,38
9,16,20,28,34,40|12,15,17,25,33,35|13,22,26,29,32,38
1,2,3,12,21,35|6,9,11,13,26,38|10,15,17,29,31,34
1,12,13,28,35,38|2,3,9,15,25,32|6,14,26,27,29,34
2,3,9,15,25,32|6,10,12,13,35,38|11,17,21,26,34,40
2,3,9,16,28,32|6,10,12,13,35,38|11,17,21,26,34,40
2,3,9,20,21,32|6,10,12,13,35,38|15,17,26,31,34,40
1,6,9,13,16,38|2,3,15,17,29,39|14,18,21,25,32,34
1,9,13,14,15,38|2,3,16,17,21,29|6,18,25,32,34,39
1,9,15,38,39,40|2,3,16,17,21,29|6,13,14,27,32,34
1,9,16,21,38,40|2,3,15,17,29,39|6,13,14,27,32,34
1,15,17,34,39,40|8,9,21,27,29,31|12,13,16,28,33,35
1,16,17,21,34,40|8,9,22,27,29,39|12,13,15,25,33,35
6,9,17,31,33,39|8,12,13,15,27,35|10,16,21,29,34,40
8,9,21,27,29,31|12,13,15,25,33,35|14,18,28,32,34,39
8,9,22,27,29,39|12,13,15,25,33,35|16,18,20,21,32,34
8,12,13,15,27,35|9,11,16,17,21,33|14,18,28,32,34,39
1,9,11,13,21,38|6,12,27,33,35,39|14,15,16,18,26,34
1,9,13,15,31,38|6,12,27,33,35,39|11,16,19,21,26,34
1,9,13,16,22,38|6,12,27,33,35,39|14,19,21,26,31,34
1,13,15,17,31,34|6,12,27,33,35,39|16,19,21,26,32,38
1,13,17,21,32,38|6,12,27,33,35,39|14,15,16,18,26,34
1,15,16,27,29,34|6,9,17,25,33,39|13,21,26,32,38,40
6,12,27,33,35,39|8,9,10,13,21,32|14,15,16,18,26,34
6,14,18,26,34,39|8,9,10,13,21,32|12,15,16,27,33,35
6,17,27,29,38,39|8,9,10,13,21,32|14,15,16,18,26,34
6,19,26,31,34,39|8,9,10,13,21,32|12,15,16,27,33,35
10,13,16,22,29,34|12,14,21,27,33,35|15,19,26,32,38,39
6,12,13,16,33,35|8,9,15,17,39,40|14,19,21,31,32,34
6,13,16,17,29,38|8,12,15,18,35,39|14,19,21,31,32,34
6,14,18,32,34,39|8,9,13,15,25,29|12,16,21,33,35,40
6,19,31,32,34,39|8,9,13,14,15,17|12,16,21,33,35,40
6,8,9,27,29,39|11,12,13,21,33,35|15,16,18,31,32,34
8,9,14,21,27,29|11,15,18,32,34,39|12,13,16,22,33,35
8,9,15,16,27,29|11,12,13,21,33,35|14,18,22,32,34,39
9,10,11,13,21,38|12,27,28,33,35,39|15,16,18,25,26,34
9,10,13,15,31,38|12,21,25,27,33,35|14,18,26,28,34,39
9,10,13,16,22,38|12,21,25,27,33,35|14,18,26,28,34,39
10,13,17,21,32,38|12,27,28,33,35,39|15,16,18,25,26,34
1,2,3,9,15,39|6,10,13,16,17,34|12,21,27,31,33,35
6,9,10,13,16,38|11,15,18,26,34,39|12,21,27,31,33,35
6,10,13,16,17,34|12,21,27,31,33,35|15,18,26,32,38,39
8,9,17,22,27,39|10,13,15,25,29,34|16,18,21,26,32,38
9,10,13,14,15,38|11,16,18,21,26,34|12,22,27,33,35,39
9,17,21,25,31,33|10,13,16,28,29,34|15,18,26,32,38,39
9,17,28,31,33,39|10,13,15,25,29,34|16,18,21,26,32,38
10,13,16,28,29,34|12,21,27,31,33,35|15,18,26,32,38,39
1,10,11,13,21,30|2,6,16,27,31,33|3,22,25,38,39,40
1,10,13,15,30,31|2,6,11,27,33,39|7,12,14,17,21,25
1,10,13,16,22,30|2,6,11,27,33,39|3,21,25,31,38,40
2,6,8,13,25,27|3,14,15,16,26,33|7,12,17,22,31,39
2,6,11,27,33,39|3,8,13,15,26,31|7,12,14,17,21,25
2,6,16,27,31,33|3,8,11,13,21,26|7,12,14,17,28,39
2,6,21,22,27,33|3,8,13,15,26,31|7,12,14,17,28,39
2,8,13,14,27,28|3,6,15,21,26,33|7,12,17,22,31,39
2,8,13,22,27,31|3,6,14,26,33,39|7,12,15,16,17,25
2,8,27,28,39,40|3,6,13,25,31,38|7,12,16,17,20,21
2,11,14,21,27,33|3,6,13,25,31,38|7,12,15,17,20,39
2,11,15,16,27,33|3,6,13,25,31,38|7,12,14,17,28,39
2,13,14,25,28,33|3,8,21,27,31,32|7,12,15,17,20,39
2,13,15,20,25,33|3,6,14,16,27,38|7,12,17,22,31,39
2,13,16,20,28,33|3,8,21,27,31,32|6,7,12,17,25,39
2,13,22,25,31,33|3,6,14,16,27,38|7,12,15,17,20,39
2,14,15,27,31,33|3,8,11,13,21,26|6,7,12,17,25,39
2,14,16,22,27,33|3,6,13,25,31,38|7,12,15,17,20,39
3,6,14,26,33,39|7,12,15,16,17,25|11,13,27,28,30,31
3,6,15,21,26,33|7,12,14,17,28,39|11,13,22,25,27,30
3,14,15,16,26,33|6,7,12,17,25,39|11,13,27,28,30,31
1,3,8,15,17,39|2,6,13,25,31,33|21,22,27,28,30,40
1,3,8,16,17,21|2,6,13,25,31,33|11,27,28,30,39,40
1,6,10,13,16,30|2,8,18,21,25,31|3,14,28,32,33,39
1,7,12,15,32,39|2,6,8,13,27,31|3,14,21,25,38,40
1,7,12,16,21,32|2,6,8,13,27,31|3,14,28,38,39,40
1,10,15,30,39,40|2,6,8,13,27,31|3,14,21,25,32,33
1,10,16,21,30,40|2,6,8,13,27,31|3,14,28,32,33,39
2,6,8,13,27,31|3,14,21,25,32,33|7,11,12,15,17,39
2,6,13,25,31,33|3,8,10,15,29,39|7,11,12,16,17,21
2,6,14,16,27,33|3,8,10,15,29,39|18,20,21,25,30,31
2,8,11,13,15,27|3,6,25,32,33,39|7,12,14,17,21,31
2,8,13,14,22,27|3,6,25,32,33,39|7,11,12,16,17,21
2,8,18,21,25,31|3,6,13,15,28,38|7,12,14,17,22,39
2,8,18,22,25,39|3,6,13,15,28,38|7,11,12,16,17,21
2,8,18,28,31,39|3,6,13,14,25,38|7,11,12,16,17,21
2,8,19,25,28,39|3,6,13,16,20,38|7,12,14,17,21,31
2,8,21,27,31,40|3,6,13,14,25,38|7,11,12,15,17,39
2,8,22,27,39,40|3,6,13,14,25,38|7,11,12,16,17,21
2,11,13,15,25,33|3,6,8,27,32,39|7,12,14,17,21,31
2,11,13,16,28,33|3,6,8,27,32,39|7,12,14,17,21,31
2,11,13,20,21,33|3,6,8,27,32,39|7,12,15,16,17,31
2,13,14,22,25,33|3,6,8,27,32,39|7,11,12,16,17,21
2,13,14,28,31,33|3,6,8,27,32,39|7,11,12,16,17,21
2,13,15,20,31,33|3,6,8,27,32,39|7,11,12,16,17,21
2,13,15,22,28,33|3,6,8,27,32,39|7,11,12,16,17,21
2,13,16,20,22,33|3,6,8,27,32,39|7,12,14,17,21,31
2,21,25,31,33,40|3,6,8,13,16,26|7,11,12,15,17,39
2,22,25,33,39,40|3,6,8,13,16,26|7,12,14,17,21,31
2,28,31,33,39,40|3,6,8,13,16,26|7,12,15,17,21,22
3,6,8,13,16,26|7,11,12,15,17,39|18,20,21,25,30,31
3,6,13,14,25,38|7,11,12,15,17,39|16,27,28,30,31,40
3,6,13,15,28,38|7,11,12,16,17,21|18,20,22,25,30,39
3,6,13,16,20,38|7,11,12,15,17,39|18,21,22,25,28,30
3,6,25,32,33,39|7,11,12,16,17,21|13,14,20,22,27,30
3,6,25,38,39,40|7,11,12,16,17,21|13,14,20,22,27,30
3,8,10,15,29,39|6,11,13,25,27,30|7,12,14,17,21,31
3,8,10,16,21,29|6,7,12,17,31,39|11,13,14,27,28,30
3,8,13,14,15,26|6,7,12,17,31,39|11,21,25,27,30,40
3,8,15,16,27,32|6,7,12,17,31,39|18,21,22,25,28,30
3,8,15,26,39,40|6,11,13,25,27,30|7,12,14,17,21,31
3,8,16,21,26,40|6,7,12,17,31,39|11,13,14,27,28,30
3,13,14,15,20,38|6,7,12,17,31,39|11,21,25,27,30,40
3,14,21,25,32,33|6,7,12,17,31,39|11,13,15,20,27,30
3,14,21,25,38,40|6,7,12,17,31,39|11,13,15,20,27,30
3,14,28,32,33,39|6,11,13,25,27,30|7,12,15,16,17,31
3,14,28,38,39,40|6,11,13,25,27,30|7,12,15,16,17,31
3,15,16,25,32,33|6,7,12,17,31,39|11,13,14,27,28,30
3,15,16,25,38,40|6,7,12,17,31,39|11,13,14,27,28,30
3,15,20,32,33,39|6,11,13,25,27,30|7,12,14,17,21,31
3,15,20,38,39,40|6,11,13,25,27,30|7,12,14,17,21,31
3,15,21,28,32,33|6,7,12,17,31,39|13,14,20,22,27,30
3,15,21,28,38,40|6,7,12,17,31,39|13,14,20,22,27,30
3,16,20,21,32,33|6,7,12,17,31,39|11,13,14,27,28,30
3,16,20,21,38,40|6,7,12,17,31,39|11,13,14,27,28,30
2,6,8,13,14,27|3,11,15,32,33,39|7,12,16,20,21,29
2,6,8,18,25,39|3,11,13,14,15,38|7,12,16,20,21,29
2,6,8,27,39,40|3,11,13,14,15,38|7,12,16,20,21,29
2,6,13,14,25,33|3,11,15,38,39,40|7,12,16,20,21,29
2,6,13,15,28,33|3,11,16,21,38,40|7,12,22,29,31,39
2,6,13,16,20,33|3,11,15,38,39,40|7,12,14,21,25,29
2,8,14,18,21,25|3,6,11,13,16,38|7,12,15,20,29,39
2,8,14,18,28,39|3,6,11,13,16,38|19,20,21,25,30,31
2,8,14,21,27,40|3,6,11,13,16,38|7,12,15,20,29,39
2,8,15,16,18,25|3,6,13,14,31,38|11,22,27,30,39,40
2,8,15,16,27,40|3,6,13,14,31,38|11,18,22,25,30,39
2,8,15,18,20,39|3,6,11,13,16,38|7,12,14,21,25,29
2,8,15,18,21,28|3,6,11,13,16,38|7,12,22,29,31,39
2,8,16,18,20,21|3,6,13,14,31,38|11,19,25,28,30,39
2,8,18,22,31,39|3,6,11,13,16,38|7,12,14,21,25,29
2,8,19,21,25,31|3,6,11,13,16,38|7,12,14,28,29,39
2,8,19,22,25,39|3,6,11,13,16,38|7,12,15,21,28,29
2,8,19,28,31,39|3,6,11,13,16,38|7,12,14,21,25,29
2,11,13,15,31,33|3,14,22,38,39,40|6,18,21,25,28,30
2,11,13,16,22,33|3,6,31,38,39,40|7,12,14,21,25,29
2,13,14,15,20,33|3,6,31,38,39,40|19,21,22,25,28,30
2,13,14,22,31,33|3,11,15,38,39,40|6,18,21,25,28,30
2,14,21,25,33,40|3,6,11,13,16,38|7,12,15,20,29,39
2,14,28,33,39,40|3,6,11,13,16,38|19,20,21,25,30,31
2,15,20,33,39,40|3,6,11,13,16,38|7,12,14,21,25,29
2,15,21,28,33,40|3,6,11,13,16,38|7,12,22,29,31,39
2,16,20,21,33,40|3,6,13,14,31,38|11,18,22,25,30,39
2,22,31,33,39,40|3,6,11,13,16,38|7,12,14,21,25,29
3,6,11,13,16,38|7,12,14,21,25,29|18,20,22,30,31,39
3,6,13,14,31,38|7,12,15,16,25,29|11,22,27,30,39,40
3,6,13,15,22,38|7,12,14,21,25,29|11,18,28,30,31,39
3,6,31,32,33,39|7,12,14,15,16,17|19,21,22,25,28,30
3,6,31,38,39,40|7,12,14,15,16,17|19,21,22,25,28,30
3,8,13,15,25,32|6,7,12,14,17,39|11,21,27,30,31,40
3,8,13,16,28,32|6,7,12,14,17,39|11,18,21,25,30,31
3,8,13,20,21,32|6,7,12,14,17,39|16,18,22,25,30,31
3,11,13,14,15,38|6,7,12,25,29,39|16,22,27,30,31,40
3,11,16,21,32,33|6,7,12,14,17,39|13,25,28,30,31,40
3,14,21,31,32,33|6,7,12,25,29,39|15,16,20,27,30,40
3,14,22,32,33,39|6,7,12,15,17,21|13,25,28,30,31,40
3,14,22,38,39,40|6,7,12,15,17,21|16,19,25,28,30,31
3,15,16,31,32,33|6,7,12,14,17,39|19,21,22,25,28,30
3,15,16,31,38,40|6,7,12,14,17,39|19,21,22,25,28,30
3,15,21,22,32,33|6,7,12,14,17,39|13,25,28,30,31,40
3,15,21,22,38,40|6,7,12,14,17,39|16,19,25,28,30,31
1,3,8,15,29,39|2,6,11,13,16,33|14,18,20,21,30,31
1,3,8,16,21,29|2,6,13,14,31,33|11,15,18,20,30,39
2,6,13,15,22,33|7,11,12,16,21,29|14,19,20,28,30,39
2,6,31,33,39,40|3,8,11,13,21,32|14,16,18,22,25,30
2,8,11,16,18,21|3,6,14,32,33,39|13,15,20,25,30,40
2,8,13,15,25,40|3,6,14,32,33,39|7,11,12,16,21,29
2,8,13,16,28,40|3,6,14,32,33,39|7,12,15,21,22,29
2,8,13,20,21,40|3,6,14,32,33,39|7,12,15,16,29,31
2,8,14,18,22,39|3,6,15,21,32,33|13,16,20,28,30,40
2,8,14,19,21,25|6,7,12,29,31,39|11,15,16,27,30,40
2,8,14,19,28,39|3,6,15,21,32,33|13,22,25,30,31,40
2,8,15,18,21,22|3,6,14,32,33,39|13,16,20,28,30,40
2,8,15,19,21,28|3,6,14,32,33,39|13,22,25,30,31,40
2,8,16,19,20,21|3,6,14,32,33,39|13,22,25,30,31,40
2,8,19,22,31,39|3,6,15,21,32,33|13,14,25,28,30,40
2,11,15,33,39,40|3,8,13,16,22,32|6,18,21,28,30,31
2,11,16,21,33,40|3,8,13,15,31,32|6,18,22,28,30,39
2,14,21,31,33,40|3,8,13,16,22,32|6,11,18,25,30,39
2,14,22,33,39,40|3,8,11,13,21,32|6,16,18,25,30,31
2,15,16,31,33,40|3,8,11,13,21,32|6,18,22,28,30,39
2,15,21,22,33,40|6,7,12,29,31,39|14,16,19,25,28,30
3,6,14,32,33,39|7,11,12,16,21,29|13,15,20,25,30,40
3,6,15,21,32,33|7,12,14,22,29,39|13,16,20,28,30,40
3,8,11,13,21,32|6,7,12,29,31,39|14,16,18,22,25,30
3,8,13,16,22,32|6,7,12,29,31,39|11,14,18,21,25,30
1,10,13,16,28,30|2,6,20,27,33,39|7,12,17,21,25,31
1,10,13,20,21,30|2,6,16,25,27,33|7,12,17,28,31,39
2,8,13,22,25,27|3,6,26,31,33,39|7,10,12,16,21,32
2,8,13,27,28,31|3,11,15,26,33,39|7,10,12,16,21,32
2,13,25,28,31,33|3,6,11,27,38,39|7,10,12,16,21,32
3,6,26,31,33,39|7,10,12,16,21,32|11,13,25,27,28,30
3,11,15,26,33,39|7,10,12,16,21,32|13,20,22,25,27,30
3,11,16,21,26,33|7,10,12,15,32,39|13,20,22,25,27,30
3,14,21,26,31,33|7,10,12,15,32,39|11,13,25,27,28,30
3,14,22,26,33,39|7,10,12,16,21,32|11,13,25,27,28,30
1,13,25,32,34,38|2,7,20,21,28,35|3,9,11,26,30,39
2,7,15,25,28,35|3,9,11,26,30,39|10,13,14,32,34,38
2,7,16,20,25,35|3,9,11,26,30,39|6,15,17,27,34,38
2,7,20,21,28,35|3,9,11,26,30,39|6,15,17,27,34,38
1,12,33,35,38,39|2,3,6,17,21,34|9,13,23,26,31,32
1,13,31,32,34,38|2,7,11,16,25,35|3,6,9,21,26,30
2,3,20,29,34,39|8,9,13,14,26,38|12,16,17,23,27,35
2,3,21,28,29,34|8,9,13,14,26,38|12,16,17,23,27,35
2,7,11,16,25,35|3,6,9,21,26,30|8,10,17,29,34,39
2,7,11,20,35,39|3,6,9,21,26,30|8,16,17,27,32,34
2,7,11,21,28,35|3,9,14,16,26,30|8,10,17,29,34,39
2,7,14,25,31,35|3,6,9,21,26,30|8,10,17,29,34,39
2,7,15,22,25,35|3,6,9,21,26,30|8,10,17,29,34,39
2,7,15,28,31,35|3,6,9,21,26,30|8,10,17,29,34,39
2,7,16,20,31,35|3,6,9,21,26,30|8,10,17,29,34,39
2,7,16,22,28,35|3,6,9,21,26,30|8,10,17,29,34,39
2,7,20,21,22,35|3,9,14,16,26,30|6,13,17,28,34,38
8,9,13,20,25,34|12,16,17,23,27,35|26,29,32,33,38,39
8,13,25,26,29,34|9,20,32,33,38,39|12,16,17,23,27,35
2,3,29,32,38,39|6,8,9,15,27,34|12,13,17,23,25,35
2,6,7,15,25,35|3,9,20,30,32,39|8,13,26,29,31,34
2,6,7,16,28,35|3,9,20,30,32,39|8,13,26,29,31,34
2,6,7,20,21,35|3,9,16,25,30,32|8,13,26,29,31,34
2,7,11,16,31,35|3,9,20,30,32,39|6,13,17,22,34,38
2,7,11,21,22,35|3,9,16,25,30,32|6,15,27,29,34,38
2,7,14,15,28,35|3,9,16,25,30,32|6,13,17,22,34,38
2,7,14,16,20,35|3,9,21,28,30,32|6,13,17,22,34,38
2,7,15,22,31,35|3,9,16,25,30,32|6,21,26,29,33,34
3,26,29,30,32,39|6,8,9,15,27,34|12,13,17,23,25,35
1,8,9,29,38,39|2,6,7,11,21,35|14,16,17,32,33,34
1,8,17,29,34,39|2,6,7,11,21,35|3,9,16,30,31,32
2,3,14,16,29,34|6,9,21,32,33,38|12,13,17,23,31,35
2,6,7,11,21,35|3,9,16,30,31,32|8,13,14,26,29,34
2,6,7,15,31,35|3,9,11,30,32,39|8,13,14,26,29,34
2,6,7,16,22,35|3,9,11,30,32,39|8,13,14,26,29,34
2,6,9,13,28,30|8,12,17,33,35,39|16,25,29,34,38,40
2,7,11,14,16,35|3,9,21,22,30,32|6,13,28,29,34,38
2,7,14,15,22,35|3,9,11,30,32,39|6,13,28,29,34,38
2,9,11,13,30,31|6,17,21,32,33,34|12,16,23,27,29,35
2,9,13,14,20,30|6,17,21,32,33,34|12,16,23,27,29,35
2,9,16,25,30,40|6,13,28,29,34,38|8,12,17,33,35,39
2,9,21,28,30,40|8,12,17,33,35,39|11,13,29,31,34,38
2,13,17,30,31,32|6,9,11,21,33,34|12,16,23,27,29,35
3,9,16,30,31,32|6,13,28,29,34,38|8,12,17,33,35,39
3,9,21,22,30,32|6,13,28,29,34,38|8,12,17,33,35,39
8,26,29,34,39,40|9,14,16,32,33,38|12,13,17,23,31,35
2,13,25,29,30,32|6,9,14,15,33,34|12,17,23,35,39,40
3,6,9,21,30,32|11,13,14,29,34,38|12,17,23,35,39,40
3,9,14,16,30,32|6,13,22,29,34,38|12,17,23,35,39,40
2,8,13,16,34,40|3,9,14,23,29,39|15,18,21,30,32,38
1,9,14,30,33,39|2,8,15,18,21,34|3,12,13,16,23,35
1,9,15,21,30,33|2,8,14,18,34,39|3,12,13,16,23,35
3,13,14,23,25,35|6,7,9,15,16,38|12,18,30,31,34,39
3,13,15,23,28,35|6,7,9,14,21,38|12,18,30,31,34,39
3,13,16,20,23,35|6,7,9,14,21,38|12,18,30,31,34,39
1,2,9,13,16,23|3,14,32,33,34,39|15,19,21,26,30,38
1,7,8,31,35,39|2,11,13,16,33,34|3,9,15,17,21,23
2,8,18,31,34,39|3,9,15,17,21,23|10,13,16,29,30,38
2,8,19,25,34,39|3,9,15,17,21,23|10,13,16,29,30,38
2,11,13,16,33,34|3,9,14,17,23,39|15,19,21,26,30,38
2,13,14,31,33,34|3,9,15,17,21,23|18,25,30,32,38,39
2,13,16,32,33,38|3,9,14,17,23,39|18,21,22,25,30,34
2,31,33,34,39,40|3,9,15,17,21,23|10,13,16,29,30,38
2,12,13,16,33,34|3,6,21,23,27,35|7,8,9,25,32,39
3,8,25,33,35,39|6,7,9,21,31,38|12,13,14,27,30,34
3,14,16,23,27,35|6,7,9,21,31,38|12,18,25,30,34,39
