8,9,11,13,20,38|10,12,16,23,35,40|22,28,29,31,33,34
8,14,20,27,29,34|9,11,15,22,33,38|10,12,16,23,35,40
1,2,8,14,27,34|3,9,11,16,23,26|10,13,20,30,32,38
1,2,14,25,33,34|3,9,11,16,23,26|6,17,27,28,30,38
1,3,11,16,34,38|2,6,9,23,27,28|8,10,13,26,30,32
1,3,14,31,34,38|2,6,9,23,27,28|8,10,13,26,30,32
1,3,15,22,34,38|2,6,9,23,27,28|8,10,13,26,30,32
1,6,27,28,30,34|2,8,10,13,32,38|3,9,11,16,23,26
1,11,13,26,30,38|2,6,9,23,27,28|3,8,10,16,32,34
1,11,27,30,31,34|2,8,10,13,32,38|3,9,15,22,23,26
1,14,20,27,30,34|2,8,10,13,32,38|3,9,11,16,23,26
1,27,30,31,32,38|2,6,10,15,33,34|3,9,11,16,23,26
2,6,9,23,27,28|3,8,10,16,32,34|14,17,25,26,30,33
2,8,10,11,13,34|3,9,14,23,26,31|6,17,27,28,30,38
2,8,14,17,27,38|3,9,11,16,23,26|7,12,25,31,32,34
2,9,11,23,27,31|3,8,10,16,32,34|14,17,25,26,30,33
2,9,14,20,23,27|3,8,10,16,32,34|15,17,26,28,30,33
2,14,23,26,27,29|3,8,9,25,31,38|10,11,13,20,30,34
3,9,11,16,23,26|6,17,27,28,30,38|7,12,25,31,32,34
3,9,15,22,23,26|6,17,27,28,30,38|7,12,25,31,32,34
1,12,27,30,31,34|3,10,14,23,25,35|7,11,16,26,32,38
3,10,14,23,25,35|6,7,15,20,26,34|12,17,27,30,31,38
3,10,16,20,23,35|6,7,14,26,28,34|12,17,27,30,31,38
1,2,8,13,20,34|3,6,9,15,23,26|11,14,17,27,30,38
1,2,11,16,33,34|3,6,9,15,23,26|7,8,20,25,31,35|22,27,28,29,30,38
1,2,14,31,33,34|3,6,9,15,23,26|7,8,22,25,28,35|10,11,13,30,32,38
1,2,16,32,33,38|3,6,9,15,23,26|7,8,20,25,31,35
1,8,9,10,16,30|2,13,20,23,26,29|7,12,14,25,32,34
1,10,16,29,30,38|2,6,9,22,23,27|3,8,14,17,25,34
1,16,26,30,32,33|2,6,9,22,23,27|3,8,14,17,25,34
1,16,26,30,38,40|2,6,9,22,23,27|3,8,14,17,25,34
2,6,9,22,23,27|3,8,14,17,25,34|10,11,13,30,32,38
2,8,9,25,31,33|6,17,22,27,30,38|7,12,15,28,32,34
2,8,10,16,34,40|3,6,9,15,23,26|11,14,17,27,30,38
2,8,13,17,20,38|3,6,9,15,23,26|7,12,14,25,32,34
2,8,27,29,31,38|3,6,9,15,23,26|7,12,14,25,32,34
2,9,11,14,23,27|3,8,15,17,28,34|25,26,29,30,31,33
2,10,16,17,23,29|3,8,9,14,25,38|7,12,15,28,32,34
2,11,16,17,33,38|3,6,9,15,23,26|7,8,20,25,31,35
2,13,20,23,26,29|3,8,9,14,25,38|7,12,15,28,32,34
2,14,17,23,27,32|3,8,9,15,28,38|10,16,20,30,34,40
2,14,17,31,33,38|3,6,9,15,23,26|7,8,22,25,28,35|10,16,20,30,34,40
2,15,17,22,33,38|3,9,23,25,31,32|10,16,20,30,34,40
2,16,17,23,26,40|3,8,9,14,25,38|7,12,15,28,32,34
2,23,25,27,29,32|3,8,9,15,28,38|10,16,20,30,34,40
2,25,29,31,33,38|3,6,9,15,23,26|7,12,16,20,32,34
3,6,9,15,23,26|7,8,20,25,31,35|10,11,13,30,32,38
3,8,9,14,25,38|7,12,15,28,32,34|11,16,17,26,30,33
3,8,9,15,28,38|7,12,14,25,32,34|11,16,17,26,30,33
3,8,9,16,20,38|7,12,14,25,32,34|15,17,22,26,30,33
1,2,12,16,33,34|3,10,14,23,31,35|6,7,15,26,32,38
1,3,23,25,31,35|2,12,16,17,33,38|6,7,11,15,26,34
1,12,14,27,30,34|3,10,11,16,23,35|6,7,15,26,32,38
2,12,16,17,33,38|3,10,14,23,31,35|6,7,11,15,26,34
3,10,11,16,23,35|6,7,14,22,26,34|8,9,12,25,27,30
3,10,14,23,31,35|6,7,11,15,26,34|8,9,12,25,27,30
3,10,15,22,23,35|6,7,25,28,32,34|12,14,17,27,30,38
1,2,9,10,16,23|7,12,14,26,31,34|11,17,25,27,30,38
1,3,14,25,34,38|2,9,20,23,27,31|10,16,26,30,32,33
1,3,15,28,34,38|2,9,11,23,25,27|10,16,26,30,32,33
1,10,16,17,30,38|2,9,11,23,25,27|7,12,14,26,31,34
1,11,25,27,30,34|2,10,16,32,33,38|3,9,15,23,26,28
1,20,27,30,31,34|2,10,16,32,33,38|3,9,14,23,25,26
1,22,27,28,30,34|2,10,16,32,33,38|3,9,14,23,25,26
1,25,27,30,32,38|2,8,10,13,20,34|3,9,15,23,26,28
2,8,10,13,20,34|3,9,14,23,25,26|17,22,27,28,30,38
2,9,22,23,27,28|3,6,10,15,34,38|17,25,26,30,31,33
2,10,11,16,33,34|3,9,14,23,25,26|17,20,27,30,31,38
2,17,25,31,33,38|3,9,15,23,26,28|6,10,22,27,30,34
2,9,11,16,23,40|3,8,14,29,31,34|15,17,22,30,32,33
2,9,14,23,31,40|3,8,11,16,29,34|15,17,22,30,32,33
2,9,15,22,23,40|3,8,11,16,29,34|14,17,30,31,32,33
2,13,20,23,29,32|6,7,8,14,28,35|9,11,15,22,30,33
2,16,17,23,32,40|3,8,14,29,31,34|6,9,15,20,30,33
1,2,8,11,13,34|3,9,14,23,25,32|6,15,17,26,30,33
1,3,12,16,23,35|2,6,15,17,33,38|8,9,11,27,30,31
1,11,13,20,30,34|2,6,15,17,33,38|3,9,14,23,25,32|7,8,22,28,31,35
1,25,30,31,34,40|2,6,15,17,33,38|3,9,16,20,23,32
2,8,9,14,25,33|3,16,23,26,29,32|10,15,22,30,34,40
2,8,9,15,28,33|3,16,23,26,29,32|10,14,30,31,34,40
2,8,9,16,20,33|6,27,28,29,30,38|7,12,14,31,32,34
2,8,11,13,17,38|3,9,14,23,25,32|10,15,22,30,34,40
2,8,14,27,29,38|3,9,15,23,28,32|10,11,16,30,34,40
2,8,16,26,29,33|3,9,14,23,25,32|10,15,22,30,34,40
2,9,11,13,20,23|3,8,14,17,31,34|6,27,28,29,30,38
2,9,23,25,31,40|3,8,11,16,17,34|6,27,28,29,30,38
2,11,13,23,26,29|3,8,9,14,31,38|7,12,15,22,32,34
2,13,17,20,23,32|3,8,9,11,16,38|10,14,30,31,34,40
2,23,27,29,31,32|3,8,9,11,16,38|6,15,17,26,30,33
3,8,9,11,16,38|6,15,17,26,30,33|7,12,14,31,32,34
3,8,9,14,31,38|6,15,17,26,30,33|7,11,12,16,32,34
3,8,9,15,22,38|7,11,12,16,32,34|14,25,26,29,30,33
3,9,14,23,25,32|6,15,17,26,30,33|7,8,22,28,31,35
3,9,15,23,28,32|7,8,11,25,31,35|14,20,27,29,30,38
3,9,16,20,23,32|6,7,8,25,28,35|10,14,30,31,34,40
3,16,23,26,29,32|6,7,8,25,28,35|10,14,30,31,34,40
1,3,14,23,25,35|2,8,12,13,17,38|6,7,28,31,32,34
1,3,15,23,28,35|2,8,12,13,17,38|6,7,22,25,32,34
1,3,16,20,23,35|2,8,12,13,17,38|6,7,22,25,32,34
2,8,12,13,17,38|3,6,10,15,23,35|7,11,14,25,32,34
3,6,10,15,23,35|7,11,14,25,32,34|8,9,12,27,30,31
1,2,8,16,34,40|3,9,14,23,31,32|6,22,27,29,30,38
2,8,9,11,16,33|6,7,12,15,32,34|14,17,25,30,38,40
2,8,9,14,31,33|6,7,12,15,32,34|16,17,20,30,38,40
2,8,13,20,29,38|3,9,11,16,23,32|6,10,15,30,34,40
2,8,16,17,38,40|3,9,14,23,31,32|15,22,26,29,30,33
2,9,14,23,25,40|3,6,8,15,17,34|11,16,26,29,30,33
2,9,15,23,28,40|3,8,14,25,29,34|16,17,20,30,32,33
2,9,16,20,23,40|3,6,8,15,17,34|11,14,27,29,30,38
2,11,13,17,23,32|3,6,8,9,15,38|14,26,29,30,31,33
2,15,22,29,33,38|3,9,11,16,23,32|6,7,8,28,31,35
2,16,23,26,29,40|3,6,8,9,15,38|14,17,25,30,32,33
3,9,11,16,23,32|6,7,8,22,25,35|14,26,29,30,31,33
3,9,14,23,31,32|6,7,8,22,25,35|11,16,26,29,30,33
3,9,15,22,23,32|6,7,8,28,31,35|11,14,27,29,30,38
1,3,14,23,31,35|2,8,9,12,16,33|6,7,15,20,32,34
1,3,15,22,23,35|2,8,9,12,16,33|6,7,14,28,32,34
2,7,12,14,25,34|3,10,16,30,32,38|9,15,23,26,28,33
2,7,12,15,28,34|3,10,16,30,32,38|8,9,14,23,26,27
2,7,12,16,20,34|3,17,25,30,31,38|8,9,14,23,26,27
1,3,14,25,30,34|2,7,12,16,32,38|8,9,13,20,23,26
1,3,15,28,30,34|2,7,12,16,32,38|8,9,13,20,23,26
1,8,13,20,34,38|2,3,9,14,23,25|7,12,16,26,30,32
1,14,31,33,34,38|2,3,9,15,23,28|7,12,16,26,30,32
1,15,22,33,34,38|2,3,9,14,23,25|7,12,16,26,30,32
2,3,9,15,23,28|7,12,16,26,30,32|8,17,25,31,33,34
2,7,11,12,16,34|3,14,17,25,30,38|8,9,13,20,23,26
2,7,12,14,31,34|3,8,16,17,26,30|6,9,22,23,27,38
2,7,12,15,22,34|3,8,16,17,26,30|9,11,14,23,27,38
2,7,12,16,32,38|3,6,10,15,30,34|8,9,13,20,23,26
6,9,22,23,27,38|7,12,16,26,30,32|8,17,25,31,33,34
6,17,22,23,27,34|7,12,16,26,30,32|8,9,25,31,33,38
7,12,16,26,30,32|8,9,25,31,33,38|11,14,17,23,27,34
1,3,12,16,30,34|2,7,14,31,32,38|8,10,13,20,23,35
1,8,12,13,34,38|7,11,16,26,30,32|10,14,23,31,33,35
1,8,23,27,31,35|2,6,7,14,28,34|3,12,16,17,30,38
1,23,25,31,33,35|2,6,7,14,28,34|3,12,16,17,30,38
2,6,7,14,28,34|3,12,16,17,30,38|8,10,13,20,23,35
2,6,7,15,20,34|3,12,16,17,30,38|10,14,23,31,33,35
2,6,7,22,31,34|3,12,16,17,30,38|8,10,13,20,23,35
2,7,11,14,31,34|3,12,16,17,30,38|8,10,13,20,23,35
2,7,11,15,22,34|3,12,16,17,30,38|8,10,13,20,23,35
1,3,16,30,32,38|2,6,7,12,15,34|8,9,11,13,23,26
2,6,7,12,15,34|3,8,9,25,30,31|11,13,23,26,29,38
1,3,13,17,30,38|2,7,9,12,16,33|18,23,27,31,32,34
2,3,13,32,33,38|7,9,12,14,27,30|10,16,17,19,23,34
2,7,9,12,16,33|3,10,13,29,30,38|18,23,27,31,32,34
1,9,13,23,26,33|2,18,27,30,31,38|3,7,8,10,16,35
2,7,12,13,17,38|3,9,10,16,30,33|14,19,23,26,27,34
2,10,13,17,30,33|3,7,9,12,16,38|14,19,23,26,27,34
2,19,25,27,30,38|3,7,8,10,16,35|13,18,20,23,26,34
1,7,16,17,29,30|8,12,13,19,34,38|14,18,23,25,33,35
2,7,16,29,32,33|3,12,13,30,34,40|8,14,18,23,27,35
2,12,13,19,30,38|3,6,7,15,29,34|8,14,18,23,27,35
7,9,14,25,30,40|8,12,13,19,34,38|15,18,23,28,33,35
7,9,15,28,30,40|8,12,13,19,34,38|14,18,23,25,33,35
7,9,16,20,30,40|8,12,13,19,34,38|14,18,23,25,33,35
7,14,27,29,30,32|8,12,13,19,34,38|15,18,23,28,33,35
7,16,26,29,30,40|8,12,13,19,34,38|14,18,23,25,33,35
1,3,7,8,16,35|2,10,13,29,30,33|14,18,23,27,32,34
1,3,9,16,30,33|2,7,12,13,29,38|14,18,23,27,32,34
2,14,19,27,30,38|3,7,12,16,29,34|9,13,17,20,23,33
2,6,7,9,15,33|3,12,16,18,30,34|8,19,23,25,27,35
2,7,8,9,11,13|3,12,16,18,30,34|23,27,31,33,35,40
2,7,8,13,17,32|3,12,16,18,30,34|23,27,31,33,35,40
2,7,11,13,29,38|3,12,16,18,30,34|8,19,23,25,27,35
2,12,13,18,30,38|3,7,8,9,16,32|23,27,31,33,35,40
7,9,11,13,20,30|8,18,23,27,31,35|12,16,19,33,34,38
7,11,13,26,29,30|8,18,23,27,31,35|12,16,19,33,34,38
7,13,17,20,30,32|8,18,23,27,31,35|12,16,19,33,34,38
1,3,9,13,23,26|2,8,18,25,27,34|7,10,15,28,33,35
1,3,8,13,17,34|2,9,10,16,19,23|18,27,30,31,32,38
2,8,13,19,26,38|3,9,23,27,29,31|6,7,10,15,33,35
2,8,14,18,27,34|3,9,13,17,20,23|6,7,10,15,33,35
2,8,19,27,31,34|3,9,13,17,20,23|6,7,10,15,33,35
2,9,10,13,23,40|3,8,16,19,26,34|17,25,27,29,30,33
2,9,10,16,19,23|3,8,13,26,34,40|17,25,27,29,30,33
2,13,18,23,26,32|3,14,19,25,34,38|6,7,10,15,33,35
2,15,18,28,33,34|3,9,13,17,20,23|19,25,27,30,32,38
2,16,18,20,33,34|3,9,23,27,29,31|7,8,10,11,13,35
3,8,13,26,34,40|6,7,10,15,33,35|18,27,30,31,32,38
3,8,16,19,26,34|6,7,10,15,33,35|18,27,30,31,32,38
3,9,13,17,20,23|6,7,10,15,33,35|11,18,27,30,31,34
3,9,23,27,29,31|6,7,10,15,33,35|11,13,18,26,30,38
3,13,17,23,26,29|6,7,10,15,33,35|11,18,27,30,31,34
3,15,18,22,34,38|7,8,10,11,13,35|17,25,27,29,30,33
3,15,19,28,34,38|7,8,10,11,13,35|17,25,27,29,30,33
1,10,16,18,30,34|2,13,26,33,38,40|3,9,14,17,23,27
2,8,13,18,26,38|3,9,14,17,23,27|7,10,11,16,33,35
2,9,10,16,18,23|3,14,27,32,33,34|7,12,13,26,29,38
2,16,19,26,33,38|3,9,10,13,23,32|7,12,27,29,31,34
2,18,25,31,33,34|3,9,10,13,23,32|14,19,26,27,30,38
3,10,16,29,33,34|7,8,9,12,13,26|18,25,27,30,32,38
3,14,27,32,33,34|7,8,9,12,13,26|10,16,17,18,30,38
3,16,26,33,34,40|7,8,10,13,20,35|18,25,27,30,32,38
2,8,12,13,18,34|3,14,23,27,35,40|7,9,11,16,32,33
2,12,16,19,33,34|3,14,18,23,25,35|7,8,9,13,20,32
3,8,13,20,33,35|7,9,11,16,38,40|12,14,19,27,30,34
3,15,18,23,28,35|7,8,9,13,20,32|12,14,19,27,30,34
3,16,18,20,23,35|7,8,13,26,29,32|12,14,19,27,30,34
1,2,9,13,23,40|3,6,15,19,34,38|14,17,27,29,30,33
1,2,9,16,19,23|3,8,12,13,33,35|18,25,30,31,34,40
1,16,17,19,30,38|2,6,15,18,33,34|3,9,13,20,23,29
2,8,11,13,18,34|3,9,16,17,23,40|14,19,27,30,32,38
2,8,13,18,32,38|3,9,16,17,23,40|6,19,22,27,30,34
2,11,13,33,34,40|3,12,16,18,23,35|14,19,27,30,32,38
2,13,32,33,38,40|3,12,16,18,23,35|6,19,22,27,30,34
2,16,19,32,33,38|3,9,13,20,23,29|18,25,30,31,34,40
3,6,15,19,34,38|7,8,9,12,13,32|14,17,27,29,30,33
3,9,16,17,23,40|6,19,22,27,30,34|7,12,13,29,32,38
2,12,16,18,33,34|3,23,27,31,35,40|7,11,13,17,32,38
3,18,23,25,31,35|6,7,22,27,29,34|12,13,19,26,30,38
3,23,27,31,35,40|7,8,9,10,16,29|12,13,19,26,30,38
1,2,13,29,33,38|6,18,22,27,30,34|7,8,10,16,35,40
1,3,9,13,23,32|2,8,14,19,27,34|10,16,18,29,30,38
1,7,8,13,20,35|2,11,16,18,33,34|3,9,14,23,27,29
1,7,11,16,33,35|2,8,13,18,20,34|3,9,14,23,27,29
1,7,15,22,33,35|2,8,13,18,20,34|3,9,14,23,27,29
1,13,26,29,30,33|2,8,14,19,27,34|7,9,12,16,38,40
2,8,14,19,27,34|3,9,11,13,17,23|10,16,18,29,30,38
2,13,19,23,26,32|3,6,15,18,34,38|7,8,10,16,35,40|17,27,29,30,31,33
2,14,18,31,33,34|3,9,11,13,17,23|7,8,10,16,35,40
2,14,19,25,33,34|3,9,11,13,17,23|7,8,10,16,35,40
2,15,18,22,33,34|3,9,11,13,17,23|7,8,10,16,35,40|19,27,30,31,32,38
2,15,19,28,33,34|3,9,11,13,17,23|7,8,10,16,35,40|14,18,27,30,32,38
2,16,18,32,33,38|3,9,11,13,17,23|6,19,27,28,30,34
2,16,19,20,33,34|3,9,11,13,17,23|14,18,27,30,32,38
3,6,15,18,34,38|7,8,10,16,35,40|17,27,29,30,31,33
3,9,11,13,17,23|6,18,22,27,30,34|7,8,10,16,35,40
3,9,14,23,27,29|7,8,10,16,35,40|11,13,19,26,30,38
3,15,19,22,34,38|7,8,10,16,35,40|17,27,29,30,31,33
3,6,15,18,23,35|7,8,9,16,32,40|11,12,13,19,30,34
3,14,19,23,31,35|7,8,9,16,32,40|12,13,17,29,30,33
3,15,19,22,23,35|7,8,9,16,32,40|12,13,17,29,30,33
2,8,12,13,19,34|3,11,16,18,23,35|6,7,9,15,32,33
3,11,16,18,23,35|6,7,9,15,32,33|12,13,19,20,30,34
3,14,18,23,31,35|6,7,9,15,32,33|12,13,19,20,30,34
3,14,19,23,25,35|6,7,9,15,32,33|11,12,13,18,30,34
3,16,19,20,23,35|6,7,9,15,32,33|11,12,13,18,30,34
1,7,8,16,35,40|2,6,15,19,33,34|3,9,11,13,23,29
1,8,9,16,18,30|2,6,15,19,33,34|3,12,13,23,35,40
1,16,18,29,30,38|2,6,15,19,33,34|3,12,13,23,35,40
2,8,13,17,29,33|3,12,16,19,23,35|14,18,25,30,34,40
1,3,7,25,31,35|2,14,18,26,27,30|9,10,11,13,33,38
2,7,16,17,26,40|3,9,10,12,13,30|18,20,23,25,27,35
1,3,7,14,25,35|2,10,16,17,18,30|6,19,27,28,34,38
1,3,7,15,28,35|2,10,16,17,18,30|8,14,19,26,27,34
1,3,9,14,27,30|2,7,12,13,26,29|8,10,16,17,18,34
1,13,17,20,33,34|2,14,19,26,27,30|3,6,7,10,15,35
2,7,9,12,13,20|3,17,25,27,29,30|11,16,18,26,33,34
2,13,18,20,26,30|3,6,7,10,15,35|8,9,17,27,31,33
2,18,25,27,30,32|3,6,7,10,15,35|13,20,26,33,34,40
3,17,25,27,29,30|8,9,10,16,18,38|13,20,26,33,34,40
1,10,16,18,23,35|2,7,9,11,13,20|12,14,19,27,34,38
1,12,13,17,33,34|2,7,9,25,31,40|18,22,23,27,28,35
2,7,13,17,20,32|11,18,23,25,27,35|12,16,19,26,33,34
3,7,9,15,28,32|8,12,13,18,26,34|19,20,23,25,27,35
1,2,3,8,9,13|6,15,18,26,33,34|12,19,23,25,27,35
1,2,3,13,29,38|6,15,18,26,33,34|9,17,23,27,31,40
1,3,7,11,16,35|2,10,13,17,30,40|6,15,18,26,33,34
1,3,7,14,31,35|2,10,13,17,30,40|6,15,18,26,33,34
1,3,7,15,22,35|2,10,13,17,30,40|8,9,25,27,29,33
1,3,9,13,20,30|6,15,18,26,33,34|12,19,23,25,27,35
1,3,13,26,29,30|6,19,22,27,34,38|9,10,16,18,23,32
1,9,11,13,33,38|2,3,14,18,31,34|12,19,23,25,27,35
1,9,13,23,26,40|2,3,11,16,18,34|14,17,27,29,33,38
1,9,16,19,23,26|2,3,13,20,34,40|14,17,27,29,33,38
1,11,13,17,33,34|2,3,16,18,32,38|12,19,23,25,27,35
1,13,17,32,33,38|2,3,11,16,18,34|12,19,23,25,27,35
2,3,11,16,18,34|8,9,10,13,32,33|12,19,23,25,27,35
2,3,13,20,34,40|8,9,10,16,19,38|12,18,23,27,31,35
2,3,14,18,31,34|8,9,10,13,32,33|12,19,23,25,27,35
2,3,14,19,25,34|8,9,10,13,32,33|12,18,23,27,31,35
2,3,15,18,22,34|8,9,10,13,32,33|12,19,23,25,27,35
2,3,15,19,28,34|8,9,10,13,32,33|12,18,23,27,31,35
2,3,16,19,20,34|8,9,10,13,32,33|12,18,23,27,31,35
2,7,9,11,12,13|3,16,18,26,30,32|6,19,22,27,34,38
2,7,12,13,17,32|3,9,10,16,30,40|6,15,18,26,33,34
2,10,13,17,30,40|3,7,9,12,16,32|6,15,18,26,33,34
2,11,13,18,26,30|3,7,9,12,16,32|6,19,22,27,34,38
2,13,19,20,26,30|3,7,9,12,16,32|14,17,27,29,33,38
2,18,27,30,31,32|8,9,10,13,38,40|11,16,19,26,33,34
2,19,25,27,30,32|6,15,18,26,33,34|8,9,10,13,38,40
3,9,10,16,30,40|6,15,18,26,33,34|12,19,23,25,27,35
3,17,27,29,30,31|6,15,18,26,33,34|8,9,10,13,38,40
6,15,18,26,33,34|8,9,10,13,38,40|12,19,23,25,27,35
8,9,10,13,38,40|11,16,19,26,33,34|12,18,23,27,31,35
8,9,10,16,19,38|11,13,26,33,34,40|12,18,23,27,31,35
8,10,13,17,34,40|12,18,23,27,31,35|16,19,26,32,33,38
8,10,16,17,19,34|12,18,23,27,31,35|13,26,32,33,38,40
8,13,19,20,26,34|9,10,16,18,23,32|14,17,27,29,33,38
1,2,16,17,18,30|6,15,19,26,33,34|9,10,13,23,32,40
1,3,6,7,15,35|2,10,16,18,29,30|8,9,13,17,20,33|19,25,31,34,38,40
1,3,9,11,13,30|6,15,19,26,33,34|12,14,18,23,27,35
1,3,13,17,30,32|2,7,9,12,16,40|6,15,19,26,33,34
1,8,9,16,18,38|2,3,11,13,34,40|12,19,23,27,31,35
1,8,16,17,18,34|2,3,13,32,38,40|12,19,23,27,31,35
1,9,16,33,38,40|2,3,6,15,18,34|12,19,23,27,31,35
1,13,20,29,33,34|2,3,16,19,32,38|9,14,17,18,23,25
1,16,17,33,34,40|2,11,13,19,26,30|12,14,18,23,27,35
2,3,6,15,18,34|8,9,13,17,20,33|12,19,23,27,31,35
2,3,11,16,19,34|8,9,13,17,20,33|12,14,18,23,27,35
2,3,13,32,38,40|6,15,19,26,33,34|9,14,17,18,23,25
2,3,15,19,22,34|8,9,13,17,20,33|12,14,18,23,27,35
2,3,16,17,29,33|8,11,13,19,26,34|12,14,18,23,27,35
2,3,16,19,32,38|8,9,13,17,20,33|12,14,18,23,27,35
2,7,9,12,16,40|3,10,13,29,30,32|6,15,19,26,33,34
2,10,16,18,29,30|6,15,19,26,33,34|9,14,17,23,27,40
2,11,13,19,26,30|8,9,27,29,31,33|14,18,25,34,38,40
2,16,18,26,30,40|8,9,13,17,20,33|12,19,23,27,31,35
2,19,27,30,31,32|8,9,13,17,20,33|14,18,25,34,38,40
3,10,13,29,30,32|6,15,19,26,33,34|9,14,17,18,23,25
3,14,17,27,29,30|6,15,19,26,33,34|9,10,13,23,32,40
3,16,19,26,30,32|8,9,13,17,20,33|12,14,18,23,27,35
8,9,13,17,20,33|12,14,18,23,27,35|19,25,31,34,38,40
8,13,17,26,29,33|9,10,16,19,23,32|14,18,25,34,38,40
8,13,19,26,32,38|9,14,17,18,23,25|10,16,29,33,34,40
1,2,7,16,17,29|6,18,23,27,28,35|8,12,13,19,26,34
2,7,9,14,25,40|6,18,23,27,28,35|8,12,13,19,26,34
2,7,9,15,28,40|8,12,13,19,26,34|11,18,23,27,31,35
2,7,9,16,20,40|6,18,23,27,28,35|8,12,13,19,26,34
2,7,16,26,29,40|6,18,23,27,28,35|12,13,19,20,34,38
2,12,13,19,26,30|3,7,9,11,16,32|6,18,23,27,28,35
3,7,9,11,16,32|6,18,23,27,28,35|8,12,13,19,26,34
3,7,9,14,31,32|6,18,23,27,28,35|8,12,13,19,26,34
3,7,9,15,22,32|6,18,23,27,28,35|8,12,13,19,26,34
1,2,16,17,19,30|8,9,14,27,29,33|12,13,18,20,23,35
1,9,16,18,23,32|2,3,6,15,19,34|11,13,17,29,33,38
1,11,13,29,33,34|2,14,19,27,30,32|9,15,17,18,22,23
1,13,29,32,33,38|2,3,6,15,19,34|9,11,16,17,18,23
2,3,8,13,17,29|11,16,18,32,33,34|12,14,19,23,27,35
2,7,12,13,29,32|8,16,19,26,34,40|9,14,17,18,23,31
2,10,13,29,30,40|8,14,19,27,32,34|9,11,16,17,18,23
2,10,16,19,29,30|8,9,11,13,17,33|14,18,31,34,38,40
2,13,18,20,30,32|8,9,14,27,29,33|15,19,28,34,38,40
2,14,19,27,30,32|8,9,11,13,17,33|15,18,22,34,38,40
8,9,11,13,17,33|12,14,19,23,27,35|15,18,22,34,38,40
1,12,13,29,33,34|2,7,9,11,16,40|6,18,22,23,27,35
2,7,9,11,16,40|6,18,22,23,27,35|12,13,17,29,33,38
2,7,9,14,31,40|6,18,22,23,27,35|11,12,13,19,34,38
2,7,9,15,22,40|6,19,23,27,28,35|12,13,17,29,33,38
2,7,16,17,32,40|6,18,22,23,27,35|11,12,13,19,34,38
3,6,7,9,15,32|8,18,25,31,33,35|11,12,13,19,34,38
1,3,13,29,30,32|6,9,15,17,18,23|11,16,19,34,38,40
1,9,16,19,23,32|3,11,13,17,29,30|6,15,18,34,38,40
1,16,29,33,34,40|2,11,13,18,30,32|9,14,17,19,23,31
2,6,7,9,15,40|3,12,13,17,29,30|8,14,18,25,33,35
1,2,9,11,13,33|3,6,15,19,26,34|7,10,14,31,35,40
1,2,13,17,32,33|3,6,15,19,26,34|7,10,11,16,35,40
1,2,13,17,38,40|3,6,15,19,26,34|9,10,11,16,18,30
1,2,16,17,19,38|3,8,9,27,29,31|7,10,15,22,35,40|13,18,20,26,30,32
1,3,9,16,32,33|2,6,19,22,27,34|7,10,14,31,35,40
1,3,9,16,38,40|2,6,19,22,27,34|7,12,13,26,29,32
1,3,16,17,34,40|2,8,13,18,26,32|9,10,14,19,25,30
1,7,11,13,20,35|2,6,19,22,27,34|3,9,14,17,31,33
1,7,25,31,35,40|2,6,19,22,27,34|3,8,9,13,17,20
1,9,18,25,30,31|2,6,19,22,27,34|3,8,13,17,26,29|7,10,11,16,35,40
1,13,17,26,30,40|2,6,19,22,27,34|3,9,25,29,31,33
1,16,17,19,26,30|2,8,9,10,13,40|3,14,18,25,32,34
2,6,19,22,27,34|3,8,9,13,17,20|7,10,11,16,35,40
2,8,13,18,26,32|3,9,11,16,17,33|7,10,14,31,35,40
2,11,13,18,20,34|3,8,9,27,29,31|7,10,15,22,35,40
2,11,14,19,27,34|3,8,9,13,17,20|7,10,15,22,35,40
2,13,18,20,32,38|3,6,15,19,26,34|7,10,11,16,35,40
2,14,17,27,29,33|3,6,15,19,26,34|7,9,12,13,20,32
2,14,19,27,32,38|3,8,9,13,17,20|7,10,11,16,35,40
2,16,19,26,32,33|3,8,9,13,17,20|7,10,14,31,35,40
2,18,25,31,34,40|3,8,9,13,17,20|10,16,19,26,29,30
3,8,9,13,17,20|7,10,11,16,35,40|14,19,26,27,30,32
3,8,9,27,29,31|7,10,11,16,35,40|13,18,20,26,30,32
3,9,11,16,17,33|7,10,14,31,35,40|13,18,20,26,30,32
3,9,14,17,31,33|7,10,11,16,35,40|13,18,20,26,30,32
3,9,15,17,22,33|7,10,11,16,35,40|13,18,20,26,30,32
3,9,25,29,31,33|7,10,11,16,35,40|13,18,20,26,30,32
3,13,17,20,29,38|7,10,11,16,35,40|14,19,26,27,30,32
1,2,9,12,13,33|3,8,25,27,35,40|7,10,16,17,29,32
1,7,9,11,16,17|2,12,13,18,20,34|3,6,22,27,33,35
1,7,9,14,17,31|2,12,13,18,20,34|3,6,22,27,33,35
1,7,9,15,17,22|2,12,13,18,20,34|3,8,25,27,35,40
1,7,9,25,29,31|2,12,13,18,20,34|3,6,22,27,33,35
2,12,13,18,20,34|3,6,22,27,33,35|7,9,10,11,16,29
1,2,9,13,20,33|3,6,15,18,26,34|7,10,14,25,35,40
1,2,13,26,29,33|3,8,9,14,17,27|7,10,15,28,35,40
1,3,9,11,13,38|2,6,18,22,27,34|7,10,14,25,35,40
1,3,11,13,17,34|2,8,9,10,16,18|19,26,27,30,31,32
1,3,13,17,32,38|2,6,18,22,27,34|7,9,10,12,16,29
1,6,7,22,27,35|2,8,9,10,16,18|3,11,13,26,34,40
1,7,9,12,16,17|2,6,18,22,27,34|3,10,13,29,32,38
1,7,11,14,27,35|2,8,9,10,16,18|3,13,26,32,38,40
1,9,25,27,30,40|2,10,16,18,29,38|3,14,19,26,31,34
1,16,17,18,26,30|2,6,19,27,28,34|3,8,9,10,13,32
2,11,13,19,26,38|3,8,9,14,17,27|7,10,15,28,35,40
2,14,18,27,32,38|3,9,15,17,28,33|7,10,16,20,35,40
2,16,18,26,32,33|3,8,9,14,17,27|7,10,15,28,35,40
2,17,27,29,31,33|3,6,15,18,26,34|7,10,14,25,35,40
2,19,27,31,32,38|3,6,15,18,26,34|7,9,10,12,16,29
3,9,14,17,25,33|7,10,15,28,35,40|19,26,27,30,31,32
3,9,15,17,28,33|7,10,14,25,35,40|19,26,27,30,31,32
3,9,16,17,20,33|7,10,14,25,35,40|19,26,27,30,31,32
1,3,8,10,13,35|2,12,14,18,27,34|7,9,15,26,28,40
1,7,9,14,17,25|2,12,13,19,26,38|3,6,27,28,33,35
1,7,9,15,17,28|2,12,13,19,26,38|3,11,27,31,33,35
1,7,9,16,17,20|2,12,13,19,26,38|3,6,27,28,33,35
2,12,13,19,26,38|3,6,27,28,33,35|7,9,10,14,25,29
1,3,8,9,13,26|2,6,18,27,28,34|7,10,25,31,35,40
1,3,9,13,20,38|2,6,18,27,28,34|7,10,25,31,35,40
1,3,13,26,29,38|2,6,18,27,28,34|7,10,25,31,35,40
1,6,7,27,28,35|2,9,10,11,13,33|3,14,18,26,31,34
1,7,11,27,31,35|2,10,13,17,32,33|3,14,19,25,26,34
1,7,14,20,27,35|2,9,10,11,13,33|3,15,18,22,26,34
2,10,13,17,38,40|3,11,16,18,26,34|7,9,12,27,31,32
1,3,10,16,33,35|2,12,13,18,26,38|7,9,11,25,27,32
1,7,9,10,16,32|2,12,13,18,26,38|3,11,25,27,33,35
1,7,9,17,25,31|2,12,13,18,26,38|3,22,27,28,33,35
2,12,13,18,26,38|3,11,25,27,33,35|7,9,10,14,17,31
1,7,11,25,27,35|2,9,10,13,20,33|3,15,18,26,28,34
1,7,22,27,28,35|2,9,10,13,20,33|3,14,18,25,26,34
3,8,14,19,31,35|6,7,9,15,32,40|12,16,17,18,29,30
1,6,9,15,18,30|2,11,16,19,34,40|3,8,13,17,29,32
1,9,11,13,30,40|2,8,16,17,18,29|3,6,15,19,32,34
1,9,11,16,19,30|2,6,15,18,34,40|3,8,13,17,29,32
1,9,14,19,30,31|2,6,15,18,34,40|3,8,13,17,29,32
1,16,17,19,30,32|2,6,15,18,34,40|3,8,9,11,13,29
1,6,7,9,15,29|2,12,16,19,34,40|3,8,14,18,31,35
1,2,8,9,16,19|3,6,15,18,32,34|17,27,29,30,31,40
1,7,14,31,35,40|2,11,13,17,29,33|3,6,15,18,32,34
1,7,15,22,35,40|2,11,13,17,29,33|3,14,19,31,32,34
1,9,14,18,30,31|2,11,13,17,29,33|3,15,19,22,32,34
1,9,14,19,25,30|2,11,13,17,29,33|3,6,15,18,32,34
1,9,15,18,22,30|2,11,13,17,29,33|3,14,19,31,32,34
1,9,15,19,28,30|2,11,13,17,29,33|3,8,12,16,18,35
1,9,16,19,20,30|2,11,13,17,29,33|3,6,15,18,32,34
1,16,17,18,30,32|2,14,19,25,34,40|3,8,9,13,20,29
1,7,9,11,16,29|2,12,13,19,32,38|3,8,14,18,25,35
1,7,9,14,29,31|2,11,12,13,19,34|3,8,15,18,28,35
1,7,9,15,22,29|2,11,12,13,19,34|3,8,14,18,25,35
1,7,16,17,29,32|2,11,12,13,19,34|3,8,14,18,25,35
2,11,12,13,19,34|3,8,14,18,25,35|7,9,15,28,32,40
2,12,13,17,29,33|3,8,14,18,25,35|7,9,15,28,32,40
1,2,8,9,16,18|3,11,12,13,33,35|17,25,27,29,30,40
1,2,16,18,29,38|3,6,9,15,17,33|13,19,20,26,30,32
1,3,13,29,32,38|2,14,18,25,34,40|9,10,11,16,19,30
1,7,14,25,35,40|2,8,13,19,26,32|3,6,9,15,17,33
1,7,15,28,35,40|2,8,13,19,26,32|3,9,14,25,29,33
1,7,16,20,35,40|2,8,13,19,26,32|3,6,9,15,17,33
1,9,14,18,25,30|2,8,13,19,26,32|6,7,10,15,35,40
1,9,16,18,20,30|2,8,13,19,26,32|6,7,10,15,35,40
1,9,19,25,30,31|2,11,13,18,32,38|6,7,10,15,35,40
1,16,18,26,29,30|2,11,13,19,20,34|3,6,9,15,17,33
2,13,17,20,29,33|3,11,16,18,32,34|6,7,10,15,35,40
2,14,18,25,34,40|3,6,9,15,17,33|13,19,20,26,30,32
2,19,25,31,34,40|3,6,9,15,17,33|11,13,18,26,30,32
3,8,9,14,27,29|6,7,10,15,35,40|11,13,18,26,30,32
3,9,14,25,29,33|6,7,10,15,35,40|11,13,18,26,30,32
3,9,16,20,29,33|6,7,10,15,35,40|11,13,18,26,30,32
1,6,7,9,15,17|2,11,12,13,18,34|3,8,27,31,35,40
1,7,9,14,25,29|2,11,12,13,18,34|3,8,27,31,35,40
1,7,9,15,28,29|2,11,12,13,18,34|3,8,27,31,35,40
1,7,9,16,20,29|2,11,12,13,18,34|3,8,27,31,35,40
2,11,12,13,18,34|3,8,27,31,35,40|6,7,9,10,15,29
2,12,13,18,32,38|3,8,27,31,35,40|6,7,9,10,15,29
2,12,13,19,20,34|3,8,18,25,31,35|6,7,9,10,15,29
3,8,27,31,35,40|6,7,9,10,15,29|12,13,18,26,30,32
3,25,31,33,35,40|6,7,9,10,15,29|12,13,18,26,30,32
1,8,12,13,20,35|2,3,6,9,11,15|14,17,22,28,34,40
1,11,12,16,33,35|2,3,6,9,14,22|8,13,20,26,29,32
1,12,14,31,33,35|2,3,6,9,11,15|8,10,16,17,29,32
1,12,15,22,33,35|2,3,14,25,29,32|6,9,28,31,38,40
1,14,17,29,31,38|2,3,6,9,11,15|8,10,12,16,35,40
1,15,17,22,29,38|6,9,28,31,32,33|8,10,12,16,35,40
2,3,6,9,11,15|8,10,12,16,35,40|14,26,29,31,32,33
1,8,11,12,13,35|2,3,14,29,31,32|6,9,15,20,38,40
1,6,27,28,32,34|2,3,9,11,25,31|8,10,16,17,26,29
1,8,12,25,27,35|2,3,6,15,17,26|10,11,13,20,32,34
1,10,15,28,29,34|2,3,9,11,25,31|8,14,17,26,27,32
1,10,16,20,29,34|2,3,6,9,25,28|8,14,17,26,27,32
1,11,13,26,32,38|2,3,6,9,25,28|8,10,12,14,27,35
1,11,27,31,32,34|2,3,6,9,25,28|8,10,16,17,26,29
1,14,20,27,32,34|2,3,6,9,25,28|8,10,16,17,26,29
1,14,25,26,34,40|2,3,9,15,20,28|11,17,27,31,32,38
1,15,26,28,34,40|2,3,9,11,25,31|8,10,12,14,27,35
1,16,20,26,34,40|2,3,6,9,25,28|8,10,12,14,27,35
2,3,6,9,25,28|8,10,12,14,27,35|16,17,20,26,32,33
2,3,9,11,25,31|6,10,15,26,34,40|14,17,20,27,32,38
2,3,9,14,20,25|6,10,15,26,34,40|11,17,27,31,32,38
2,3,9,15,20,28|6,22,26,27,29,38|10,12,14,25,33,35
2,3,9,22,28,31|6,10,15,26,34,40|14,17,20,27,32,38
2,3,14,25,26,29|6,9,11,27,28,38|10,12,16,20,33,35
2,3,15,26,28,29|6,9,20,22,27,38|10,12,14,25,33,35
2,3,16,20,26,29|6,9,11,27,28,38|10,12,14,25,33,35
2,3,17,25,31,32|6,8,9,22,26,27|10,12,15,28,33,35
1,2,3,16,26,32|6,9,20,27,28,38|10,12,25,31,33,35
1,10,11,16,17,34|2,3,9,20,25,31|6,26,27,28,29,38
1,10,15,17,22,34|2,3,9,20,25,31|6,26,27,28,29,38
1,10,25,29,31,34|2,3,11,16,17,26|6,9,20,27,28,38
1,11,13,20,26,34|2,3,9,22,25,28|8,10,12,27,31,35
1,13,20,26,32,38|2,3,9,22,25,28|8,10,12,27,31,35
2,3,9,22,25,28|8,10,12,27,31,35|11,13,17,20,26,38
2,3,11,16,17,26|6,9,20,27,28,38|10,12,25,31,33,35
2,3,15,17,22,26|6,9,20,27,28,38|10,12,25,31,33,35
1,8,9,14,17,25|2,3,6,15,26,29|10,11,16,32,34,40
1,8,9,16,17,20|2,3,6,15,26,29|10,14,31,32,34,40
1,8,12,14,27,35|2,3,6,9,15,20|10,11,16,32,34,40
1,8,16,17,26,29|2,3,6,9,14,28|10,15,22,32,34,40
1,12,14,25,33,35|2,3,6,9,15,20|8,11,13,17,26,32
1,12,15,28,33,35|2,3,6,9,22,31|8,11,13,17,26,32
1,12,16,20,33,35|2,3,6,9,14,28|8,11,13,17,26,32
1,14,17,25,29,38|2,3,6,9,15,20|8,10,11,12,13,35
1,15,17,28,29,38|2,3,6,9,22,31|8,10,11,12,13,35
1,16,17,20,29,38|2,3,6,9,14,28|8,10,11,12,13,35
1,25,31,32,34,40|2,3,6,9,14,28|8,10,11,12,13,35
2,3,6,9,14,28|8,10,11,12,13,35|16,20,26,29,32,33
2,3,6,9,15,20|8,10,11,12,13,35|14,25,26,29,32,33|17,22,28,31,34,40
2,3,6,9,22,31|8,10,11,12,13,35|14,17,20,25,34,40|15,26,28,29,32,33
2,3,6,15,26,29|8,9,11,27,31,32|14,17,20,25,34,40
2,3,9,11,14,31|6,10,12,15,33,35|16,20,26,29,38,40
2,3,9,11,15,22|6,17,25,28,34,40|8,14,26,27,29,32
2,3,15,17,22,32|6,9,25,28,38,40|8,10,11,12,13,35
6,9,14,22,26,33|8,10,11,12,13,35|15,17,20,28,34,40
6,9,25,28,32,33|8,10,11,12,13,35|16,20,26,29,38,40
6,9,25,28,38,40|8,10,11,12,13,35|16,20,26,29,32,33
6,10,12,15,33,35|8,9,11,27,31,32|14,17,20,25,34,40
8,10,11,12,13,35|9,14,20,25,32,33|15,26,28,29,38,40
1,6,22,27,32,34|2,3,9,11,14,25|8,10,12,13,20,35
1,8,9,10,16,32|2,3,14,26,29,31|6,11,17,22,27,34
1,8,9,17,25,31|2,3,11,16,26,29|10,12,15,22,33,35
1,8,12,27,31,35|2,3,6,9,22,25|10,11,16,17,29,38
1,10,11,16,29,34|2,3,6,9,22,25|8,13,17,20,26,32
1,10,14,29,31,34|2,3,6,9,22,25|8,13,17,20,26,32
1,10,15,22,29,34|2,3,6,9,28,31|8,13,17,20,26,32
1,11,14,27,32,34|2,3,6,9,22,25|8,10,12,13,20,35
1,11,16,26,34,40|2,3,6,9,22,25|8,10,12,13,20,35
1,12,25,31,33,35|2,3,9,11,15,28|6,17,22,27,32,38
1,14,26,31,34,40|2,3,6,9,22,25|8,10,12,13,20,35
1,15,22,26,34,40|2,3,6,9,28,31|8,10,12,13,20,35|11,14,17,27,32,38
1,16,26,32,38,40|2,3,6,9,22,25|8,10,12,13,20,35
1,17,25,29,31,38|2,3,9,11,15,28|8,10,12,13,20,35
2,3,6,9,22,25|8,10,12,13,20,35|11,14,17,27,32,38
2,3,6,9,28,31|8,10,12,13,20,35|11,14,17,27,32,38
2,3,9,11,14,25|6,17,22,27,32,38|8,10,12,13,20,35
2,3,9,11,15,28|6,17,22,27,32,38|8,10,12,13,20,35
2,3,9,11,16,20|6,17,22,27,32,38|10,12,14,31,33,35
2,3,9,14,22,28|8,10,12,13,20,35|11,16,17,26,32,33
2,3,9,15,20,22|8,26,27,29,31,32|10,11,12,16,33,35
2,3,11,16,26,29|6,17,22,27,32,38|8,10,12,13,20,35
2,3,14,17,25,32|6,9,11,22,27,38|8,10,12,13,20,35
2,3,14,26,29,31|6,9,11,22,27,38|8,10,12,13,20,35
2,3,15,17,28,32|6,9,11,22,27,38|8,10,12,13,20,35
2,3,16,17,20,32|6,9,11,22,27,38|10,12,14,31,33,35
6,9,11,22,27,38|8,10,12,13,20,35|14,17,26,31,32,33
6,9,14,26,28,33|8,10,12,13,20,35|11,25,27,29,32,38
6,9,22,26,31,33|8,10,12,13,20,35|11,14,17,27,32,38
8,9,11,13,20,26|10,12,14,31,33,35|17,22,25,28,34,40
8,9,11,25,27,32|10,12,14,31,33,35|15,17,22,26,38,40
8,9,20,27,31,32|10,11,12,16,33,35|15,17,22,26,38,40
8,9,22,27,28,32|10,11,12,16,33,35|14,17,26,31,38,40
8,9,25,26,31,40|10,11,12,16,33,35|22,27,28,29,32,38
8,10,12,13,20,35|9,11,14,26,31,33|17,22,25,28,34,40
8,13,17,20,26,32|9,22,25,28,38,40|10,11,12,16,33,35
8,26,27,29,31,32|9,22,25,28,38,40|10,11,12,16,33,35
10,12,14,31,33,35|11,13,20,26,29,38|17,22,25,28,34,40
1,2,9,10,21,23|7,12,15,26,31,34|17,22,25,27,30,38
1,3,15,25,34,38|2,9,23,27,28,31|10,21,26,30,32,33
1,3,16,28,34,38|2,9,22,23,25,27|10,21,26,30,32,33
1,10,17,21,30,38|2,9,22,23,25,27|7,12,15,26,31,34
1,22,25,27,30,34|2,10,21,32,33,38|3,9,16,23,26,28
1,27,28,30,31,34|2,10,21,32,33,38|3,9,15,23,25,26
2,10,11,21,33,34|3,9,15,23,25,26|17,27,28,30,31,38
1,2,12,21,33,34|3,10,15,23,31,35|6,7,16,26,32,38
1,12,15,27,30,34|3,10,11,21,23,35|6,7,16,26,32,38
2,12,17,21,33,38|3,10,15,23,31,35|6,7,11,16,26,34
3,10,11,21,23,35|6,7,14,26,31,34|12,15,17,27,30,38
3,10,16,22,23,35|6,7,14,26,31,34|12,15,17,27,30,38
1,2,8,13,28,34|3,6,9,16,23,26|11,15,17,27,30,38
1,2,11,21,33,34|3,6,9,16,23,26|7,8,25,28,31,35|10,13,22,30,32,38
1,2,15,31,33,34|3,6,9,16,23,26|10,13,22,30,32,38
1,2,21,32,33,38|3,6,9,16,23,26|7,8,25,28,31,35|10,11,13,22,30,34
1,3,6,16,34,38|2,9,11,15,23,27|7,8,25,28,31,35
1,3,14,15,34,38|2,6,9,23,27,31|8,13,17,26,28,30
1,6,27,30,31,34|2,8,13,17,28,38|3,9,14,15,23,26
1,8,9,10,21,30|2,6,13,17,23,26|7,12,15,25,32,34
1,10,21,29,30,38|2,6,9,23,27,31|3,8,15,17,25,34
1,11,15,27,30,34|2,6,13,17,23,26|3,8,9,16,28,38
1,13,20,28,30,34|2,6,9,23,27,31|3,8,21,26,29,38
1,14,22,27,30,34|2,6,13,17,23,26|3,8,9,15,25,38
2,6,8,10,13,34|3,9,14,15,23,26|22,25,27,29,30,38
2,6,9,23,27,31|3,8,15,17,25,34|10,13,22,30,32,38
2,6,13,17,23,26|3,8,9,15,25,38|7,12,16,28,32,34
2,8,10,21,34,40|3,6,9,16,23,26|11,15,17,27,30,38
2,8,13,17,28,38|3,6,9,16,23,26|7,12,15,25,32,34
2,9,11,15,23,27|3,8,16,17,28,34|10,13,22,30,32,38
2,10,17,21,23,29|3,8,9,15,25,38|7,12,16,28,32,34
2,11,17,21,33,38|3,6,9,16,23,26|7,8,25,28,31,35
2,13,23,26,28,29|3,8,9,15,25,38|7,12,20,21,32,34
2,15,17,23,27,32|3,8,9,16,28,38|6,10,13,20,30,34
2,15,17,31,33,38|3,6,9,16,23,26|7,12,20,21,32,34
2,16,17,22,33,38|3,9,14,15,23,26|6,10,13,20,30,34|7,8,25,28,31,35
2,17,21,23,26,40|3,8,9,15,25,38|6,10,13,20,30,34
3,6,9,16,23,26|7,8,25,28,31,35|10,11,13,22,30,34
3,8,9,20,21,38|7,12,15,25,32,34|16,17,22,26,30,33
3,9,14,15,23,26|6,10,13,20,30,34|7,8,25,28,31,35
1,2,8,15,27,34|3,9,11,21,23,26|10,13,28,30,32,38
1,2,15,25,33,34|3,9,11,21,23,26|10,13,28,30,32,38
1,2,16,28,33,34|3,9,11,21,23,26|6,17,25,27,30,38
1,2,20,21,33,34|3,9,15,23,26,31|6,17,25,27,30,38
1,3,11,21,34,38|2,6,9,23,25,27|16,17,26,28,30,33
1,3,15,31,34,38|2,6,9,23,25,27|16,17,26,28,30,33
1,3,16,22,34,38|2,6,9,23,25,27|17,20,21,26,30,33
1,13,22,26,30,38|2,6,9,23,25,27|3,8,10,21,32,34
2,6,9,23,25,27|3,8,10,21,32,34|16,17,26,28,30,33
2,6,10,16,33,34|3,9,11,21,23,26|14,17,27,28,30,38
2,8,10,13,22,34|3,9,11,21,23,26|6,17,25,27,30,38
2,8,15,17,27,38|3,9,11,21,23,26|10,13,20,22,30,34
2,9,14,23,27,28|3,8,10,21,32,34|15,17,25,26,30,33
2,9,15,20,23,27|3,8,10,21,32,34|16,17,26,28,30,33
2,9,22,23,27,31|3,8,10,21,32,34|15,17,25,26,30,33
2,10,14,15,33,34|3,9,11,21,23,26|6,17,25,27,30,38
2,13,17,22,23,26|3,8,10,21,32,34|25,27,28,29,30,38
2,17,20,21,33,38|3,9,15,23,26,31|6,10,14,27,30,34
1,3,11,21,23,35|6,7,14,25,32,34|8,9,12,15,27,30
1,3,15,23,31,35|2,8,9,12,21,33|6,7,14,25,32,34
1,3,16,22,23,35|2,8,9,12,21,33|6,7,14,25,32,34
1,2,6,8,13,34|3,9,11,21,23,32|14,22,27,29,30,38
1,2,8,21,34,40|3,9,15,23,31,32|6,13,17,20,30,38
1,2,17,21,23,29|3,6,8,9,16,38|7,12,14,15,32,34
1,15,25,30,34,40|2,6,8,13,17,38|3,9,11,21,23,32
1,16,28,30,34,40|2,6,8,13,17,38|3,9,11,21,23,32
1,20,21,30,34,40|2,6,8,13,17,38|3,9,15,23,31,32
2,6,8,13,17,38|3,9,11,21,23,32|10,14,15,30,34,40
2,6,9,13,20,23|3,8,14,15,17,34|11,21,26,29,30,33
2,6,13,23,26,29|3,8,9,14,15,38|16,17,28,30,32,33
2,8,9,11,21,33|6,7,12,16,32,34|13,20,28,29,30,38
2,8,9,15,31,33|6,7,12,16,32,34|11,13,17,22,30,38
2,8,9,16,22,33|6,13,17,20,30,38|7,12,14,15,32,34
2,8,13,28,29,38|3,9,11,21,23,32|6,10,16,30,34,40
2,8,17,21,38,40|3,9,15,23,31,32|16,22,26,29,30,33
2,9,11,13,22,23|3,6,8,16,17,34|15,26,29,30,31,33
2,9,15,23,25,40|3,6,8,16,17,34|11,21,26,29,30,33
2,9,16,23,28,40|3,8,14,15,17,34|6,27,29,30,31,38
2,9,20,21,23,40|3,6,8,16,17,34|11,15,27,29,30,38
2,13,17,22,23,32|3,6,8,9,16,38|10,14,15,30,34,40
2,21,23,26,29,40|3,6,8,9,16,38|7,12,14,15,32,34
3,6,8,9,16,38|7,12,14,15,32,34|11,21,26,29,30,33
3,8,9,14,15,38|6,7,12,16,32,34|11,21,26,29,30,33
3,9,11,21,23,32|6,7,8,25,31,35|10,14,15,30,34,40
3,9,16,22,23,32|6,7,8,25,31,35|10,14,15,30,34,40
