3,9,13,14,38,40|6,7,15,18,25,35|10,17,19,29,30,39
3,9,14,16,19,38|6,7,15,18,25,35|13,17,27,30,32,40
3,9,32,33,39,40|6,7,15,18,25,35|13,14,17,19,26,30
3,11,18,29,34,39|6,7,15,27,35,40|9,13,19,20,25,30
3,13,14,17,34,40|6,7,15,18,25,35|9,11,16,19,27,30
3,13,25,29,34,40|6,7,16,18,28,35|9,14,19,27,30,31
3,14,16,17,19,34|6,7,15,18,25,35|9,11,13,27,30,40
3,16,18,29,31,34|6,7,15,27,35,40|9,13,19,20,25,30
3,16,19,25,29,34|6,7,15,27,35,40|9,13,18,20,30,31
3,18,21,22,29,34|6,7,15,27,35,40|9,13,19,20,25,30
3,18,29,32,38,39|6,7,15,27,35,40|9,13,19,20,25,30
3,19,20,29,34,39|6,7,15,18,25,35|9,11,13,27,30,40
3,19,21,28,29,34|6,7,15,18,25,35|9,11,13,27,30,40
1,2,13,14,18,34|3,9,11,19,38,39|7,15,22,27,35,40
1,2,13,19,31,34|3,6,9,18,21,38|7,11,16,27,35,40
1,2,18,34,39,40|3,9,13,31,32,33|7,15,19,25,28,35
1,3,9,29,33,39|2,13,14,17,18,38|7,11,16,27,35,40
1,3,19,32,34,39|2,8,9,13,18,25|7,11,16,27,35,40
1,13,17,27,29,30|2,9,11,18,33,39|7,15,19,25,28,35
2,8,9,13,18,25|3,11,17,19,34,39|7,14,27,31,35,40
2,8,9,13,27,40|3,6,17,18,21,34|7,15,19,25,28,35
2,8,9,16,19,27|3,6,17,18,21,34|7,13,20,25,35,40
2,9,11,18,33,39|3,13,17,31,34,40|7,15,19,25,28,35
2,9,13,25,33,40|3,6,17,18,21,34|16,19,26,27,29,30
2,9,16,18,31,33|3,11,17,19,34,39|7,13,20,25,35,40
2,9,16,19,25,33|3,6,17,18,21,34|7,14,27,31,35,40
2,9,18,21,22,33|3,11,17,19,34,39|7,13,20,25,35,40
2,9,19,20,33,39|3,6,17,18,21,34|7,11,16,27,35,40
2,9,19,21,28,33|3,13,17,31,34,40|7,11,16,18,25,35
2,13,14,17,18,38|3,16,27,29,34,40|7,15,19,25,28,35
2,13,17,19,31,38|3,16,18,25,29,34|7,15,22,27,35,40
2,13,18,25,29,38|3,11,17,19,34,39|7,14,27,31,35,40
2,13,27,29,32,33|3,6,9,18,21,38|7,15,19,25,28,35
2,13,27,29,38,40|3,6,17,18,21,34|7,15,19,25,28,35
2,16,19,27,29,38|3,6,17,18,21,34|7,13,20,25,35,40
2,17,18,32,33,39|3,9,13,31,38,40|7,15,19,25,28,35
2,17,18,38,39,40|3,9,13,31,32,33|7,15,19,25,28,35
2,19,26,29,33,39|3,6,9,18,21,38|7,11,16,27,35,40
3,6,9,18,21,38|7,11,16,27,35,40|13,17,19,26,30,31
3,9,11,19,38,39|7,13,20,25,35,40|16,17,18,27,30,32
3,9,16,19,31,38|7,11,18,20,35,39|13,26,27,29,30,40
3,9,19,21,22,38|7,11,16,18,25,35|13,26,27,29,30,40
3,13,17,31,34,40|7,11,16,18,25,35|9,15,19,27,28,30
1,17,18,29,30,39|2,6,9,19,21,33|7,11,13,31,35,40
2,6,9,19,21,33|3,13,29,31,34,40|7,11,14,16,18,35
2,9,13,14,33,40|3,6,18,21,29,34|7,11,16,19,31,35
2,9,14,16,19,33|3,6,18,21,29,34|7,11,13,31,35,40
1,2,13,18,31,34|3,8,9,19,26,39|7,14,25,27,35,40
1,2,13,19,25,34|3,9,11,18,38,39|7,15,27,28,35,40
1,3,18,32,34,39|2,9,16,27,33,40|13,17,19,25,26,30
1,9,10,19,30,39|2,13,17,18,31,38|7,14,25,27,35,40
2,10,13,14,19,34|3,9,11,18,38,39|7,15,27,28,35,40
2,10,19,34,39,40|3,8,9,13,27,32|7,15,18,25,28,35
2,13,17,18,31,38|3,8,9,19,26,39|7,14,25,27,35,40
3,9,16,19,25,38|7,15,27,28,35,40|13,17,18,26,30,31
3,9,19,20,38,39|7,14,25,27,35,40|13,17,18,26,30,31
3,9,19,21,28,38|7,14,25,27,35,40|13,17,18,26,30,31
1,2,13,18,25,34|3,9,10,29,33,39|16,17,19,26,27,30
1,3,9,17,33,39|2,10,13,14,18,34|7,25,27,31,35,40
1,7,10,13,14,35|2,16,17,19,27,38|3,8,9,18,26,39
1,7,10,35,39,40|2,9,11,13,27,33|3,16,17,18,25,34
2,17,19,26,33,39|3,9,16,18,25,38|7,11,13,20,27,35
1,8,15,25,27,38|2,7,12,20,28,39|6,10,13,23,26,31
1,8,16,27,28,38|2,7,12,20,21,25|6,10,13,23,26,31
1,8,20,21,27,38|2,7,12,16,25,28|6,10,13,23,26,31
1,8,21,25,26,33|2,7,12,20,28,39|10,15,23,27,31,32
1,8,26,28,33,39|2,7,12,20,21,25|10,15,23,27,31,32
1,2,3,8,21,25|6,10,11,33,38,39|14,17,23,27,28,31
1,3,16,25,28,30|2,7,12,20,21,31|6,10,11,33,38,39
1,3,20,21,25,30|2,7,11,12,28,39|6,10,13,14,23,26
1,3,20,28,30,39|2,7,11,12,21,25|6,10,13,14,23,26
1,8,11,21,27,38|2,7,12,15,25,31|3,6,10,20,30,39
1,8,13,25,28,38|2,7,12,20,21,31|3,10,11,22,30,39
1,8,15,27,31,38|2,7,11,12,21,25|3,6,10,20,30,39
1,8,16,22,27,38|2,7,11,12,21,25|3,6,10,20,30,39
1,8,21,26,31,33|2,7,11,12,28,39|3,6,10,16,25,30
1,8,22,26,33,39|2,7,11,12,21,25|3,10,14,16,28,30|15,17,20,23,27,31
1,11,21,25,33,38|2,3,6,8,10,39|14,17,23,27,28,31
1,11,28,33,38,39|2,3,8,10,14,21|6,17,23,25,27,31
1,15,25,31,33,38|2,3,6,8,10,39|11,16,17,23,27,28
1,16,22,25,33,38|2,3,6,8,10,39|11,17,20,21,23,27
1,16,28,31,33,38|2,3,6,8,10,39|11,15,17,23,25,27
1,20,21,31,33,38|2,3,6,8,10,39|11,15,17,23,25,27
1,20,22,33,38,39|2,3,8,10,14,21|6,17,23,25,27,31
1,21,22,28,33,38|2,3,6,8,10,39|11,15,17,23,25,27
2,7,11,12,21,25|3,6,10,20,30,39|14,17,23,27,28,31
2,7,11,12,28,39|3,6,10,16,25,30|15,17,20,23,27,31
2,7,12,15,25,31|3,6,10,20,30,39|11,16,17,23,27,28
2,7,12,16,22,25|3,6,10,20,30,39|14,17,23,27,28,31
2,7,12,16,28,31|3,6,10,20,30,39|11,15,17,23,25,27
2,7,12,20,21,31|3,6,10,16,25,30|15,17,22,23,27,28
2,7,12,20,22,39|3,6,10,16,25,30|14,17,23,27,28,31
2,7,12,21,22,28|3,6,10,16,25,30|15,17,20,23,27,31
1,3,11,21,25,30|2,6,7,12,20,39|8,10,13,14,22,38
1,3,11,28,30,39|2,6,7,12,16,25|8,10,13,14,22,38
1,3,15,25,30,31|2,6,7,12,20,39|8,10,13,14,22,38
1,3,16,22,25,30|2,6,7,12,20,39|8,10,11,13,15,38
1,3,16,28,30,31|2,6,7,12,20,39|8,10,11,13,15,38
1,3,20,21,30,31|2,6,7,12,16,25|8,10,11,13,15,38
1,3,20,22,30,39|2,6,7,12,16,25|8,10,11,13,15,38
1,3,21,22,28,30|2,6,7,12,16,25|8,10,11,13,15,38
1,6,8,16,27,38|2,7,11,12,21,31|10,13,14,23,28,32
1,6,8,26,33,39|2,7,11,12,21,31|3,10,14,16,22,30|15,20,23,25,27,29
1,6,13,23,26,31|2,7,11,12,22,39|8,16,17,25,28,33
1,6,16,25,33,38|2,7,11,12,21,31|10,13,14,23,28,32
1,6,20,33,38,39|2,7,11,12,21,31|3,10,14,16,22,30
1,6,21,28,33,38|2,7,11,12,22,39|3,10,14,15,30,31
1,8,13,22,25,38|2,6,7,12,20,39|3,10,11,14,21,30
1,8,13,28,31,38|2,6,7,12,16,25|3,10,11,14,21,30
1,8,14,15,27,38|2,6,7,12,16,25|10,13,22,23,31,32
1,8,14,21,26,33|2,6,7,12,16,25|10,13,15,20,23,32
1,8,15,16,26,33|2,6,7,12,20,39|3,10,11,14,21,30|22,23,25,27,29,31
1,10,21,23,29,31|2,6,7,12,16,25|8,17,20,28,33,39
1,11,13,15,23,26|2,6,7,12,16,25|8,10,21,31,32,33
1,11,21,23,27,32|2,6,7,12,16,25|3,10,14,15,30,31|8,17,20,28,33,39
1,11,21,31,33,38|2,6,7,12,16,25|10,13,14,23,28,32
1,11,22,33,38,39|2,6,7,12,16,25|3,10,14,15,30,31
1,13,14,22,23,26|2,6,7,12,16,25|8,10,21,31,32,33
1,13,23,25,28,32|2,6,7,12,20,39|3,10,11,14,21,30
1,14,15,25,33,38|2,6,7,12,20,39|10,13,22,23,31,32
1,14,16,28,33,38|2,6,7,12,20,39|10,13,22,23,31,32
1,14,20,21,33,38|2,6,7,12,16,25|10,13,22,23,31,32
1,15,16,20,33,38|2,6,7,12,21,28|10,13,22,23,31,32
1,15,23,27,31,32|2,6,7,12,16,25|3,10,11,14,21,30|8,17,20,28,33,39
1,16,22,23,27,32|2,6,7,12,20,39|3,10,11,14,21,30
1,16,22,31,33,38|2,6,7,12,20,39|3,10,11,14,21,30
1,21,23,26,31,40|2,6,7,12,16,25|8,10,11,13,15,38
1,22,23,26,39,40|2,6,7,12,16,25|3,10,11,14,21,30
2,6,7,12,16,25|3,10,11,14,21,30|8,17,20,28,33,39
2,6,7,12,20,39|3,10,11,14,21,30|8,16,17,25,28,33
2,6,7,12,21,28|3,10,11,15,16,30|13,17,20,22,23,25
2,7,11,12,21,31|3,10,14,16,22,30|6,15,17,23,27,28
2,7,11,12,22,39|3,6,10,16,30,31|8,17,20,21,25,33
2,7,12,14,15,25|3,6,10,11,30,39|13,17,20,23,28,31
2,7,12,14,16,28|3,6,10,11,30,39|8,17,20,21,25,33
2,7,12,14,20,21|3,6,10,11,30,39|8,16,17,25,28,33
2,7,12,15,16,20|3,6,10,11,30,39|14,17,22,23,27,31
2,7,12,16,22,31|3,6,10,11,30,39|8,17,20,21,25,33
1,3,6,16,25,30|2,7,11,12,14,21|8,17,20,22,33,39
1,3,6,20,30,39|2,7,11,12,14,21|8,10,15,16,32,33
1,3,6,21,28,30|2,7,11,12,15,16|8,17,20,22,33,39
1,3,11,21,30,31|2,7,12,14,16,22|6,8,10,32,33,39|13,20,23,25,28,29
1,3,11,22,30,39|2,6,7,12,16,31|8,10,14,21,32,33|13,20,23,25,28,29
1,3,14,15,25,30|2,6,7,11,12,39|8,16,17,28,31,33
1,3,14,16,28,30|2,6,7,11,12,39|8,15,17,25,31,33
1,3,14,20,21,30|2,6,7,11,12,39|8,10,15,16,32,33
1,3,15,16,20,30|2,6,7,11,12,39|8,10,14,21,32,33
1,3,16,22,30,31|2,6,7,11,12,39|8,10,14,21,32,33|13,20,23,25,28,29
1,6,8,13,25,38|2,7,11,12,14,21|10,22,23,32,39,40
1,6,10,23,29,39|2,7,11,12,14,21|8,15,17,25,31,33
1,6,11,33,38,39|2,7,12,14,15,31|13,20,23,25,28,29
1,6,13,14,23,26|2,7,11,12,15,16|8,17,20,21,31,33
1,6,16,23,27,32|2,7,11,12,14,21|8,15,17,25,31,33
1,6,16,31,33,38|2,7,11,12,14,21|10,22,23,32,39,40
1,6,21,22,33,38|2,7,11,12,15,16|13,14,17,20,23,28
1,6,23,26,39,40|2,7,11,12,14,21|8,10,15,16,32,33
1,8,13,14,28,38|2,6,7,11,12,39|10,21,23,31,32,40
1,8,13,15,20,38|2,6,7,11,12,39|10,21,23,31,32,40
1,8,13,22,31,38|2,6,7,11,12,39|16,17,23,25,28,40
1,8,21,25,32,33|2,6,7,11,12,39|13,14,17,20,23,28
1,8,21,25,38,40|2,6,7,11,12,39|10,13,14,22,23,32
1,8,28,32,33,39|2,6,7,12,16,31|11,13,17,22,23,25
1,8,28,38,39,40|2,6,7,12,16,31|10,11,13,15,23,32
1,10,14,21,23,29|2,6,7,11,12,39|8,15,17,25,31,33
1,10,15,16,23,29|2,6,7,11,12,39|8,17,20,21,31,33
1,11,14,21,33,38|2,6,7,12,16,31|10,22,23,32,39,40
1,11,15,16,33,38|2,6,7,12,21,22|13,14,17,20,23,28
1,13,22,23,25,32|2,6,7,11,12,39|8,10,14,21,38,40
1,13,23,28,31,32|2,6,7,11,12,39|8,10,14,21,38,40
1,14,15,23,27,32|2,6,7,11,12,39|8,16,17,22,25,33
1,14,15,31,33,38|2,6,7,11,12,39|13,20,23,25,28,29
1,14,16,22,33,38|2,6,7,11,12,39|10,21,23,31,32,40
1,14,21,23,26,40|2,6,7,11,12,39|8,10,15,16,32,33
1,15,16,23,26,40|2,6,7,11,12,39|8,10,14,21,32,33
2,6,7,11,12,39|8,10,14,21,32,33|13,17,20,22,23,31
2,6,7,12,16,31|8,10,14,21,32,33|11,13,17,22,23,25
2,6,7,12,21,22|8,10,15,16,32,33|11,13,17,23,28,31
2,7,11,12,14,21|6,8,10,32,33,39|13,17,20,22,23,31
2,7,11,12,15,16|6,8,10,13,14,38|17,20,21,23,25,40
2,7,12,14,15,31|6,8,10,32,33,39|11,13,17,22,23,25
2,7,12,14,16,22|6,8,10,32,33,39|11,13,17,23,28,31
3,6,10,14,16,30|8,11,17,21,25,33|15,20,23,27,29,31
1,3,6,11,30,39|8,14,15,17,25,33|13,20,23,28,29,31
1,3,6,16,30,31|8,11,17,22,33,39|10,14,21,23,32,40
1,3,6,21,22,30|8,14,15,17,25,33|13,20,23,28,29,31
1,3,11,14,21,30|6,8,16,17,25,33|13,20,23,28,29,31
1,3,11,15,16,30|6,8,17,20,33,39|10,14,21,23,32,40
1,3,14,16,22,30|6,8,17,20,33,39|11,13,23,25,28,29
1,8,11,13,15,38|2,6,7,12,14,16|17,20,21,23,31,40
1,8,21,31,32,33|2,6,7,12,14,16|11,13,15,17,20,23
1,8,21,31,38,40|2,6,7,12,14,16|11,13,15,17,20,23
1,8,22,32,33,39|2,6,7,12,14,16|11,13,15,17,20,23
1,8,22,38,39,40|2,6,7,12,14,16|11,13,15,17,20,23
1,13,15,20,23,32|2,6,7,12,14,16|8,11,17,21,31,33
1,13,22,23,31,32|2,6,7,12,14,16|8,20,21,25,29,33
1,21,23,25,32,40|2,6,7,12,14,16|8,11,17,22,33,39
1,23,28,32,39,40|2,6,7,12,14,16|8,11,17,21,31,33
2,6,7,12,14,16|8,11,17,21,31,33|13,20,22,23,25,29
1,2,9,17,33,39|3,13,26,29,31,34|7,14,25,27,32,35
1,9,16,17,27,30|2,10,19,32,34,39|6,7,13,26,28,35
2,8,9,18,26,39|3,13,17,25,32,34|7,10,21,28,29,35
2,9,10,29,33,39|3,13,17,25,32,34|7,21,26,28,35,40
2,9,16,18,25,38|3,13,26,29,31,34|6,7,10,17,21,35
2,9,16,27,32,33|3,13,26,29,31,34|6,7,10,17,21,35
2,9,16,27,38,40|3,13,17,25,32,34|7,10,20,29,35,39
2,9,18,20,38,39|3,13,17,25,32,34|7,10,21,28,29,35
2,9,18,21,28,38|3,13,17,25,32,34|7,10,20,29,35,39
2,9,26,33,39,40|3,13,17,25,32,34|7,10,21,28,29,35
2,13,20,27,29,34|6,7,10,17,21,35|9,16,18,25,26,30
2,16,17,27,34,40|3,9,13,25,32,38|7,10,20,29,35,39
2,17,18,20,34,39|3,9,13,25,32,38|7,10,21,28,29,35
2,17,18,21,28,34|3,9,13,25,32,38|7,10,20,29,35,39
2,18,26,29,38,39|3,6,9,15,27,34|7,10,14,16,17,35
1,3,9,29,38,39|2,13,17,25,34,40|7,11,16,27,32,35
1,3,17,29,34,39|2,8,9,13,27,32|7,16,26,31,35,40
1,7,16,17,31,35|2,8,9,13,27,32|3,26,29,34,39,40
1,7,17,21,22,35|2,8,9,13,27,32|3,26,29,34,39,40
1,9,13,17,25,30|2,19,26,29,38,39|7,11,16,27,32,35
2,8,9,19,26,39|3,13,17,31,32,34|7,10,21,22,29,35
2,9,11,18,38,39|3,13,14,26,29,34|7,15,22,27,32,35
2,9,16,18,31,38|3,12,17,33,35,39|13,26,27,29,30,32
2,9,16,19,25,38|3,12,17,33,35,39|13,26,27,29,30,32
2,9,18,21,22,38|3,12,17,33,35,39|13,26,27,29,30,32
2,9,19,20,38,39|3,13,14,26,29,34|7,11,16,27,32,35
2,9,19,21,28,38|3,12,17,33,35,39|13,26,27,29,30,32
2,11,13,27,29,34|3,12,17,33,35,39|9,16,18,26,30,31
2,11,17,18,34,39|3,9,13,31,32,38|7,10,21,22,29,35
2,13,17,25,34,40|7,10,11,29,35,39|9,16,18,26,30,31
2,13,27,29,32,38|3,9,16,25,34,40|10,12,18,30,35,39
2,16,17,19,25,34|3,9,13,31,32,38|7,10,11,29,35,39
2,17,18,21,22,34|3,9,13,31,32,38|7,10,11,29,35,39
2,17,18,32,38,39|3,6,9,13,28,34|7,10,16,29,31,35
2,17,19,20,34,39|3,9,13,31,32,38|7,10,21,22,29,35
2,17,19,21,28,34|3,9,13,31,32,38|7,10,11,29,35,39
2,19,26,29,38,39|3,6,9,13,28,34|7,11,16,27,32,35
3,9,11,13,31,34|7,10,21,22,29,35|17,18,26,30,32,39
3,13,17,31,32,34|7,10,11,29,35,39|9,16,19,25,26,30
3,16,27,29,32,34|6,7,13,22,26,35|9,10,17,30,39,40
3,26,29,34,39,40|7,11,16,27,32,35|9,10,13,14,17,30
1,3,13,31,35,38|2,12,17,18,34,39|7,9,21,22,26,29
3,9,12,13,31,34|7,17,26,29,32,39|10,16,18,25,30,35
1,2,19,26,34,39|3,9,16,27,32,38|7,10,17,21,22,35
1,2,9,29,33,39|3,13,14,17,32,34|6,7,21,26,35,40
1,2,19,32,34,39|6,7,10,21,29,35|9,13,26,30,31,40
1,6,7,17,21,35|2,9,11,19,38,39|3,13,25,29,32,34
1,7,14,16,17,35|2,6,9,18,21,38|3,13,25,29,32,34
1,7,16,25,29,35|2,6,9,18,21,38|3,13,14,17,32,34
1,7,20,29,35,39|2,6,9,18,21,38|3,13,14,17,32,34
1,7,21,28,29,35|2,9,11,19,38,39|3,13,14,17,32,34
1,9,13,17,30,31|2,16,18,25,29,34|6,7,15,27,32,35
1,9,16,27,29,30|2,6,17,18,21,34|7,11,13,25,32,35
2,6,9,18,21,38|3,13,14,17,32,34|10,12,19,30,35,39
2,6,17,18,21,34|3,9,13,14,32,38|10,12,19,30,35,39
2,9,11,19,38,39|3,13,14,17,32,34|6,7,10,21,29,35
2,9,13,31,38,40|6,7,10,21,29,35|17,19,26,30,32,39
2,9,14,16,18,38|3,13,25,29,32,34|6,7,21,26,35,40
2,9,16,19,31,38|3,13,14,17,32,34|6,7,10,21,29,35
2,11,17,19,34,39|3,9,13,14,32,38|6,7,10,21,29,35
2,13,17,31,34,40|6,7,10,21,29,35|9,11,19,26,30,39
2,14,16,17,18,34|3,9,32,38,39,40|6,7,10,21,29,35
2,16,17,19,31,34|3,9,13,14,32,38|6,7,10,21,29,35
2,16,18,25,29,34|3,9,13,14,32,38|6,7,21,26,35,40
2,16,27,29,34,40|3,9,13,14,32,38|10,12,19,30,35,39
2,17,19,32,38,39|3,6,9,13,22,34|7,10,14,16,29,35
2,18,20,29,34,39|3,9,13,14,32,38|6,7,21,26,35,40
2,18,21,28,29,34|3,9,13,14,32,38|10,12,19,30,35,39
3,6,9,13,22,34|7,10,14,16,29,35|17,19,26,30,32,39
3,9,11,13,14,34|6,7,10,21,29,35|17,19,26,30,32,39
3,9,16,31,34,40|6,7,10,21,29,35|17,19,26,30,32,39
3,13,14,17,32,34|6,7,10,21,29,35|9,11,19,26,30,39
3,17,32,34,39,40|6,7,10,21,29,35|9,14,16,18,26,30
1,3,13,14,35,38|2,12,17,19,34,39|6,7,9,21,26,29
2,12,17,19,34,39|6,7,9,21,26,29|10,13,25,30,35,40
1,9,13,14,17,30|2,11,18,29,34,39|7,16,25,32,35,40
1,9,13,25,29,30|2,6,17,19,21,34|7,20,32,35,39,40
1,9,17,30,39,40|2,16,18,29,31,34|6,7,13,28,32,35
1,12,18,30,35,39|2,6,9,19,21,38|3,13,29,31,32,34
2,6,17,19,21,34|3,12,29,33,35,39|9,13,14,26,30,40
2,11,18,29,34,39|6,7,13,28,32,35|9,14,16,19,26,30
2,13,14,17,34,40|3,12,29,33,35,39|6,9,19,21,26,30
2,14,16,17,19,34|3,12,29,33,35,39|9,18,21,28,30,32
2,18,21,22,29,34|6,7,13,28,32,35|9,14,16,19,26,30
1,16,27,30,35,40|2,12,18,29,34,39|6,7,9,17,21,32
1,2,8,11,21,27|3,6,10,14,16,38|7,12,20,28,32,39
1,2,8,15,27,31|3,6,10,14,16,38|7,12,20,21,25,32
1,2,8,16,22,27|6,7,11,12,26,39|10,13,14,20,28,30
1,2,11,21,25,33|3,6,10,14,16,38|7,12,20,28,32,39
1,2,11,28,33,39|3,6,10,14,16,38|7,12,20,21,25,32
1,2,15,25,31,33|3,6,10,14,16,38|7,12,20,28,32,39
1,2,16,22,25,33|3,8,10,21,31,32|6,7,11,12,26,39
1,2,16,28,31,33|3,8,10,22,32,39|7,11,12,14,21,26
1,3,6,8,26,39|2,10,11,14,21,33|7,12,16,25,28,32
1,3,6,20,38,39|2,8,10,13,14,28|7,11,12,15,16,26
1,3,6,21,28,38|2,8,10,13,15,20|7,12,14,16,22,26
1,3,8,14,21,26|2,6,10,11,33,39|7,12,16,25,28,32
1,3,8,15,16,26|2,6,10,11,33,39|7,12,20,21,25,32
1,3,11,21,31,38|2,6,8,10,13,25|7,12,14,16,22,26
1,3,11,22,38,39|2,6,8,10,13,25|7,12,14,15,26,31
1,3,14,20,21,38|2,6,8,10,13,25|7,11,12,15,16,26
1,3,15,16,20,38|2,6,8,10,13,25|7,11,12,14,21,26
1,3,16,22,31,38|2,6,8,10,13,25|7,11,12,14,21,26
1,6,25,27,30,31|2,8,10,13,14,28|7,11,12,15,16,26
1,11,15,25,27,30|2,6,10,16,31,33|3,8,17,20,28,39
1,11,16,27,28,30|2,6,8,10,13,25|7,12,14,15,26,31
1,11,20,21,27,30|2,6,8,10,13,25|7,12,14,15,26,31
1,13,20,25,28,30|2,6,10,11,33,39|7,12,14,15,26,31
1,14,27,28,30,31|2,6,8,10,13,25|7,11,12,15,16,26
1,15,20,27,30,31|2,6,8,10,13,25|7,11,12,14,21,26
1,15,22,27,28,30|2,6,8,10,13,25|7,11,12,14,21,26
1,16,20,22,27,30|2,6,8,10,13,25|7,11,12,14,21,26
2,6,10,11,33,39|3,8,16,17,25,28|7,12,14,15,26,31
2,6,10,21,22,33|3,8,16,17,25,28|7,12,14,15,26,31
2,10,14,15,31,33|3,8,16,17,25,28|6,7,11,12,26,39
2,10,14,16,22,33|3,8,17,20,21,25|6,7,11,12,26,39
3,8,16,17,25,28|6,7,11,12,26,39|10,13,20,22,30,31
3,8,17,20,28,39|6,7,12,16,26,31|10,11,13,22,25,30
1,2,8,15,25,27|3,6,10,11,38,39|7,12,14,16,26,28
1,2,8,16,27,28|3,6,10,11,38,39|7,12,14,15,25,26
1,2,8,20,21,27|3,6,10,11,38,39|7,12,14,15,25,26
1,2,16,25,28,33|3,6,10,11,38,39|7,12,14,20,21,26
1,2,20,21,25,33|3,6,10,11,38,39|7,12,14,16,26,28
1,2,20,28,33,39|3,6,10,16,31,38|7,12,14,15,25,26
1,3,11,28,38,39|2,6,8,10,16,27|7,12,14,15,25,26
1,3,15,25,31,38|2,6,8,10,16,27|7,11,12,22,26,39
1,3,16,22,25,38|2,6,10,20,33,39|7,11,12,21,26,31
1,3,16,28,31,38|2,6,10,20,33,39|7,12,14,15,25,26
1,3,20,21,31,38|2,6,8,10,16,27|7,11,12,22,26,39
1,3,20,22,38,39|2,6,8,10,16,27|7,11,12,21,26,31
1,3,21,22,28,38|2,6,8,10,16,27|7,12,14,15,25,26
1,14,25,27,28,30|2,6,10,20,33,39|7,11,12,21,26,31
1,15,20,25,27,30|2,6,10,21,28,33|7,11,12,22,26,39
1,16,20,27,28,30|2,8,10,13,22,25|7,11,12,21,26,31
1,22,25,27,30,31|2,6,10,20,33,39|7,12,14,16,26,28
1,3,16,25,28,38|2,8,10,11,21,27|7,12,20,22,26,39
1,3,20,21,25,38|2,8,10,15,27,31|7,11,12,26,28,39
1,3,20,28,38,39|2,8,10,11,21,27|7,12,15,25,26,31
1,15,25,30,31,40|3,6,8,11,17,39|7,12,14,16,22,32
1,16,22,25,30,40|3,6,8,11,17,39|7,12,14,15,31,32
1,20,21,30,31,40|3,6,8,11,17,39|7,12,14,16,22,32
1,20,22,30,39,40|3,6,8,16,17,31|7,11,12,14,21,32
1,21,22,28,30,40|3,6,8,11,17,39|7,12,14,15,31,32
3,8,15,25,29,31|6,7,11,12,32,39|10,14,16,22,30,40
3,8,16,22,25,29|6,7,11,12,32,39|10,14,15,30,31,40
3,8,20,21,29,31|6,7,11,12,32,39|10,14,16,22,30,40
3,8,20,22,29,39|6,7,12,16,31,32|10,11,14,21,30,40
3,8,21,22,28,29|6,7,11,12,32,39|10,14,15,30,31,40
1,2,6,8,13,25|7,11,12,21,31,32|10,14,16,28,30,40
1,2,6,11,33,39|3,8,14,15,17,25|7,12,16,22,31,32
1,2,6,16,31,33|3,8,11,17,22,39|7,12,14,15,25,32
1,2,8,13,14,28|6,7,12,16,25,32|10,11,21,30,31,40
1,2,8,13,15,20|6,7,12,16,25,32|10,11,21,30,31,40
1,2,8,13,22,31|6,7,12,16,25,32|10,14,20,21,30,40
1,2,8,21,25,40|6,7,12,20,32,39|10,11,13,14,22,30
1,2,8,28,39,40|6,7,12,16,25,32|10,11,13,14,22,30
1,2,14,15,31,33|3,6,8,16,17,25|7,11,12,22,32,39
1,2,14,16,22,33|3,6,8,17,20,39|7,11,12,21,31,32
1,6,13,20,25,30|2,8,10,14,21,40|7,11,12,22,32,39
1,6,14,27,30,31|2,8,10,15,16,40|7,11,12,22,32,39
1,11,13,22,25,30|2,6,8,10,39,40|7,12,14,16,28,32
1,11,13,28,30,31|2,6,8,10,39,40|7,12,14,15,25,32
1,11,14,15,27,30|2,6,8,10,39,40|7,12,16,22,31,32
1,13,14,20,28,30|2,6,8,10,39,40|7,11,12,21,31,32
1,13,20,22,30,31|2,6,8,10,39,40|7,12,14,15,25,32
1,16,25,28,30,40|2,6,8,10,13,14|7,11,12,21,31,32
1,20,21,25,30,40|2,6,8,10,13,14|7,11,12,22,32,39
1,20,28,30,39,40|2,6,8,10,13,14|7,11,12,21,31,32
3,6,8,17,20,39|7,11,12,21,31,32|10,14,15,25,30,40
3,6,8,17,21,28|7,11,12,22,32,39|10,14,15,25,30,40
3,8,11,17,22,39|6,7,12,16,25,32|10,14,20,21,30,40
3,8,14,15,17,25|6,7,12,20,32,39|10,11,21,30,31,40
3,8,14,16,17,28|6,7,12,20,32,39|10,11,21,30,31,40
3,8,14,17,20,21|6,7,12,16,25,32|10,11,22,30,39,40
3,8,15,16,17,20|6,7,12,21,28,32|10,11,13,14,22,30
3,8,16,17,22,31|6,7,12,20,32,39|10,14,15,25,30,40
3,8,16,25,28,29|6,7,12,20,32,39|10,11,13,14,22,30
3,8,20,21,25,29|6,10,11,13,30,31|7,12,14,16,28,32
3,8,20,28,29,39|6,7,12,16,25,32|10,11,13,14,22,30
1,2,6,8,16,27|7,11,12,21,25,32|10,13,14,20,22,30
1,2,8,13,22,25|6,7,12,14,16,26|10,11,28,30,39,40
1,2,8,13,28,31|6,7,12,14,16,26|10,11,21,25,30,40
1,2,8,14,15,27|6,10,11,13,25,30|7,12,16,28,31,32
1,3,6,11,38,39|2,8,10,13,14,22|7,12,15,25,31,32
1,3,6,16,31,38|2,8,10,11,13,15|7,12,20,22,32,39
1,3,6,21,22,38|2,8,10,11,13,15|7,12,16,28,31,32
1,3,11,14,21,38|2,6,8,10,13,31|7,12,16,22,25,32
1,3,11,15,16,38|2,6,8,10,13,31|7,12,20,22,32,39
1,3,14,15,31,38|2,8,10,22,39,40|7,11,12,21,25,32
1,3,14,16,22,38|2,6,8,10,13,31|7,11,12,21,25,32
1,6,14,25,27,30|2,8,10,11,13,15|7,12,16,28,31,32
1,6,15,27,28,30|2,8,10,13,14,22|7,11,12,21,25,32
1,6,16,20,27,30|2,8,10,11,13,15|7,12,21,22,28,32
1,11,13,25,28,30|2,6,10,14,16,33|3,8,17,20,21,31
1,11,15,27,30,31|2,6,10,14,16,33|3,8,17,20,22,39
1,13,20,22,25,30|2,6,10,14,16,33|3,8,11,17,28,39
1,13,20,28,30,31|2,6,10,14,16,33|3,8,11,17,21,25
1,14,15,20,27,30|2,6,8,10,13,31|7,11,12,21,25,32
2,6,10,14,16,33|3,8,11,17,21,25|7,12,20,22,32,39
3,8,11,17,21,25|6,7,12,14,16,26|10,20,22,30,39,40
3,8,11,17,28,39|6,7,12,14,16,26|10,15,25,30,31,40
3,8,15,17,25,31|6,7,12,14,16,26|10,11,28,30,39,40
3,8,16,17,22,25|6,10,13,20,30,31|7,11,12,28,32,39
3,8,16,17,28,31|6,10,11,13,25,30|7,12,20,22,32,39
3,8,17,20,21,31|6,7,12,14,16,26|10,11,28,30,39,40
3,8,17,20,22,39|6,7,12,14,16,26|10,11,21,25,30,40
3,8,17,21,22,28|6,7,12,14,16,26|10,11,13,15,20,30
1,3,9,29,30,39|2,6,7,13,22,35|14,16,17,19,34,38
2,7,11,35,39,40|3,9,13,30,31,32|6,17,19,21,34,38
2,7,21,22,35,40|3,9,13,30,31,32|8,19,26,29,34,39
2,9,11,18,30,39|3,6,7,21,32,35|13,14,17,34,38,40
2,9,13,25,30,40|3,6,7,21,32,35|8,19,26,29,34,39
2,9,16,18,30,31|3,6,7,21,32,35|8,19,26,29,34,39
2,9,16,19,25,30|3,6,7,21,32,35|11,18,29,34,38,39
2,9,18,21,22,30|3,7,14,16,32,35|8,19,26,29,34,39
2,9,19,20,30,39|3,6,7,21,32,35|13,14,17,34,38,40
2,9,19,21,28,30|3,7,14,16,32,35|11,18,29,34,38,39
2,19,26,29,30,39|3,6,7,21,32,35|8,9,13,25,34,40
1,19,32,34,38,39|2,6,7,13,28,35|9,16,17,23,27,29
2,7,11,13,31,35|6,17,18,21,34,38|9,19,23,26,32,39
2,7,13,14,20,35|6,17,18,21,34,38|9,19,23,26,32,39
2,7,20,35,39,40|3,9,13,25,30,32|6,17,18,21,34,38
2,7,21,28,35,40|3,9,13,25,30,32|8,18,26,29,34,39
2,9,16,18,25,30|3,7,11,32,35,39|13,14,26,29,33,34
2,9,16,27,30,40|3,7,11,32,35,39|6,17,18,21,34,38
2,9,18,20,30,39|3,7,16,31,32,35|13,14,26,29,33,34
2,9,18,21,28,30|3,7,11,32,35,39|13,14,26,29,33,34
2,18,26,29,30,39|3,7,16,31,32,35|6,9,13,28,33,34
2,7,9,16,25,29|3,10,13,14,30,35|12,17,19,34,38,39
2,7,9,21,28,29|3,10,13,14,30,35|12,17,19,34,38,39
2,6,7,21,35,40|3,9,13,14,30,32|11,19,29,34,38,39
2,9,13,30,31,40|6,18,21,29,34,38|12,17,19,23,35,39
3,9,13,14,30,32|6,18,21,29,34,38|12,17,19,23,35,39
1,18,23,26,35,39|2,7,9,16,17,31|12,13,27,29,34,38
1,3,9,17,30,39|2,6,7,15,27,35|13,26,29,31,33,34
1,18,32,34,38,39|2,6,7,15,27,35|3,9,13,14,26,30
2,6,7,15,27,35|3,9,10,29,30,39|13,17,25,32,33,34
2,7,11,13,25,35|3,9,10,29,30,39|16,17,18,31,34,38
2,7,13,20,31,35|3,9,10,29,30,39|16,17,19,25,34,38
2,7,13,22,28,35|3,9,10,29,30,39|16,17,18,31,34,38
2,9,11,13,27,30|3,7,16,25,32,35|8,17,19,26,34,39
2,17,19,26,30,39|3,7,16,25,32,35|6,9,15,27,33,34
2,7,17,26,29,39|3,10,13,25,30,35|9,12,16,27,33,34
2,7,11,16,27,35|3,9,13,26,30,31|10,17,29,33,34,39
2,7,13,20,25,35|8,9,18,26,38,39|16,17,27,32,33,34
2,7,15,22,27,35|3,9,13,26,30,31|10,17,29,33,34,39
2,9,13,20,27,30|3,6,7,21,26,35|10,17,29,33,34,39
1,2,3,21,23,31|6,8,10,33,38,39|7,12,16,25,28,30
1,2,3,22,23,39|7,12,16,25,28,30|8,10,14,21,33,38
1,2,6,16,23,27|7,8,12,14,21,26|10,11,22,30,33,39
1,2,8,21,25,33|3,6,10,23,32,39|7,12,14,16,28,38
1,2,8,28,33,39|3,10,14,21,23,32|6,7,12,16,25,38
1,2,13,22,23,25|6,7,8,12,26,39|10,11,21,30,31,33
1,2,13,23,28,31|6,7,8,12,26,39|10,14,15,25,30,33
1,2,14,15,23,27|6,7,8,12,26,39|10,11,21,30,31,33
1,3,21,23,25,32|2,6,8,10,33,39|7,12,14,16,28,38
1,3,23,28,32,39|2,8,10,14,21,33|6,7,12,16,25,38
1,8,15,25,27,30|2,6,10,13,23,31|7,11,12,22,38,39
1,8,16,27,28,30|2,6,10,13,23,31|7,11,12,22,38,39
1,8,20,21,27,30|2,6,10,13,23,31|7,11,12,22,38,39
1,16,25,28,30,33|2,6,10,13,23,31|7,8,12,14,21,26
1,20,21,25,30,33|2,6,10,13,23,31|7,8,12,15,16,26
1,20,28,30,33,39|2,6,10,13,23,31|7,8,12,14,21,26
2,6,8,10,33,39|3,11,17,21,23,25|7,12,14,16,28,38
2,8,10,14,21,33|3,11,17,23,28,39|6,7,12,16,25,38
2,8,10,15,16,33|3,11,17,21,23,25|6,7,12,20,38,39
3,11,17,21,23,25|6,7,8,12,26,39|10,14,16,28,30,33
3,11,17,23,28,39|6,7,12,16,25,38|8,10,14,15,27,30
3,15,17,23,25,31|6,7,8,12,26,39|10,14,16,28,30,33
3,16,17,22,23,25|6,7,8,12,26,39|10,11,21,30,31,33
3,16,17,23,28,31|6,7,8,12,26,39|10,14,15,25,30,33
3,17,20,21,23,31|6,7,8,12,26,39|10,14,15,25,30,33
3,17,20,22,23,39|6,7,12,16,25,38|8,10,13,28,30,31
3,17,21,22,23,28|6,7,8,12,26,39|10,14,15,25,30,33
1,2,6,13,23,25|7,8,12,28,32,39|10,11,14,21,30,33
1,2,8,22,33,39|3,6,16,17,23,25|7,11,12,14,21,38
1,2,13,14,23,28|6,7,11,12,38,39|8,10,21,25,30,40
1,2,13,15,20,23|6,7,11,12,38,39|8,10,21,25,30,40
1,2,13,22,23,31|6,7,11,12,38,39|8,10,21,25,30,40
1,2,21,23,25,40|6,7,11,12,38,39|8,10,13,14,28,30
1,2,23,28,39,40|6,7,12,16,31,38|8,10,13,15,20,30
1,3,21,23,31,32|6,7,11,12,38,39|8,10,13,14,28,30
1,3,22,23,32,39|6,7,12,16,31,38|8,10,13,14,28,30
1,8,13,25,28,30|2,6,10,23,39,40|7,11,12,14,21,38
1,11,21,25,30,33|2,6,10,13,14,23|7,8,12,28,32,39
1,11,28,30,33,39|2,6,10,13,14,23|7,8,12,21,25,32
1,15,25,30,31,33|2,6,10,13,14,23|7,8,12,28,32,39
1,16,22,25,30,33|2,6,10,13,14,23|7,8,12,28,32,39
1,16,28,30,31,33|2,6,10,13,14,23|7,8,12,21,25,32
1,20,21,30,31,33|2,6,10,13,14,23|7,8,12,28,32,39
1,20,22,30,33,39|2,6,10,13,14,23|7,8,12,21,25,32
1,21,22,28,30,33|2,6,10,13,14,23|7,11,12,15,16,38
3,6,16,17,23,25|7,8,12,28,32,39|10,11,14,21,30,33
3,6,17,20,23,39|7,8,12,21,25,32|10,11,15,16,30,33
3,6,17,21,23,28|7,11,12,15,16,38|8,10,13,22,30,31
3,11,17,21,23,31|6,8,10,13,25,30|7,12,14,16,22,38
3,11,17,22,23,39|6,7,12,16,31,38|8,10,13,14,28,30
3,14,15,17,23,25|6,7,11,12,38,39|8,10,13,22,30,31
3,14,16,17,23,28|6,7,11,12,38,39|8,10,13,15,20,30
3,14,17,20,21,23|6,7,11,12,38,39|8,10,13,22,30,31
3,15,16,17,20,23|6,7,11,12,38,39|8,10,13,14,28,30
3,16,17,22,23,31|6,7,11,12,38,39|8,10,13,14,28,30
3,16,23,25,28,29|6,7,11,12,38,39|8,10,13,15,20,30
3,20,21,23,25,29|6,7,11,12,38,39|8,10,13,14,28,30
3,20,23,28,29,39|6,7,12,16,31,38|8,10,21,25,30,40
1,2,11,13,15,23|6,7,12,14,16,38|8,10,21,30,31,40
1,2,21,23,31,40|6,7,12,14,16,38|8,10,11,13,15,30
1,2,22,23,39,40|6,7,12,14,16,38|8,10,11,13,15,30
1,6,16,25,30,33|3,11,14,17,21,23|7,8,12,22,32,39
1,6,21,28,30,33|3,11,15,16,17,23|7,8,12,22,32,39
1,14,15,25,30,33|3,6,11,17,23,39|7,8,12,21,31,32
1,14,16,28,30,33|3,6,11,17,23,39|7,8,12,21,31,32
1,15,16,20,30,33|3,6,11,17,23,39|7,8,12,21,31,32
3,11,21,23,25,29|6,7,12,14,16,38|8,10,22,30,39,40
3,11,23,28,29,39|6,7,12,14,16,38|8,10,21,30,31,40
3,15,23,25,29,31|6,7,12,14,16,38|8,10,22,30,39,40
3,20,21,23,29,31|6,7,12,14,16,38|8,10,11,13,15,30
3,20,22,23,29,39|6,7,12,14,16,38|8,10,11,13,15,30
3,21,22,23,28,29|6,7,12,14,16,38|8,10,11,13,15,30
1,6,16,30,31,33|3,11,22,23,29,39|7,8,12,14,21,32
1,11,15,16,30,33|3,6,20,23,29,39|7,8,12,14,21,32
1,3,6,23,26,39|2,8,10,21,31,33|7,12,16,22,25,38
1,3,14,21,23,26|2,8,10,22,33,39|7,12,15,25,31,38
1,3,15,16,23,26|2,8,10,21,31,33|7,11,12,28,38,39
2,8,10,21,31,33|3,16,17,23,25,28|7,12,20,22,38,39
2,8,10,22,33,39|3,16,17,23,25,28|7,12,20,21,31,38
3,16,17,23,25,28|7,8,12,21,26,31|10,20,22,30,33,39
3,17,20,21,23,25|7,8,12,22,26,39|10,16,28,30,31,33
3,17,20,23,28,39|7,8,12,21,26,31|10,16,22,25,30,33
1,2,3,8,22,31|6,10,11,14,33,38|17,20,23,25,28,40
1,3,6,20,25,30|2,7,11,12,14,28|8,10,22,31,32,33
1,3,11,22,25,30|2,6,7,12,20,31|8,10,14,28,32,33
1,3,11,28,30,31|2,7,12,14,20,22|6,8,10,25,32,33
1,3,14,20,28,30|2,6,7,11,12,25|8,10,22,31,32,33
1,3,20,22,30,31|2,6,7,11,12,25|8,10,14,28,32,33
1,6,8,11,27,38|2,7,12,14,20,22|10,23,28,31,32,40
1,6,8,26,31,33|2,7,11,12,14,28|10,22,23,25,32,40
1,6,11,25,33,38|2,7,12,14,20,22|10,23,28,31,32,40
1,6,20,23,27,32|2,7,11,12,14,28|8,10,22,31,38,40
1,6,20,31,33,38|2,7,11,12,14,28|10,22,23,25,32,40
1,6,23,25,26,40|2,7,11,12,14,28|8,10,15,20,32,33
1,8,11,15,26,33|2,6,7,12,20,31|10,22,23,25,32,40
1,8,14,22,26,33|2,6,7,11,12,25|10,23,28,31,32,40
1,8,25,28,32,33|2,6,7,12,20,31|3,10,11,14,22,30
1,8,25,28,38,40|2,6,7,12,20,31|3,10,11,14,22,30
1,11,14,28,33,38|2,6,7,12,20,31|10,22,23,25,32,40
1,11,22,31,33,38|2,3,6,8,10,14|17,20,23,25,28,40
1,14,20,22,33,38|2,6,7,11,12,25|10,23,28,31,32,40
1,14,23,26,28,40|2,6,7,11,12,25|8,10,15,20,32,33
1,3,11,25,28,30|2,7,12,20,22,31|6,8,10,14,26,33
1,3,20,22,25,30|2,7,11,12,28,31|6,8,10,14,26,33
1,3,20,28,30,31|2,7,11,12,22,25|6,8,10,14,26,33
1,6,8,25,26,33|2,7,11,12,28,31|3,10,14,20,22,30
1,8,14,26,28,33|2,6,7,12,20,25|3,10,11,22,30,31
1,8,22,26,31,33|2,6,7,12,20,25|3,10,11,14,28,30
1,8,22,31,32,33|2,6,7,11,12,14|20,23,25,28,29,40
1,22,23,25,32,40|2,6,7,11,12,14|8,20,28,29,31,33
1,23,28,31,32,40|2,6,7,11,12,14|8,20,22,25,29,33
1,3,6,11,25,30|8,10,14,22,32,33|17,20,23,28,31,40
1,3,11,14,28,30|6,8,10,31,32,33|17,20,22,23,25,40
1,6,23,26,31,40|2,7,11,12,14,22|8,20,25,28,29,33
1,14,22,23,26,40|2,6,7,11,12,31|8,20,25,28,29,33
1,3,6,23,26,31|2,8,10,14,28,33|7,11,12,22,25,38
1,3,11,15,23,26|2,6,8,10,25,33|7,12,14,20,28,38
1,3,14,22,23,26|2,6,8,10,25,33|7,11,12,28,31,38
1,2,8,22,25,33|3,6,10,23,31,32|7,11,12,14,28,38
1,3,22,23,25,32|2,6,8,10,31,33|7,11,12,14,28,38
1,3,23,28,31,32|2,8,10,11,15,33|7,12,14,20,22,38
1,8,11,27,28,30|2,6,10,23,25,40|7,12,14,20,22,38
1,8,20,22,27,30|2,6,10,23,25,40|7,11,12,14,28,38
1,11,25,28,30,33|2,10,15,20,23,40|6,7,8,12,26,31
1,20,22,25,30,33|2,10,14,23,28,40|6,7,8,12,26,31
1,20,28,30,31,33|2,6,10,23,25,40|7,8,11,12,15,26
1,3,6,23,25,32|7,11,12,14,22,38|8,10,28,30,31,40
1,3,14,23,28,32|6,7,11,12,31,38|8,10,22,25,30,40
1,6,20,25,30,33|2,10,11,15,23,40|7,8,12,28,31,32
1,14,20,28,30,33|2,6,10,23,31,40|7,8,12,22,25,32
1,20,22,30,31,33|2,10,11,15,23,40|6,7,8,12,14,26
1,6,11,25,30,33|3,14,20,23,28,29|7,8,12,22,31,32
1,11,14,28,30,33|3,6,20,23,25,29|7,8,12,22,31,32
1,11,15,20,30,33|2,6,10,14,23,40|7,8,12,22,31,32
1,11,22,30,31,33|2,6,10,14,23,40|7,8,12,15,20,32
1,2,3,6,23,25|7,12,20,28,30,31|8,10,11,15,33,38
1,2,3,14,23,28|6,8,10,31,33,38|7,12,20,22,25,30
1,2,3,15,20,23|6,8,10,31,33,38|7,11,12,25,28,30
1,8,22,25,33,38|2,3,6,10,14,23|7,12,20,28,30,31
1,8,28,31,33,38|2,3,6,10,14,23|7,12,20,22,25,30
1,2,11,18,23,28|3,6,8,10,32,33|7,12,20,22,38,40
1,2,18,20,22,23|3,6,8,10,32,33|7,11,12,28,38,40
1,3,8,28,32,33|2,6,10,11,18,23|7,12,20,22,38,40
1,3,8,28,38,40|2,6,10,11,18,23|7,12,20,22,32,33
1,3,6,8,26,33|2,10,11,18,22,23|7,12,20,28,38,40
1,3,6,20,33,38|2,10,11,18,22,23|7,8,12,26,28,40
1,3,11,22,33,38|2,6,10,18,20,23|7,8,12,26,28,40
1,7,13,17,28,35|2,9,15,19,27,38|3,18,21,26,29,34
2,9,15,19,27,38|3,18,21,26,29,34|6,7,10,13,17,35
1,9,17,18,21,30|2,15,19,27,29,34|6,7,13,26,35,40
2,13,17,19,22,34|7,10,21,29,35,40|9,15,18,27,30,32
2,7,15,27,35,40|3,9,19,21,26,30|13,17,18,22,34,38
2,9,15,19,27,30|3,7,13,22,32,35|17,18,21,34,38,40
1,6,9,17,21,33|2,3,13,25,29,32|8,10,12,19,35,39
1,8,9,13,17,31|6,10,19,21,32,34|14,16,18,26,29,38
1,9,14,16,17,33|2,3,13,25,29,32|8,10,12,19,35,39
1,9,16,25,29,33|2,3,13,14,17,32|8,10,12,19,35,39
1,9,21,28,29,33|2,3,13,14,17,32|8,10,12,19,35,39
1,11,18,32,34,39|2,3,6,9,13,22|16,19,26,29,31,38
1,12,13,31,33,35|2,3,9,11,39,40|6,10,19,21,32,34|14,16,18,26,29,38
1,13,17,29,31,38|2,3,9,11,39,40|6,10,19,21,32,34
1,16,18,31,32,34|2,3,6,9,13,22|8,10,12,19,35,39
1,18,21,22,32,34|2,3,9,11,13,14|8,10,12,19,35,39
1,19,20,32,34,39|2,3,6,9,13,22|14,16,18,26,29,38
1,19,21,28,32,34|2,3,6,9,13,22|14,16,18,26,29,38
2,3,6,9,13,22|8,10,12,19,35,39|11,16,17,18,31,34
2,3,9,11,39,40|6,10,19,21,32,34|14,16,18,26,29,38
2,3,9,21,22,40|6,15,17,18,25,34|8,10,12,19,35,39|11,13,27,29,32,38
2,3,13,14,17,32|6,8,9,18,21,26|15,27,28,29,34,40
2,3,13,25,29,32|6,8,9,18,21,26|11,17,19,20,34,39
6,9,15,18,25,38|8,10,12,19,35,39|13,17,20,31,34,40
6,9,15,27,32,33|8,10,12,19,35,39|11,13,17,25,34,40|14,16,18,26,29,38
6,9,15,27,38,40|8,10,12,19,35,39|11,16,17,18,31,34
6,9,16,18,28,38|8,10,12,19,35,39|11,13,17,25,34,40
6,9,18,20,21,38|8,10,12,19,35,39|11,13,17,25,34,40
6,9,21,26,33,40|8,10,12,19,35,39|11,13,27,29,32,38|14,15,17,18,28,34
6,18,21,26,29,38|8,9,11,13,27,32|14,17,19,25,31,34
8,9,11,13,27,32|14,15,17,18,28,34|16,19,26,29,31,38
8,10,12,19,35,39|9,11,13,25,32,33|14,15,17,18,28,34
9,11,13,25,32,33|14,15,17,18,28,34|16,19,26,29,31,38
9,14,16,26,33,40|11,13,27,29,32,38|15,17,18,22,31,34
1,8,12,18,35,39|2,3,6,9,21,40|11,16,17,19,31,34|13,14,26,29,32,33
1,12,13,14,33,35|2,3,6,9,21,40|8,18,26,29,32,39|11,16,17,19,31,34
1,12,33,35,39,40|2,3,13,29,31,32|6,8,9,19,21,26|11,14,16,17,18,34
2,3,6,9,21,40|8,18,26,29,32,39|11,16,17,19,31,34
2,3,13,29,31,32|6,8,9,19,21,26|11,14,16,17,18,34
6,8,9,19,21,26|11,13,17,31,34,40|16,18,25,29,32,38
6,9,13,28,38,40|8,18,26,29,32,39|11,16,17,19,31,34
6,9,15,19,25,38|8,18,26,29,32,39|11,13,17,31,34,40
6,9,16,19,28,38|8,18,26,29,32,39|11,13,17,31,34,40
6,9,19,20,21,38|8,18,26,29,32,39|11,13,17,31,34,40
6,13,17,28,34,40|8,9,14,16,19,26|18,20,29,32,38,39
6,19,21,26,29,38|8,9,16,18,25,32|11,13,17,31,34,40
8,9,13,14,26,40|11,16,17,19,31,34|18,20,29,32,38,39
8,9,14,16,19,26|11,13,17,31,34,40|18,20,29,32,38,39
8,9,18,20,32,39|11,13,17,31,34,40|14,16,19,26,29,38
8,9,18,21,28,32|11,13,17,31,34,40|14,16,19,26,29,38
8,18,26,29,32,39|9,11,13,31,38,40|14,15,17,19,28,34
9,15,19,22,31,38|11,14,16,17,18,34|26,29,32,33,39,40
1,10,13,25,29,34|2,3,9,11,16,27|17,18,21,22,26,38
1,18,21,22,26,34|2,3,9,11,16,27|10,12,13,25,33,35
1,18,26,32,38,39|2,3,9,11,16,27|10,12,13,25,33,35
