1,3,9,16,17,30|2,7,11,13,20,35|18,25,29,31,34,38
1,16,18,32,34,38|2,7,11,13,20,35|9,17,23,27,29,31
2,7,11,13,20,35|3,9,10,16,29,30|14,17,18,31,34,38
2,7,25,31,35,40|3,9,10,16,29,30|13,17,20,32,33,34
2,9,18,25,30,31|3,7,15,28,32,35|8,10,13,17,29,34
2,9,27,30,31,40|3,7,14,25,32,35|8,10,13,17,29,34
2,10,13,17,29,30|3,7,14,25,32,35|8,9,16,19,26,38
2,16,17,19,26,30|3,7,14,25,32,35|8,9,10,13,29,38
2,7,16,17,26,29|3,10,13,20,30,35|9,12,14,27,33,34
2,6,7,22,27,35|3,9,11,13,26,30|10,16,17,29,33,34
2,7,11,14,27,35|3,13,17,26,30,32|9,10,16,29,33,38
2,9,25,27,30,40|3,6,7,15,26,35|10,16,17,29,33,34
2,16,17,18,26,30|3,7,25,31,32,35|6,9,22,27,33,34
1,2,13,17,29,30|3,6,7,15,32,35|8,9,11,16,18,34
1,3,9,16,29,30|2,7,14,31,35,40|6,15,17,19,34,38
2,7,14,31,35,40|3,9,11,13,30,32|6,15,17,19,34,38
2,7,15,22,35,40|3,9,11,13,30,32|8,16,19,26,29,34
2,9,11,16,18,30|3,6,7,15,32,35|8,13,26,29,34,40
2,9,13,20,30,40|3,6,7,15,32,35|8,16,19,26,29,34
2,9,14,18,30,31|3,6,7,15,32,35|8,13,26,29,34,40
2,9,14,19,25,30|3,6,7,15,32,35|8,13,26,29,34,40
2,9,15,18,22,30|8,12,13,17,33,35|14,19,25,29,34,38
2,9,15,19,28,30|8,12,13,17,33,35|11,16,18,29,34,38
2,9,16,19,20,30|3,6,7,15,32,35|8,13,26,29,34,40
2,13,26,29,30,40|3,6,7,15,32,35|8,9,11,16,18,34
2,16,19,26,29,30|3,6,7,15,32,35|8,9,13,20,34,40
1,3,12,13,30,35|6,15,17,18,34,38|9,16,19,23,26,32
1,9,13,17,23,32|2,7,14,25,35,40|8,16,18,26,29,34
2,7,14,25,35,40|3,9,13,20,30,32|6,15,17,18,34,38
2,7,15,28,35,40|3,9,13,20,30,32|8,16,18,26,29,34
2,7,16,20,35,40|3,13,26,29,30,32|6,15,17,18,34,38
2,9,14,18,25,30|3,7,11,16,32,35|15,17,19,22,34,38
2,9,14,27,30,40|3,7,11,16,32,35|6,15,17,18,34,38
2,9,15,18,28,30|3,7,11,16,32,35|14,17,19,31,34,38
2,9,16,18,20,30|3,7,14,31,32,35|11,13,17,34,38,40
2,9,19,25,30,31|3,7,11,16,32,35|6,15,17,18,34,38
2,16,18,26,29,30|3,7,14,31,32,35|9,15,28,33,34,40
2,7,9,14,25,29|3,10,16,30,35,40|12,13,17,32,33,34
2,7,9,15,28,29|3,10,16,30,35,40|12,13,17,32,33,34
2,9,11,13,30,40|6,15,18,29,34,38|12,16,17,19,23,35
2,9,11,16,19,30|6,15,18,29,34,38|12,13,17,23,35,40
2,9,14,19,30,31|6,15,18,29,34,38|12,13,17,23,35,40
1,2,3,6,11,15|8,10,14,25,32,40|20,22,28,29,31,33
1,2,3,6,14,22|8,10,15,28,32,40|11,20,25,29,31,33
1,2,3,11,14,31|6,8,10,15,26,40|20,22,25,28,29,33
1,2,20,27,33,40|3,6,10,18,22,38|7,11,12,19,25,26
1,3,11,27,38,40|2,6,10,18,28,33|7,12,19,20,26,31
1,2,8,19,20,27|3,10,31,32,33,40|6,7,12,18,22,26
1,2,11,18,25,33|3,6,10,19,22,38|7,12,20,27,32,40
1,2,11,27,33,40|3,6,10,19,22,38|7,12,18,20,25,32
1,3,6,18,28,38|2,10,11,19,31,33|7,12,20,27,32,40
1,3,8,14,18,26|2,6,10,19,28,33|7,12,20,27,32,40
1,3,8,19,26,31|2,6,10,18,22,33|7,12,20,27,32,40
1,3,11,18,31,38|2,6,10,19,28,33|7,12,20,27,32,40
1,3,11,19,25,38|2,6,10,18,22,33|7,12,20,27,32,40
2,6,10,18,22,33|3,8,17,20,27,40|7,11,12,19,26,31
2,8,10,18,25,40|3,11,20,27,29,33|6,7,12,19,26,28
2,10,11,14,18,33|3,8,17,20,27,40|6,7,12,19,26,28
1,2,6,19,28,33|3,8,11,17,18,31|7,10,12,14,29,40
1,2,11,19,31,33|3,6,8,17,18,28|7,10,12,14,29,40
3,6,8,17,22,25|7,11,12,15,28,32|10,14,20,30,31,40
3,6,8,17,28,31|7,11,12,14,25,32|10,15,20,22,30,40
3,8,11,14,17,25|6,7,12,28,31,32|10,15,20,22,30,40
3,8,11,15,17,28|6,7,12,22,25,32|10,14,20,30,31,40
3,8,14,17,20,31|6,7,12,22,25,32|10,11,15,28,30,40
3,8,15,17,20,22|6,7,12,28,31,32|10,11,14,25,30,40
1,2,6,25,28,33|3,8,10,16,20,32|7,11,12,14,26,31
1,2,8,14,20,27|3,6,10,11,15,38|7,12,22,25,28,32
1,3,8,11,16,26|2,6,10,14,28,33|7,12,20,25,31,32
1,3,8,14,26,31|2,6,10,15,20,33|7,12,22,25,28,32
1,3,8,15,22,26|2,6,10,14,28,33|7,12,20,25,31,32
1,6,20,27,28,30|2,8,10,25,31,40|7,11,12,15,22,26
2,6,10,14,28,33|3,8,17,20,25,31|7,11,12,15,22,26
2,6,10,15,20,33|3,8,17,22,25,28|7,11,12,14,26,31
2,10,11,14,31,33|3,8,17,22,25,28|6,7,12,15,20,26
2,10,11,15,22,33|3,8,17,20,25,31|6,7,12,14,26,28
1,2,6,8,22,27|7,11,12,25,31,32|10,15,20,28,30,40
1,3,6,14,28,38|2,8,10,16,20,40|7,11,12,25,31,32
1,3,6,15,20,38|2,8,10,14,25,40|7,12,22,28,31,32
1,3,6,22,31,38|2,8,10,14,25,40|7,12,15,20,28,32
2,6,10,11,15,33|3,8,14,17,20,25|7,12,22,28,31,32
2,6,10,14,22,33|3,8,11,17,25,31|7,12,15,20,28,32
3,8,11,17,25,31|6,7,12,14,22,26|10,15,20,28,30,40
3,8,14,17,20,25|6,7,11,12,15,26|10,22,28,30,31,40
3,8,15,17,20,28|6,7,12,14,22,26|10,11,25,30,31,40
3,8,17,22,28,31|6,7,11,12,15,26|10,14,20,25,30,40
1,2,8,11,25,27|3,6,10,14,28,38|7,12,15,20,22,26
1,2,8,22,27,28|3,6,10,15,20,38|7,11,12,14,25,26
1,3,6,25,28,38|2,8,10,11,14,27|7,12,15,20,22,26
1,3,14,20,25,38|2,6,8,10,22,27|7,11,12,15,26,28
1,3,15,20,28,38|2,6,8,10,22,27|7,11,12,14,25,26
1,6,7,21,35,38|2,8,9,17,33,39|10,13,29,30,31,34
1,7,14,16,35,38|2,8,9,17,33,39|6,18,21,26,30,34
2,6,18,21,34,38|3,9,17,23,32,39|12,16,27,30,33,35
2,9,13,17,23,31|3,32,34,38,39,40|12,16,27,30,33,35
2,9,16,23,27,29|3,13,14,32,34,38|7,8,17,20,35,39
2,13,31,34,38,40|3,9,17,23,32,39|12,16,27,30,33,35
2,19,21,22,34,38|3,9,17,23,32,39|12,16,27,30,33,35
1,7,8,32,35,39|2,6,19,21,34,38|9,16,17,30,31,33
1,9,30,32,33,39|2,6,19,21,34,38|7,8,16,17,31,35
1,9,30,38,39,40|2,13,14,32,33,34|7,8,16,17,31,35
2,9,13,23,25,29|6,19,21,26,30,34|7,8,11,17,35,39
2,9,13,23,29,31|6,7,8,17,21,35|11,18,30,32,34,39
1,7,8,26,35,39|2,9,16,17,23,27|3,13,25,32,34,38
1,7,20,35,38,39|2,9,16,17,23,27|18,21,26,28,30,34
1,7,16,31,35,38|2,8,13,27,32,34|3,9,23,26,29,39
1,7,21,22,35,38|2,8,13,27,32,34|3,9,23,26,29,39
2,9,13,17,23,25|3,12,33,35,38,39|16,18,26,30,31,34
2,12,13,23,27,35|3,8,9,17,38,39|16,18,26,30,31,34
1,13,15,26,29,34|2,3,6,9,17,39|12,18,21,25,35,38
1,21,27,29,32,34|2,3,6,9,17,39|12,13,15,26,33,35
2,3,9,14,17,21|6,12,13,27,35,38|15,16,18,26,32,34
2,3,9,15,16,17|6,12,13,27,35,38|14,18,21,26,32,34
2,3,9,21,25,29|6,12,13,27,35,38|15,16,18,26,32,34
2,3,9,28,29,39|6,12,13,27,35,38|14,18,21,26,32,34
6,9,10,34,39,40|12,13,15,26,33,35|17,21,27,29,32,38
2,3,9,17,21,31|12,13,22,27,35,38|19,26,28,32,34,39
1,13,15,17,32,34|2,3,9,21,29,31|12,18,22,35,38,39
2,3,9,22,29,39|12,18,21,31,35,38|13,15,26,32,34,40
2,3,12,13,15,35|6,9,16,27,29,38|14,19,21,26,32,34
1,2,3,8,14,25|6,10,11,15,33,38|20,22,23,27,28,29
1,2,3,8,15,28|6,10,14,22,33,38|11,20,23,25,27,29
1,3,11,25,30,31|2,7,12,14,22,28|6,10,15,23,26,40
1,3,22,28,30,31|2,7,11,12,14,25|6,10,15,23,26,40
1,6,23,27,28,32|2,7,11,12,14,25|8,10,16,20,38,40
1,8,14,26,31,33|2,6,7,12,22,25|10,11,13,20,23,32
1,8,15,22,26,33|2,6,7,12,28,31|10,11,13,20,23,32
1,11,14,25,33,38|2,3,6,8,10,15|20,22,23,27,28,29
1,14,22,28,33,38|2,3,6,8,10,15|11,20,23,25,27,29
1,15,23,26,28,40|2,6,7,12,22,25|3,10,11,14,30,31
1,3,20,25,30,31|6,8,10,15,26,33|11,17,22,23,27,28
1,3,22,25,28,30|6,8,10,15,26,33|11,17,20,23,27,31
1,6,8,27,28,38|2,7,11,12,25,31|3,10,15,20,22,30
1,8,11,27,31,38|2,6,7,12,25,28|3,10,15,20,22,30
1,8,14,20,27,38|2,6,7,12,25,28|10,11,16,23,26,40
1,8,14,25,26,33|2,7,12,15,20,28|6,10,22,23,27,32
1,8,15,26,28,33|2,7,11,12,25,31|6,10,22,23,27,32
1,8,16,20,26,33|2,6,7,12,25,28|10,11,14,23,27,32
1,11,25,31,33,38|2,3,8,10,15,22|6,17,20,23,27,28
1,3,6,14,28,30|8,11,16,17,20,33|10,15,22,23,32,40
1,8,14,25,32,33|2,6,7,11,12,15|17,22,23,28,31,40
1,8,15,28,32,33|2,6,7,12,14,22|11,17,23,25,31,40
1,8,16,20,32,33|2,6,7,11,12,15|17,22,23,28,31,40
1,23,25,31,32,40|2,6,7,11,12,15|8,14,17,22,28,33
1,3,6,22,25,30|2,7,11,12,14,31|8,15,17,20,28,33
1,3,6,28,30,31|2,7,11,12,15,22|8,14,17,20,25,33
1,3,11,14,25,30|2,6,7,12,15,20|8,17,22,28,31,33
1,3,11,15,28,30|2,6,7,12,22,31|8,14,17,20,25,33
1,3,11,16,20,30|2,6,7,12,14,28|8,10,15,22,32,33
1,3,14,20,30,31|2,7,11,12,15,22|6,8,17,25,28,33
1,3,14,22,28,30|2,6,7,12,15,20|8,10,11,16,32,33
1,3,15,20,22,30|2,6,7,12,14,28|8,10,11,16,32,33
1,6,8,15,26,33|2,7,11,12,14,31|10,16,20,23,32,40
1,6,14,28,33,38|2,7,11,12,15,22|10,16,20,23,32,40
1,6,15,20,33,38|2,7,11,12,14,31|17,22,23,25,28,40
1,6,22,23,27,32|2,7,11,12,14,31|8,15,17,20,28,33
1,10,15,22,23,29|2,6,7,12,14,28|8,11,17,25,31,33
1,11,14,23,27,32|2,6,7,12,15,20|8,17,22,28,31,33
1,11,14,31,33,38|2,6,7,12,15,20|17,22,23,25,28,40
1,11,15,22,33,38|2,6,7,12,14,28|10,16,20,23,32,40
1,11,16,23,26,40|2,6,7,12,14,28|8,10,15,22,32,33
1,14,23,26,31,40|2,6,7,12,15,20|8,10,11,16,32,33
1,15,22,23,26,40|2,6,7,12,14,28|8,10,11,16,32,33
2,6,7,12,14,28|8,10,11,16,32,33|17,20,23,25,31,40
2,6,7,12,15,20|8,10,11,16,32,33|17,22,23,25,28,40
2,7,11,12,14,31|6,8,17,25,28,33|10,16,20,23,32,40
2,7,11,12,15,22|6,8,17,25,28,33|10,16,20,23,32,40
2,7,8,10,35,39|3,13,26,30,31,34|9,16,17,23,27,38
2,3,9,17,23,39|7,10,16,30,31,35|8,13,27,32,34,38
2,3,32,33,34,39|7,10,16,30,31,35|9,13,17,23,25,38
1,2,7,8,35,39|3,13,25,30,32,34|9,16,23,27,29,38
1,7,16,30,31,35|2,3,9,23,29,39|13,14,32,33,34,38
1,7,21,22,30,35|2,3,9,23,29,39|13,14,32,33,34,38
1,9,13,23,29,38|2,6,7,15,33,35|3,16,17,30,34,40
1,13,17,23,29,34|2,6,7,15,33,35|3,9,16,30,38,40
2,3,8,13,29,34|7,25,30,31,35,40|9,16,18,23,32,38
2,13,17,30,38,40|3,7,8,16,32,35|9,14,18,23,31,34
2,3,9,13,23,32|6,7,22,27,30,35|8,16,17,18,34,38
2,7,11,16,33,35|3,13,17,30,32,38|9,14,18,23,25,34
2,7,14,31,33,35|3,9,11,13,30,38|16,18,23,26,29,34
2,7,15,22,33,35|3,9,11,13,30,38|16,18,23,26,29,34
2,9,13,20,30,33|3,6,7,15,35,38|16,18,23,26,29,34
2,13,26,29,30,33|3,6,7,15,35,38|9,14,18,23,25,34
2,7,25,31,33,35|3,9,14,27,30,38|16,17,18,23,26,34
2,3,8,9,13,38|6,7,27,28,30,35|16,17,19,23,26,34
2,3,8,13,17,34|6,7,27,28,30,35|9,16,19,23,26,38
2,7,8,14,27,35|3,9,13,20,30,38|16,17,19,23,26,34
2,9,14,27,30,33|3,7,11,16,35,38|10,13,17,23,29,34
2,10,16,19,30,34|3,7,14,31,35,38|9,13,23,26,32,33
1,2,19,20,23,27|3,8,10,14,18,38|7,12,26,31,33,40
1,3,14,18,23,26|2,8,10,19,25,33|7,11,12,27,38,40
2,8,10,19,25,33|3,17,20,23,27,40|7,12,18,22,28,38
1,2,8,27,33,40|3,10,14,18,23,32|7,11,12,19,25,38
1,3,23,27,32,40|2,8,10,14,18,33|7,11,12,19,25,38
2,8,10,14,18,33|3,11,17,23,27,40|7,12,19,20,31,38
2,10,18,23,31,40|3,8,20,27,29,33|7,11,12,19,25,38
2,10,19,23,25,40|3,8,20,27,29,33|6,7,12,18,28,38
3,11,17,23,27,40|6,7,12,18,28,38|10,19,20,30,31,33
1,2,18,23,25,40|3,8,11,27,29,33|6,7,12,19,28,38
1,11,27,30,33,40|3,6,17,18,23,28|7,8,12,14,19,26
2,10,14,18,23,40|3,8,11,27,29,33|6,7,12,19,28,38
2,10,19,23,31,40|3,8,11,27,29,33|6,7,12,18,22,38
3,20,23,27,29,40|6,7,12,18,22,38|10,11,19,30,31,33
1,7,12,14,29,33|3,6,17,18,22,23|8,10,19,25,30,40
1,8,11,19,27,30|3,6,17,18,22,23|7,12,31,32,33,40
2,14,16,19,32,34|6,7,15,25,29,35|9,11,17,30,39,40
1,3,29,32,34,39|2,6,9,17,21,33|11,12,13,27,30,35
2,11,18,32,34,39|3,9,16,29,31,38|6,7,15,17,25,35
2,13,25,32,34,40|3,9,11,29,38,39|6,7,16,17,28,35
2,16,18,31,32,34|3,9,11,29,38,39|6,7,15,17,25,35
2,16,19,25,32,34|3,9,11,29,38,39|6,7,17,20,21,35
2,18,21,22,32,34|3,9,11,29,38,39|6,7,15,17,25,35
2,19,20,32,34,39|3,9,16,29,31,38|6,7,15,17,25,35
2,19,21,28,32,34|3,9,11,29,38,39|6,7,15,17,25,35
1,9,13,30,31,32|2,8,12,18,35,39|3,6,17,21,29,34
2,11,19,32,34,39|3,6,9,21,29,38|7,14,15,17,22,35
2,13,31,32,34,40|3,6,9,21,29,38|7,11,14,16,17,35
2,16,19,31,32,34|3,6,9,21,29,38|7,14,15,17,22,35
2,19,21,22,32,34|3,9,14,16,29,38|6,7,15,17,31,35
1,2,9,13,31,38|3,10,29,32,34,39|7,15,17,25,28,35
1,2,16,27,29,34|3,9,11,17,38,39|7,10,21,22,32,35
1,3,9,16,31,34|2,17,26,29,33,39|7,10,21,22,32,35
1,3,9,32,38,39|2,6,18,21,26,34|7,15,17,25,28,35
1,6,7,21,26,35|2,8,9,16,17,27|3,10,29,32,34,39
1,9,13,26,30,31|2,12,16,27,33,35|3,10,29,32,34,39
2,6,18,21,26,34|3,9,11,17,38,39|7,10,16,31,32,35
2,11,19,26,34,39|3,9,16,17,31,38|7,10,21,22,32,35
2,13,26,31,34,40|3,9,11,17,38,39|7,10,21,22,32,35
2,14,16,18,26,34|3,9,11,17,38,39|7,10,21,22,32,35
2,16,19,26,31,34|3,9,11,17,38,39|7,10,21,22,32,35
2,19,21,22,26,34|3,9,11,17,38,39|7,10,16,31,32,35
1,2,9,13,14,38|3,16,17,25,29,34|6,7,10,21,32,35
1,2,9,38,39,40|3,16,17,25,29,34|6,7,10,21,32,35
1,2,13,14,17,34|3,8,9,26,29,39|6,7,10,21,32,35
1,2,13,25,29,34|3,6,9,17,21,38|7,10,14,16,32,35
1,2,17,34,39,40|3,9,16,25,29,38|6,7,10,21,32,35
1,7,16,25,32,35|2,6,19,21,26,34|3,9,20,29,38,39
1,7,20,32,35,39|2,6,19,21,26,34|3,9,14,16,17,38
1,9,10,29,30,39|2,6,19,21,26,34|3,12,13,31,35,38
1,9,13,14,26,30|2,10,29,34,39,40|7,11,16,17,25,35
1,9,16,27,30,32|2,6,19,21,26,34|3,12,13,31,35,38
1,9,26,30,39,40|2,8,12,13,27,35|3,16,17,25,29,34
2,6,19,21,26,34|3,9,14,16,17,38|12,13,20,27,30,35
2,10,29,34,39,40|3,6,9,17,21,38|12,13,20,27,30,35
2,14,16,19,26,34|3,6,9,17,21,38|12,13,20,27,30,35
2,16,18,25,32,34|3,6,9,17,21,38|12,13,20,27,30,35
2,18,21,28,32,34|3,8,9,26,29,39|7,11,16,17,25,35
1,2,13,17,25,34|3,12,16,27,35,38|9,10,26,30,39,40
1,9,13,25,26,30|2,10,17,34,39,40|3,12,16,27,35,38
2,11,18,26,34,39|3,9,16,17,25,38|7,10,21,28,32,35
2,13,25,26,34,40|3,9,17,20,38,39|7,10,21,28,32,35
2,16,18,26,31,34|3,9,17,20,38,39|7,10,21,28,32,35
2,16,19,25,26,34|3,9,17,20,38,39|7,10,21,28,32,35
2,18,21,22,26,34|3,9,16,17,25,38|7,10,20,32,35,39
2,19,20,26,34,39|3,9,16,17,25,38|7,10,21,28,32,35
2,19,21,26,28,34|3,9,16,17,25,38|7,10,20,32,35,39
1,2,8,15,28,33|3,6,17,22,23,25|7,11,12,14,31,38
1,2,8,16,20,33|3,6,10,15,23,32|7,11,12,14,31,38
1,3,15,23,28,32|6,7,12,22,31,38|8,10,11,13,20,30
1,3,16,20,23,32|2,6,8,10,15,33|7,11,12,14,31,38
1,8,11,27,30,31|2,10,15,22,23,40|6,7,12,14,28,38
1,8,14,20,27,30|2,10,11,16,23,40|6,7,12,22,31,38
1,11,25,30,31,33|2,10,15,22,23,40|6,7,12,14,28,38
1,14,20,25,30,33|2,10,11,16,23,40|6,7,8,12,15,26
1,15,20,28,30,33|2,10,11,16,23,40|6,7,12,22,31,38
1,22,28,30,31,33|2,10,11,16,23,40|6,7,8,12,15,26
3,15,17,20,22,23|6,7,12,14,28,38|8,10,25,30,31,40
3,22,23,25,28,29|6,7,8,12,15,26|10,11,14,30,31,33
1,3,11,16,23,32|6,7,12,14,22,38|8,10,15,28,30,40
1,3,14,23,31,32|6,7,11,12,15,38|8,10,16,20,30,40
1,6,22,25,30,33|3,11,14,17,23,31|7,8,12,15,28,32
1,6,28,30,31,33|3,11,15,17,22,23|7,8,12,14,25,32
1,11,14,25,30,33|2,6,10,15,23,40|7,8,12,16,20,32
1,11,15,28,30,33|3,6,17,22,23,31|7,8,12,14,25,32
1,11,16,20,30,33|2,6,10,15,23,40|7,8,12,14,25,32
1,14,22,28,30,33|2,6,10,15,23,40|7,8,12,16,20,32
3,11,23,25,29,31|6,7,12,14,22,38|8,10,15,28,30,40
3,22,23,28,29,31|6,7,11,12,15,38|8,10,14,25,30,40
1,6,14,28,30,33|3,11,16,20,23,29|7,8,12,15,22,32
1,3,11,16,23,26|2,8,10,14,25,33|7,12,15,20,28,38
1,2,6,22,23,27|7,8,11,12,16,26|10,14,20,30,31,33
1,2,8,25,31,33|3,10,11,16,23,32|7,12,14,22,28,38
1,3,6,15,23,26|2,8,10,11,16,33|7,12,14,20,31,38
1,3,23,25,31,32|2,8,10,11,16,33|7,12,14,22,28,38
1,8,11,25,27,30|2,10,15,23,28,40|7,12,14,20,31,38
1,8,20,27,30,31|2,10,14,23,25,40|7,11,12,15,28,38
1,8,22,27,28,30|2,10,14,23,25,40|7,11,12,16,20,38
1,20,25,30,31,33|2,10,15,23,28,40|7,8,11,12,16,26
1,22,25,28,30,33|2,10,16,20,23,40|7,8,12,14,26,31
2,8,10,11,16,33|3,6,17,23,25,28|7,12,14,20,31,38
2,8,10,14,31,33|3,6,17,23,25,28|7,11,12,16,20,38
2,8,10,15,22,33|3,6,17,23,25,28|7,11,12,16,20,38
3,6,17,23,25,28|7,8,11,12,16,26|10,14,20,30,31,33
3,15,17,20,23,28|6,7,12,22,25,38|8,10,11,14,27,30
1,3,6,18,22,30|2,7,11,12,14,19|8,20,27,29,33,40
1,3,11,14,18,30|2,6,7,12,19,22|8,20,27,29,33,40
3,7,12,14,32,40|6,8,17,18,28,33|11,19,20,23,27,29
1,3,7,12,14,29|8,10,19,31,32,33|17,18,20,23,25,40
1,3,14,18,20,30|2,6,7,12,19,28|8,11,17,27,33,40
1,3,19,20,30,31|2,6,7,12,18,22|8,11,17,27,33,40
1,8,27,32,33,40|2,6,7,12,18,22|3,10,11,14,19,30
1,10,14,18,23,29|2,6,7,12,19,28|8,11,17,27,33,40
1,10,19,23,29,31|2,6,7,12,18,22|8,11,17,27,33,40
1,3,11,27,30,40|2,6,7,12,18,28|8,10,19,25,32,33
1,3,18,22,28,30|2,7,11,12,19,25|8,17,20,27,33,40
1,10,18,23,29,31|2,7,11,12,19,25|8,17,20,27,33,40
1,10,19,23,25,29|2,6,7,12,18,28|8,17,20,27,33,40
2,6,7,12,18,28|3,10,11,19,30,31|8,17,20,27,33,40
2,7,11,12,18,31|3,6,10,19,28,30|8,17,20,27,33,40
2,7,11,12,19,25|3,6,10,18,22,30|8,17,20,27,33,40
2,7,12,19,22,28|3,10,11,14,18,30|8,17,20,27,33,40
1,3,18,20,25,30|2,7,11,12,27,40|6,10,19,28,33,38
1,3,20,27,30,40|2,7,11,12,18,25|6,10,19,28,33,38
1,8,18,26,31,33|2,7,11,12,27,40|3,10,19,22,28,30
1,8,19,25,26,33|2,7,11,12,27,40|3,6,10,18,28,30
1,18,20,31,33,38|2,7,11,12,27,40|3,10,19,22,28,30
1,3,9,26,30,39|2,7,10,16,31,35|13,20,27,32,34,38
1,2,7,11,35,39|3,9,16,17,25,30|6,19,21,26,34,38
1,2,7,16,31,35|3,9,17,20,30,39|6,19,21,26,34,38
1,2,7,21,22,35|3,9,16,17,25,30|8,18,26,32,34,39
2,3,12,33,35,39|6,19,21,26,34,38|9,16,17,23,27,32
3,9,17,21,28,30|8,12,13,27,35,38|10,29,32,33,34,39
3,12,16,27,30,35|6,19,21,26,34,38|9,10,17,23,29,39
1,3,10,30,35,39|2,6,7,9,21,26|12,13,27,32,34,38
1,2,7,16,25,35|3,9,10,30,32,39|6,18,21,26,34,38
1,2,7,21,28,35|3,9,10,30,32,39|13,26,31,34,38,40
1,8,9,16,27,34|2,6,7,10,21,35|17,26,29,33,38,39
1,13,17,31,34,38|2,6,7,10,21,35|9,16,23,26,27,29
1,16,27,29,34,38|2,6,7,10,21,35|8,9,17,26,33,39
1,26,29,33,34,39|2,6,7,10,21,35|8,9,16,17,27,38
2,6,7,10,21,35|8,9,16,17,27,38|13,26,31,32,33,34
1,9,17,23,29,39|3,12,13,30,31,35|6,18,21,32,34,38
3,12,13,30,31,35|6,18,21,32,34,38|9,23,26,29,39,40
2,6,7,9,21,32|3,11,13,25,30,35|12,17,29,33,34,39
2,7,9,14,16,32|3,6,15,27,30,35|12,17,29,33,34,39
1,2,6,7,21,35|3,9,11,17,30,39|13,25,32,34,38,40
1,2,7,14,16,35|3,9,11,17,30,39|13,25,32,34,38,40
1,2,9,13,30,31|8,16,17,27,29,34|12,19,23,26,35,39
1,3,9,30,32,39|8,16,17,27,29,34|12,13,31,33,35,38
1,6,9,21,33,34|2,16,17,27,29,30|12,19,23,26,35,39
1,8,9,13,31,34|2,16,17,27,29,30|12,19,23,26,35,39
2,3,13,14,32,34|6,9,17,21,33,38|12,19,23,26,35,39
2,16,17,27,29,30|8,19,26,32,34,39|12,13,31,33,35,38
3,9,17,21,22,30|8,19,26,32,34,39|12,13,31,33,35,38
3,12,13,25,30,35|6,9,17,21,33,38|8,19,26,32,34,39
1,2,3,15,23,28|7,12,20,25,30,31|8,10,11,16,33,38
1,2,3,16,20,23|7,12,22,25,28,30|8,10,14,31,33,38
1,13,15,27,29,30|2,16,18,21,32,33|3,6,19,31,34,39
2,13,14,15,18,38|3,6,19,31,34,39|7,9,12,16,21,40
2,13,15,19,31,38|3,6,14,18,34,39|7,9,12,16,21,40
2,16,18,21,32,33|3,6,19,31,34,39|7,9,12,13,14,15
2,16,18,21,38,40|3,6,19,31,34,39|7,9,12,13,14,15
3,6,14,18,34,39|7,9,12,16,21,40|13,15,19,26,30,31
3,6,19,31,34,39|7,9,12,13,14,15|10,16,18,21,29,30
3,11,15,19,34,39|6,7,9,12,13,16|14,18,21,27,30,32
3,11,16,19,21,34|6,18,27,30,32,39|7,9,12,13,14,15
3,14,19,21,31,34|6,7,9,12,13,16|10,15,18,29,30,39
3,15,17,29,33,39|6,7,9,12,13,16|14,18,21,27,30,32
3,16,17,21,29,33|6,18,27,30,32,39|7,9,12,13,14,15
3,11,15,18,34,39|7,9,12,13,16,22|19,21,25,27,30,32
3,11,16,18,21,34|7,9,12,13,15,31|19,27,28,30,32,39
3,14,18,21,31,34|7,9,12,13,16,22|10,15,17,19,30,39
3,14,19,21,25,34|7,9,12,13,15,31|18,22,27,30,32,39
3,15,16,18,31,34|7,9,11,12,13,21|19,27,28,30,32,39
3,15,16,19,25,34|7,9,11,12,13,21|18,22,27,30,32,39
3,16,19,20,21,34|7,9,12,13,15,31|18,22,27,30,32,39
1,2,13,17,21,33|3,6,18,25,34,39|15,16,19,26,27,30
1,3,9,16,21,33|2,6,19,27,38,39|13,15,18,25,26,30
1,13,15,17,27,30|2,16,19,21,26,33|3,6,18,25,34,39
2,6,19,27,38,39|3,14,18,21,25,34|7,9,12,13,16,28
2,10,13,21,29,33|3,6,18,25,34,39|15,16,19,26,27,30
2,14,19,21,27,38|3,6,18,25,34,39|7,9,12,13,16,28
2,15,16,19,27,38|3,6,18,25,34,39|7,9,12,13,20,21
2,15,19,26,33,39|3,6,13,14,27,34|10,16,17,18,21,30
2,16,19,21,26,33|3,6,13,14,27,34|10,15,17,18,30,39
3,6,18,25,34,39|7,9,12,13,16,28|14,19,21,26,27,30
3,6,27,34,39,40|7,9,12,13,15,25|10,16,17,18,21,30
3,14,18,21,25,34|6,19,26,27,30,39|7,9,12,13,16,28
3,15,16,18,25,34|6,19,26,27,30,39|7,9,12,13,20,21
3,15,18,20,34,39|7,9,12,13,16,28|14,19,21,26,27,30
3,16,18,20,21,34|6,19,26,27,30,39|7,9,12,13,15,25
3,18,22,31,34,39|7,9,12,13,15,25|14,19,21,26,27,30
3,19,21,25,31,34|7,9,12,13,16,28|10,15,17,18,30,39
3,19,28,31,34,39|7,9,12,13,15,25|10,16,17,18,21,30
1,9,16,18,21,23|2,6,19,27,30,39|13,15,25,33,34,40
2,19,22,27,30,39|9,10,13,21,23,40|15,16,18,25,33,34
3,13,15,27,30,32|6,18,25,33,34,39|9,10,16,19,21,23
1,9,13,15,23,27|2,3,16,18,21,38|19,25,28,33,34,39
1,10,14,21,30,38|2,6,13,23,25,26|3,8,20,28,34,39
1,10,15,16,30,38|2,6,13,23,25,26|3,8,20,28,34,39
2,13,22,23,26,31|3,8,16,25,28,34|11,20,21,27,30,38
1,2,6,17,23,39|3,8,11,21,31,34|13,14,20,28,30,38
1,2,14,17,21,23|3,6,8,16,25,34|11,13,28,30,31,38
1,2,15,16,17,23|3,6,8,20,34,39|11,13,22,25,30,38
1,2,21,23,25,29|3,6,8,20,34,39|11,13,28,30,31,38
1,2,23,28,29,39|3,6,8,16,25,34|11,14,15,27,30,38
2,6,10,23,29,39|3,8,11,21,31,34|13,14,20,28,30,38
2,6,13,14,23,26|3,8,11,21,31,34|16,25,28,30,32,33
2,6,16,23,27,32|3,8,11,21,31,34|13,14,20,28,30,38
2,6,23,26,39,40|3,8,11,21,31,34|13,14,20,28,30,38
2,10,14,21,23,29|3,6,8,16,25,34|11,13,28,30,31,38
2,10,15,16,23,29|3,6,8,20,34,39|11,13,22,25,30,38
2,13,22,23,25,32|3,6,8,20,34,39|11,14,15,27,30,38
2,13,23,28,31,32|3,6,8,16,25,34|11,14,15,27,30,38
2,14,15,23,27,32|3,6,8,16,25,34|11,13,28,30,31,38
2,14,21,23,26,40|3,6,8,16,25,34|11,13,28,30,31,38
2,15,16,23,26,40|3,6,8,20,34,39|11,13,22,25,30,38
1,2,17,21,23,31|3,8,11,28,34,39|6,14,25,27,30,38
1,2,17,22,23,39|3,8,11,21,25,34|6,15,27,28,30,38
2,6,13,23,26,31|3,8,11,21,25,34|14,15,20,27,30,38
2,10,21,23,29,31|3,8,11,28,34,39|6,14,25,27,30,38
2,10,22,23,29,39|3,8,11,21,25,34|6,15,27,28,30,38
2,11,21,23,27,32|3,8,15,25,31,34|6,20,26,30,33,39
2,13,14,22,23,26|3,8,11,21,25,34|6,15,27,28,30,38
2,13,23,25,28,32|3,8,20,21,31,34|11,16,22,27,30,38
2,14,15,25,33,38|3,6,23,26,32,39|8,10,17,21,30,31
2,14,16,28,33,38|3,6,23,26,32,39|8,10,17,21,30,31
2,15,16,20,33,38|3,6,23,26,32,39|8,10,17,21,30,31
2,15,23,27,31,32|3,8,11,21,25,34|6,20,26,30,33,39
2,16,22,23,27,32|3,8,11,21,25,34|6,20,26,30,33,39
2,21,23,26,31,40|3,8,11,28,34,39|6,14,25,27,30,38
2,22,23,26,39,40|3,8,11,21,25,34|6,15,27,28,30,38
1,2,21,23,29,31|3,6,8,11,34,39|13,14,20,22,30,38
1,2,22,23,29,39|3,6,8,16,31,34|11,13,14,28,30,38
2,6,13,23,25,32|3,8,11,14,21,34|16,28,30,31,38,40
2,13,14,23,28,32|3,6,8,11,34,39|15,25,30,31,38,40
2,13,15,20,23,32|3,6,8,11,34,39|16,22,25,30,38,40
2,21,23,25,32,40|3,6,8,11,34,39|13,14,20,22,30,38
2,23,28,32,39,40|3,6,8,16,31,34|11,13,15,20,30,38
1,6,9,13,16,33|2,3,15,19,32,39|14,18,21,25,34,40
1,8,9,15,18,39|2,3,13,21,32,40|6,14,16,19,27,34
1,8,9,16,18,21|2,3,15,19,32,39|6,13,14,27,34,40
1,9,13,14,15,33|2,3,16,19,21,32|6,18,25,34,39,40
1,9,15,33,39,40|2,3,16,19,21,32|6,13,14,18,25,34
1,9,16,21,33,40|2,3,15,19,32,39|6,13,14,18,25,34
1,15,18,29,38,39|2,3,13,21,32,40|6,14,16,19,27,34
1,16,18,21,29,38|2,3,15,19,32,39|6,13,14,27,34,40
1,9,11,13,21,33|2,3,15,18,32,39|6,16,19,27,31,34
1,9,13,15,31,33|2,3,16,18,21,32|6,11,19,27,34,39
1,9,13,16,22,33|2,3,15,18,32,39|11,14,19,21,27,34
1,13,17,21,38,40|2,3,15,18,32,39|6,16,19,27,31,34
1,15,17,19,38,39|2,3,16,18,21,32|6,13,27,31,34,40
1,16,17,19,21,38|2,3,15,18,32,39|6,13,27,31,34,40
2,3,15,18,32,39|6,13,16,19,26,38|14,17,21,27,29,33
6,13,16,19,26,38|14,17,21,27,29,33|18,22,25,34,39,40
6,13,18,25,31,34|8,9,10,15,19,39|14,17,21,27,29,33
6,14,16,18,27,34|8,9,10,13,21,40|15,19,26,32,33,39
8,9,10,15,19,39|11,13,16,18,28,34|14,17,21,27,29,33
11,13,16,18,28,34|14,17,21,27,29,33|15,19,26,38,39,40
13,16,18,20,22,34|14,17,21,27,29,33|15,19,26,38,39,40
1,15,17,18,38,39|6,9,10,13,16,33|11,19,21,27,31,34
6,13,16,18,26,38|9,10,15,33,39,40|11,19,21,27,31,34
9,10,15,33,39,40|11,13,19,21,26,38|14,16,18,22,27,34
9,10,16,21,33,40|11,19,22,27,34,39|13,14,15,18,26,38
2,3,15,18,26,39|9,10,13,16,28,33|19,20,21,25,27,34
1,9,14,21,27,33|2,3,15,19,26,39|13,18,25,28,31,34
2,3,13,21,26,40|6,16,18,25,27,34|10,15,17,19,38,39
2,3,15,19,26,39|6,16,18,25,27,34|9,10,11,13,21,33
2,3,16,19,21,26|6,18,20,27,34,39|9,10,13,15,31,33
1,8,17,21,31,38|2,6,14,25,27,30|9,10,11,15,16,23
1,8,17,22,38,39|2,6,14,25,27,30|9,10,11,15,16,23
1,9,11,21,23,25|2,3,6,16,31,38|8,14,15,20,27,34
1,9,11,23,28,39|2,3,6,16,31,38|8,13,20,22,25,34
1,9,15,23,25,31|2,3,6,11,38,39|14,16,20,28,33,34
1,9,16,22,23,25|2,3,6,11,38,39|8,13,20,28,31,34
1,9,16,23,28,31|2,3,6,11,38,39|8,13,20,22,25,34
1,9,20,22,23,39|2,3,6,16,31,38|8,11,13,25,28,34
1,9,21,22,23,28|2,3,6,11,38,39|8,14,15,20,27,34
1,17,21,23,25,32|2,3,6,11,38,39|8,13,20,28,31,34
1,17,23,28,32,39|2,3,6,16,31,38|8,13,20,22,25,34
1,21,23,26,29,31|2,3,6,11,38,39|8,13,20,22,25,34
1,22,23,26,29,39|2,3,6,16,31,38|8,11,13,25,28,34
2,3,6,11,38,39|8,13,20,22,25,34|9,10,14,15,23,31
2,3,6,16,31,38|8,11,13,25,28,34|10,14,17,21,23,32
2,3,6,21,22,38|8,11,13,25,28,34|9,10,14,15,23,31
2,3,8,21,25,32|6,9,10,11,23,39|14,16,20,28,33,34
2,3,8,28,32,39|6,9,10,16,23,31|14,15,20,25,33,34
2,3,11,14,21,38|6,8,15,27,28,34|13,22,23,26,31,32
2,3,11,15,16,38|6,8,14,25,27,34|10,23,28,29,32,39
2,3,14,15,31,38|6,8,16,20,27,34|10,21,23,25,29,32
2,3,14,16,22,38|6,8,15,27,28,34|10,21,23,25,29,32
2,6,14,25,27,30|8,10,21,29,31,38|11,20,22,33,34,39
2,6,15,27,28,30|8,10,21,29,31,38|11,16,22,25,33,34
2,6,16,20,27,30|8,10,21,29,31,38|13,14,23,26,28,32
2,11,13,25,28,30|6,8,16,20,27,34|9,10,14,15,23,31
2,11,15,27,30,31|6,9,10,21,22,23|8,13,25,28,32,38
2,11,16,22,27,30|6,8,13,26,31,38|10,14,17,21,23,32
2,13,20,22,25,30|6,8,15,27,28,34|9,10,11,14,21,23
2,13,20,28,30,31|6,8,14,25,27,34|9,10,11,15,16,23
2,14,15,20,27,30|6,8,13,26,31,38|10,21,23,25,29,32
2,14,22,27,30,31|6,9,10,11,23,39|8,13,25,28,32,38
3,6,11,26,30,39|8,10,21,29,31,38|14,15,20,25,33,34
3,6,16,26,30,31|8,10,22,29,38,39|14,15,20,25,33,34
3,6,21,22,26,30|8,11,13,25,28,34|9,10,14,15,23,31
3,11,14,21,26,30|6,8,15,27,28,34|16,22,25,32,33,38
3,11,15,16,26,30|6,8,14,25,27,34|10,23,28,29,32,39
3,14,15,26,30,31|6,8,16,20,27,34|10,21,23,25,29,32
3,14,16,22,26,30|6,8,15,27,28,34|10,21,23,25,29,32
3,16,25,28,30,32|6,8,13,26,31,38|9,10,11,14,21,23
3,20,21,25,30,32|6,8,13,26,31,38|9,10,11,15,16,23
3,20,28,30,32,39|6,8,13,26,31,38|9,10,11,14,21,23
6,8,14,25,27,34|9,10,11,15,16,23|20,21,31,32,33,38
6,8,15,27,28,34|9,10,11,14,21,23|16,22,25,32,33,38
6,8,16,20,27,34|9,10,11,14,21,23|15,25,31,32,33,38
6,9,10,21,22,23|8,11,13,15,26,38|14,16,20,28,33,34
6,10,17,23,32,39|8,11,13,15,26,38|14,16,20,28,33,34
6,13,23,25,26,32|8,10,21,29,31,38|11,20,22,33,34,39
6,16,20,25,33,34|8,10,21,29,31,38|13,14,23,26,28,32
8,10,21,29,31,38|11,16,22,25,33,34|13,14,23,26,28,32
8,10,22,29,38,39|11,15,25,31,33,34|13,14,23,26,28,32
8,11,13,25,28,34|9,10,14,15,23,31|20,22,32,33,38,39
8,13,20,22,25,34|9,10,11,14,21,23|16,28,31,32,33,38
8,13,20,28,31,34|9,10,11,14,21,23|16,22,25,32,33,38
8,13,25,28,32,38|9,10,11,14,21,23|16,20,22,31,33,34
1,6,8,17,38,39|2,11,13,22,25,30|10,21,23,29,31,32
1,6,9,16,23,25|2,3,8,21,31,32|14,15,22,28,33,34
1,6,9,20,23,39|2,3,8,21,31,32|11,14,15,25,33,34
1,6,9,21,23,28|2,3,8,22,32,39|11,14,15,25,33,34
1,6,23,26,29,39|2,3,8,21,31,32|11,14,15,25,33,34
1,8,14,17,21,38|2,6,11,16,27,30|10,22,23,29,32,39
1,8,15,16,17,38|2,6,13,20,25,30|10,21,23,29,31,32
1,8,21,25,29,38|2,6,11,16,27,30|13,14,22,23,26,32
1,8,28,29,38,39|2,6,11,16,27,30|13,14,22,23,26,32
1,9,11,21,23,31|2,3,6,14,16,38|8,20,28,34,39,40
1,9,11,22,23,39|2,3,6,14,16,38|8,20,21,25,34,40
1,9,14,15,23,25|2,3,8,21,31,32|6,11,20,33,34,39
1,9,14,16,23,28|2,3,8,21,31,32|6,11,20,33,34,39
1,9,14,20,21,23|2,3,8,22,32,39|6,11,16,25,33,34
1,9,16,22,23,31|2,6,13,20,25,30|8,10,14,21,29,38
1,14,21,23,26,29|2,3,8,22,32,39|6,11,16,25,33,34
1,15,16,23,26,29|2,3,8,21,31,32|6,11,20,33,34,39
1,17,21,23,31,32|2,3,6,14,16,38|8,11,13,22,25,34
1,17,22,23,32,39|2,3,6,14,16,38|8,11,13,28,31,34
2,3,6,14,16,38|8,11,13,22,25,34|10,21,23,29,31,32
2,6,11,16,27,30|8,10,14,21,29,38|22,23,26,32,39,40
2,6,13,20,25,30|8,10,14,21,29,38|11,16,22,31,33,34
2,6,14,27,30,31|8,10,15,16,29,38|22,23,26,32,39,40
2,11,13,22,25,30|6,8,10,29,38,39|14,15,20,31,33,34
2,11,13,28,30,31|6,8,10,29,38,39|14,16,20,22,33,34
2,11,14,15,27,30|6,8,10,29,38,39|21,23,26,31,32,40
2,13,14,20,28,30|6,8,10,29,38,39|11,16,22,31,33,34
2,13,20,22,30,31|6,8,10,29,38,39|11,14,15,25,33,34
2,16,25,28,30,40|6,8,10,29,38,39|11,13,15,23,26,32
2,20,21,25,30,40|6,8,10,29,38,39|11,13,15,23,26,32
2,20,28,30,39,40|6,8,11,16,27,34|10,21,23,29,31,32
3,6,14,16,26,30|8,11,13,22,25,34|10,21,23,29,31,32
3,11,21,25,30,32|6,8,10,29,38,39|14,15,20,31,33,34
3,11,28,30,32,39|6,8,13,14,26,38|17,20,21,23,25,29
3,15,25,30,31,32|6,8,10,29,38,39|11,14,16,28,33,34
3,16,22,25,30,32|6,8,10,29,38,39|11,14,20,21,33,34
3,16,28,30,31,32|6,8,10,29,38,39|11,14,15,25,33,34
3,20,21,30,31,32|6,8,10,29,38,39|11,14,15,25,33,34
3,21,22,28,30,32|6,8,10,29,38,39|11,14,15,25,33,34
6,8,10,29,38,39|11,13,15,23,26,32|14,16,20,22,33,34
6,8,13,14,26,38|10,21,23,29,31,32|11,15,16,20,33,34
6,8,16,27,32,38|11,14,15,25,33,34|17,20,23,28,29,39
6,8,26,38,39,40|10,21,23,29,31,32|11,14,15,25,33,34
6,11,16,25,33,34|8,10,14,21,29,38|22,23,26,32,39,40
6,11,21,28,33,34|8,10,15,16,29,38|13,14,22,23,26,32
6,13,23,26,31,32|8,10,14,21,29,38|11,15,16,20,33,34
6,14,25,31,33,34|8,10,15,16,29,38|22,23,26,32,39,40
6,15,28,31,33,34|8,10,14,21,29,38|22,23,26,32,39,40
6,16,20,31,33,34|8,10,14,21,29,38|11,13,15,23,26,32
6,16,22,28,33,34|8,10,14,21,29,38|11,13,15,23,26,32
8,10,15,16,29,38|11,14,20,21,33,34|22,23,26,32,39,40
8,14,15,27,32,38|11,16,22,31,33,34|17,20,21,23,25,29
8,14,21,26,38,40|10,22,23,29,32,39|11,15,16,20,33,34
1,6,17,23,32,39|2,11,13,14,28,30|8,15,25,31,34,40
1,8,21,29,31,38|2,6,11,13,25,30|15,16,23,26,32,40
1,8,22,29,38,39|2,6,11,13,25,30|14,21,23,26,32,40
1,14,17,21,23,32|2,6,11,13,25,30|8,16,28,31,34,40
1,15,16,17,23,32|2,6,11,13,25,30|8,20,21,31,34,40
1,21,23,25,29,32|2,6,13,20,30,31|8,11,28,34,39,40
1,23,28,29,32,39|2,6,11,13,25,30|8,20,21,31,34,40
2,3,6,8,32,39|11,14,15,31,33,34|16,17,22,23,25,29
2,3,8,14,21,32|6,11,16,31,33,34|17,20,22,23,29,39
2,6,11,13,25,30|8,16,28,31,34,40|10,14,21,23,29,32
2,6,13,20,30,31|8,11,21,25,34,40|10,15,16,23,29,32
2,6,13,22,28,30|8,11,21,25,34,40|10,15,16,23,29,32
2,11,13,14,28,30|6,10,23,29,32,39|8,15,25,31,34,40
2,11,13,15,20,30|6,10,23,29,32,39|8,16,22,25,34,40
2,11,21,25,30,40|6,8,13,20,31,34|10,15,16,23,29,32
2,11,28,30,39,40|6,8,13,20,31,34|10,14,21,23,29,32
2,13,14,20,22,30|6,10,23,29,32,39|8,11,21,25,34,40
2,15,25,30,31,40|6,8,13,22,28,34|10,14,21,23,29,32
2,16,22,25,30,40|6,8,13,20,31,34|10,14,21,23,29,32
2,16,28,30,31,40|6,8,11,13,25,34|10,14,21,23,29,32
2,20,21,30,31,40|6,8,11,13,25,34|10,15,16,23,29,32
2,20,22,30,39,40|6,8,11,13,25,34|10,14,21,23,29,32
2,21,22,28,30,40|6,8,11,13,25,34|10,15,16,23,29,32
3,6,16,25,30,32|8,11,13,14,28,34|17,20,21,23,29,31
3,6,20,30,32,39|8,11,13,14,28,34|15,17,23,25,29,31
3,6,21,28,30,32|8,11,13,15,20,34|16,17,22,23,25,29
3,14,15,25,30,32|6,8,13,20,31,34|11,17,23,28,29,39
3,14,16,28,30,32|6,8,11,13,25,34|17,20,21,23,29,31
3,14,20,21,30,32|6,8,11,13,25,34|16,17,23,28,29,31
3,15,16,20,30,32|6,8,11,13,25,34|17,21,22,23,28,29
6,8,13,25,32,38|11,14,15,31,33,34|17,20,22,23,29,39
6,11,16,31,33,34|8,13,14,28,32,38|17,20,22,23,29,39
6,11,21,22,33,34|8,13,14,28,32,38|15,17,23,25,29,31
6,11,32,33,38,39|8,13,14,20,22,34|15,17,23,25,29,31
6,14,15,28,33,34|8,13,22,31,32,38|11,17,21,23,25,29
6,14,16,20,33,34|8,13,22,31,32,38|11,17,21,23,25,29
6,15,22,31,33,34|8,13,14,28,32,38|11,17,21,23,25,29
6,16,31,32,33,38|8,11,13,14,28,34|17,20,22,23,29,39
6,21,22,32,33,38|8,11,13,14,28,34|15,17,23,25,29,31
8,21,25,32,38,40|11,14,15,31,33,34|17,20,22,23,29,39
8,28,32,38,39,40|11,14,15,31,33,34|16,17,22,23,25,29
1,21,23,29,31,32|2,6,13,14,20,30|8,11,22,34,39,40
1,22,23,29,32,39|2,6,11,13,30,31|8,14,15,25,34,40
2,6,21,28,30,40|8,11,13,14,22,34|15,16,17,20,23,29
3,6,11,30,32,39|8,14,15,25,34,40|16,17,22,23,29,31
3,14,15,30,31,32|6,8,16,25,34,40|11,17,22,23,29,39
1,8,10,21,31,34|2,3,11,28,38,39|16,22,23,26,27,32
1,8,10,22,34,39|2,3,11,21,25,38|15,23,26,27,31,32
1,17,21,23,26,31|2,3,11,28,38,39|8,15,20,25,27,34
1,17,22,23,26,39|2,3,11,21,25,38|8,16,20,27,28,34
2,3,11,21,25,38|8,16,20,27,28,34|10,22,23,26,29,39
2,3,11,28,38,39|8,15,20,25,27,34|10,21,23,26,29,31
2,3,15,25,31,38|8,16,20,27,28,34|10,22,23,26,29,39
2,3,16,28,31,38|8,15,20,25,27,34|10,22,23,26,29,39
2,3,20,21,31,38|8,14,25,27,28,34|10,22,23,26,29,39
2,3,20,22,38,39|8,14,25,27,28,34|10,21,23,26,29,31
8,10,17,22,38,39|11,21,23,26,27,32|16,20,25,28,33,34
8,14,25,27,28,34|9,10,20,21,23,31|11,22,26,33,38,39
8,15,20,25,27,34|9,10,11,23,28,39|16,22,26,31,33,38
8,22,25,27,31,34|9,10,11,23,28,39|14,20,21,26,33,38
1,2,6,10,30,39|8,11,15,25,27,34|13,23,26,28,31,32
1,2,10,14,21,30|6,8,13,25,26,38|11,20,28,33,34,39
1,2,10,15,16,30|6,8,13,25,26,38|11,20,28,33,34,39
1,6,8,10,34,39|2,3,11,21,31,38|13,22,23,25,26,32
1,6,17,23,26,39|2,3,11,21,31,38|8,13,20,25,28,34
1,8,10,14,21,34|2,3,6,16,25,38|13,23,26,28,31,32
1,8,10,15,16,34|2,3,6,20,38,39|13,22,23,25,26,32
1,8,17,21,25,38|2,11,16,27,28,30|6,9,10,20,23,39
1,8,17,28,38,39|2,6,25,27,30,31|9,10,14,20,21,23
1,14,17,21,23,26|2,3,6,16,25,38|8,15,20,27,31,34
1,15,16,17,23,26|2,3,6,20,38,39|8,14,22,25,27,34
1,21,23,25,26,29|2,3,6,20,38,39|8,11,16,27,28,34
1,23,26,28,29,39|2,3,6,16,25,38|8,11,20,21,27,34
2,3,6,8,26,39|9,10,11,21,23,31|15,22,25,28,33,34
2,3,6,16,25,38|8,11,20,21,27,34|10,17,22,23,32,39
2,3,6,20,38,39|8,11,15,25,27,34|9,10,14,16,23,28
2,3,6,21,28,38|8,11,15,25,27,34|9,10,16,22,23,31
2,3,8,14,21,26|6,9,10,16,23,25|11,20,28,33,34,39
2,3,8,15,16,26|6,9,10,20,23,39|14,25,28,31,33,34
2,3,11,21,31,38|6,9,10,16,23,25|8,15,22,27,28,34
