9,11,15,19,26,38|12,27,28,29,33,35|17,18,22,25,32,34
9,18,22,25,32,38|11,15,17,19,26,34|12,27,28,29,33,35
2,9,15,19,23,32|6,7,14,35,38,40|18,22,29,30,31,34
2,8,9,15,19,38|6,7,31,32,33,35|14,17,18,22,30,34
2,8,15,17,19,34|6,7,31,32,33,35|9,14,18,22,30,38
2,9,15,18,23,32|6,7,31,35,38,40|14,17,19,28,30,34
2,8,9,15,18,38|6,7,25,32,33,35|17,19,28,30,31,34
2,8,15,17,18,34|6,7,25,32,33,35|9,19,28,30,31,38
2,9,15,33,38,40|6,7,8,27,32,35|14,17,18,28,30,34
2,15,17,33,34,40|6,7,8,27,32,35|9,14,18,28,30,38
2,9,15,19,23,26|7,8,22,27,32,35|17,18,28,30,31,34
3,6,9,31,33,34|7,8,22,27,32,35|15,17,19,26,30,38
2,9,15,18,23,26|3,6,27,29,34,38|7,25,28,32,33,35
2,22,27,29,33,34|7,8,10,15,17,35|9,18,25,28,30,38
1,6,8,25,29,33|3,11,14,28,30,40|19,20,22,23,31,32
1,8,14,28,29,33|3,6,11,25,30,40|19,20,22,23,31,32
1,8,22,29,31,33|3,6,11,25,30,40|14,19,20,23,28,32
1,2,6,7,12,14|3,11,25,28,30,40|8,10,15,20,29,33
1,6,8,17,25,33|3,20,28,30,31,40|11,14,18,22,23,26
1,8,14,17,28,33|3,20,22,25,30,40|6,11,18,23,26,31
1,8,17,22,31,33|3,11,25,28,30,40|6,14,18,20,23,26
1,10,15,23,32,40|2,3,6,11,31,33|8,14,18,20,28,38
1,17,22,23,25,40|2,3,6,11,31,33|8,14,18,20,28,38
1,17,23,28,31,40|2,3,6,14,20,33|8,11,18,22,25,38
2,3,6,11,31,33|8,14,18,20,28,38|10,22,23,25,29,40
2,3,6,14,20,33|8,11,18,22,25,38|10,23,28,29,31,40
2,3,11,14,22,33|6,8,18,20,25,38|10,23,28,29,31,40
1,6,8,17,31,33|3,11,22,25,30,40|14,18,20,23,28,32
1,8,14,17,22,33|3,6,20,25,30,40|11,18,23,28,31,32
1,8,22,25,29,33|3,11,28,30,31,40|6,14,19,20,23,26
1,8,28,29,31,33|3,6,20,25,30,40|11,14,19,22,23,26
1,23,25,28,29,40|2,3,6,11,14,33|8,19,20,22,31,38
3,11,22,25,30,40|6,8,10,29,31,33|14,18,20,23,28,32
3,14,20,28,30,40|6,8,10,29,31,33|11,18,22,23,25,32
1,2,6,7,12,25|3,11,20,22,27,30|8,10,14,17,28,33
1,2,7,12,14,28|3,11,20,22,27,30|6,8,10,17,25,33
1,2,7,12,15,20|6,8,10,17,25,33|11,18,23,26,28,31
1,2,7,12,22,31|6,8,10,17,25,33|14,18,20,23,26,28
1,3,6,10,30,31|8,18,20,25,28,38|11,22,23,26,27,40
1,6,10,14,33,38|2,3,8,11,22,27|19,20,23,26,28,31
1,8,17,25,28,33|2,6,7,10,12,14|3,11,20,22,27,30
2,6,7,10,12,14|3,11,20,22,27,30|8,25,26,28,33,40
1,2,6,7,12,31|3,20,25,28,30,40|8,10,11,15,17,33
1,2,7,11,12,15|3,20,25,28,30,40|6,8,10,17,31,33
1,2,7,12,14,22|3,6,11,20,27,30|8,10,28,29,31,33
1,3,6,10,14,30|8,11,18,25,28,38|19,20,22,23,26,31
1,8,10,15,38,40|2,3,6,11,25,33|14,18,20,22,23,26
1,6,10,31,33,38|2,3,8,11,27,28|18,20,22,23,25,26
2,7,25,28,35,40|3,9,22,27,30,32|8,15,17,18,26,34
2,9,18,25,28,30|3,6,7,14,26,35|10,15,17,29,33,34
2,9,27,28,30,40|3,6,7,14,26,35|10,15,17,29,33,34
2,15,17,18,26,30|3,7,22,25,32,35|6,9,11,27,33,34
1,3,9,15,17,30|2,7,22,25,35,40|18,28,29,31,34,38
2,7,22,25,35,40|3,6,9,27,30,32|8,15,17,19,26,34
2,7,28,31,35,40|3,6,9,27,30,32|8,15,17,19,26,34
2,9,18,22,25,30|3,7,14,28,32,35|8,15,17,19,26,34
2,9,18,28,30,31|3,6,7,25,32,35|8,15,17,19,26,34
2,9,19,25,28,30|3,7,15,20,32,35|6,17,18,31,34,38
2,9,22,27,30,40|3,6,7,25,32,35|8,15,17,19,26,34
2,15,17,19,26,30|3,6,7,25,32,35|8,9,18,28,31,34
1,2,7,10,15,35|3,6,9,26,27,30|17,18,25,28,34,38
2,6,9,18,25,30|3,7,11,15,32,35|14,17,19,22,34,38
2,6,9,27,30,40|3,7,11,15,32,35|14,17,19,22,34,38
2,9,14,18,28,30|3,6,7,31,32,35|11,15,17,19,34,38
2,9,15,18,20,30|3,6,7,31,32,35|14,17,19,22,34,38
2,9,18,22,30,31|3,7,11,15,32,35|6,27,29,34,38,40
2,9,19,22,25,30|3,6,7,31,32,35|8,15,18,26,29,34
2,9,19,28,30,31|3,7,11,15,32,35|6,14,17,18,34,38
2,15,18,26,29,30|3,6,7,31,32,35|8,9,19,22,25,34
2,9,11,15,18,30|3,6,7,14,32,35|19,22,29,31,34,38
2,9,19,22,30,31|3,6,7,14,32,35|11,15,18,29,34,38
1,3,6,8,17,31|2,11,22,25,33,40|7,12,14,20,28,29
1,3,8,14,17,22|2,6,20,25,33,40|7,11,12,28,29,31
1,3,8,22,25,29|2,11,28,31,33,40|6,7,12,14,17,20
1,3,8,28,29,31|2,6,20,25,33,40|7,11,12,14,17,22
1,6,10,30,31,40|2,8,11,18,22,25|7,12,14,20,28,29
1,10,14,22,30,40|2,6,8,18,20,25|7,11,12,28,29,31
1,2,10,14,22,33|3,6,8,11,26,27|7,12,17,20,28,31
1,6,7,12,26,31|2,11,20,22,27,33|3,8,10,14,17,28
1,2,8,10,15,40|3,6,11,14,26,33|7,12,20,22,25,29
1,3,8,15,17,20|2,11,25,28,33,40|6,7,10,12,14,32
1,3,8,17,22,31|2,11,25,28,33,40|6,7,10,12,14,32
3,8,22,26,31,40|6,7,10,12,14,32|11,18,20,25,28,30
1,2,6,10,14,33|3,8,11,27,28,32|7,12,17,20,22,31
1,3,8,17,28,31|2,6,11,20,27,33|7,10,12,14,22,32
1,7,12,22,25,32|2,6,11,20,27,33|3,8,10,28,29,31
1,7,12,28,31,32|2,6,11,20,27,33|3,8,10,14,17,22
2,8,18,20,25,28|3,6,11,26,31,33|7,10,12,14,22,32
2,8,20,27,28,40|3,6,11,26,31,33|7,10,12,14,22,32
1,8,15,18,28,29|2,3,6,14,19,22|11,13,20,32,33,40
1,15,28,29,33,40|2,3,6,14,19,22|8,11,13,18,20,32
1,8,11,16,17,18|2,3,6,14,19,28|10,15,22,29,33,40
1,8,13,17,20,40|2,3,6,11,15,18|19,22,28,31,32,33
1,8,14,17,18,31|2,3,6,15,19,20|10,11,16,29,33,40
1,8,15,17,18,22|2,3,6,14,19,28|10,11,16,29,33,40
1,8,15,17,19,28|2,3,6,14,18,22|10,11,16,29,33,40
1,8,16,17,19,20|2,3,6,11,15,18|10,14,29,31,33,40
1,8,27,29,31,40|2,3,6,11,15,18|14,19,20,25,32,33
1,11,13,20,29,33|2,3,6,14,18,22|8,15,19,26,28,40
1,11,16,17,33,40|2,3,6,14,18,22|8,10,15,19,28,29
1,14,17,31,33,40|2,3,6,11,15,18|8,10,16,19,20,29
1,15,17,22,33,40|2,3,6,14,19,28|8,10,11,16,18,29
1,25,29,31,33,40|2,3,6,11,15,18|8,14,19,20,27,32
2,3,6,11,15,18|8,10,13,20,29,40|19,22,28,31,32,33
2,3,6,14,18,22|8,10,13,20,29,40|11,19,25,31,32,33
2,3,11,15,19,22|6,18,28,31,32,33|8,10,13,20,29,40
1,6,22,27,29,33|2,3,11,13,20,40|8,10,14,17,19,31
1,8,10,13,32,40|2,3,6,14,18,28|11,15,19,22,26,33
1,8,14,17,18,25|2,3,6,19,28,31|10,16,20,29,33,40
1,8,14,17,27,40|2,3,6,15,18,20|19,22,25,28,32,33
1,8,15,17,18,28|2,3,6,19,22,25|10,16,20,29,33,40
1,8,16,17,18,20|2,3,6,19,22,25|10,15,28,29,33,40
1,8,17,19,25,31|2,3,6,14,18,28|10,16,20,29,33,40
1,8,25,27,29,40|2,3,6,14,18,28|11,15,19,22,26,33
1,11,14,27,29,33|2,3,6,15,18,20|8,19,25,26,31,40
1,14,17,25,33,40|2,3,6,15,18,20|8,19,22,27,28,32
1,15,17,28,33,40|2,3,6,18,22,31|8,11,13,19,20,26
1,16,17,20,33,40|2,3,6,14,18,28|8,10,19,25,29,31
2,3,6,14,18,28|8,10,11,13,17,40|19,20,25,31,32,33
2,3,6,15,18,20|8,10,11,13,17,40|19,22,25,28,32,33
2,3,6,19,22,25|8,10,11,13,17,40|15,18,20,28,32,33
2,3,6,19,28,31|8,10,11,13,17,40|14,18,20,25,32,33
2,3,11,13,20,40|6,8,10,15,17,18|19,22,25,28,32,33
2,3,11,14,18,31|6,10,15,17,33,40|8,19,22,27,28,32
2,3,14,19,22,28|6,8,10,15,17,18|11,27,31,32,33,40
2,3,15,19,20,22|6,8,18,27,28,32|10,14,25,29,33,40
1,6,10,15,18,38|2,3,11,27,31,40|14,19,20,25,26,33
1,10,11,13,32,33|2,3,6,18,25,28|8,14,19,20,26,27
1,10,11,13,38,40|2,3,6,18,25,28|8,14,19,20,26,27
1,10,15,19,22,38|2,3,6,18,25,28|11,14,26,27,33,40
2,3,11,18,25,31|6,8,19,26,27,28|10,16,17,20,33,40
2,3,19,20,25,31|6,8,18,22,26,27|10,15,17,28,33,40
2,3,19,22,25,28|8,10,14,17,27,40|11,16,18,20,26,33
1,6,10,15,19,38|2,3,11,14,18,25|20,27,31,32,33,40
1,6,27,28,29,33|2,3,11,14,18,25|8,10,13,17,20,40
1,8,10,16,18,32|2,3,6,19,25,28|11,13,20,26,33,40
1,8,17,18,25,31|2,3,6,22,27,40|10,11,13,20,29,33
1,8,17,27,31,40|2,3,6,18,22,25|10,11,13,20,29,33
1,10,16,32,33,40|2,3,6,18,22,25|8,11,14,19,26,27
1,11,13,17,20,33|2,3,6,18,22,25|8,10,27,29,31,40
1,11,27,29,31,33|2,3,6,18,22,25|8,10,13,17,20,40
1,14,20,27,29,33|2,3,6,18,22,25|8,10,15,17,19,28
1,17,25,31,33,40|2,3,11,15,18,28|6,8,19,22,26,27
2,3,6,18,22,25|8,10,13,17,20,40|11,15,19,26,28,33
2,3,6,18,28,31|8,10,13,17,20,40|11,14,19,25,26,33
2,3,6,19,25,28|8,10,11,16,17,18|20,27,31,32,33,40
2,3,6,22,27,40|8,10,11,16,17,18|14,19,20,26,31,33
2,3,11,15,18,28|6,8,19,22,26,27|10,14,17,31,33,40
2,3,11,16,18,20|6,8,19,22,26,27|10,14,17,31,33,40
2,3,11,19,25,31|6,14,18,26,28,33|8,10,13,17,20,40
2,3,14,18,20,31|6,8,19,22,26,27|10,11,16,17,33,40
2,3,15,18,20,22|6,11,19,27,28,38|10,14,17,31,33,40
2,3,15,19,20,28|6,11,18,22,27,38|10,14,17,31,33,40
1,10,11,16,18,38|2,3,20,27,31,40|19,22,25,26,28,33
1,10,16,19,20,38|2,3,11,25,27,40|18,22,26,28,31,33
1,6,7,12,30,31|2,3,8,11,15,33|14,18,20,22,23,38
1,7,11,12,15,30|2,3,6,8,31,33|14,18,20,22,23,38
1,7,12,14,22,30|2,3,6,8,31,33|11,15,18,20,23,38
1,2,7,8,12,15|3,6,20,25,30,33|11,18,23,28,31,38
1,6,7,12,25,30|2,3,8,14,28,33|11,22,23,27,38,40
1,7,12,14,28,30|2,3,6,8,25,33|11,22,23,27,38,40
1,7,12,15,20,30|2,3,6,8,25,33|11,18,23,28,31,38
1,7,12,22,30,31|2,3,6,8,25,33|14,18,20,23,28,38
2,3,8,15,20,33|6,7,10,12,14,30|11,18,22,23,25,38
2,3,8,22,31,33|6,7,10,12,14,30|11,19,23,25,28,38
2,3,8,22,25,33|6,7,10,12,30,31|11,23,27,28,38,40
2,3,8,28,31,33|7,10,11,12,15,30|18,20,22,23,25,38
2,3,23,25,28,40|6,7,10,12,30,31|8,11,22,27,33,38
1,3,17,22,23,25|2,8,11,27,28,33|6,7,10,12,14,38
1,3,17,23,28,31|2,8,20,22,27,33|6,7,10,12,14,38
1,6,7,12,25,38|2,8,11,27,28,33|3,10,14,17,22,23
1,7,12,14,28,38|2,8,20,22,27,33|3,6,10,17,23,31
1,7,12,15,20,38|2,8,11,27,28,33|3,6,10,17,23,31
3,22,23,25,26,40|6,7,10,12,14,38|11,20,27,28,30,33
1,6,7,12,31,38|2,8,11,22,27,33|3,10,14,23,28,29
1,7,11,12,15,38|2,6,8,20,27,33|3,10,14,23,28,29
1,10,11,15,30,33|2,18,20,22,23,25|7,8,12,17,28,31
3,6,10,23,25,29|7,8,12,17,28,31|11,20,22,27,30,33
3,6,23,25,26,40|7,8,10,12,15,32|11,20,22,27,30,33
3,14,23,26,28,40|7,8,10,12,15,32|11,20,22,27,30,33
1,6,7,12,14,38|2,8,25,28,33,40|3,10,11,15,23,29
1,6,10,14,30,33|2,11,18,22,23,25|3,8,28,31,38,40
3,23,25,28,32,40|6,11,20,27,30,33|7,8,12,17,22,31
1,7,8,12,15,32|2,6,11,18,23,25|20,28,30,31,33,40
3,6,10,14,23,29|7,8,11,12,15,17|20,22,25,30,33,40
1,7,12,16,30,40|2,3,6,15,18,23|8,14,19,25,33,38
1,7,12,13,20,30|2,3,14,18,23,25|8,27,31,33,38,40
2,3,8,13,20,33|6,18,22,23,27,38|7,10,12,16,30,40
1,7,8,12,13,32|2,6,19,22,23,27|3,11,16,33,38,40
1,8,10,13,30,40|2,6,19,22,23,27|7,12,14,25,29,33
1,8,10,16,19,30|2,11,13,18,20,23|3,14,31,33,38,40
2,6,19,22,23,27|3,8,11,16,18,38|7,12,14,25,29,33
2,11,13,18,20,23|3,8,14,19,25,38|6,7,12,15,17,33
3,6,15,19,23,26|7,8,11,12,13,17|14,18,20,25,30,33
3,10,16,23,29,40|6,7,12,15,17,33|8,11,18,27,30,31
3,14,18,23,25,32|6,7,12,15,17,33|8,19,20,27,30,31
3,15,18,23,28,32|7,8,11,12,13,17|14,20,27,30,33,40
3,16,18,20,23,32|6,7,12,15,17,33|8,11,19,25,27,30
3,19,23,25,31,32|6,7,12,15,17,33|8,14,18,20,27,30
1,7,12,16,32,33|2,6,18,22,23,27|3,8,19,25,31,38
1,8,10,16,18,30|2,6,19,23,27,28|3,14,25,33,38,40
1,10,16,30,33,40|2,6,18,22,23,27|3,8,19,25,31,38
3,6,15,18,23,26|7,8,12,13,17,20|11,25,27,30,33,40
3,10,11,13,23,29|7,12,14,17,31,33|8,18,22,27,28,30
3,11,13,23,26,40|7,8,12,27,29,31|18,22,25,28,30,33
3,11,16,19,23,26|7,8,12,13,17,20|18,22,25,28,30,33
3,14,19,23,26,31|7,8,12,13,17,20|11,25,27,30,33,40
3,15,19,22,23,26|7,8,12,13,17,20|11,25,27,30,33,40
3,18,23,25,31,32|7,8,12,13,17,20|22,27,28,30,33,40
3,23,27,31,32,40|7,8,12,13,17,20|18,22,25,28,30,33
2,14,19,23,25,40|6,7,12,15,29,33|8,11,13,18,20,30
2,15,18,22,23,40|6,19,28,30,31,33|7,8,11,12,13,29
2,15,19,23,28,40|6,18,22,30,31,33|7,8,11,12,13,29
3,6,15,18,23,32|7,8,11,12,13,29|14,19,20,30,31,33
3,11,16,19,23,32|6,7,12,15,29,33|8,18,25,30,31,40
3,14,19,23,31,32|6,7,12,15,29,33|8,11,13,18,20,30
3,15,19,22,23,32|6,14,18,28,30,33|7,8,11,12,13,29
2,11,13,19,20,23|3,6,8,15,18,38|7,12,14,29,31,33
2,19,23,25,31,40|3,6,8,15,18,38|7,11,12,16,29,33
3,11,16,18,23,32|6,8,19,27,28,30|7,12,14,29,31,33
3,13,20,23,32,40|6,8,18,22,27,30|7,11,12,16,29,33
3,14,18,23,31,32|6,8,19,27,28,30|7,11,12,16,29,33
3,14,19,23,25,32|6,8,18,22,27,30|7,11,12,16,29,33
3,15,18,22,23,32|6,8,19,27,28,30|7,11,12,16,29,33
3,15,19,23,28,32|6,8,18,22,27,30|7,11,12,16,29,33
3,16,19,20,23,32|6,8,18,22,27,30|7,12,14,29,31,33
1,2,10,13,23,40|3,8,18,25,31,38|7,12,15,17,28,33
3,11,16,18,23,26|7,8,10,12,13,32|20,25,27,30,33,40
3,14,18,23,26,31|7,8,10,12,13,32|20,25,27,30,33,40
3,15,18,22,23,26|7,8,10,12,13,32|20,25,27,30,33,40
3,15,19,23,26,28|7,8,10,12,13,32|20,25,27,30,33,40
1,7,12,13,20,38|2,11,18,23,25,27|3,8,10,16,17,33
1,2,7,12,16,40|3,6,18,25,28,30|8,10,13,20,29,33
1,8,13,17,20,33|3,6,18,25,28,30|10,14,23,27,29,40
1,8,27,29,31,33|3,6,7,12,15,17|11,13,19,20,23,26
1,10,13,23,32,40|2,3,8,14,18,25|15,19,20,28,33,38
1,10,16,19,23,32|2,3,8,14,18,25|6,22,27,33,38,40
1,14,17,18,23,25|2,3,15,28,33,40|8,11,19,27,31,38
1,14,17,23,27,40|2,3,8,15,18,28|11,19,25,31,33,38
1,15,17,18,23,28|2,3,8,14,27,40|11,19,25,31,33,38
1,16,17,18,20,23|2,3,8,14,27,40|6,19,25,28,33,38
1,17,19,23,25,31|2,3,8,14,27,40|11,15,18,28,33,38
2,3,8,14,18,25|6,22,27,33,38,40|10,11,16,17,19,23
2,3,8,14,27,40|6,10,15,17,18,23|11,19,25,31,33,38
2,3,8,15,18,28|6,22,27,33,38,40|10,11,16,17,19,23
2,3,8,16,18,20|6,19,25,28,33,38|10,11,13,17,23,40
2,3,8,19,25,31|6,10,15,17,18,23|11,14,27,33,38,40
2,3,14,25,33,40|6,8,18,22,27,38|10,11,16,17,19,23
2,3,15,28,33,40|6,8,18,22,27,38|10,11,16,17,19,23
2,3,16,20,33,40|6,8,18,22,27,38|10,14,17,19,23,31
3,6,7,12,15,17|8,10,13,20,29,33|11,18,23,27,31,32
3,7,12,14,25,29|6,8,18,22,27,38|10,11,13,17,23,40
3,7,12,15,28,29|6,8,18,22,27,38|10,11,13,17,23,40
3,7,12,16,20,29|6,8,18,22,27,38|10,11,13,17,23,40
3,11,27,30,31,40|6,10,15,17,18,23|8,14,19,25,26,33
3,14,18,20,25,30|6,8,19,27,28,38|10,11,13,17,23,40
3,14,20,27,30,40|6,10,15,17,18,23|11,19,25,31,33,38
3,15,18,20,28,30|6,22,27,33,38,40|10,11,16,17,19,23
3,18,22,28,30,31|8,10,13,20,29,33|11,19,23,25,27,32
3,19,20,25,30,31|6,8,18,22,27,38|10,11,13,17,23,40
3,19,22,25,28,30|6,10,15,17,18,23|8,13,20,26,33,40
1,8,11,13,17,33|3,6,18,22,25,30|10,15,19,23,28,29
1,8,14,27,29,33|3,6,18,22,25,30|15,19,23,26,28,40
1,11,16,17,18,23|2,3,8,13,20,40|6,19,22,25,33,38
1,13,17,20,23,40|2,3,8,11,16,18|6,19,22,25,33,38
1,14,17,18,23,31|2,3,8,13,20,40|6,19,22,25,33,38
1,15,17,18,22,23|2,3,8,13,20,40|6,19,28,31,33,38
1,18,23,25,29,31|2,3,8,13,20,40|11,15,19,28,33,38
1,23,27,29,31,40|2,3,8,11,16,18|6,19,22,25,33,38
2,3,8,13,20,40|6,10,15,17,19,23|11,14,18,31,33,38
2,3,8,14,18,31|6,10,15,17,19,23|11,13,20,33,38,40
2,3,8,15,18,22|6,19,23,27,28,32|11,13,20,33,38,40
2,3,8,15,19,28|6,18,22,23,27,32|11,13,20,33,38,40
2,3,11,16,33,40|6,8,19,22,27,38|10,14,18,23,29,31
2,3,14,31,33,40|6,8,19,22,27,38|10,11,16,18,23,29
2,3,15,22,33,40|6,19,23,27,28,32|8,11,13,18,20,38
3,6,18,22,25,30|8,10,11,13,29,33|14,19,20,23,27,32
3,6,18,28,30,31|8,10,11,13,29,33|14,19,20,23,27,32
3,6,19,25,28,30|8,10,11,13,29,33|14,18,23,26,31,40
3,7,11,12,16,29|6,8,15,18,26,33|14,19,20,23,27,32
3,7,12,15,22,29|6,14,18,28,33,38|11,19,23,27,31,32
3,11,14,18,25,30|6,8,19,22,27,38|10,13,20,23,29,40
3,11,14,27,30,40|6,8,15,18,26,33|10,16,19,20,23,29
3,11,15,18,28,30|6,8,19,22,27,38|10,13,20,23,29,40
3,11,19,25,30,31|6,8,15,18,26,33|10,13,20,23,29,40
3,14,18,22,28,30|6,10,15,17,19,23|8,11,13,26,33,40
3,15,18,20,22,30|6,19,23,27,28,32|8,10,11,13,29,33
3,15,19,20,28,30|6,18,22,23,27,32|8,10,11,13,29,33
3,19,22,28,30,31|6,8,15,18,26,33|10,13,20,23,29,40
1,8,13,20,29,33|3,6,14,18,28,30|11,16,19,23,26,40
1,8,16,17,33,40|3,6,7,12,15,29|11,13,18,20,23,32
1,14,18,23,25,29|2,3,6,15,33,40|8,11,13,19,20,38
1,15,18,23,28,29|2,3,8,11,13,40|6,19,22,31,33,38
3,6,7,12,15,29|8,11,13,19,20,38|18,23,25,31,32,40
3,6,15,18,20,30|8,10,16,29,33,40|11,14,19,23,27,32
3,6,18,22,30,31|8,10,16,29,33,40|11,14,19,23,27,32
3,6,19,22,25,30|8,10,16,29,33,40|11,13,18,20,23,32
3,6,19,28,30,31|8,10,16,29,33,40|11,13,18,20,23,32
3,11,16,19,20,30|6,10,15,18,23,29|8,14,27,32,33,40
1,8,11,13,29,33|3,6,14,18,22,30|19,23,25,31,32,40
1,14,19,23,25,29|3,6,11,15,18,30|8,13,20,32,33,40
1,15,18,22,23,29|3,6,14,19,28,30|8,13,20,32,33,40
1,15,19,23,28,29|3,6,14,18,22,30|8,13,20,32,33,40
1,10,11,13,33,38|3,7,12,17,25,31|6,18,23,26,27,28
1,10,16,33,38,40|3,7,12,14,17,25|6,18,22,23,26,27
1,2,7,11,12,13|3,18,20,25,30,31|6,19,22,23,26,27
1,3,7,12,16,32|6,8,18,27,28,38|10,13,17,20,23,40
1,8,10,13,32,33|3,7,11,12,16,17|6,19,22,23,26,27
1,8,10,13,38,40|3,7,11,12,16,17|6,19,22,23,26,27
1,8,10,16,19,38|2,3,11,13,20,33|18,22,23,27,28,32
1,8,14,17,27,33|3,7,12,25,29,31|11,13,18,20,23,26
1,10,16,18,23,32|2,3,8,27,31,40|19,22,25,28,33,38
1,17,18,23,25,31|2,3,11,13,20,33|8,19,22,27,28,38
2,3,8,27,31,40|6,18,25,28,33,38|10,16,17,19,20,23
2,3,11,13,20,33|6,8,18,27,28,38|10,14,17,19,23,25
2,3,25,31,33,40|6,8,18,27,28,38|10,16,17,19,20,23
3,7,12,25,29,31|6,8,18,27,28,38|10,13,17,20,23,40
3,11,25,27,30,40|8,15,18,26,28,33|10,16,17,19,20,23
3,18,20,25,30,31|6,19,22,23,26,27|8,10,11,13,17,33
1,3,6,15,29,33|2,8,11,13,19,20|18,22,28,30,31,40
1,3,8,11,13,29|2,6,14,18,22,33|19,20,25,30,31,40
2,6,15,19,20,33|3,8,11,16,18,32|7,12,14,25,29,40
2,6,19,22,31,33|3,8,11,16,18,32|7,12,14,25,29,40
1,3,8,13,20,29|2,6,14,18,28,33|7,11,12,16,17,40
1,3,8,16,17,40|2,6,14,18,28,33|7,11,12,13,20,29
1,3,11,16,29,33|2,6,8,19,22,27|7,12,14,17,31,40
1,3,14,29,31,33|2,6,8,19,22,27|7,11,12,16,17,40
1,3,15,22,29,33|2,8,11,13,18,20|7,12,14,17,31,40
1,6,10,15,19,30|2,8,11,13,18,20|3,14,25,32,33,40
2,6,8,19,22,27|3,14,25,32,33,40|7,11,12,13,20,29
2,6,18,22,31,33|3,8,10,16,29,40|11,14,19,20,27,30
2,8,11,13,18,20|3,6,14,19,28,38|7,12,15,17,22,40
2,8,18,25,31,40|3,6,14,19,28,38|7,11,12,13,20,29
2,11,15,18,22,33|3,6,14,19,28,38|7,12,25,29,31,40
2,11,15,19,28,33|3,6,14,18,22,38|7,12,25,29,31,40
2,11,16,19,20,33|3,6,14,18,22,38|7,12,25,29,31,40
2,14,19,22,28,33|3,6,11,15,18,38|7,12,25,29,31,40
3,6,8,15,19,26|7,11,12,13,20,29|18,22,25,28,30,40
3,8,14,18,25,32|6,11,19,27,28,30|7,12,15,17,22,40
3,8,15,18,28,32|6,19,20,22,27,30|7,11,12,16,17,40
3,8,16,18,20,32|6,11,19,27,28,30|7,12,14,17,31,40
1,3,8,14,27,29|2,6,18,22,25,33|7,12,15,17,28,40
1,3,14,25,29,33|2,6,8,18,22,27|7,12,15,17,28,40
1,3,15,28,29,33|2,6,8,18,22,27|7,12,14,17,25,40
1,3,16,20,29,33|2,6,8,18,22,27|7,12,14,17,25,40
1,6,10,15,18,30|2,8,11,19,27,31|7,12,14,17,25,40
1,7,11,12,13,32|2,6,8,18,22,27|3,14,19,20,31,38
1,10,11,13,30,40|2,6,8,18,22,27|3,14,19,20,31,38
1,10,11,16,19,30|2,6,8,18,22,27|3,25,31,32,33,40
1,10,14,19,30,31|2,6,8,18,22,27|3,11,13,20,32,33|7,12,15,17,28,40
1,10,15,19,22,30|2,6,18,28,31,33|3,8,11,13,26,40
2,6,8,18,22,27|3,11,13,20,32,33|7,12,14,17,25,40
2,6,8,19,27,28|3,11,13,20,32,33|7,12,14,17,25,40
2,6,18,22,25,33|3,8,10,11,13,29|7,12,15,17,28,40
2,6,18,28,31,33|3,8,10,11,13,29|7,12,14,17,25,40
2,6,19,25,28,33|3,8,10,11,13,29|7,12,16,17,20,40
2,8,11,14,18,27|3,6,10,15,29,33|7,12,16,17,20,40
2,8,11,19,27,31|3,6,10,15,29,33|7,12,14,17,25,40
2,11,14,18,25,33|3,6,19,28,31,38|7,12,16,17,20,40
2,11,15,18,28,33|3,6,19,22,25,38|7,12,16,17,20,40
2,11,16,18,20,33|3,6,19,22,25,38|7,12,15,17,28,40
2,11,19,25,31,33|3,6,8,15,18,26|7,12,16,17,20,40
2,14,18,20,31,33|3,6,19,22,25,38|7,12,15,17,28,40
2,14,18,22,28,33|3,8,10,11,13,29|7,12,16,17,20,40
2,15,18,20,22,33|3,6,19,28,31,38|7,11,12,14,27,29
2,15,19,20,28,33|3,6,18,22,31,38|7,11,12,14,27,29
2,19,22,28,31,33|3,6,8,15,18,26|7,11,12,14,27,29
3,6,10,15,29,33|7,12,14,17,25,40|11,19,20,27,30,31
3,8,10,11,13,29|6,18,20,22,27,30|7,12,14,17,25,40
3,8,15,19,22,26|6,11,18,27,28,30|7,12,14,17,25,40
3,11,15,18,22,38|6,19,20,27,28,30|7,12,14,17,25,40
3,15,19,20,22,38|6,11,18,27,28,30|7,12,14,17,25,40
1,2,8,10,13,40|3,6,18,22,25,38|7,11,12,27,29,31
1,2,8,10,16,19|3,6,18,22,25,38|7,11,12,13,17,20
1,3,8,13,17,20|2,6,18,25,28,33|7,10,12,16,32,40
1,3,8,27,29,31|2,6,18,25,28,33|7,10,12,16,32,40
1,3,14,17,31,33|2,6,8,18,27,28|7,10,12,16,32,40
1,3,15,17,22,33|2,6,8,18,27,28|7,10,12,16,32,40
1,3,25,29,31,33|2,6,8,18,27,28|7,10,12,16,32,40
1,7,12,13,20,32|2,6,8,18,27,28|3,10,11,16,29,33
1,10,11,16,18,30|2,6,27,28,33,40|3,8,14,19,25,26
1,10,13,20,30,40|2,6,8,18,27,28|3,11,19,25,31,38
1,10,14,18,30,31|2,6,27,28,33,40|3,8,16,19,20,26
1,10,14,19,25,30|2,6,8,18,27,28|3,11,16,26,33,40
1,10,15,18,22,30|2,6,27,28,33,40|3,8,14,19,25,26|7,11,12,13,17,20
1,10,16,19,20,30|2,6,8,18,27,28|3,14,26,31,33,40
2,6,8,18,27,28|3,10,11,16,29,33|7,12,17,25,31,40
2,8,11,18,27,31|3,6,19,25,28,38|7,10,12,16,32,40
2,8,11,19,25,27|3,6,18,28,31,38|7,10,12,16,32,40
2,8,14,18,20,27|3,6,19,25,28,38|7,10,12,16,32,40
2,8,19,20,27,31|3,6,18,22,25,38|7,10,12,16,32,40
2,8,19,22,27,28|3,10,11,16,29,33|7,12,17,25,31,40
3,6,18,28,31,38|7,10,12,16,32,40|11,19,20,25,27,30
3,6,19,25,28,38|7,10,12,16,32,40|11,18,20,27,30,31
3,8,10,13,20,29|7,12,17,25,31,40|11,18,22,27,28,30
3,8,15,19,26,28|7,10,12,16,32,40|11,18,20,27,30,31
3,10,11,16,29,33|6,18,20,27,28,30|7,12,17,25,31,40
3,10,15,22,29,33|6,18,20,27,28,30|7,12,17,25,31,40
3,14,18,22,28,38|7,10,12,16,32,40|11,19,20,25,27,30
1,2,10,16,33,40|3,6,18,25,28,38|7,11,12,14,17,27
1,3,8,14,17,27|2,18,20,25,31,33|7,10,11,12,13,32
1,3,14,17,25,33|2,8,18,20,27,31|7,10,11,12,13,32
1,7,10,12,16,29|2,8,11,18,25,27|3,15,26,28,33,40
1,7,12,14,27,32|2,18,20,25,31,33|3,8,10,11,13,17
1,7,12,16,26,40|2,8,11,18,25,27|3,6,10,15,17,33
1,10,19,25,30,31|2,8,18,22,27,28|3,16,20,26,33,40
2,18,20,25,31,33|3,6,27,28,38,40|7,10,11,12,13,32
2,18,22,25,28,33|3,8,10,11,13,17|7,12,20,27,29,31
2,20,27,31,33,40|3,6,18,25,28,38|7,10,11,12,13,32
1,2,10,11,13,33|3,8,18,25,26,31|6,7,12,17,27,28
1,7,11,12,13,26|2,8,18,20,25,27|3,10,14,17,31,33
1,10,18,25,30,31|3,11,13,20,26,33|6,7,12,17,27,28
1,10,11,16,33,38|2,3,8,20,27,31|18,22,23,25,26,28
1,2,7,12,15,28|3,11,20,27,30,31|8,10,14,17,25,33
1,2,7,12,16,20|3,11,22,27,28,30|8,10,14,17,25,33
1,3,10,15,22,30|6,11,27,28,33,38|14,18,20,23,25,26
1,6,10,15,33,38|2,3,8,11,27,31|14,18,20,23,25,26
1,8,10,11,13,38|2,3,6,25,28,33|14,20,23,26,27,40
2,6,7,10,12,15|3,11,20,27,30,31|19,22,23,25,26,28
1,2,7,11,12,16|3,6,20,22,27,30|8,10,14,17,31,33
1,2,7,12,14,31|3,6,11,27,28,30|8,10,15,17,22,33
1,2,7,12,15,22|3,6,11,27,28,30|8,10,14,17,31,33
1,8,10,16,32,33|3,6,11,27,28,30|14,18,20,23,26,31
1,8,10,16,38,40|2,3,6,22,25,33|11,15,18,23,26,28
1,8,17,25,31,33|3,6,11,27,28,30|15,18,20,22,23,26
1,10,11,13,23,32|2,3,6,8,22,27|20,25,31,33,38,40
2,3,6,22,25,33|8,20,27,31,38,40|11,15,18,23,26,28
2,3,6,28,31,33|8,11,25,27,38,40|15,18,20,22,23,26
2,3,11,15,28,33|6,10,22,23,27,29|8,18,20,25,31,38
2,3,15,20,22,33|6,18,23,26,28,31|8,11,25,27,38,40
3,6,11,27,28,30|8,10,14,17,31,33|15,18,20,22,23,26
1,2,6,7,12,15|3,20,25,30,31,40|14,19,22,23,26,28
1,8,15,17,28,33|3,6,11,22,27,30|10,23,25,29,31,40
1,8,16,17,20,33|3,6,11,22,27,30|10,23,25,29,31,40
1,10,16,23,32,40|2,3,6,14,28,33|8,11,18,25,31,38
2,3,6,14,28,33|8,11,18,25,31,38|10,15,17,22,23,40
2,3,6,15,20,33|8,11,18,25,31,38|14,19,22,23,26,28
2,3,6,22,31,33|8,14,18,20,25,38|10,11,16,17,23,40
2,3,11,14,31,33|6,8,18,25,28,38|10,15,17,22,23,40
2,3,11,15,22,33|6,8,18,25,28,38|10,14,17,23,31,40
3,20,25,30,31,40|6,8,10,15,17,33|14,19,22,23,26,28
3,22,25,28,30,40|6,8,10,15,17,33|11,14,18,23,26,31
1,8,14,17,31,33|3,6,25,28,30,40|11,15,19,22,23,26
1,8,15,17,22,33|3,6,25,28,30,40|11,14,19,23,26,31
1,8,25,29,31,33|3,15,20,28,30,40|6,14,18,22,23,26
1,14,17,23,25,40|2,3,6,11,15,33|8,19,22,28,31,38
1,15,17,23,28,40|2,3,6,14,22,33|8,11,16,18,20,38
1,16,17,20,23,40|2,3,6,11,15,33|8,14,18,22,28,38
2,3,6,11,15,33|8,14,18,20,31,38|19,22,23,25,28,32
2,3,6,14,22,33|8,11,15,18,28,38|10,16,20,23,29,40
3,14,20,25,30,40|6,8,18,28,31,38|11,15,19,22,23,26
3,15,20,28,30,40|6,8,18,22,25,38|11,14,19,23,26,31
3,22,28,30,31,40|6,11,15,18,23,26|8,14,19,20,25,38
1,6,8,15,17,33|3,11,14,25,30,40|19,22,23,28,31,32
1,8,14,25,29,33|3,6,28,30,31,40|11,16,18,20,23,32
1,8,15,28,29,33|3,6,22,25,30,40|11,16,18,20,23,32
1,8,16,20,29,33|3,6,22,25,30,40|11,15,18,23,28,32
3,11,14,25,30,40|6,8,10,15,29,33|19,22,23,28,31,32
3,11,15,28,30,40|6,8,18,22,31,38|14,19,20,23,25,32
3,11,16,20,30,40|6,8,10,15,29,33|14,18,22,23,28,32
3,14,22,28,30,40|6,8,10,15,29,33|11,16,18,20,23,32
3,15,20,22,30,40|6,8,14,18,28,38|11,19,23,25,31,32
1,8,11,16,29,33|3,6,14,28,30,40|15,19,20,22,23,32
1,8,15,22,29,33|3,6,14,28,30,40|11,16,19,20,23,32
1,7,11,12,16,38|2,6,8,27,28,33|3,10,14,23,25,29
1,7,12,14,31,38|2,6,8,27,28,33|3,10,16,20,23,29
1,7,12,15,22,38|2,6,8,27,28,33|3,10,14,23,25,29
1,8,10,13,20,30|2,11,23,25,27,40|3,6,28,31,33,38
1,10,11,16,30,33|2,18,20,23,25,31|3,6,8,22,27,38
2,11,23,25,27,40|3,6,28,31,33,38|7,8,10,12,16,32
2,20,23,27,31,40|3,6,22,25,33,38|7,8,10,12,16,32
3,10,16,20,23,29|7,8,12,17,25,31|11,22,27,28,30,33
3,14,23,25,26,40|6,20,27,28,30,33|7,8,10,12,16,32
3,15,23,26,28,40|7,8,10,12,16,32|11,20,27,30,31,33
3,16,20,23,26,40|7,8,12,17,25,31|11,22,27,28,30,33
1,3,17,23,25,31|2,8,22,27,28,33|6,7,10,12,15,38
1,7,8,12,16,26|2,20,23,25,27,40|3,22,28,31,33,38
1,7,12,14,25,38|2,8,20,27,31,33|3,10,11,16,17,23
1,7,12,15,28,38|2,8,11,25,27,33|3,10,14,17,23,31
1,7,12,16,20,38|2,8,11,25,27,33|3,10,14,17,23,31
3,23,25,26,31,40|6,7,10,12,15,38|20,22,27,28,30,33
2,11,15,18,23,28|3,6,14,22,33,38|7,8,12,25,29,31
2,11,16,18,20,23|3,6,14,22,33,38|7,8,12,25,29,31
2,14,18,20,23,31|3,6,11,15,33,38|8,22,27,28,30,40
2,14,18,22,23,28|3,6,11,15,33,38|7,8,12,25,29,31
2,14,19,20,23,25|3,6,11,15,33,38|8,22,27,28,30,40
2,15,19,20,23,28|3,6,14,22,33,38|7,8,11,12,16,17
3,6,10,15,23,29|7,8,11,12,16,17|20,25,30,31,33,40
3,11,13,20,23,32|7,8,12,14,17,31|22,25,28,30,33,40
1,6,10,15,30,33|2,11,18,23,25,31|7,8,12,16,17,20
2,15,18,20,23,28|3,6,22,31,33,38|7,8,12,14,17,25
3,10,11,16,23,29|6,20,22,27,30,33|7,8,12,14,17,25
3,10,14,23,29,31|6,11,27,28,30,33|7,8,12,16,17,20
3,10,15,22,23,29|6,11,27,28,30,33|7,8,12,14,17,25
3,11,16,23,26,40|6,20,22,27,30,33|7,8,12,14,17,25
3,14,23,26,31,40|6,11,27,28,30,33|7,8,12,16,17,20
3,15,22,23,26,40|6,11,27,28,30,33|7,8,12,14,17,25
2,6,14,19,23,28|7,8,11,12,16,29|15,20,22,30,33,40
2,6,15,19,20,23|7,8,11,12,16,29|14,22,28,30,33,40
1,2,7,8,12,16|3,6,25,28,30,33|11,23,27,31,38,40
1,7,12,14,25,30|2,3,8,15,28,33|11,23,27,31,38,40
1,7,12,15,28,30|2,3,8,14,25,33|11,23,27,31,38,40
1,7,12,16,20,30|2,3,8,14,25,33|6,23,27,28,38,40
2,3,8,14,25,33|6,7,10,12,15,30|11,23,27,31,38,40
2,3,8,16,20,33|6,7,10,12,15,30|11,18,23,25,31,38
2,3,23,25,31,40|6,7,10,12,15,30|8,11,14,27,33,38
1,7,11,12,16,30|2,3,8,14,31,33|6,18,22,23,25,38
1,7,12,14,30,31|2,3,8,11,16,33|6,18,22,23,25,38
1,7,12,15,22,30|2,3,8,11,16,33|6,18,23,28,31,38
2,3,8,25,31,33|7,10,11,12,16,30|22,23,27,28,38,40
1,6,10,13,14,38|2,3,16,25,28,40|8,18,20,21,26,31
1,6,10,32,33,39|2,3,11,13,22,25|8,15,26,27,31,40
1,6,10,38,39,40|2,3,11,13,22,25|8,16,18,26,28,31
1,8,11,17,21,27|2,3,6,13,20,25|10,16,28,29,31,33
1,8,13,17,25,28|2,3,6,11,16,27|10,20,21,29,31,33
1,8,15,17,27,31|2,3,6,13,20,25|10,11,28,29,33,39
1,8,16,17,22,27|2,3,6,13,20,25|10,11,28,29,33,39
1,10,14,21,32,33|2,3,6,11,16,27|8,13,25,26,28,40
1,10,14,21,38,40|2,3,6,11,16,27|8,15,18,25,26,31
1,10,15,16,32,33|2,3,6,13,20,25|8,11,18,26,28,39
1,10,15,16,38,40|2,3,6,13,20,25|8,11,18,26,28,39
1,11,17,21,25,33|2,3,6,14,27,31|8,18,20,22,26,39
1,11,17,28,33,39|2,3,6,13,20,25|8,10,15,27,29,31
1,15,17,25,31,33|2,3,6,11,16,27|8,18,20,22,26,39
1,16,17,22,25,33|2,3,6,14,27,31|8,11,18,26,28,39
1,16,17,28,31,33|2,3,6,13,20,25|8,10,11,21,27,29
1,17,20,21,31,33|2,3,6,11,16,27|8,10,13,25,28,29
1,17,20,22,33,39|2,3,6,11,16,27|8,10,13,25,28,29
1,17,21,22,28,33|2,3,6,11,16,27|8,15,18,25,26,31
2,3,6,11,16,27|8,10,13,14,17,28|15,18,20,25,31,38
2,3,6,13,20,25|8,10,11,21,27,29|16,26,28,31,33,40
2,3,6,14,27,31|8,10,13,15,17,20|11,16,18,25,28,38
2,3,6,15,22,27|8,10,13,14,17,28|11,18,20,21,25,38
2,3,11,13,22,25|6,10,16,17,31,33|8,19,20,26,28,39
2,3,11,14,15,27|6,8,10,13,17,25|16,18,20,28,31,38
2,3,13,14,20,28|6,10,11,17,33,39|8,15,18,25,26,31
2,3,13,20,22,31|6,10,11,17,33,39|8,16,19,25,26,28
2,3,16,25,28,40|6,8,11,13,26,27|10,14,15,17,31,33
2,3,20,21,25,40|6,8,11,13,26,27|10,14,15,17,31,33
6,8,11,13,26,27|10,14,15,17,31,33|16,18,20,22,25,38
6,10,16,17,31,33|8,11,18,21,25,26|15,22,27,28,38,40
6,10,17,21,22,33|8,11,18,26,28,39|15,20,27,31,38,40
6,11,13,25,26,33|8,10,15,27,29,31|18,20,21,22,28,38
6,13,20,26,31,33|8,10,11,21,27,29|15,18,22,25,28,38
6,13,22,26,28,33|8,10,11,21,27,29|15,18,20,25,31,38
8,10,15,27,29,31|11,13,14,26,28,33|16,18,20,22,25,38
8,10,16,22,27,29|11,13,14,26,28,33|15,18,20,25,31,38
8,11,18,21,25,26|10,14,15,17,31,33|16,20,22,27,38,40
8,11,18,26,28,39|10,14,15,17,31,33|16,20,22,27,38,40
8,11,21,26,27,40|10,14,15,17,31,33|16,18,20,22,25,38
8,15,18,25,26,31|10,11,14,17,21,33|16,20,22,27,38,40
8,15,26,27,31,40|10,11,14,17,21,33|16,18,20,22,25,38
8,16,18,22,25,26|10,11,14,17,21,33|15,20,27,31,38,40
8,16,19,25,26,28|10,11,14,17,21,33|15,20,27,31,38,40
8,16,22,26,27,40|10,11,14,17,21,33|15,18,20,25,31,38
8,18,20,21,26,31|10,11,15,16,17,33|14,22,25,27,38,40
8,19,20,21,25,26|10,11,15,16,17,33|14,27,28,31,38,40
1,6,10,13,31,38|2,3,11,16,22,27|8,18,20,21,25,26
1,10,11,13,15,38|2,3,6,14,25,27|8,18,20,26,28,39
1,10,13,14,22,38|2,3,6,15,27,28|8,18,20,21,25,26
1,10,21,31,32,33|2,3,6,14,25,27|8,18,20,26,28,39
1,10,21,31,38,40|2,3,6,14,25,27|8,18,20,26,28,39
1,10,22,38,39,40|2,3,6,14,25,27|11,13,26,28,31,33
2,3,11,15,27,31|6,10,16,17,25,33|8,18,20,26,28,39
2,3,14,22,27,31|6,10,16,17,25,33|8,18,20,26,28,39
1,6,8,16,17,27|2,3,11,13,14,28|15,19,20,25,31,38
1,6,16,17,25,33|2,3,11,13,14,28|8,19,20,21,26,31
1,6,17,20,33,39|2,3,11,13,14,28|8,15,19,25,26,31
1,6,17,21,28,33|2,3,11,13,15,20|8,16,18,22,26,31
1,8,10,13,15,32|2,3,11,21,25,40|14,16,18,20,28,38
1,8,13,17,22,25|2,3,11,28,39,40|6,16,20,27,32,33
1,8,13,17,28,31|2,3,11,21,25,40|6,10,20,29,33,39
1,8,14,15,17,27|2,3,6,11,13,25|10,16,22,29,31,33
1,8,15,25,27,29|2,3,6,13,20,31|11,18,21,22,28,38
1,8,16,27,28,29|2,3,6,11,13,25|14,20,21,26,33,40
1,8,20,21,27,29|2,3,6,11,13,25|14,16,26,28,33,40
1,11,17,21,31,33|2,3,6,13,22,28|8,10,14,15,27,29
1,11,17,22,33,39|2,3,6,13,20,31|8,10,14,15,27,29
1,14,15,17,25,33|2,3,6,13,20,31|8,11,18,22,26,39
1,14,16,17,28,33|2,3,6,11,13,25|8,19,20,21,26,31
1,14,17,20,21,33|2,3,6,11,13,25|8,16,18,22,26,31
1,15,16,17,20,33|2,3,6,11,13,25|8,19,21,22,26,28
1,16,17,22,31,33|2,3,6,11,13,25|8,10,14,15,27,29
1,16,25,28,29,33|2,3,6,13,20,31|8,10,17,22,39,40
1,20,21,25,29,33|2,3,6,13,22,28|8,14,15,26,27,40
1,20,28,29,33,39|2,3,6,11,13,25|8,10,17,21,31,40
2,3,6,11,13,25|8,10,14,15,27,29|16,18,20,22,31,38
2,3,6,13,20,31|8,10,14,15,27,29|11,16,18,22,25,38
2,3,6,13,22,28|8,10,14,15,27,29|11,18,20,21,31,38
2,3,11,13,14,28|6,8,10,16,27,29|15,19,20,25,31,38
2,3,11,13,15,20|6,8,10,16,27,29|14,18,22,25,31,38
2,3,11,13,22,31|6,8,10,16,27,29|14,15,18,20,25,38
2,3,11,21,25,40|6,8,10,13,17,31|14,15,20,27,32,33
2,3,11,28,39,40|6,8,10,13,17,31|14,15,18,20,25,38
2,3,13,14,20,22|6,8,10,16,27,29|11,15,18,25,31,38
2,3,15,25,31,40|6,8,10,16,27,29|11,13,14,22,26,33
2,3,16,22,25,40|6,8,10,13,17,31|11,19,20,28,38,39
2,3,16,28,31,40|6,8,18,20,26,39|10,14,15,25,29,33
2,3,20,21,31,40|6,8,10,16,27,29|11,13,14,22,26,33
2,3,20,22,39,40|6,8,10,13,17,31|11,16,19,25,28,38
2,3,21,22,28,40|6,8,10,13,17,31|14,15,18,20,25,38
6,8,10,13,17,31|11,16,18,22,25,38|14,15,20,27,32,33
6,8,10,16,27,29|11,13,14,22,26,33|15,19,20,25,31,38
6,8,16,18,25,26|10,11,21,29,31,33|14,15,20,27,38,40
6,8,16,26,27,40|10,11,21,29,31,33|14,15,18,20,25,38
6,8,18,20,26,39|10,11,21,29,31,33|15,19,22,25,28,38
6,8,18,21,26,28|10,11,22,29,33,39|14,15,20,27,38,40
6,10,14,16,17,33|8,11,13,27,28,32|15,19,20,25,31,38
6,10,20,29,33,39|8,11,13,27,28,32|14,18,22,25,31,38
6,10,21,28,29,33|8,11,18,22,26,39|14,15,20,27,38,40
6,11,13,26,31,33|8,10,14,15,27,29|16,19,20,22,25,38
6,13,14,20,26,33|8,10,17,21,31,40|11,16,18,22,25,38
6,14,25,27,32,33|8,10,11,13,15,17|16,18,20,22,31,38
6,15,18,25,28,38|8,10,13,14,17,22|11,21,26,31,33,40
6,15,27,28,32,33|8,10,13,14,17,22|11,18,20,21,31,38
6,16,18,20,25,38|8,10,11,13,15,17|14,22,27,31,32,33
6,16,20,27,32,33|8,10,11,13,15,17|14,18,22,25,31,38
6,16,25,26,33,40|8,10,11,13,15,17|19,20,21,22,28,38
6,18,20,21,28,38|8,10,11,13,15,17|14,22,27,31,32,33
6,20,26,33,39,40|8,10,11,13,15,17|14,18,22,25,31,38
6,21,26,28,33,40|8,10,11,13,15,17|14,18,22,25,31,38
8,10,13,22,25,29|11,15,27,31,32,33|14,16,18,20,28,38
8,10,13,28,29,31|11,16,18,22,25,38|14,15,20,27,32,33
8,10,14,15,27,29|11,13,25,28,32,33|16,18,20,22,31,38
8,11,13,27,28,32|10,14,15,25,29,33|16,18,20,22,31,38
8,11,18,22,26,39|10,14,15,25,29,33|13,20,28,31,38,40
8,11,19,26,28,39|10,14,15,25,29,33|16,18,20,22,31,38
8,13,22,25,26,40|10,11,21,29,31,33|14,16,18,20,28,38
8,13,26,28,31,40|10,11,22,29,33,39|14,15,18,20,25,38
8,14,15,26,27,40|10,11,21,29,31,33|16,19,20,22,25,38
8,14,16,18,26,28|10,11,21,29,31,33|13,20,22,25,38,40
8,15,19,25,26,31|10,11,22,29,33,39|14,16,18,20,28,38
8,16,18,22,26,31|10,14,15,25,29,33|11,19,20,28,38,39
8,16,19,22,25,26|10,11,21,29,31,33|14,15,20,27,38,40
8,16,19,26,28,31|10,11,22,29,33,39|14,15,18,20,25,38
1,6,8,13,17,25|2,3,11,21,31,40|10,14,16,22,29,33
1,6,11,17,33,39|2,3,14,15,25,40|8,10,13,22,29,31
1,6,16,17,31,33|2,3,11,13,14,22|8,10,21,25,29,40
1,6,17,21,22,33|2,3,14,15,25,40|8,18,20,28,32,39
1,8,11,21,27,29|2,3,6,13,14,20|15,19,22,28,31,38
1,8,13,14,17,28|2,3,6,16,25,40|11,19,20,21,31,38
1,8,13,15,17,20|2,3,6,16,25,40|10,11,14,21,29,33
1,8,13,17,22,31|2,3,6,16,25,40|10,11,14,21,29,33
1,8,13,25,28,29|2,3,6,20,39,40|11,14,15,27,32,33
1,8,15,27,29,31|2,3,6,13,14,20|11,16,19,22,25,38
1,8,16,22,27,29|2,3,6,11,13,31|14,15,19,20,25,38
