2,3,11,22,38,39|6,8,25,27,31,34|9,10,14,16,23,28
2,3,14,15,25,38|6,9,10,20,23,39|8,11,16,27,28,34
2,3,14,16,28,38|6,8,25,27,31,34|9,10,11,22,23,39
2,3,14,20,21,38|6,8,25,27,31,34|9,10,11,22,23,39
2,3,15,16,20,38|6,8,25,27,31,34|9,10,11,22,23,39
2,3,16,22,31,38|6,9,10,20,23,39|8,11,15,25,27,34
2,6,25,27,30,31|8,10,14,17,21,38|11,20,28,33,34,39
2,11,15,25,27,30|6,8,10,17,38,39|13,23,26,28,31,32
2,11,16,27,28,30|6,8,10,17,38,39|13,22,23,25,26,32
2,11,20,21,27,30|6,8,10,17,38,39|13,22,23,25,26,32
2,13,20,25,28,30|6,8,10,17,38,39|14,15,23,26,27,32
2,14,22,25,27,30|6,8,10,17,38,39|13,23,26,28,31,32
2,14,27,28,30,31|6,8,10,17,38,39|11,20,21,25,33,34
2,15,20,27,30,31|6,8,10,17,38,39|11,16,25,28,33,34
2,15,22,27,28,30|6,8,10,17,38,39|11,20,21,25,33,34
2,16,20,22,27,30|6,8,10,17,38,39|13,23,26,28,31,32
3,6,16,25,26,30|8,10,14,17,21,38|11,20,28,33,34,39
3,6,20,26,30,39|8,10,14,17,21,38|11,16,25,28,33,34
3,11,21,26,30,31|6,8,10,17,38,39|15,22,25,28,33,34
3,11,22,26,30,39|6,8,25,27,31,34|9,10,14,16,23,28
3,14,15,25,26,30|6,8,10,17,38,39|16,20,28,31,33,34
3,14,16,26,28,30|6,8,10,17,38,39|11,20,21,25,33,34
3,14,20,21,26,30|6,8,10,17,38,39|11,16,25,28,33,34
3,15,16,20,26,30|6,8,10,17,38,39|14,25,28,31,33,34
3,16,22,26,30,31|6,8,10,17,38,39|11,20,21,25,33,34
6,8,10,17,38,39|11,16,25,28,33,34|14,15,23,26,27,32
6,9,10,16,23,25|8,11,20,21,27,34|14,15,26,31,33,38
6,9,10,20,23,39|8,11,15,25,27,34|14,16,22,26,33,38
6,9,10,21,23,28|8,11,15,25,27,34|14,16,22,26,33,38
6,11,26,33,38,39|8,13,20,25,28,34|9,10,16,22,23,31
6,16,23,26,27,32|8,10,14,17,21,38|11,20,28,33,34,39
6,16,26,31,33,38|8,11,15,25,27,34|9,10,14,20,21,23
6,21,22,26,33,38|8,11,15,25,27,34|9,10,14,16,23,28
8,10,15,16,17,38|11,20,21,25,33,34|13,23,26,28,31,32
8,10,21,25,29,38|11,20,28,33,34,39|14,15,23,26,27,32
8,10,28,29,38,39|11,20,21,25,33,34|14,15,23,26,27,32
8,13,14,26,28,38|9,10,11,21,23,31|16,20,22,25,33,34
8,13,20,25,28,34|9,10,11,21,23,31|14,16,22,26,33,38
8,13,22,26,31,38|9,10,14,15,23,25|11,20,28,33,34,39
8,14,22,25,27,34|9,10,11,21,23,31|20,28,32,33,38,39
8,14,27,28,31,34|9,10,11,22,23,39|20,21,25,32,33,38
8,15,20,27,31,34|9,10,11,22,23,39|16,25,28,32,33,38
8,20,21,27,32,38|9,10,11,22,23,39|14,25,28,31,33,34
8,21,25,26,38,40|9,10,11,22,23,39|16,20,28,31,33,34
8,26,28,38,39,40|9,10,11,21,23,31|16,20,22,25,33,34
1,2,3,6,15,18|8,10,13,19,20,32|11,14,17,27,33,40
1,2,3,11,13,40|6,8,17,18,22,27|10,14,19,31,32,33
1,2,3,14,19,31|6,8,17,18,22,27|10,11,13,32,33,40
1,2,3,13,20,40|6,8,17,18,27,28|10,14,19,25,32,33
1,2,3,14,19,25|6,8,17,18,27,28|10,13,20,32,33,40
1,2,3,15,19,28|8,10,13,18,20,32|11,17,27,31,33,40
1,8,11,13,18,26|2,3,6,10,15,19|14,17,20,27,33,40
1,11,13,26,33,40|2,3,6,10,15,19|8,14,17,18,20,27
1,2,3,15,18,28|8,10,11,13,19,26|17,20,27,31,33,40
1,6,19,27,28,38|2,3,10,11,13,40|17,18,20,25,31,33
1,8,13,18,20,26|2,3,10,11,16,19|17,22,27,28,33,40
1,14,18,26,31,33|2,3,10,11,13,40|8,17,19,20,25,27
1,15,18,22,26,33|2,3,10,11,13,40|8,17,19,20,25,27
1,15,19,26,28,33|2,3,10,11,13,40|8,17,18,20,27,31
1,2,8,21,29,31|3,6,11,14,16,34|20,28,30,32,39,40
1,2,8,22,29,39|3,6,11,14,16,34|20,21,25,30,32,40
1,2,6,8,17,39|3,11,14,15,31,34|13,20,22,25,30,32
1,2,8,14,17,21|3,6,11,16,31,34|13,20,22,25,30,32
1,2,8,15,16,17|3,6,11,21,22,34|13,20,28,30,31,32
1,2,8,21,25,29|3,6,11,16,31,34|14,15,20,27,30,32
1,2,8,28,29,39|3,6,11,16,31,34|13,20,22,25,30,32
1,6,17,20,30,39|2,8,10,14,21,29|3,11,15,16,32,38
1,11,17,21,30,31|2,6,8,10,29,39|3,14,16,22,32,38
1,14,17,20,21,30|2,6,8,10,29,39|3,11,15,16,32,38
1,15,16,17,20,30|2,6,8,10,29,39|3,11,14,21,32,38
1,16,17,22,30,31|2,6,8,10,29,39|3,11,14,21,32,38
1,20,21,25,29,30|2,6,8,13,14,26|3,11,15,16,32,38
1,20,28,29,30,39|2,6,8,13,14,26|3,11,15,16,32,38
2,6,8,10,29,39|3,11,14,15,31,34|13,20,22,25,30,32
2,6,8,26,39,40|3,11,14,15,31,34|13,20,22,25,30,32
2,6,21,28,38,40|3,11,14,15,31,34|13,20,22,25,30,32
2,8,10,14,21,29|3,6,11,16,31,34|13,20,22,25,30,32
2,8,10,15,16,29|3,6,11,21,22,34|13,20,28,30,31,32
2,8,13,22,25,32|3,6,11,16,31,34|10,14,20,21,29,30
2,8,13,28,31,32|3,6,11,21,22,34|10,14,15,25,29,30
2,8,14,21,26,40|3,6,11,16,31,34|13,20,22,25,30,32
2,8,15,16,26,40|3,6,11,21,22,34|13,20,28,30,31,32
2,11,21,31,38,40|3,6,14,15,28,34|13,20,22,25,30,32
1,2,8,17,21,31|3,6,11,16,25,34|10,20,22,29,30,39
1,2,8,17,22,39|3,6,11,16,25,34|10,20,21,29,30,31
1,6,10,30,32,39|2,8,11,13,15,26|3,14,16,20,22,34
1,10,14,21,30,32|2,6,8,13,26,31|3,11,15,16,20,34
1,10,15,16,30,32|2,6,8,13,26,31|3,11,14,20,21,34
1,11,17,21,25,30|2,6,8,13,26,31|3,14,15,22,28,34
1,11,17,28,30,39|2,6,8,13,26,31|3,14,15,25,32,38
1,15,17,25,30,31|2,6,13,22,28,38|3,8,14,21,26,32
1,16,17,22,25,30|2,6,8,13,26,31|3,11,14,20,21,34
1,16,17,28,30,31|2,6,11,13,25,38|3,8,14,21,26,32
1,17,20,21,30,31|2,6,11,13,25,38|3,8,15,16,26,32
1,17,20,22,30,39|2,6,8,13,26,31|3,11,14,15,25,34
1,17,21,22,28,30|2,6,8,13,26,31|3,11,14,15,25,34
2,6,8,13,26,31|3,11,14,15,25,34|10,20,22,29,30,39
2,6,11,13,25,38|3,8,14,21,26,32|10,16,28,29,30,31
2,6,13,20,31,38|3,8,14,21,26,32|10,11,15,16,17,30
2,6,13,22,28,38|3,8,14,21,26,32|10,11,15,16,17,30
2,6,14,16,26,33|3,11,21,31,32,38|10,20,22,29,30,39
2,8,10,21,29,31|3,6,11,16,25,34|13,14,20,22,26,30
2,8,10,22,29,39|3,6,11,16,25,34|14,27,28,30,31,32
2,8,11,13,15,26|3,6,14,25,31,34|10,20,22,29,30,39
2,8,11,21,27,32|3,6,14,25,31,34|10,20,22,29,30,39
2,8,13,14,22,26|3,6,11,16,25,34|10,20,21,29,30,31
2,8,13,25,28,32|3,6,11,20,34,39|10,14,15,17,30,31
2,8,15,27,31,32|3,6,11,16,25,34|10,20,22,29,30,39
2,8,16,22,27,32|3,6,11,20,34,39|10,14,15,17,30,31
2,8,21,26,31,40|3,6,11,16,25,34|10,20,22,29,30,39
2,8,22,26,39,40|3,6,11,16,25,34|10,14,15,17,30,31
2,11,13,14,28,38|3,6,8,26,32,39|10,15,25,29,30,31
2,11,13,15,20,38|3,6,8,26,32,39|10,14,16,17,22,30
2,11,21,25,32,33|3,6,15,28,31,34|10,14,16,17,22,30
2,11,21,25,38,40|3,6,8,26,32,39|10,14,15,17,30,31
2,11,28,38,39,40|3,6,14,25,31,34|16,20,22,27,30,32
2,13,14,20,22,38|3,6,8,26,32,39|10,11,15,16,17,30
2,15,25,31,32,33|3,6,11,20,34,39|10,14,16,17,22,30
2,15,25,31,38,40|3,6,8,26,32,39|10,11,14,17,21,30
2,16,22,25,32,33|3,6,11,20,34,39|10,14,15,17,30,31
2,16,22,25,38,40|3,6,8,26,32,39|10,11,14,17,21,30
2,16,28,31,38,40|3,6,8,26,32,39|10,11,14,17,21,30
2,20,21,31,38,40|3,6,8,26,32,39|10,11,15,16,17,30
2,20,22,32,33,39|3,6,11,16,25,34|10,14,15,17,30,31
2,20,22,38,39,40|3,6,11,16,25,34|10,14,15,17,30,31
2,21,22,28,32,33|3,6,11,16,25,34|10,14,15,17,30,31
2,21,22,28,38,40|3,6,8,26,32,39|10,11,15,16,17,30
1,2,8,17,21,25|3,6,14,16,26,38|10,20,28,29,30,39
1,2,8,17,28,39|3,6,14,16,26,38|10,20,21,25,29,30
1,10,21,30,31,32|2,6,8,13,25,26|3,11,20,22,34,39
1,10,22,30,32,39|2,6,8,13,25,26|3,11,16,28,31,34
1,16,17,25,28,30|2,6,11,26,33,39|3,20,21,31,32,38
1,17,20,21,25,30|2,6,11,16,27,38|3,8,22,26,32,39
2,6,8,10,17,39|3,11,15,25,31,34|13,14,20,26,28,30
2,6,8,13,25,26|3,11,16,28,31,34|10,14,17,20,21,30
2,6,11,16,27,38|3,8,21,26,31,32|10,14,15,17,25,30
2,6,11,26,33,39|3,14,15,20,25,34|10,16,17,22,30,31
2,6,13,20,25,38|3,8,21,26,31,32|10,11,17,22,30,39
2,6,14,27,31,38|3,8,22,26,32,39|10,15,16,17,20,30
2,6,15,22,27,38|3,8,21,26,31,32|10,14,16,17,28,30
2,6,16,26,31,33|3,11,20,22,34,39|10,14,15,17,25,30
2,6,21,22,26,33|3,11,15,25,31,34|10,14,16,17,28,30
2,8,10,14,17,21|3,6,15,25,28,34|13,20,22,26,30,31
2,8,10,15,16,17|3,6,20,21,28,34|11,13,22,25,26,30
2,8,10,28,29,39|3,6,14,16,26,38|15,20,25,27,30,32
2,8,13,14,26,28|3,6,16,20,25,34|10,11,17,21,30,31
2,8,13,15,20,26|3,11,16,22,25,34|6,10,17,21,28,30
2,8,13,22,26,31|3,6,15,25,28,34|10,14,17,20,21,30
2,8,15,25,27,32|3,6,14,16,26,38|10,11,17,21,30,31
2,8,16,27,28,32|3,11,15,25,31,34|6,10,17,20,30,39
2,8,20,21,27,32|3,6,14,16,26,38|10,11,17,22,30,39
2,8,21,25,26,40|3,11,16,28,31,34|6,10,17,20,30,39
2,8,26,28,39,40|3,6,16,20,25,34|10,11,17,21,30,31
2,11,14,21,26,33|3,6,15,25,28,34|10,16,17,22,30,31
2,11,15,16,26,33|3,6,20,21,28,34|22,25,27,30,31,32
2,13,14,20,28,38|3,8,21,26,31,32|6,10,16,17,25,30
2,14,15,26,31,33|3,6,16,20,25,34|10,11,17,22,30,39
2,14,16,22,26,33|3,6,15,25,28,34|10,11,17,21,30,31
2,16,25,28,32,33|3,11,20,21,31,34|6,15,22,26,27,30
2,16,25,28,38,40|3,8,21,26,31,32|6,10,17,20,30,39
2,20,21,25,32,33|3,6,14,16,26,38|10,11,17,22,30,39
2,20,21,25,38,40|3,8,22,26,32,39|10,14,16,17,28,30
2,20,28,32,33,39|3,6,14,16,26,38|10,11,17,21,30,31
2,20,28,38,39,40|3,8,21,26,31,32|6,10,16,17,25,30
1,10,21,25,30,32|2,6,8,16,26,27|3,11,20,28,34,39
1,10,28,30,32,39|2,6,8,16,26,27|3,11,20,21,25,34
2,6,14,25,27,38|3,8,26,28,32,39|10,17,20,21,30,31
2,6,15,27,28,38|3,8,21,25,26,32|10,17,20,22,30,39
2,6,16,20,27,38|3,8,21,25,26,32|10,11,17,28,30,39
2,8,14,15,26,27|3,11,16,25,28,34|10,17,20,21,30,31
2,11,15,27,31,38|3,8,21,25,26,32|10,17,20,22,30,39
2,14,15,20,27,38|3,8,21,25,26,32|10,11,17,28,30,39
2,14,22,27,31,38|3,8,21,25,26,32|10,11,17,28,30,39
1,6,10,11,34,39|2,3,14,15,26,31|13,20,25,28,32,38
1,6,10,16,31,34|2,3,11,14,21,26|13,20,25,28,32,38
1,6,10,21,22,34|2,3,11,15,16,26|13,20,25,28,32,38
1,8,17,21,26,31|2,3,16,25,28,32|10,20,22,29,38,39
1,8,17,22,26,39|2,3,16,25,28,32|10,20,21,29,31,38
1,10,11,14,21,34|2,3,6,16,26,31|13,20,25,28,32,38
1,10,11,15,16,34|2,3,6,21,22,26|13,20,25,28,32,38
1,10,14,15,31,34|2,3,6,11,26,39|13,20,25,28,32,38
1,10,14,16,22,34|2,3,6,11,26,39|13,20,25,28,32,38
1,10,15,16,32,38|2,3,6,11,26,39|14,20,22,27,31,34
1,11,17,21,25,38|2,3,6,16,26,31|8,9,10,20,22,39
1,15,17,25,31,38|2,3,6,11,26,39|8,9,10,21,22,28
1,16,17,22,25,38|2,3,6,11,26,39|8,9,10,20,21,31
1,17,20,21,31,38|2,3,6,11,26,39|8,9,10,16,22,25
1,17,20,22,38,39|2,3,6,16,26,31|8,9,10,11,21,25
1,17,21,22,28,38|2,3,6,11,26,39|8,9,10,15,25,31
2,3,6,11,26,39|8,9,10,15,25,31|16,20,22,27,32,38
2,3,6,16,26,31|8,9,10,11,21,25|15,22,27,28,32,38
2,3,6,21,22,26|8,9,10,11,28,39|15,20,27,31,32,38
2,3,16,25,28,32|6,10,11,17,38,39|14,20,22,27,31,34
2,3,20,28,32,39|6,10,16,17,31,38|11,14,22,25,27,34
6,10,11,17,38,39|8,13,25,26,28,32|14,20,22,27,31,34
6,10,17,21,22,38|8,13,25,26,28,32|11,15,20,27,31,34
1,6,8,17,26,39|2,3,11,21,25,32|10,14,16,28,29,38
1,6,16,17,25,38|2,3,11,28,32,39|8,9,10,14,20,21
1,6,17,20,38,39|2,3,11,21,25,32|8,9,10,14,16,28
1,6,17,21,28,38|2,3,15,25,31,32|8,9,10,11,22,39
1,8,9,16,25,28|2,3,20,21,31,32|10,11,22,29,38,39
1,8,9,20,21,25|2,3,6,14,16,26|10,11,22,29,38,39
1,8,9,20,28,39|2,3,6,14,16,26|10,11,21,29,31,38
1,8,14,17,21,26|2,3,11,28,32,39|6,10,16,25,29,38
1,8,15,16,17,26|2,3,11,21,25,32|6,10,20,29,38,39
1,8,21,25,26,29|2,3,11,28,32,39|6,10,14,16,17,38
1,8,26,28,29,39|2,3,11,21,25,32|6,10,14,16,17,38
1,14,15,17,25,38|2,3,11,28,32,39|8,9,10,16,22,31
1,14,16,17,28,38|2,3,11,21,25,32|6,8,9,10,20,39
1,14,17,20,21,38|2,3,11,28,32,39|6,8,9,10,16,25
1,15,16,17,20,38|2,3,11,21,25,32|6,8,10,26,29,39
1,16,17,22,31,38|2,3,11,21,25,32|6,8,9,10,20,39
1,16,25,28,29,38|2,3,20,21,31,32|8,9,10,11,22,39
1,20,21,25,29,38|2,3,6,14,16,26|8,9,10,11,22,39
1,20,28,29,38,39|2,3,6,14,16,26|8,9,10,11,21,31
2,3,6,14,16,26|8,9,10,11,21,31|13,20,22,25,32,38
2,3,11,21,25,32|6,8,9,10,20,39|14,16,26,28,38,40
2,3,11,28,32,39|6,8,9,10,16,25|14,20,21,26,38,40
2,3,15,25,31,32|6,8,9,10,20,39|11,13,14,22,26,38
2,3,16,22,25,32|6,8,9,10,20,39|11,21,26,31,38,40
2,3,16,28,31,32|6,8,9,10,20,39|11,13,14,22,26,38
2,3,20,21,31,32|6,8,9,10,16,25|11,13,14,22,26,38
2,3,20,22,32,39|6,8,9,10,16,25|11,21,26,31,38,40
2,3,21,22,28,32|6,8,9,10,16,25|11,14,15,20,27,34
6,10,16,25,29,38|8,13,26,28,31,32|11,14,15,20,27,34
6,10,21,28,29,38|8,13,22,25,26,32|11,14,15,20,27,34
6,11,15,27,28,34|8,9,10,14,20,21|16,22,26,31,32,33
6,14,22,27,28,34|8,9,10,11,21,31|15,16,20,26,32,33
6,15,20,22,27,34|8,9,10,11,21,31|14,16,26,28,32,33
8,10,17,21,31,32|11,13,14,22,26,38|16,20,25,28,34,40
8,10,17,22,32,39|11,13,20,28,31,34|14,15,25,26,38,40
8,14,15,26,27,32|10,11,21,29,31,38|16,20,25,28,34,40
1,6,10,20,34,39|2,3,11,21,26,31|14,25,27,28,32,38
1,6,10,21,28,34|2,3,11,22,26,39|15,20,25,27,32,38
1,10,14,16,28,34|2,3,6,20,26,39|22,25,27,31,32,38
1,10,15,16,20,34|2,3,6,21,26,28|22,25,27,31,32,38
1,10,16,22,31,34|2,3,6,20,26,39|14,25,27,28,32,38
1,10,21,31,32,38|2,3,6,16,25,26|15,20,22,27,28,34
1,10,22,32,38,39|2,3,6,16,25,26|14,20,27,28,31,34
2,3,11,21,26,31|6,10,16,17,25,38|15,20,22,27,28,34
2,3,11,22,26,39|6,10,16,17,25,38|14,20,27,28,31,34
2,3,14,16,26,28|6,10,17,20,38,39|11,22,25,27,31,34
2,3,15,16,20,26|6,10,17,21,28,38|11,22,25,27,31,34
2,3,16,22,26,31|6,10,17,20,38,39|11,14,25,27,28,34
1,6,8,9,16,25|2,3,11,14,21,32|15,22,28,31,34,40
1,6,8,9,20,39|2,3,11,14,21,32|15,22,28,31,34,40
1,6,8,9,21,28|2,3,11,15,16,32|14,22,25,31,34,40
1,6,8,26,29,39|2,3,11,14,21,32|15,22,28,31,34,40
1,6,14,16,17,38|8,10,21,29,31,32|11,20,22,34,39,40
1,6,16,25,29,38|2,3,11,14,21,32|15,22,28,31,34,40
1,6,20,29,38,39|2,3,11,14,21,32|15,22,28,31,34,40
1,6,21,28,29,38|2,3,11,15,16,32|14,22,25,31,34,40
1,8,9,11,21,31|2,3,14,16,22,32|6,15,25,28,34,40
1,8,9,11,22,39|2,3,6,16,31,32|14,15,20,25,34,40
1,8,9,14,15,25|2,3,6,11,32,39|16,20,22,31,34,40
1,8,9,14,20,21|2,3,6,11,32,39|15,22,28,31,34,40
1,8,9,15,16,20|2,3,6,11,32,39|14,22,25,31,34,40
1,8,9,16,22,31|2,3,6,11,32,39|14,15,20,25,34,40
1,8,14,21,26,29|2,3,6,11,32,39|15,22,28,31,34,40
1,8,15,16,26,29|2,3,6,11,32,39|14,22,25,31,34,40
1,8,17,21,31,32|6,10,14,16,29,38|11,20,22,34,39,40
1,8,17,22,32,39|6,10,14,16,29,38|11,15,25,31,34,40
1,11,21,29,31,38|2,3,14,16,22,32|6,15,25,28,34,40
1,11,22,29,38,39|2,3,6,16,31,32|14,15,20,25,34,40
1,14,15,25,29,38|2,3,6,11,32,39|16,20,22,31,34,40
1,14,20,21,29,38|2,3,6,11,32,39|15,22,28,31,34,40
1,15,16,20,29,38|2,3,6,11,32,39|14,22,25,31,34,40
1,16,22,29,31,38|2,3,6,11,32,39|14,15,20,25,34,40
2,3,14,15,31,32|6,11,13,22,28,34|8,17,20,21,25,29
6,14,16,26,32,33|8,17,20,21,25,29|15,22,28,31,34,40
1,6,11,17,38,39|2,3,14,15,25,32|16,20,28,31,34,40
1,6,17,21,22,38|2,3,14,15,25,32|11,20,28,34,39,40
1,8,9,11,21,25|2,3,6,20,32,39|10,14,15,29,31,38
1,8,9,11,28,39|2,3,6,16,25,32|10,14,15,29,31,38
1,8,9,15,25,31|2,3,6,20,32,39|10,11,14,21,29,38
1,8,9,16,22,25|2,3,6,20,32,39|10,11,14,21,29,38
1,8,9,16,28,31|2,3,6,20,32,39|10,11,14,21,29,38
1,8,9,20,22,39|2,3,6,16,25,32|10,11,14,21,29,38
1,8,9,21,22,28|2,3,6,16,25,32|10,14,15,29,31,38
1,8,17,21,25,32|6,10,11,29,38,39|16,20,28,31,34,40
1,8,17,28,32,39|6,10,16,29,31,38|11,20,21,25,34,40
1,8,21,26,29,31|2,3,6,16,25,32|11,13,14,20,28,34
1,8,22,26,29,39|2,3,6,16,25,32|11,13,14,20,28,34
1,11,15,16,17,38|2,3,6,20,32,39|14,25,28,31,34,40
1,11,21,25,29,38|2,3,6,20,32,39|8,9,10,14,15,31
1,11,28,29,38,39|2,3,6,16,25,32|8,9,10,14,15,31
1,14,15,17,31,38|2,3,6,16,25,32|11,20,28,34,39,40
1,15,25,29,31,38|2,3,6,20,32,39|8,9,10,11,14,21
1,16,22,25,29,38|2,3,6,20,32,39|8,9,10,11,14,21
1,16,28,29,31,38|2,3,6,20,32,39|8,9,10,11,14,21
1,20,22,29,38,39|2,3,6,16,25,32|8,9,10,11,14,21
1,21,22,28,29,38|2,3,6,16,25,32|8,9,10,14,15,31
2,3,6,20,32,39|8,9,10,11,14,21|15,22,25,28,34,40
2,3,14,15,25,32|6,8,9,10,11,39|16,20,28,31,34,40
2,3,14,16,28,32|6,8,9,10,11,39|15,20,25,31,34,40
2,3,14,20,21,32|6,8,9,10,11,39|15,22,25,28,34,40
2,3,15,16,20,32|6,8,9,10,11,39|14,25,28,31,34,40
6,8,13,25,26,32|10,11,14,21,29,38|16,20,28,31,34,40
6,10,11,29,38,39|8,13,14,26,28,32|15,20,25,31,34,40
6,10,16,29,31,38|8,13,14,26,28,32|11,20,21,25,34,40
6,10,21,22,29,38|8,13,14,26,28,32|15,20,25,31,34,40
6,11,13,14,26,38|8,10,15,16,17,32|20,21,22,28,34,40
6,11,16,27,32,38|8,9,10,14,15,31|20,21,22,28,34,40
6,11,26,32,33,39|8,9,10,14,15,31|16,20,22,25,34,40
6,14,27,31,32,38|8,9,10,11,15,16|20,21,22,28,34,40
6,15,22,27,32,38|8,9,10,11,14,21|16,20,28,31,34,40
6,16,26,31,32,33|8,9,10,11,14,21|15,22,25,28,34,40
6,21,22,26,32,33|8,9,10,11,15,16|14,25,28,31,34,40
1,3,11,16,18,30|2,7,12,14,19,31|8,10,13,32,33,40
1,3,13,20,30,40|2,6,7,12,15,18|8,10,16,19,32,33
1,3,14,18,30,31|2,7,11,12,13,40|6,17,19,22,23,27
1,3,14,19,25,30|2,6,7,12,15,18|8,10,13,32,33,40
1,3,15,18,22,30|2,7,11,12,13,40|8,10,16,19,32,33
1,3,15,19,28,30|2,7,11,12,13,40|8,14,17,18,25,33
1,3,16,19,20,30|2,6,7,12,15,18|8,10,13,32,33,40
1,6,15,18,33,38|2,7,11,12,13,40|19,20,23,27,29,31
1,10,13,23,29,40|2,6,7,12,15,18|8,17,19,25,31,33
1,10,16,19,23,29|2,6,7,12,15,18|8,14,17,27,33,40
1,11,13,33,38,40|2,6,7,12,15,18|19,20,23,27,29,31
1,13,18,20,23,32|2,7,11,12,16,19|8,14,17,27,33,40
1,15,19,22,33,38|2,7,11,12,13,40|6,18,23,27,28,29
2,6,7,12,15,18|8,10,13,32,33,40|11,14,17,19,23,27
2,7,11,12,13,40|3,6,10,15,19,30|8,14,17,18,25,33
2,7,11,12,16,19|6,18,23,27,28,29|8,10,13,32,33,40
2,7,12,14,19,31|6,18,23,27,28,29|8,10,13,32,33,40
2,7,12,15,19,22|6,18,23,27,28,29|8,10,13,32,33,40
1,2,3,16,33,40|6,17,18,22,23,27|8,10,11,13,19,38
1,3,7,12,16,29|6,10,15,19,33,38|11,14,17,18,23,27
1,3,14,18,25,30|2,7,12,13,20,40|6,10,15,19,33,38
1,3,14,27,30,40|2,7,11,12,16,18|6,10,15,19,33,38
1,3,15,18,28,30|2,7,12,13,20,40|11,17,19,23,27,31
1,3,16,18,20,30|2,7,12,14,19,25|8,17,27,31,33,40
1,8,10,13,29,33|2,7,11,12,16,18|6,17,19,23,27,28
1,8,13,26,33,40|2,7,11,12,16,18|3,10,14,19,30,31
1,8,16,19,26,33|2,7,12,13,20,40|3,6,10,15,18,30
1,11,16,18,33,38|2,7,12,13,20,40|3,10,14,19,30,31
1,13,20,33,38,40|2,7,11,12,16,18|3,10,14,19,30,31
1,14,18,23,27,32|2,7,12,13,20,40|3,10,11,16,19,30
1,14,18,31,33,38|2,7,12,13,20,40|3,10,11,16,19,30
1,15,18,22,33,38|2,7,12,13,20,40|3,10,11,16,19,30
1,16,19,20,33,38|2,7,12,14,18,31|3,10,11,13,30,40
2,7,12,13,20,40|3,6,10,15,18,30|11,17,19,23,27,31
2,7,12,14,18,31|3,10,11,13,30,40|6,17,19,23,27,28
2,7,12,14,19,25|3,6,10,15,18,30|8,17,27,31,33,40
2,7,12,15,18,22|3,10,11,13,30,40|6,17,19,23,27,28
2,7,12,15,19,28|3,10,11,13,30,40|6,17,18,22,23,27
2,7,12,16,19,20|3,6,10,15,18,30|8,17,27,31,33,40
3,7,11,12,13,32|6,10,15,19,33,38|18,20,23,27,29,31
1,3,6,15,18,30|8,13,17,20,33,40|11,19,23,27,29,31
1,3,11,13,30,40|2,6,7,12,15,19|8,14,17,18,31,33
1,3,11,16,19,30|6,18,22,23,27,29|8,13,17,20,33,40
1,3,14,19,30,31|6,18,22,23,27,29|8,13,17,20,33,40
1,11,13,18,23,32|2,6,7,12,15,19|8,27,29,31,33,40
1,3,18,25,30,31|2,7,12,14,27,40|8,10,13,19,20,38
1,3,27,30,31,40|2,7,12,14,18,25|8,10,13,19,20,38
1,8,14,18,27,38|2,7,12,19,25,31|3,10,13,20,30,40
1,8,16,18,26,33|2,7,12,14,27,40|3,10,15,19,28,30
1,8,19,27,31,38|2,7,12,14,18,25|3,10,13,20,30,40
1,14,18,25,33,38|2,3,8,10,13,40|17,19,20,23,27,31
1,15,18,28,33,38|2,3,8,10,13,40|11,17,19,23,25,27
1,16,18,20,33,38|2,3,8,10,13,40|11,17,19,23,25,27
1,19,25,31,33,38|2,3,8,10,13,40|6,17,18,23,27,28
2,7,12,14,18,25|3,10,13,20,30,40|17,19,22,23,27,28
2,7,12,15,18,28|3,10,13,20,30,40|11,17,19,23,25,27
3,7,12,13,20,32|6,10,15,18,33,38|11,17,19,23,25,27
1,2,8,18,27,31|3,10,11,13,32,33|7,12,14,19,25,26
1,2,8,19,25,27|3,6,10,15,18,38|7,12,13,20,26,40
1,2,18,25,31,33|3,10,11,13,38,40|7,12,15,19,26,28
1,2,27,31,33,40|3,6,10,15,18,38|7,12,14,19,25,26
1,3,14,18,25,38|2,10,13,20,33,40|7,12,15,19,26,28
1,3,14,27,32,33|2,8,10,13,18,20|7,12,15,19,26,28
1,3,14,27,38,40|2,8,10,13,18,20|7,12,15,19,26,28
1,3,15,18,28,38|2,8,10,14,19,27|7,12,13,20,26,40
1,11,18,25,27,30|2,10,13,20,33,40|7,12,15,19,26,28
1,18,22,27,28,30|2,10,13,20,33,40|7,12,14,19,25,26
2,8,10,13,18,20|3,6,17,22,27,33|7,12,14,19,25,26
2,10,11,16,18,33|3,8,17,25,27,40|7,12,15,19,26,28
2,10,14,18,31,33|3,8,17,25,27,40|7,12,15,19,26,28
2,10,15,18,22,33|3,8,17,25,27,40|7,12,16,19,20,26
2,10,15,19,28,33|3,8,17,25,27,40|7,11,12,16,18,26
2,10,16,19,20,33|3,8,17,25,27,40|7,12,14,18,26,31
1,2,8,14,18,27|3,6,10,15,19,38|7,11,12,13,26,40
1,2,8,19,27,31|3,10,16,32,33,40|6,7,12,15,18,26
1,2,14,18,25,33|3,6,10,15,19,38|7,11,12,13,26,40
1,2,14,27,33,40|3,6,10,15,19,38|7,12,18,25,31,32
1,2,15,18,28,33|3,8,17,27,31,40|7,10,11,12,13,29
1,2,16,18,20,33|3,6,10,15,19,38|7,11,12,13,26,40
1,2,19,25,31,33|3,8,10,16,18,32|7,11,12,13,26,40
1,3,8,16,19,26|2,6,10,15,18,33|7,12,27,31,32,40
1,3,11,16,18,38|2,8,10,13,19,20|7,12,27,31,32,40
1,3,13,20,32,33|6,7,12,15,18,26|10,11,14,19,27,30
1,3,13,20,38,40|2,6,10,15,18,33|7,11,12,16,19,26
1,3,14,19,25,38|2,6,10,15,18,33|7,11,12,13,26,40
1,3,15,18,22,38|2,8,10,13,19,20|7,12,27,31,32,40
1,3,15,19,28,38|2,8,10,11,13,18|7,12,27,31,32,40
1,3,16,19,20,38|2,6,10,15,18,33|7,11,12,13,26,40
1,6,18,27,28,30|2,8,10,13,19,20|3,17,25,31,33,40
1,14,18,20,27,30|2,10,11,13,33,40|7,12,15,19,22,26
1,19,20,27,30,31|2,6,10,15,18,33|7,11,12,13,26,40
1,19,22,27,28,30|2,6,10,15,18,33|7,11,12,13,26,40
2,6,10,15,18,33|3,8,17,27,31,40|7,11,12,16,19,26
2,8,10,11,13,18|3,6,27,28,29,33|7,12,14,19,26,31
2,8,10,13,19,20|3,6,27,28,29,33|7,12,18,25,31,32
2,10,11,13,33,40|3,8,17,18,25,31|7,12,15,19,22,26
2,10,15,19,22,33|3,8,17,18,25,31|7,11,12,13,26,40
3,8,17,18,25,31|6,10,19,22,27,30|7,11,12,13,26,40
3,17,25,31,33,40|6,7,12,15,18,26|10,11,14,19,27,30
1,2,8,13,18,20|3,6,22,27,29,33|7,12,19,25,31,32
1,2,8,14,19,27|3,15,17,28,33,40|7,12,16,18,20,32
1,2,11,16,18,33|3,8,10,13,32,40|6,7,12,15,19,26
1,2,14,18,31,33|3,8,10,13,32,40|6,7,12,15,19,26
1,3,6,15,18,38|2,8,10,11,13,19|7,12,14,27,32,40
1,3,11,13,32,33|2,8,10,16,18,40|6,7,12,15,19,26
1,3,11,13,38,40|2,6,10,15,19,33|7,12,14,18,25,32
1,6,18,22,27,30|2,8,10,11,13,19|3,14,17,25,33,40
1,7,12,13,20,29|2,6,10,15,19,33|3,8,14,17,18,25
2,8,10,11,13,19|3,6,22,27,29,33|7,12,14,18,25,32
2,8,10,16,18,40|3,6,22,27,29,33|7,12,19,25,31,32
3,6,22,27,29,33|7,12,14,18,25,32|10,11,13,19,20,30
3,11,14,27,29,33|6,7,12,15,19,26|10,16,18,20,30,40
3,15,17,28,33,40|7,12,14,18,25,32|10,11,13,19,20,30
1,2,6,15,18,33|3,8,13,17,20,40|7,12,14,19,25,32
1,2,8,11,13,18|3,14,17,31,33,40|7,12,15,19,28,32
1,2,8,13,19,20|3,11,16,17,33,40|7,12,14,18,31,32
1,2,11,13,33,40|3,8,14,17,18,31|7,12,15,19,28,32
1,2,11,16,19,33|3,8,13,17,20,40|7,12,14,18,31,32
1,2,14,19,31,33|3,8,11,16,17,18|7,12,13,20,32,40
1,2,15,19,22,33|3,8,11,16,17,18|7,12,13,20,32,40
1,6,19,22,27,30|3,8,11,16,17,18|7,12,13,20,32,40
1,11,14,19,27,30|3,8,13,17,20,40|7,12,15,18,22,32
2,8,10,16,19,40|3,11,13,20,29,33|7,12,14,18,31,32
3,11,13,20,29,33|7,12,14,18,31,32|10,15,19,28,30,40
