1,2,30|8,17,38|9,20,23
3,8,17|7,12,32|10,30,40
2,3,40|8,19,26|11,18,38
10,14,17|20,27,32|25,26,40
1,17,38|8,9,10|26,32,33
1,15,32|6,17,31|22,25,29
2,33,40|7,12,29|18,20,30
3,30,40|8,19,38|18,23,32
2,3,20|8,10,17|11,26,33
1,17,23|2,3,8|11,33,38
2,3,8|10,23,29|11,33,38
3,20,30|10,23,29|11,33,38
10,16,17|13,20,26|25,27,32
1,17,39|13,14,26|16,27,32
10,29,39|13,14,26|16,27,32
1,29,34|8,9,17|12,33,35
1,34,40|2,3,29|9,11,33
2,3,29|9,11,33|17,38,40
1,14,32|6,17,22|11,25,29
1,14,26|10,31,32|17,20,25
1,31,32|6,17,28|20,25,29
1,17,21|6,13,26|15,27,32
6,13,26|10,21,29|15,27,32
6,9,28|14,26,29|17,31,32
9,22,28|17,25,32|26,29,31
1,6,26|10,22,32|17,20,28
